/*--------------------------------*- C++ -*----------------------------------*\
| =========                 |                                                 |
| \\      /  F ield         | OpenFOAM: The Open Source CFD Toolbox           |
|  \\    /   O peration     | Version:  5.x                                   |
|   \\  /    A nd           | Web:      www.OpenFOAM.org                      |
|    \\/     M anipulation  |                                                 |
\*---------------------------------------------------------------------------*/
FoamFile
{
    version     2.0;
    format      ascii;
    class       volScalarField;
    location    "2.1";
    object      gradTy;
}
// * * * * * * * * * * * * * * * * * * * * * * * * * * * * * * * * * * * * * //

dimensions      [0 -1 0 1 0 0 0];

internalField   nonuniform List<scalar> 
6300
(
1148.26
1445.32
1743.96
2045.15
2349.8
2658.65
2972.25
3290.89
3614.56
3942.85
4274.94
4609.52
4944.81
5278.58
5608.22
-0.811899
-2.40787
-3.91883
-5.28271
-6.42996
-7.2822
-7.7526
-7.74882
-7.17955
-5.96495
-4.05106
-1.4265
1.86185
5.69891
9.9027
-1.38407
-4.10778
-6.6951
-9.04541
-11.0445
-12.5613
-13.4477
-13.5426
-12.6821
-10.7173
-7.53988
-3.11356
2.49422
9.09013
16.3535
-2.00059
-5.94372
-9.70795
-13.1589
-16.1408
-18.4703
-19.9338
-20.2913
-19.2887
-16.6824
-12.278
-5.98276
2.1375
11.8122
22.5536
-2.67515
-7.95826
-13.0335
-17.7407
-21.8888
-25.2442
-27.5248
-28.3992
-27.4983
-24.4449
-18.9069
-10.6777
0.225018
13.4658
28.3474
-3.41669
-10.1803
-16.7262
-22.881
-28.4282
-33.0917
-36.5207
-38.2811
-37.8594
-34.6914
-28.2272
-18.0474
-4.02825
13.474
33.4981
-4.22774
-12.6194
-20.8091
-28.6273
-35.8495
-42.1717
-47.1833
-50.343
-50.9651
-48.2327
-41.2627
-29.2574
-11.7671
10.9555
37.6348
-5.10243
-15.2597
-25.2624
-34.9678
-44.1688
-52.5598
-59.695
-64.9397
-67.423
-66.0099
-59.333
-45.9538
-24.7423
4.4733
40.1276
-6.02445
-18.0535
-30.0114
-41.8105
-53.2952
-64.2006
-74.0936
-82.294
-87.7738
-89.0481
-84.1043
-70.4835
-45.7254
-8.4555
39.8283
-6.9659
-20.9171
-34.9172
-48.9646
-62.9974
-76.8494
-90.1799
-102.364
-112.325
-118.3
-117.55
-106.15
-79.2233
-32.4057
34.4197
-7.88741
-23.7305
-39.7733
-56.1297
-72.8761
-90.0146
-107.407
-124.65
-140.857
-154.271
-161.64
-157.341
-132.612
-76.369
18.5391
-8.7401
-26.3424
-44.3129
-62.901
-82.3575
-102.92
-124.775
-147.964
-172.173
-196.279
-217.389
-228.954
-217.512
-158.997
-22.5805
-9.47003
-28.5844
-48.2316
-68.7995
-90.727
-114.526
-140.801
-170.247
-203.581
-241.27
-282.67
-323.56
-349.47
-319.522
-138.302
-10.0249
-30.2916
-51.2261
-73.3333
-97.2181
-123.648
-153.646
-188.63
-230.62
-282.532
-348.442
-433.123
-537.26
-631.301
-526.189
-10.3622
-31.3288
-53.0441
-76.0841
-101.157
-129.193
-161.495
-199.993
-247.72
-309.774
-395.418
-523.196
-735.105
-1142.18
-2097.18
5904
6166.17
6419.96
6663.79
6896.26
7116.16
7322.51
7514.61
7691.96
7854.35
8001.75
8134.35
8252.48
8356.62
8447.35
8525.35
8591.32
8646
8690.15
8724.51
8749.78
8766.66
8775.78
8777.74
8773.07
8762.28
8745.8
8724.02
8697.3
8665.93
8630.17
8590.25
8546.36
8498.64
8447.23
8392.22
8333.7
8271.72
8206.34
8137.59
8065.5
7990.09
7911.39
7829.42
7744.18
7655.7
7563.98
7469.04
7370.88
7269.51
7164.93
7057.15
6946.17
6831.99
6714.64
6594.14
6470.51
6343.79
6214.02
6081.27
5945.6
5807.07
5665.76
5521.75
5375.13
5226.01
5074.49
4920.71
4764.81
4606.98
4447.43
4286.39
4124.14
3961
3797.31
3633.46
3469.86
3306.92
3145.11
2984.89
2826.71
2671.03
2518.31
2368.97
2223.42
2082.01
1945.06
1812.82
1685.5
1563.22
13.879
17.4254
20.7611
23.7621
26.3316
28.4053
29.9514
30.9684
31.4786
31.5229
31.1544
30.4334
29.423
28.1862
26.7832
25.27
23.6971
22.1084
20.5411
19.025
17.5832
16.2323
14.9828
13.8405
12.8073
11.882
11.0615
10.3412
9.71568
9.17884
8.72424
8.34508
8.03415
7.78391
7.58651
7.4339
7.31804
7.23119
7.16621
7.11689
7.0782
7.04645
7.0193
6.99563
6.97525
6.95846
6.94568
6.93696
6.93162
6.92808
6.92378
6.91536
6.899
6.87082
6.82746
6.76643
6.68641
6.58732
6.4701
6.33625
6.18726
6.02388
5.84551
5.64966
5.43171
5.18495
4.90094
4.57018
4.18306
3.73085
3.20671
2.6065
1.92929
1.17759
0.357128
-0.52348
-1.45334
-2.41983
-3.40909
-4.40629
-5.3957
-6.36058
-7.28298
-8.14364
-8.92227
-9.59825
-10.1519
-10.5663
-10.829
-10.9339
23.2388
29.3762
35.1341
40.2902
44.6756
48.1823
50.7627
52.4221
53.2078
53.1972
52.4872
51.1848
49.4005
47.243
44.8154
42.2131
39.5214
36.8145
34.1545
31.5911
29.1619
26.8933
24.8017
22.895
21.1747
19.6378
18.2777
17.086
16.0531
15.1687
14.422
13.8016
13.2954
12.8909
12.5747
12.3331
12.1522
12.0188
11.9203
11.8461
11.7874
11.7382
11.6946
11.6554
11.6209
11.5922
11.5708
11.5572
11.5508
11.5489
11.547
11.539
11.5178
11.4761
11.4078
11.3081
11.1748
11.0082
10.8104
10.5849
10.3354
10.0641
9.77075
9.45169
9.09914
8.70131
8.24305
7.70709
7.07577
6.33296
5.46597
4.46706
3.3344
2.07238
0.691215
-0.793869
-2.36379
-3.99678
-5.66926
-7.35643
-9.03226
-10.6691
-12.2372
-13.704
-15.0347
-16.1927
-17.1424
-17.8527
-18.3004
-18.4737
32.7704
41.8686
50.3679
57.9223
64.2787
69.2871
72.8943
75.1285
76.0785
75.8743
74.6692
72.6271
69.913
66.6865
63.0976
59.2836
55.3669
51.4529
47.6291
43.9647
40.5107
37.3013
34.3563
31.6833
29.2809
27.1417
25.2542
23.6051
22.1798
20.9636
19.9412
19.0968
18.4136
17.8739
17.4586
17.1478
16.9212
16.7588
16.6422
16.5553
16.4854
16.4237
16.3657
16.3105
16.2598
16.2171
16.186
16.1686
16.1647
16.1708
16.18
16.1826
16.1668
16.1207
16.0338
15.8987
15.7118
15.4743
15.1908
14.8686
14.5152
14.1362
13.7332
13.3021
12.8319
12.3048
11.6971
10.9813
10.129
9.11387
7.91516
6.52016
4.92575
3.13867
1.17487
-0.942176
-3.18354
-5.51694
-7.90838
-10.323
-12.725
-15.0768
-17.3373
-19.4607
-21.3958
-23.0869
-24.4779
-25.5175
-26.1669
-26.4062
42.5726
55.2204
66.9583
77.2748
85.8179
92.4036
96.9967
99.6776
100.606
99.9875
98.052
95.0334
91.1603
86.6496
81.7023
76.5013
71.2083
65.962
60.8758
56.0377
51.5101
47.3323
43.5233
40.0864
37.0132
34.2884
31.8932
29.8075
28.0113
26.4853
25.2101
24.1658
23.3313
22.6836
22.1977
21.8467
21.6027
21.4379
21.326
21.2444
21.1754
21.1078
21.0364
20.9621
20.8901
20.8281
20.7839
20.7628
20.7663
20.79
20.8243
20.854
20.8607
20.8252
20.7305
20.5645
20.3225
20.0071
19.6277
19.1977
18.7322
18.2431
17.7364
17.2089
16.6466
16.0242
15.3067
14.4522
13.4167
12.159
10.6469
8.86032
6.79437
4.45929
1.87903
-0.911643
-3.87094
-6.95371
-10.1143
-13.3079
-16.4904
-19.6161
-22.635
-25.4888
-28.1083
-30.4137
-32.3194
-33.7442
-34.6242
-34.9259
52.7763
69.8726
85.5841
99.1682
110.162
118.374
123.836
126.733
127.341
125.98
122.977
118.654
113.311
107.227
100.66
93.8403
86.9729
80.2322
73.7587
67.6583
62.0022
56.83
52.154
47.9663
44.2454
40.9633
38.09
35.5972
33.4589
31.6515
30.1525
28.939
27.9865
27.267
26.7493
26.3984
26.1772
26.0473
25.9726
25.9213
25.8694
25.8026
25.7162
25.615
25.5104
25.4177
25.3522
25.3253
25.3417
25.3972
25.4778
25.561
25.6178
25.6171
25.5314
25.3416
25.0404
24.6336
24.1383
23.5793
22.9839
22.376
21.7701
21.1665
20.5483
19.8811
19.1139
18.1841
17.0242
15.5708
13.7738
11.6028
9.05053
6.13289
2.88611
-0.638407
-4.38066
-8.27859
-12.2729
-16.3092
-20.3376
-24.3093
-28.1705
-31.8544
-35.2734
-38.3161
-40.8536
-42.7554
-43.9145
-44.2731
63.5882
86.5064
107.258
124.775
138.491
148.283
154.345
157.058
156.885
154.306
149.777
143.716
136.502
128.478
119.959
111.227
102.537
94.1011
86.0902
78.6271
71.7879
65.6053
60.0762
55.1706
50.8444
47.0495
43.7408
40.8797
38.4344
36.3789
34.6897
33.3435
32.3136
31.5681
31.0689
30.7721
30.6284
30.586
30.5937
30.6069
30.5927
30.5328
30.4245
30.2794
30.1198
29.9739
29.8702
29.8305
29.8656
29.9723
30.1315
30.3096
30.4608
30.5345
30.4851
30.2814
29.9126
29.3896
28.7425
28.0147
27.2549
26.5073
25.8016
25.1459
24.5215
23.8824
23.1557
22.2478
21.0546
19.4776
17.4395
14.8944
11.8329
8.28044
4.29311
-0.0517028
-4.66634
-9.46487
-14.371
-19.3219
-24.2667
-29.162
-33.9617
-38.6017
-42.9804
-46.9463
-50.3034
-52.8363
-54.3576
-54.7645
75.3586
106.242
133.57
155.83
172.444
183.536
189.65
191.508
189.863
185.409
178.75
170.407
160.828
150.414
139.535
128.531
117.711
107.338
97.6154
88.6826
80.6155
73.43
67.0928
61.5355
56.6756
52.435
48.7484
45.5665
42.8536
40.5848
38.7403
37.3005
36.2397
35.5233
35.1066
34.9347
34.9437
35.0621
35.2164
35.3415
35.3908
35.3412
35.194
34.9723
34.7165
34.4764
34.3023
34.2337
34.2921
34.4767
34.763
35.101
35.4193
35.633
35.6643
35.4619
35.0094
34.3268
33.465
32.4982
31.5101
30.5797
29.7626
29.0811
28.517
28.0106
27.4591
26.7227
25.6382
24.0488
21.8354
18.93
15.3222
11.0542
6.21486
0.923463
-4.68733
-10.4963
-16.405
-22.3437
-28.2673
-34.1526
-39.9831
-45.7255
-51.2821
-56.4535
-60.9404
-64.3742
-66.4058
-66.8432
88.7604
131.077
167.158
194.989
214.319
225.931
231.056
230.98
226.862
219.66
210.126
198.853
186.333
173
159.272
145.553
132.231
119.629
107.996
97.4868
88.171
80.0325
72.9874
66.8989
61.6196
57.0286
53.0364
49.5864
46.6431
44.1904
42.2195
40.7234
39.6816
39.0591
38.8031
38.8484
39.1123
39.497
39.8915
40.1949
40.3407
40.2988
40.0792
39.722
39.2977
38.8902
38.5887
38.4594
38.5419
38.8394
39.324
39.9249
40.5317
40.9972
41.1828
41.0052
40.4396
39.524
38.3405
37.0138
35.6834
34.4898
33.5291
32.848
32.43
32.204
32.0291
31.6994
30.9488
29.5189
27.2277
23.9769
19.7621
14.6507
8.78726
2.35827
-4.42326
-11.3846
-18.396
-25.3874
-32.3237
-39.2222
-46.1318
-53.1172
-60.1389
-66.9466
-73.0942
-77.9314
-80.7498
-81.1721
105.265
164.868
212.603
246.366
267.276
277.636
279.922
276.246
268.28
257.247
243.985
229.078
212.993
196.141
178.985
161.998
145.709
130.522
116.76
104.577
94.0379
85.0695
77.5146
71.1086
65.5851
60.7735
56.5583
52.8916
49.7418
47.1186
45.0314
43.5086
42.5362
42.0825
42.0811
42.4617
43.1202
43.9303
44.7093
45.2861
45.5708
45.5214
45.1708
44.5761
43.8616
43.1578
42.6329
42.3855
42.4866
42.9369
43.7212
44.7437
45.8508
46.7669
47.2265
47.1094
46.3754
45.1086
43.4232
41.5355
39.6605
38.0649
36.8932
36.2363
36.0663
36.324
36.8221
37.2818
37.2373
36.2289
34.0017
30.4114
25.4928
19.3297
12.1736
4.30025
-3.90081
-12.2012
-20.4165
-28.511
-36.4349
-44.2765
-52.1717
-60.457
-69.3041
-78.3907
-87.1352
-94.3959
-98.5444
-98.8117
128.666
215.727
278.139
316.225
335.39
340.926
337.324
327.638
314.06
297.992
280.162
260.95
240.711
219.677
198.415
177.401
157.566
139.337
123.226
109.279
97.6274
88.0593
80.3798
74.0435
68.5246
63.6621
59.2954
55.4598
52.0913
49.2859
47.0432
45.5148
44.6584
44.4701
44.8248
45.6903
46.9255
48.4234
49.8331
50.8121
51.295
51.1903
50.6257
49.6138
48.4204
47.1772
46.2863
45.8178
45.9362
46.5601
47.7818
49.4463
51.4501
53.1988
54.1051
54.1056
53.0822
51.2991
48.7999
46.0414
43.2375
41.0314
39.5176
38.9249
39.088
40.0985
41.6709
43.591
44.9144
44.6943
42.7385
38.7591
33.0156
25.4384
16.5925
6.71398
-3.23567
-13.1405
-22.6115
-31.8804
-40.6652
-49.2542
-57.6502
-66.9883
-78.125
-90.3277
-103.313
-115.342
-121.928
-121.571
170.847
302.045
378.662
413.288
423.086
417.336
403.442
384.59
363.38
341.228
318.286
294.259
269.533
243.503
217.455
191.077
167.086
145.084
126.565
110.668
98.212
88.3286
81.3127
75.8053
70.5254
65.8455
61.2787
57.3695
53.6456
50.6603
48.0444
46.5725
45.8378
46.0948
46.8515
48.4044
50.3695
53.06
55.5924
57.067
57.8791
57.534
56.7366
54.9237
53.0611
50.6983
49.3397
48.4124
48.6649
49.3289
51.2103
53.6656
57.4213
60.8481
62.2921
62.5794
60.8862
58.5231
54.5525
50.6142
45.9555
43.0019
40.8167
40.5259
40.8897
43.0645
46.0192
50.7598
54.814
55.6592
54.3893
49.6469
43.1786
33.374
22.4981
9.22966
-2.63563
-14.705
-25.0984
-35.9473
-45.1781
-54.5104
-61.7725
-70.9302
-85.4115
-101.138
-120.869
-144.127
-155.311
-152.7
277.296
466.917
539.597
546.042
533.11
505.416
476.643
444.884
414.004
385.551
357.923
328.53
300.187
267.315
236.937
201.289
173.724
145.801
126.119
107.102
95.0952
84.4753
80.0828
77.2499
71.6751
67.8812
62.3324
59.0318
54.158
51.5263
47.4228
46.5937
45.6141
47.0239
47.7544
50.5468
52.7888
57.943
62.892
64.2919
66.1443
64.5424
64.3224
60.3165
58.4324
52.7828
51.7805
49.3157
50.8076
50.351
53.8176
56.0175
63.8703
71.3569
72.1484
73.9083
69.6576
68.0644
60.2604
56.2261
46.219
43.8669
39.3884
41.1844
40.0837
44.9077
47.7955
58.917
69.3346
69.6696
71.0403
63.0196
58.1455
42.8516
31.8483
9.72414
-1.74253
-18.6836
-26.9299
-42.3454
-49.5456
-62.7482
-63.1662
-67.2065
-90.9058
-106.18
-133.348
-190.299
-208.56
-198.164
654.709
800.13
795.854
706.633
664.323
594.976
554.071
503.839
461.064
428.612
400.032
361.22
337.297
287.476
263.954
199.818
180.84
134.623
124.698
93.4281
89.9746
71.6536
76.6077
82.6457
70.2667
72.4539
60.1632
62.9767
51.4624
54.5346
42.1114
46.8579
41.976
48.9573
45.7134
53.5053
51.0371
63.1427
75.3221
70.8835
79.4008
69.5768
77.3744
62.6674
69.2382
48.1864
56.3375
44.5304
55.7645
45.7311
58.256
50.2352
70.8526
91.5121
80.6148
93.897
74.6058
86.5526
60.5428
70.441
35.4612
47.7954
28.9257
46.015
30.7467
49.5394
37.7156
68.0879
98.3744
82.1887
101.215
71.8613
88.1169
46.1504
57.2122
-5.1288
7.03292
-35.1833
-18.4389
-60.5742
-45.2704
-89.3966
-59.3442
-35.1748
-108.533
-94.0976
-102.939
-292.184
-303.075
-268.724
2368.54
1348.82
1174.35
799.595
834.395
643.509
644.861
551.988
493.192
466.029
456.809
372.406
411.634
269.712
349.402
133.286
227.149
71.1758
154.003
39.7065
106.269
25.334
71.5837
114.569
47.8994
97.8889
36.2687
87.5763
27.7937
79.8854
12.1117
61.02
21.2888
65.6455
27.81
71.2648
28.3234
68.2585
111.702
58.8375
119.086
49.2518
122.847
34.3913
119.833
1.54777
89.6437
6.57387
91.3539
8.63347
92.2859
3.21899
77.779
157.114
54.2669
160.795
34.5746
159.701
9.11948
149.282
-43.4281
96.658
-33.3181
97.4406
-27.6383
98.2585
-33.127
77.3819
194.334
44.0026
201.056
15.0252
201.928
-26.9124
188.276
-127.267
94.1116
-136.587
74.8379
-161.517
44.5828
-222.863
-47.0518
137.295
-252.581
-48.498
187.251
-650.899
-462.737
-385.453
1434.29
1300.92
1174.64
1055.14
942.003
834.741
732.81
635.636
542.632
453.209
366.786
282.791
200.669
119.874
39.8701
-10.8768
-10.6013
-10.139
-9.52428
-8.79453
-7.98586
-7.1299
-6.25215
-5.37143
-4.50024
-3.64555
-2.80987
-1.9922
-1.18906
-0.39528
-18.3644
-17.8761
-17.0676
-16.0017
-14.7454
-13.3625
-11.9076
-10.4238
-8.94201
-7.48223
-6.05495
-4.66319
-3.30426
-1.97142
-0.655233
-26.2211
-25.4713
-24.2538
-22.6693
-20.823
-18.8113
-16.7144
-14.5934
-12.4906
-10.4317
-8.42886
-6.4837
-4.59024
-2.73711
-0.909469
-34.6256
-33.5343
-31.807
-29.599
-27.066
-24.3452
-21.5452
-18.7449
-15.9954
-13.3252
-10.7451
-8.25252
-5.8359
-3.47733
-1.15501
-43.7938
-42.2336
-39.8409
-36.8536
-33.4971
-29.9583
-26.3765
-22.8455
-19.4209
-16.1287
-12.9737
-9.94542
-7.02352
-4.1813
-1.38824
-53.9997
-51.7654
-48.4694
-44.4775
-40.1106
-35.6145
-31.157
-26.8397
-22.7139
-18.7952
-15.0757
-11.532
-8.13146
-4.83613
-1.60488
-65.6055
-62.3591
-57.7942
-52.4763
-46.8534
-41.2323
-35.7975
-30.6426
-25.7998
-21.2626
-17.0018
-12.9753
-9.13427
-5.4269
-1.80001
-79.1079
-74.2714
-67.8721
-60.7804
-53.5945
-46.6638
-40.1581
-34.1334
-28.5801
-23.4537
-18.6938
-14.2331
-10.0034
-5.9372
-1.9683
-95.1949
-87.7469
-78.6425
-69.1789
-60.0805
-51.6703
-44.0378
-37.153
-30.9334
-25.2786
-20.0864
-15.26
-10.7092
-6.35019
-2.10428
-114.785
-102.879
-89.7724
-77.2122
-65.8783
-55.8995
-47.1699
-39.5074
-32.722
-26.6407
-21.1135
-16.0114
-11.2231
-6.65011
-2.20291
-138.878
-119.212
-100.356
-84.0194
-70.3213
-58.8795
-49.2349
-40.9848
-33.8066
-27.449
-21.7153
-16.449
-11.5217
-6.82426
-2.26019
-167.558
-134.734
-108.422
-88.188
-72.5081
-60.0623
-49.9057
-41.3903
-34.0707
-27.6333
-21.8499
-16.5477
-11.5904
-6.8651
-2.27377
-195.673
-143.747
-110.408
-87.8031
-71.4608
-58.9563
-48.9352
-40.6
-33.4527
-27.1638
-21.5033
-16.3015
-11.427
-6.77202
-2.24356
-196.021
-134.172
-101.66
-81.1558
-66.5761
-55.3669
-46.2789
-38.6219
-31.9762
-26.066
-20.6979
-15.7281
-11.0441
-6.55246
-2.17203
-10.4677
-31.6504
-53.5976
-76.8987
-102.28
-130.699
-163.502
-202.695
-251.455
-315.188
-403.881
-537.971
-764.586
-1207.15
-2227.97
-10.3739
-31.3562
-53.0623
-76.0439
-100.97
-128.705
-160.425
-197.805
-243.339
-300.861
-376.339
-478.604
-616.767
-774.567
-750.356
-10.1166
-30.5579
-51.6383
-73.8345
-97.7053
-123.938
-153.407
-187.242
-226.887
-274.047
-330.174
-394.278
-455.273
-468.337
-298.047
-9.71428
-29.3143
-49.4369
-70.4581
-92.7948
-116.917
-143.349
-172.634
-205.202
-240.993
-278.453
-312.092
-327.032
-289.414
-141.419
-9.1924
-27.7062
-46.6089
-66.1646
-86.6394
-108.286
-131.302
-155.735
-181.267
-206.763
-229.372
-242.878
-235.269
-187.122
-78.4227
-8.58049
-25.8266
-43.3248
-61.2295
-79.6658
-98.6975
-118.265
-138.066
-157.347
-174.526
-186.594
-188.316
-171.645
-126.869
-48.857
-7.90901
-23.7707
-39.7564
-55.9219
-72.2744
-88.732
-105.058
-120.752
-134.88
-145.829
-150.989
-146.513
-127.533
-89.6883
-32.9705
-7.20677
-21.6276
-36.061
-50.4816
-64.8061
-78.8529
-92.2835
-104.517
-114.615
-121.145
-122.068
-114.773
-96.5142
-65.6087
-23.4871
-6.49908
-19.4747
-32.3727
-45.1057
-57.5274
-69.3976
-80.335
-89.7587
-96.8205
-100.349
-98.8486
-90.6402
-74.2725
-49.3144
-17.372
-5.80668
-17.3748
-28.7973
-39.9437
-50.629
-60.5865
-69.4335
-76.6351
-81.4735
-83.0393
-80.2822
-72.1674
-57.9921
-37.8674
-13.2015
-5.14539
-15.375
-25.4123
-35.0997
-44.2337
-52.5438
-59.671
-65.1486
-68.3941
-68.7268
-65.4323
-57.8991
-45.84
-29.5719
-10.2365
-4.52629
-13.5078
-22.2688
-30.6382
-38.4083
-45.3201
-51.0514
-55.2087
-57.3336
-56.9292
-53.5224
-46.7706
-36.6082
-23.405
-8.06076
-3.9563
-11.7929
-19.396
-26.5912
-33.1768
-38.9141
-43.5221
-46.6777
-48.0266
-47.2134
-43.9327
-38.0081
-29.486
-18.7237
-6.42441
-3.43881
-10.2395
-16.8054
-22.9662
-28.5324
-33.2901
-36.9994
-39.3988
-40.2188
-39.2085
-36.1768
-31.0474
-23.918
-15.1086
-5.16935
-2.97453
-8.84862
-14.495
-19.7526
-24.4479
-28.3925
-31.3844
-33.2146
-33.6798
-32.6052
-29.8758
-25.4737
-19.5155
-12.2772
-4.19144
-2.56212
-7.61533
-12.4537
-16.9283
-20.8832
-24.1547
-26.5745
-27.9764
-28.2082
-27.1495
-24.7348
-20.9792
-16.001
-10.0336
-3.41962
-2.19888
-6.5308
-10.6642
-14.464
-17.7918
-20.5069
-22.4699
-23.5493
-23.6312
-22.6338
-20.5236
-17.3327
-13.1724
-8.23855
-2.80402
-1.88124
-5.58371
-9.10588
-12.3267
-15.1248
-17.3801
-18.9777
-19.8134
-19.8024
-18.8896
-17.0617
-14.3583
-10.8802
-6.79075
-2.30873
-1.60514
-4.76151
-7.75625
-10.4822
-12.8337
-14.7091
-16.0134
-16.6645
-16.5988
-15.7799
-14.2068
-11.9211
-9.01192
-5.61518
-1.90738
-1.36639
-4.05127
-6.59284
-8.89706
-10.8727
-12.4336
-13.5019
-14.0123
-13.9171
-13.193
-11.8458
-9.91626
-7.48172
-4.6553
-1.58019
-1.16083
-3.44032
-5.59386
-7.53957
-9.19905
-10.4996
-11.3771
-11.7797
-11.6716
-11.0379
-9.88864
-8.26151
-6.22323
-3.86785
-1.31213
-0.984488
-2.91662
-4.7389
-6.38042
-7.77411
-8.85875
-9.58153
-9.90099
-9.79025
-9.24028
-8.26274
-6.89182
-5.18458
-3.2193
-1.09159
-0.833677
-2.46905
-4.00918
-5.39301
-6.56333
-7.46866
-8.06546
-8.32049
-8.21339
-7.73905
-6.90955
-5.75527
-4.32482
-2.68337
-0.909507
-0.705027
-2.08747
-3.38777
-4.55357
-5.5362
-6.29241
-6.78625
-6.99098
-6.89109
-6.48401
-5.78149
-4.81018
-3.61133
-2.23925
-0.758725
-0.595514
-1.76281
-2.85957
-3.84106
-4.66597
-5.29801
-5.70742
-5.87262
-5.78171
-5.43376
-4.83976
-4.02284
-3.01792
-1.87031
-0.633543
-0.502448
-1.48703
-2.41127
-3.23706
-3.92942
-4.4579
-4.79785
-4.93178
-4.85049
-4.55408
-4.05254
-3.36583
-2.52343
-1.56316
-0.529383
-0.423463
-1.25305
-2.03121
-2.72553
-3.30646
-3.74846
-4.03109
-4.1401
-4.06838
-3.8166
-3.39368
-2.81675
-2.11066
-1.30698
-0.442541
-0.356491
-1.05473
-1.70925
-2.29258
-2.77979
-3.14947
-3.38465
-3.47371
-3.41108
-3.19775
-2.84158
-2.3572
-1.76553
-1.09293
-0.370005
-0.299738
-0.886709
-1.43662
-1.92625
-2.33459
-2.6437
-2.8395
-2.91247
-2.85822
-2.6779
-2.37836
-1.97203
-1.47649
-0.91377
-0.30931
-0.25165
-0.744376
-1.20577
-1.61626
-1.95816
-2.21647
-2.37949
-2.43941
-2.39275
-2.2407
-1.98917
-1.64868
-1.23401
-0.763544
-0.25843
-0.21089
-0.623757
-1.01022
-1.3538
-1.63967
-1.85529
-1.99094
-2.04021
-2.00034
-1.87245
-1.66163
-1.37677
-1.03022
-0.637334
-0.215693
-0.17631
-0.521439
-0.844387
-1.13133
-1.36987
-1.54954
-1.66227
-1.7028
-1.66893
-1.56169
-1.38543
-1.1476
-0.858554
-0.531055
-0.179711
-0.146921
-0.434494
-0.70351
-0.942418
-1.14087
-1.29018
-1.38365
-1.41697
-1.38837
-1.29879
-1.15189
-0.953938
-0.713542
-0.441303
-0.149329
-0.121876
-0.360411
-0.583501
-0.781542
-0.945948
-1.06951
-1.14673
-1.17405
-1.15007
-1.07561
-0.953747
-0.789697
-0.590602
-0.365231
-0.123581
-0.100449
-0.297033
-0.480854
-0.643979
-0.77933
-0.880975
-0.944398
-0.9667
-0.946757
-0.885286
-0.784846
-0.649747
-0.485876
-0.300442
-0.101655
-0.0820109
-0.242503
-0.39255
-0.525668
-0.636074
-0.718931
-0.770564
-0.78863
-0.77223
-0.721975
-0.639969
-0.529742
-0.396097
-0.24491
-0.0828625
-0.0660196
-0.195212
-0.315981
-0.4231
-0.511912
-0.578528
-0.619998
-0.634448
-0.621171
-0.580671
-0.514655
-0.425968
-0.318478
-0.196907
-0.0666192
-0.0520017
-0.153759
-0.248873
-0.333221
-0.403136
-0.455555
-0.488161
-0.499486
-0.488982
-0.457055
-0.405055
-0.335228
-0.25062
-0.154945
-0.0524212
-0.0395404
-0.116912
-0.189226
-0.253348
-0.306486
-0.346315
-0.371076
-0.379656
-0.371643
-0.347351
-0.307812
-0.254734
-0.190433
-0.117731
-0.0398303
-0.0282641
-0.0835697
-0.135258
-0.181087
-0.219062
-0.247521
-0.265206
-0.271326
-0.265588
-0.248218
-0.219954
-0.18202
-0.13607
-0.0841208
-0.0284591
-0.0178354
-0.0527347
-0.0853517
-0.114271
-0.138235
-0.156194
-0.167354
-0.171216
-0.167596
-0.156635
-0.1388
-0.114862
-0.0858661
-0.0530838
-0.0179589
-0.0079416
-0.023482
-0.0380082
-0.0508912
-0.0615707
-0.0695789
-0.0745617
-0.0762943
-0.0746925
-0.069818
-0.0618766
-0.0512111
-0.0382867
-0.023671
-0.00800844
0.00171455
0.00506757
0.00819581
0.010961
0.0132415
0.0149378
0.0159771
0.0163158
0.0159413
0.0148725
0.0131578
0.0108735
0.00811972
0.00501595
0.00169631
0.0114233
0.0337726
0.054651
0.0731484
0.0884575
0.099909
0.107
0.109419
0.107055
0.100009
0.0885861
0.0732828
0.0547681
0.0338521
0.0114515
0.0214768
0.0634968
0.102756
0.137545
0.166346
0.187901
0.201261
0.205835
0.201413
0.188179
0.166703
0.137917
0.10308
0.0637169
0.0215547
0.0321772
0.0951341
0.153958
0.20609
0.249257
0.281571
0.30161
0.308485
0.301878
0.28206
0.249884
0.206745
0.154528
0.0955213
0.0323142
0.043846
0.129636
0.209798
0.280848
0.339689
0.383747
0.411082
0.420479
0.411498
0.384506
0.340661
0.281864
0.210683
0.130236
0.0440585
0.0568334
0.168037
0.271953
0.364067
0.440366
0.497512
0.532987
0.545207
0.533599
0.498632
0.4418
0.365566
0.273258
0.168923
0.0571469
0.0715282
0.211488
0.342286
0.458246
0.554317
0.626295
0.671006
0.686448
0.67189
0.62791
0.556384
0.460407
0.344168
0.212765
0.0719802
0.0883694
0.261287
0.422903
0.566207
0.684965
0.773976
0.829309
0.848481
0.83057
0.77628
0.687913
0.569291
0.425588
0.26311
0.0890142
0.107858
0.31892
0.516209
0.691181
0.836227
0.944995
1.01267
1.03621
1.01446
0.948265
0.840411
0.695557
0.520019
0.321506
0.108773
0.130574
0.386097
0.624981
0.836895
1.01263
1.14449
1.22663
1.25533
1.22916
1.14912
1.01855
0.843088
0.630374
0.389758
0.131869
0.157187
0.464807
0.752443
1.00768
1.21944
1.37844
1.47762
1.51246
1.4812
1.38498
1.22781
1.01643
0.760065
0.46998
0.159017
0.18848
0.557366
0.902358
1.2086
1.46281
1.65385
1.77321
1.81541
1.77827
1.66309
1.47463
1.22096
0.913124
0.564673
0.191065
0.225367
0.666484
1.07913
1.44557
1.74996
1.97894
2.12227
2.17333
2.12941
1.99198
1.76665
1.46303
1.09433
0.676802
0.229017
0.26892
0.795334
1.28791
1.72556
2.08937
2.36338
2.53529
2.59707
2.54537
2.38179
2.11294
1.75021
1.30937
0.809901
0.274073
0.320393
0.947633
1.53476
2.05672
2.49101
2.81857
3.02463
3.09946
3.03886
2.84456
2.52428
2.09151
1.56505
0.968199
0.327667
0.381251
1.12774
1.82676
2.44864
2.96662
3.35796
3.60493
3.6957
3.62501
3.39465
3.01358
2.49775
1.86953
1.15677
0.391521
0.453211
1.34073
2.17221
2.91255
3.52999
3.9974
4.29348
4.40383
4.32183
4.04919
3.59628
2.98188
2.23259
1.38171
0.467708
0.538271
1.59255
2.58083
3.46164
4.19733
4.75557
5.11074
5.24528
5.15075
4.82868
4.29091
3.5595
2.66606
1.65041
0.558736
0.638754
1.89012
3.06392
4.11128
4.98765
5.65446
6.0809
6.24547
6.13738
5.75766
5.11973
4.24943
3.18424
1.97179
0.667646
0.757352
2.24144
3.63462
4.87943
5.92318
6.71993
7.23255
7.43462
7.31226
6.86558
6.10961
5.07443
3.80447
2.35674
0.798141
0.897163
2.65575
4.30813
5.7869
7.02986
7.98231
8.59941
8.8486
8.7119
8.18788
7.29301
6.06217
4.54791
2.81853
0.954752
1.06174
3.14365
5.10194
6.85776
8.33785
9.47708
10.2212
10.53
10.38
9.76719
8.70928
7.24634
5.44046
3.37349
1.14305
1.25511
3.71721
6.03603
8.11968
9.88204
11.2456
12.1448
12.5294
12.3688
11.655
10.4063
8.66822
6.51398
4.04176
1.36994
1.48182
4.39005
7.13306
9.60422
11.7026
13.336
14.4248
14.9067
14.7409
13.9137
12.4424
10.3786
7.80791
4.84838
1.644
1.74691
5.17734
8.41844
11.347
13.8452
15.8036
17.1256
17.7328
17.5713
16.6187
14.8894
12.4402
9.37142
5.82472
1.97602
2.05593
6.0958
9.9203
13.3881
16.3619
18.7122
20.3216
21.0915
20.9502
19.8619
17.8353
14.9313
11.2662
7.01044
2.37967
2.41481
7.16344
11.6693
15.7713
19.3107
22.1342
24.0993
25.0817
24.9855
23.7555
21.3896
17.95
13.5706
8.4561
2.87247
2.82977
8.39925
13.698
18.5441
22.7553
26.151
28.558
29.8193
29.8066
28.4365
25.688
21.6203
16.3847
10.227
3.47713
3.30712
9.82255
16.0401
21.7569
26.7649
30.8527
33.8105
35.4398
35.5687
34.0729
30.901
26.1004
19.838
12.4086
4.22349
3.85287
11.4521
18.7291
25.4604
31.4117
36.3373
39.9836
42.1001
42.4567
40.8711
37.2432
31.5941
24.1006
15.1143
5.15147
4.47235
13.3047
21.7958
29.704
36.7691
42.7079
47.2166
49.9799
50.6911
49.0852
44.9868
38.3666
29.3985
18.4971
6.31539
5.16957
15.3936
25.2658
34.5315
42.9063
50.0691
55.6589
59.2819
60.5314
59.0274
54.479
46.7675
36.0371
22.7681
7.7908
5.94642
17.7257
29.1557
39.9754
49.8826
58.5195
65.4638
70.2287
72.2803
71.0803
66.1648
57.262
44.4367
28.2241
9.68543
6.80181
20.2993
33.4675
46.0507
57.7381
68.1419
76.7782
83.0557
86.283
85.7092
80.6157
70.4772
55.1861
35.2937
12.1574
7.7305
23.1003
38.1836
52.7453
66.4815
78.9878
89.7262
97.996
102.921
103.472
98.5654
87.2665
69.1275
44.6141
15.4472
8.72204
26.0989
43.2597
60.01
76.0751
91.0568
104.383
115.254
122.589
125.018
120.949
108.801
87.4913
57.1633
19.9356
9.75973
29.2461
48.6182
67.7472
86.4166
104.27
120.74
134.96
145.658
151.071
148.935
136.691
112.113
74.5005
26.2583
10.8198
32.4709
54.1427
75.7995
97.32
118.438
138.653
157.103
172.388
182.358
183.93
173.139
145.778
99.215
35.5478
11.8713
35.6796
59.6745
83.9422
108.498
133.226
157.783
181.436
202.801
219.464
227.501
221.083
192.77
135.801
49.9938
12.8765
38.7566
65.0136
91.8804
119.549
148.125
177.533
207.347
236.465
262.547
281.097
284.217
259.649
192.406
74.2844
13.7926
41.5696
69.9256
99.2565
129.964
162.437
196.991
233.729
272.224
310.845
345.389
366.561
356.148
284.331
119.715
14.5747
43.9781
74.1567
105.671
139.146
175.294
214.92
258.876
307.879
361.954
418.947
470.817
495.268
440.682
217.092
15.1795
45.8458
77.4563
110.718
146.464
185.727
229.829
280.503
339.993
411.014
496.037
594.086
689.245
714.371
460.7
15.5702
47.0554
79.605
114.033
151.332
192.787
240.162
295.991
364.078
450.326
564.051
719.327
931.813
1181.62
1167.98
15.7205
47.5233
80.4448
115.349
153.304
195.725
244.608
302.949
375.528
470.529
603.177
804.795
1148.41
1831.75
3487.92
15.6188
47.2118
79.9032
114.54
152.167
194.163
242.472
300.001
371.383
464.562
594.371
791.606
1129
1806.2
3466.85
15.2695
46.135
78.0062
111.648
147.986
188.206
233.919
287.413
352.08
433.131
538.708
681.032
873.556
1097.6
1078.65
14.6929
44.3571
74.8752
106.879
141.1
178.422
219.947
267.048
321.38
384.644
457.494
535.554
596.17
557.665
175.337
-124.46
-100.958
-83.4651
-70.0082
-59.2207
-50.2677
-42.6256
-35.9489
-29.9982
-24.5998
-19.6219
-14.9605
-10.5301
-6.25704
-2.07565
-46.6081
-64.3585
-63.367
-57.6777
-51.0674
-44.5987
-38.5492
-32.9537
-27.7715
-22.9412
-18.399
-14.0844
-9.9413
-5.9178
-1.96483
-21.1627
-40.7743
-46.5314
-45.987
-42.8158
-38.6388
-34.1576
-29.6716
-25.3005
-21.0826
-17.0181
-13.0891
-9.26952
-5.52959
-1.83783
-11.4909
-26.8114
-34.0719
-36.1205
-35.2626
-32.89
-29.7695
-26.3096
-22.7231
-19.1176
-15.5431
-12.0178
-8.54246
-5.10793
-1.69964
-7.13938
-18.4457
-25.2318
-28.2724
-28.7615
-27.6607
-25.6172
-23.0354
-20.159
-17.1311
-14.0338
-10.9118
-7.78708
-4.66805
-1.55519
-4.85212
-13.2189
-18.9928
-22.1963
-23.3644
-23.086
-21.8388
-19.966
-17.7
-15.1929
-12.5418
-9.80774
-7.02775
-4.22391
-1.40902
-3.49366
-9.79275
-14.539
-17.5336
-18.9718
-19.1841
-18.4948
-17.1696
-15.4085
-13.3546
-11.1075
-8.73555
-6.285
-3.78743
-1.26505
-2.61315
-7.44499
-11.3015
-13.9517
-15.4307
-15.9085
-15.5923
-14.676
-13.3203
-11.6504
-9.75992
-7.71795
-5.57492
-3.36818
-1.12644
-2.00656
-5.77452
-8.9019
-11.183
-12.5849
-13.1841
-13.1066
-12.4876
-11.4505
-10.0993
-8.51757
-6.77055
-4.9091
-2.97323
-0.995567
-1.57024
-4.54889
-7.08996
-9.02497
-10.2965
-10.9298
-10.9971
-10.5894
-9.79872
-8.70845
-7.38999
-5.90261
-4.29495
-2.60732
-0.874048
-1.2463
-3.62713
-5.69892
-7.32765
-8.45145
-9.06855
-9.21729
-8.9572
-8.35503
-7.47605
-6.37974
-5.1182
-3.73636
-2.27311
-0.762825
-0.99998
-2.92
-4.61555
-5.98099
-6.95824
-7.53254
-7.72144
-7.5626
-7.10357
-6.39458
-5.48423
-4.41733
-3.23431
-1.97155
-0.662277
-0.809176
-2.36874
-3.76143
-4.90391
-5.74487
-6.26419
-6.46709
-6.37647
-6.0257
-5.45296
-4.69745
-3.79711
-2.78763
-1.7023
-0.57234
-0.659195
-1.93338
-3.08106
-4.03623
-4.75488
-5.21558
-5.41658
-5.37101
-5.10197
-4.63827
-4.01125
-3.25268
-2.39365
-1.46404
-0.492627
-0.539911
-1.58589
-2.53437
-3.33281
-3.94401
-4.34733
-4.5373
-4.52074
-4.31343
-3.93701
-3.4164
-2.77803
-2.04866
-1.25481
-0.422526
-0.444133
-1.30609
-2.09189
-2.75942
-3.27751
-3.62725
-3.80145
-3.80293
-3.64235
-3.33589
-2.90334
-2.36657
-1.74847
-1.07228
-0.36129
-0.366628
-1.07918
-1.73156
-2.2898
-2.72792
-3.02908
-3.18554
-3.19768
-3.07257
-2.82232
-2.46265
-2.0116
-1.48861
-0.913919
-0.308102
-0.303505
-0.894046
-1.43659
-1.90361
-2.27345
-2.5314
-2.66985
-2.68775
-2.58969
-2.38476
-2.08543
-1.70658
-1.26467
-0.777171
-0.262127
-0.251819
-0.742247
-1.19408
-1.5849
-1.89668
-2.11672
-2.23788
-2.25835
-2.18103
-2.01274
-1.76343
-1.44535
-1.07239
-0.659553
-0.22255
-0.209306
-0.617248
-0.993952
-1.32107
-1.58362
-1.7707
-1.87585
-1.89687
-1.83553
-1.697
-1.4892
-1.22223
-0.907792
-0.55872
-0.188594
-0.174205
-0.513943
-0.828259
-1.10209
-1.32296
-1.4816
-1.57223
-1.59258
-1.54365
-1.42936
-1.25606
-1.03208
-0.767249
-0.47251
-0.159544
-0.145124
-0.428294
-0.690681
-0.919884
-1.10552
-1.23972
-1.31742
-1.3364
-1.29717
-1.20271
-1.05813
-0.870297
-0.647476
-0.398957
-0.134745
-0.12096
-0.357079
-0.576148
-0.767938
-0.923798
-1.03708
-1.10339
-1.12064
-1.08904
-1.01086
-0.890224
-0.732814
-0.54555
-0.336304
-0.11361
-0.100823
-0.297703
-0.480561
-0.640943
-0.771647
-0.867069
-0.92342
-0.938816
-0.913253
-0.848489
-0.747862
-0.616064
-0.45889
-0.282991
-0.0956183
-0.0839961
-0.248065
-0.400584
-0.534559
-0.643998
-0.72419
-0.771896
-0.785436
-0.764692
-0.711027
-0.627149
-0.516936
-0.385234
-0.237646
-0.0803101
-0.0698936
-0.206449
-0.333484
-0.445215
-0.53666
-0.603872
-0.644098
-0.655866
-0.638995
-0.594547
-0.524725
-0.432732
-0.322612
-0.199069
-0.0672831
-0.0580353
-0.171445
-0.277012
-0.369958
-0.446152
-0.502295
-0.536065
-0.546185
-0.53245
-0.49569
-0.437697
-0.361116
-0.269311
-0.166218
-0.0561864
-0.048025
-0.141889
-0.229304
-0.306336
-0.369567
-0.416257
-0.444456
-0.453071
-0.441895
-0.411578
-0.363579
-0.300073
-0.22385
-0.138187
-0.0467155
-0.0395331
-0.11681
-0.188807
-0.252298
-0.304471
-0.343061
-0.366446
-0.373703
-0.364632
-0.339747
-0.30023
-0.247863
-0.184945
-0.114188
-0.0386057
-0.032284
-0.0953975
-0.154219
-0.20612
-0.248807
-0.280425
-0.299637
-0.305673
-0.298353
-0.278079
-0.245804
-0.202979
-0.151484
-0.093541
-0.0316273
-0.0260449
-0.0769659
-0.124436
-0.166341
-0.200831
-0.226406
-0.241979
-0.246919
-0.241069
-0.224744
-0.198705
-0.164118
-0.1225
-0.0756516
-0.0255801
-0.0206178
-0.0609306
-0.0985194
-0.131713
-0.159047
-0.179332
-0.191705
-0.195658
-0.191061
-0.178157
-0.157542
-0.130139
-0.0971494
-0.0600008
-0.0202889
-0.0158314
-0.0467872
-0.075655
-0.101153
-0.122158
-0.137755
-0.147278
-0.150335
-0.146823
-0.136924
-0.121095
-0.100041
-0.0746869
-0.0461301
-0.015599
-0.0115363
-0.0340939
-0.0551311
-0.0737144
-0.0890249
-0.100396
-0.107342
-0.109576
-0.107021
-0.0998106
-0.0882755
-0.0729307
-0.0544487
-0.0336307
-0.0113724
-0.00759874
-0.0224566
-0.0363118
-0.0485488
-0.0586282
-0.0661113
-0.0706785
-0.0721425
-0.0704537
-0.0657005
-0.0581025
-0.047999
-0.035833
-0.0221316
-0.00748379
-0.00389714
-0.0115159
-0.0186166
-0.0248821
-0.0300353
-0.0338521
-0.0361711
-0.0368992
-0.0360149
-0.0335667
-0.02967
-0.0245001
-0.018284
-0.0112901
-0.00381729
-0.000317534
-0.000935184
-0.00150196
-0.00198837
-0.00237102
-0.00263395
-0.00276925
-0.00277672
-0.00266294
-0.00243972
-0.00212244
-0.00172844
-0.0012756
-0.000781552
-0.00026319
0.00324987
0.00960987
0.0155564
0.0208326
0.0252093
0.0284946
0.0305428
0.0312606
0.030612
0.028621
0.025371
0.0210017
0.0157037
0.00970984
0.00328523
0.00691418
0.0204417
0.0330796
0.0442774
0.0535464
0.0604813
0.0647777
0.0662455
0.064818
0.0605551
0.0536408
0.0443761
0.0331655
0.0205
0.00693481
0.0107873
0.0318909
0.0516023
0.0690607
0.0835034
0.0942991
0.100975
0.10324
0.100992
0.094329
0.0835417
0.0691007
0.0516372
0.0319146
0.0107956
0.0149872
0.0443065
0.0716888
0.0959372
0.115992
0.130976
0.140236
0.143366
0.14023
0.130966
0.115979
0.0959234
0.0716767
0.0442983
0.0149843
0.019642
0.0580665
0.0939506
0.125725
0.152
0.171627
0.18375
0.187841
0.183722
0.171575
0.151933
0.125655
0.0938903
0.0580255
0.0196275
0.0248933
0.0735901
0.119066
0.15933
0.192622
0.217487
0.232841
0.238015
0.232787
0.217388
0.192495
0.159197
0.11895
0.0735114
0.0248654
0.0309011
0.0913499
0.147798
0.197775
0.239094
0.269951
0.288999
0.295411
0.288912
0.269791
0.23889
0.197562
0.147613
0.091224
0.0308566
0.0378484
0.111887
0.181023
0.24223
0.292829
0.330611
0.353928
0.361769
0.353798
0.330373
0.292525
0.241912
0.180746
0.111699
0.0377819
0.0459471
0.135827
0.219753
0.294049
0.355463
0.401313
0.429602
0.439103
0.429413
0.400968
0.355021
0.293587
0.219351
0.135554
0.0458506
0.0554442
0.163901
0.265168
0.35481
0.428901
0.484207
0.518319
0.52976
0.518049
0.483713
0.428269
0.354149
0.264593
0.16351
0.055306
0.0666298
0.196965
0.318655
0.426366
0.515381
0.581814
0.622774
0.636491
0.62239
0.581112
0.514483
0.425426
0.317837
0.196409
0.0664334
0.0798458
0.23603
0.381847
0.5109
0.617539
0.697106
0.746142
0.762533
0.745597
0.696111
0.616266
0.50957
0.380688
0.235243
0.0795676
0.0954969
0.282291
0.456676
0.610996
0.73849
0.833593
0.892172
0.91171
0.891403
0.832186
0.736691
0.609114
0.455038
0.281179
0.0951035
0.114063
0.337168
0.545436
0.729715
0.881929
0.995435
1.06531
1.08855
1.06422
0.993448
0.879386
0.727056
0.54312
0.335597
0.113507
0.136115
0.402346
0.650849
0.870693
1.05224
1.18757
1.27081
1.29842
1.26928
1.18476
1.04865
0.866938
0.647578
0.400127
0.13533
0.162333
0.479832
0.776157
1.03826
1.25464
1.41586
1.51494
1.54768
1.51277
1.4119
1.24957
1.03296
0.771539
0.476698
0.161225
0.193526
0.572018
0.925222
1.23757
1.49533
1.68729
1.80514
1.8439
1.80207
1.68169
1.48817
1.23008
0.918703
0.567594
0.191961
0.230662
0.681761
1.10266
1.47476
1.78172
2.01016
2.15023
2.19606
2.14591
2.00226
1.77161
1.46419
1.09345
0.675514
0.228452
0.274897
0.812471
1.31396
1.75717
2.12262
2.39437
2.56076
2.61485
2.55466
2.38322
2.10835
1.74225
1.30097
0.803652
0.271777
0.327614
0.968234
1.56572
2.09358
2.52857
2.85174
3.04926
3.11297
3.04064
2.836
2.50842
2.07251
1.54738
0.955784
0.32321
0.390472
1.15394
1.86582
2.49446
3.01214
3.39633
3.63065
3.70553
3.61849
3.3741
2.9837
2.46472
1.83993
1.13636
0.384255
0.465462
1.37546
2.22371
2.97237
3.58838
4.04496
4.32273
4.41051
4.30556
4.01359
3.54824
2.93039
2.18715
1.35065
0.456684
0.554977
1.63985
2.65074
3.54238
4.27531
4.81771
5.14672
5.24927
5.12248
4.77343
4.21864
3.48311
2.59913
1.60482
0.542585
0.661901
1.95561
3.16056
4.22256
5.09451
5.73861
6.12791
6.24726
6.09369
5.6761
5.01451
4.13889
3.0877
1.90615
0.644407
0.789717
2.33298
3.76962
5.03467
6.0719
6.83641
7.2965
7.43472
7.2482
6.74817
5.95896
4.91656
3.66676
2.26316
0.76502
0.942643
2.78438
4.4978
6.00495
7.23863
8.14555
8.68853
8.84763
8.62036
8.02098
7.07919
5.83821
4.35258
2.68581
0.907775
1.1258
3.32486
5.36919
7.16508
8.6322
9.70735
10.3471
10.5288
10.2508
9.53151
8.40713
6.92968
5.16417
3.1857
1.07657
1.34544
3.97276
6.41304
8.55346
10.2979
11.5715
12.3236
12.529
12.1877
11.3233
9.98016
8.22114
6.1236
3.77628
1.27594
1.60922
4.75052
7.66507
10.2168
12.2904
13.7976
14.6796
14.9088
14.4879
13.4472
11.842
9.74762
7.25642
4.47309
1.51107
1.92654
5.68569
9.16903
12.2119
14.6763
16.4577
17.4887
17.7399
17.2182
15.9632
14.0432
11.5496
8.59205
5.29396
1.78795
2.30907
6.81235
10.9788
14.6086
17.5363
19.6388
20.8393
21.1077
20.4575
18.9409
16.6428
13.6736
10.1641
6.25915
2.11334
2.77135
8.17288
13.161
17.4928
20.9693
23.4461
24.837
25.1131
24.2982
22.4613
19.708
16.1727
12.0106
7.39156
2.49489
3.33164
9.82038
15.799
20.9707
25.0964
28.0073
29.6085
29.8759
28.8485
26.6178
23.3163
19.107
14.1743
8.7167
2.94106
4.01311
11.822
18.9973
25.1747
30.0668
33.4778
35.306
35.5376
34.2341
31.5176
27.5546
22.5435
16.7025
10.2626
3.46113
4.84544
14.2635
22.8885
30.2709
36.0654
40.0471
42.1119
42.2649
40.6008
37.2826
32.5207
26.5559
19.6465
12.0594
4.06507
5.86717
17.2557
27.6423
36.4697
43.3227
47.9471
50.245
50.2536
48.1158
44.0498
38.3217
31.2241
23.0609
14.1389
4.76328
7.12898
20.9435
33.4787
44.0391
52.1271
57.4624
59.9676
59.7324
56.9693
51.9709
45.0735
36.6319
27.002
16.5334
5.56624
8.69865
25.5196
40.6863
53.325
62.8426
68.9425
71.5926
70.966
67.3747
61.2101
52.8973
42.8644
31.5254
19.2739
6.48394
10.6685
31.2441
49.649
64.778
75.931
82.8176
85.4924
84.2578
79.5665
71.9406
61.9151
50.0035
36.6822
22.3882
7.52512
13.1671
38.4757
60.8861
78.9915
91.9814
99.6169
102.106
99.9494
93.7954
84.3368
72.2421
58.121
42.5141
25.8974
8.69622
16.3777
47.7197
75.1124
96.7566
111.749
119.989
121.946
118.416
110.318
98.563
83.9756
67.2697
49.0468
29.8123
10
20.5696
59.7058
93.33
119.14
136.206
144.723
145.595
140.053
129.381
114.755
97.1794
77.4714
56.2816
34.1282
11.4341
26.1523
75.5192
116.974
147.594
166.599
174.764
173.697
165.252
151.187
132.995
111.863
88.7012
64.1852
38.8192
12.9889
33.7747
96.8268
148.14
184.113
204.517
211.216
206.92
194.353
175.858
153.274
127.957
100.87
72.6783
43.8324
14.6459
44.5198
126.286
189.957
231.442
251.95
255.303
245.884
227.568
203.369
175.449
145.278
113.807
81.6249
49.0817
16.3758
60.3155
168.31
247.178
293.337
311.295
308.257
291.023
264.867
233.461
199.187
163.501
127.235
90.8218
54.4437
18.1373
84.8857
230.56
327.112
374.813
385.216
371.066
342.357
305.809
265.542
223.904
182.125
140.765
99.9934
59.7553
19.8765
126.189
326.919
440.969
482.186
476.185
443.983
399.131
349.33
298.573
248.716
200.456
153.886
108.793
64.8169
21.5283
203.359
483.471
605.399
622.345
585.344
525.682
459.337
393.513
330.976
272.416
217.612
165.98
116.817
69.4001
23.019
368.449
749.868
842.727
799.963
710.235
612.015
519.179
435.41
360.615
293.505
232.563
176.358
123.628
73.2631
24.2711
780.397
1216.65
1174.23
1010.19
841.017
694.603
572.718
471.071
384.912
310.309
244.222
184.322
128.795
76.1722
25.2106
1973.27
2015.82
1590.18
1223.96
955.989
760.151
612.2
495.97
401.182
321.197
251.582
189.249
131.943
77.9271
25.7745
5877.24
3140.1
1964.87
1369.49
1020.86
792.437
629.646
505.976
407.167
324.88
253.882
190.682
132.806
78.3873
25.919
13.8256
41.6878
70.1903
99.7823
130.942
164.173
199.971
238.714
280.373
323.77
364.764
391.944
376.864
254.411
-106.342
12.6882
38.196
64.0944
90.6272
118.001
146.338
175.58
205.297
234.307
259.944
276.715
274.094
233.91
131.249
-43.654
11.4183
34.3109
57.3592
80.6241
104.087
127.585
150.699
172.57
191.596
204.964
208.031
193.792
153.411
80.3306
-17.3851
10.0917
30.2672
50.4029
70.4165
90.1302
109.206
127.05
142.677
154.53
160.27
156.634
139.625
105.599
54.0501
-7.88348
8.7724
26.261
43.5647
60.5035
76.8046
92.0495
105.606
116.546
123.566
124.94
118.595
102.46
75.3017
38.1429
-4.37753
7.50854
22.4376
37.088
51.2237
64.53
76.5751
86.7694
94.3258
98.2407
97.3253
90.343
76.3116
55.0061
27.6058
-2.9714
6.33199
18.8909
31.1229
42.7696
53.5123
62.9471
70.5645
75.7378
77.7344
75.7715
69.1435
57.4376
40.8095
20.2563
-2.34069
5.25976
15.6693
25.7399
35.2161
43.7992
51.1339
56.8009
60.3208
61.1769
58.8698
53.0138
43.4775
30.5286
14.9421
-2.02901
4.29686
12.7846
20.9485
28.5522
35.3312
40.9864
45.1844
47.5678
47.7806
45.5112
40.5605
32.9269
22.8823
11.0103
-1.83286
3.4393
10.2223
16.7146
22.7095
27.9831
32.293
35.3813
36.9872
36.8687
34.8353
30.7925
24.7918
17.0697
8.05815
-1.64877
2.67692
7.94953
12.976
17.5847
21.5949
24.8169
27.0574
28.1299
27.8723
26.1703
22.9851
18.3828
12.5531
5.81021
-1.43308
1.99557
5.92213
9.65363
13.0561
15.9913
18.3182
19.8971
20.5992
20.3182
18.987
16.5943
13.2016
8.95161
4.06569
-1.17403
1.37869
4.08941
6.65948
8.99337
10.994
12.564
13.6099
14.0476
13.8108
12.8618
11.2008
8.87529
5.98395
2.67337
-0.873652
0.808437
2.39715
3.90109
5.26314
6.42574
7.33208
7.92831
8.16712
8.01249
7.44522
6.46837
5.11146
3.43222
1.51427
-0.539706
-1249.08
-1747.76
-2247.98
-2750.69
-3256.77
-3766.95
-4281.79
-4801.64
-5326.62
-5856.58
-6391.1
-6929.46
-7470.71
-8013.68
-8557.02
-470.012
127.926
-651.671
-131.531
-588.718
-187.066
-498.954
-211.77
56.973
-217.499
88.1035
-199.251
128.372
-205.437
154.282
-355.886
0.376409
-348.249
-35.8767
-323.997
-53.8082
-299.014
-86.8199
122.218
-116.4
138.854
-129.737
156.91
-166.207
156.783
-334.397
-12.6992
-354.606
-76.8855
-349.076
-117.453
-335.088
-162.79
0.959021
-198.945
-9.99181
-216.166
-19.1775
-242.726
-38.9845
-338.369
-152.746
-333.054
-188.584
-314.246
-206.4
-294.175
-223.009
-161.055
-235.186
-174.49
-239.91
-188.519
-246.317
-205.93
-262.871
-237.63
-262.678
-254.338
-266.676
-271.491
-278.026
-292.42
-311.596
-319.522
-348.731
-355.576
-394.323
-402.285
-449.705
-456.585
-506.908
-557.593
-605.411
-709.481
-755.922
-973.595
-1043.27
-1118.81
-1796.64
-2025.09
-2451.16
-3178.49
-4497.39
-7166.99
-170.589
-132.907
-280.69
-241.492
-310.265
-252.033
-271.489
-186.439
-102.259
-113.896
-58.8346
-86.731
-39.7201
-86.4307
-54.1712
-145.472
-116.695
-171.11
-133.153
-169.181
-127.311
-145.233
-83.8958
-23.0807
-40.8833
-2.11607
-37.1646
-5.02827
-59.7205
-40.9201
-137.832
-122.111
-184.71
-160.017
-202.243
-173.422
-196.214
-151.689
-108.002
-128.601
-104.424
-135.461
-116.759
-156.834
-146.572
-206.44
-197.675
-230.406
-216.536
-234.925
-220.388
-228.601
-210.321
-193.591
-201.928
-195.314
-206.676
-203.753
-216.125
-216.763
-231.019
-233.929
-242.748
-247.399
-255.314
-263.336
-272.986
-285.821
-300.99
-316.239
-336.094
-355.018
-380.397
-404.248
-436.142
-466.491
-509.058
-559.583
-619.329
-698.099
-784.917
-911.73
-1035.13
-1201.05
-1494.85
-1740.85
-2017.68
-2326.98
-2552.7
-2172.17
-91.5776
-126.651
-178.927
-195.945
-214.659
-205.093
-194.467
-159.821
-123.485
-106.304
-86.283
-82.0389
-72.8171
-81.0953
-84.6526
-107.915
-113.915
-126.928
-123.836
-126.477
-114.66
-105.528
-80.1643
-55.1141
-46.7715
-36.7353
-41.284
-41.8775
-59.0128
-71.9455
-103.418
-118.701
-140.486
-146.755
-157.699
-155.047
-154.26
-139.362
-124.364
-122.714
-119.324
-126.367
-129.685
-143.419
-153.168
-173.349
-182.86
-194.881
-198.05
-203.042
-201.635
-201.197
-195.42
-190.044
-190.214
-190.264
-194.026
-196.977
-202.849
-208.001
-215.525
-221.74
-228.842
-235.783
-243.818
-252.855
-263.379
-275.881
-290.282
-306.339
-324.81
-345.178
-368.685
-394.638
-424.815
-458.812
-499.759
-548.299
-605.858
-675.128
-756.32
-854.77
-965.758
-1099.15
-1261.85
-1412.2
-1537.4
-1595.77
-1480.98
-989.64
-59.1655
-95.6016
-127.908
-147.926
-159.743
-159.641
-152
-135.602
-117.093
-102.768
-90.9776
-84.4771
-80.6746
-82.5147
-86.713
-95.1674
-100.982
-105.886
-106.209
-104.538
-98.0889
-89.1417
-75.9298
-63.0361
-55.0466
-50.3013
-51.0485
-54.8577
-64.3099
-76.2292
-92.2791
-105.89
-118.573
-126.733
-132.706
-133.967
-132.604
-127.161
-121.482
-119.315
-119.185
-122.624
-127.6
-135.738
-144.738
-155.628
-164.435
-172.115
-176.952
-180.387
-181.504
-181.496
-179.957
-178.522
-178.684
-179.884
-182.558
-186.007
-190.625
-195.839
-201.933
-208.29
-215.187
-222.607
-230.895
-240.25
-250.941
-263.22
-277.202
-292.977
-310.807
-330.828
-353.463
-378.957
-407.995
-441.132
-479.533
-524.031
-575.524
-634.989
-702.867
-779.748
-864.114
-955.035
-1046.59
-1119.76
-1153.33
-1113.9
-951.463
-616.611
-41.4175
-70.4925
-94.5727
-111.703
-121.974
-125.028
-122.123
-114.405
-104.66
-95.5638
-88.0353
-83.0096
-80.3842
-80.5139
-82.6174
-86.1913
-89.3296
-91.4092
-91.4202
-89.444
-85.082
-78.8633
-71.203
-63.8626
-58.6162
-55.925
-56.3709
-59.6804
-66.0241
-74.537
-84.6264
-94.3946
-103.151
-109.846
-114.483
-116.655
-116.81
-115.288
-113.535
-112.972
-113.897
-116.662
-120.957
-126.812
-133.592
-140.911
-147.645
-153.455
-157.887
-161.084
-163.011
-164.015
-164.362
-164.713
-165.677
-167.394
-169.99
-173.37
-177.556
-182.429
-187.977
-194.082
-200.797
-208.199
-216.455
-225.737
-236.233
-248.122
-261.553
-276.671
-293.662
-312.725
-334.134
-358.183
-385.283
-415.882
-450.532
-489.695
-533.716
-582.737
-636.452
-693.942
-753.025
-809.996
-857.804
-884.347
-874.338
-809.134
-670.213
-452
-30.2747
-52.5566
-71.2224
-85.3307
-94.5698
-98.9653
-99.1469
-96.0941
-91.2592
-86.068
-81.4538
-78.049
-76.0875
-75.6301
-76.3622
-77.7981
-79.1558
-79.8642
-79.4454
-77.7385
-74.7008
-70.6131
-65.968
-61.627
-58.4599
-56.986
-57.525
-60.0911
-64.5733
-70.5355
-77.3996
-84.3221
-90.6671
-95.8961
-99.7819
-102.221
-103.41
-103.727
-103.854
-104.469
-105.945
-108.484
-112.056
-116.55
-121.663
-127.036
-132.184
-136.784
-140.607
-143.617
-145.853
-147.491
-148.769
-150.031
-151.595
-153.649
-156.301
-159.583
-163.509
-168.06
-173.229
-179.007
-185.431
-192.575
-200.55
-209.487
-219.529
-230.816
-243.485
-257.676
-273.543
-291.255
-311.008
-333.021
-357.537
-384.802
-415.038
-448.362
-484.709
-523.725
-564.596
-605.839
-644.967
-678.143
-699.626
-701.551
-674.818
-610.511
-503.132
-356.407
-22.7693
-39.8057
-54.4099
-65.9429
-74.1112
-78.9397
-80.7957
-80.3152
-78.3363
-75.7044
-73.0921
-70.97
-69.5837
-68.9909
-69.0493
-69.4724
-69.8711
-69.8952
-69.2782
-67.9014
-65.7838
-63.1177
-60.248
-57.654
-55.8197
-55.1034
-55.7169
-57.7011
-60.9512
-65.1975
-70.053
-75.0476
-79.7584
-83.8506
-87.1365
-89.5642
-91.2431
-92.419
-93.4526
-94.7084
-96.446
-98.8091
-101.816
-105.388
-109.354
-113.482
-117.512
-121.233
-124.501
-127.269
-129.563
-131.49
-133.208
-134.919
-136.817
-139.049
-141.716
-144.878
-148.569
-152.81
-157.617
-163.012
-169.039
-175.763
-183.269
-191.658
-201.04
-211.528
-223.234
-236.276
-250.773
-266.849
-284.636
-304.26
-325.837
-349.447
-375.099
-402.674
-431.856
-462.037
-492.2
-520.775
-545.47
-563.12
-569.6
-560.016
-529.396
-473.904
-392.701
-290.189
-17.4812
-30.5618
-42.0229
-51.4022
-58.4624
-63.194
-65.8077
-66.692
-66.3511
-65.309
-64.0206
-62.8263
-61.9311
-61.4073
-61.2034
-61.1732
-61.1165
-60.8389
-60.1945
-59.1196
-57.6448
-55.9035
-54.1188
-52.5748
-51.5573
-51.294
-51.9231
-53.477
-55.8838
-58.9725
-62.4977
-66.1746
-69.7342
-72.9609
-75.723
-77.9822
-79.7981
-81.3141
-82.7306
-84.2541
-86.0478
-88.2096
-90.7633
-93.6659
-96.8165
-100.077
-103.296
-106.343
-109.127
-111.613
-113.816
-115.801
-117.671
-119.552
-121.57
-123.835
-126.432
-129.423
-132.854
-136.759
-141.169
-146.121
-151.658
-157.838
-164.73
-172.413
-180.972
-190.496
-201.073
-212.792
-225.738
-239.992
-255.627
-272.694
-291.216
-311.158
-332.396
-354.68
-377.57
-400.379
-422.093
-441.299
-456.116
-464.177
-462.704
-448.765
-419.786
-374.315
-312.949
-239.127
-13.5841
-23.6468
-32.6287
-40.1948
-46.1588
-50.4891
-53.2995
-54.8216
-55.3634
-55.2553
-54.7999
-54.2377
-53.7285
-53.3472
-53.0904
-52.8944
-52.6615
-52.2918
-51.7113
-50.8935
-49.8697
-48.7317
-47.6229
-46.7174
-46.1891
-46.1801
-46.7786
-48.0063
-49.817
-52.1024
-54.7079
-57.4562
-60.1763
-62.7285
-65.0231
-67.0293
-68.7766
-70.3454
-71.8486
-73.4054
-75.1156
-77.0427
-79.2069
-81.586
-84.1219
-86.7331
-89.3304
-91.8345
-94.1895
-96.3713
-98.3898
-100.286
-102.128
-103.996
-105.977
-108.152
-110.589
-113.345
-116.465
-119.989
-123.954
-128.397
-133.361
-138.897
-145.061
-151.915
-159.524
-167.957
-177.278
-187.549
-198.827
-211.155
-224.56
-239.041
-254.557
-271.004
-288.193
-305.814
-323.403
-340.298
-355.6
-368.143
-376.489
-378.96
-373.755
-359.166
-333.92
-297.61
-251.131
-196.928
-10.5653
-18.2711
-25.2544
-31.2737
-36.1853
-39.9489
-42.6206
-44.336
-45.2834
-45.6723
-45.7026
-45.5416
-45.3095
-45.0744
-44.8557
-44.6341
-44.3681
-44.012
-43.5336
-42.9275
-42.2222
-41.4816
-40.7982
-40.2811
-40.0379
-40.1573
-40.6946
-41.6637
-43.0354
-44.7411
-46.6835
-48.751
-50.8344
-52.8429
-54.7156
-56.4281
-57.9928
-59.4532
-60.873
-62.3211
-63.8576
-65.5225
-67.3308
-69.2715
-71.3117
-73.4038
-75.4951
-77.5383
-79.4996
-81.3643
-83.1394
-84.8525
-86.5475
-88.2799
-90.1096
-92.0954
-94.2914
-96.7452
-99.4988
-102.59
-106.053
-109.926
-114.247
-119.058
-124.404
-130.333
-136.896
-144.142
-152.117
-160.861
-170.406
-180.769
-191.945
-203.9
-216.557
-229.783
-243.365
-256.993
-270.233
-282.507
-293.074
-301.028
-305.317
-304.792
-298.314
-284.909
-263.98
-235.545
-200.428
-160.325
-8.10848
-13.9205
-19.2515
-23.9294
-27.8457
-30.9602
-33.2969
-34.9332
-35.9837
-36.5804
-36.8546
-36.9209
-36.8669
-36.7497
-36.5959
-36.4081
-36.174
-35.8775
-35.5088
-35.073
-34.5946
-34.1179
-33.7034
-33.4201
-33.3352
-33.5039
-33.9607
-34.7145
-35.7465
-37.0139
-38.4553
-40.0001
-41.5789
-43.1325
-44.6199
-46.0222
-47.3429
-48.6047
-49.8431
-51.0976
-52.4039
-53.7867
-55.2562
-56.8072
-58.4215
-60.0714
-61.7264
-63.3585
-64.9478
-66.4863
-67.9795
-69.4459
-70.9156
-72.4262
-74.0199
-75.7395
-77.6263
-79.7185
-82.0514
-84.6576
-87.5688
-90.8163
-94.4327
-98.4522
-102.91
-107.844
-113.29
-119.282
-125.852
-133.024
-140.812
-149.214
-158.21
-167.748
-177.741
-188.049
-198.472
-208.73
-218.453
-227.17
-234.306
-239.188
-241.072
-239.194
-232.845
-221.48
-204.845
-183.099
-156.901
-127.414
-6.01623
-10.2566
-14.1824
-17.6736
-20.6517
-23.0818
-24.9713
-26.363
-27.3254
-27.9406
-28.2931
-28.4593
-28.5012
-28.4627
-28.3695
-28.2327
-28.0536
-27.8303
-27.5638
-27.2629
-26.9473
-26.6474
-26.4026
-26.2564
-26.2505
-26.4192
-26.7836
-27.3492
-28.1043
-29.0223
-30.0649
-31.188
-32.3478
-33.5064
-34.6366
-35.7243
-36.769
-37.7821
-38.7829
-39.7936
-40.8349
-41.9218
-43.0608
-44.2497
-45.4783
-46.7312
-47.9907
-49.2409
-50.4705
-51.6755
-52.8603
-54.0377
-55.2278
-56.4564
-57.7526
-59.1469
-60.6696
-62.3498
-64.2149
-66.2914
-68.6046
-71.1798
-74.0428
-77.2196
-80.7371
-84.6221
-88.9001
-93.5948
-98.7253
-104.305
-110.336
-116.809
-123.696
-130.945
-138.471
-146.152
-153.816
-161.236
-168.12
-174.11
-178.783
-181.662
-182.243
-180.031
-174.595
-165.638
-153.067
-137.062
-118.11
-96.9907
-4.1588
-7.04806
-9.74092
-12.1587
-14.248
-15.9828
-17.3631
-18.4114
-19.167
-19.679
-19.9992
-20.176
-20.2503
-20.253
-20.2044
-20.1165
-19.9949
-19.8431
-19.6658
-19.4715
-19.2746
-19.0949
-18.9571
-18.8878
-18.9119
-19.0499
-19.3145
-19.7088
-20.2258
-20.8496
-21.5572
-22.3222
-23.1179
-23.9211
-24.7145
-25.4884
-26.2414
-26.9784
-27.7096
-28.4471
-29.2025
-29.9843
-30.7965
-31.6382
-32.504
-33.3855
-34.273
-35.1578
-36.0337
-36.8991
-37.7573
-38.6167
-39.4904
-40.3951
-41.3499
-42.3754
-43.4922
-44.7205
-46.0802
-47.5902
-49.269
-51.135
-53.2066
-55.5022
-58.0405
-60.8394
-63.9159
-67.2847
-70.957
-74.9386
-79.2278
-83.8124
-88.6664
-93.7454
-98.9824
-104.282
-109.516
-114.517
-119.078
-122.948
-125.842
-127.446
-127.436
-125.51
-121.416
-114.998
-106.233
-95.2701
-82.4368
-68.2335
-2.44508
-4.12563
-5.69888
-7.12012
-8.35841
-9.39764
-10.2361
-10.8843
-11.3626
-11.6966
-11.9145
-12.0429
-12.1051
-12.1192
-12.0983
-12.0506
-11.9815
-11.8945
-11.7939
-11.6857
-11.5785
-11.4836
-11.4146
-11.3858
-11.4106
-11.4998
-11.6601
-11.8931
-12.1952
-12.5578
-12.9688
-13.4141
-13.8794
-14.3521
-14.8227
-15.2856
-15.7392
-16.1858
-16.6301
-17.078
-17.5353
-18.0063
-18.4933
-18.9957
-19.5112
-20.0354
-20.5637
-21.0918
-21.6167
-22.1378
-22.6573
-23.1799
-23.7131
-24.2664
-24.8505
-25.4773
-26.1588
-26.9071
-27.7339
-28.6506
-29.6685
-30.7987
-32.0522
-33.44
-34.973
-36.6615
-38.515
-40.5417
-42.7471
-45.1334
-47.6979
-50.4313
-53.3156
-56.3217
-59.4064
-62.51
-65.5532
-68.4348
-71.0308
-73.1947
-74.7611
-75.5526
-75.3906
-74.1111
-71.5841
-67.7353
-62.5663
-56.1701
-48.7366
-40.5441
-9054.11
-9504.35
-9952.13
-10396.7
-10837.3
-11273.5
-11704.6
-12130.3
-12550.2
-12964.1
-13371.9
-13773.4
-14168.6
-14557.3
-14939.6
-15315.5
-15685
-16048.1
-16404.9
-16755.3
-17099.4
-17437.3
-17769.1
-18094.6
-18414
-18727.3
-19034.4
-19335.2
-19629.7
-19917.6
-20199
-20473.4
-20740.9
-21001.1
-21253.8
-21498.9
-21736.1
-21965.3
-22186.3
-22398.8
-22602.7
-22797.8
-22983.9
-23160.8
-23328.2
-23486
-23633.9
-23771.7
-23899.2
-24016.2
-24122.3
-24217.5
-24301.4
-24373.9
-24434.7
-24483.6
-24520.3
-24544.4
-24555.7
-24553.8
-24538.3
-24508.6
-24464.5
-24405.1
-24330
-24238.4
-24129.5
-24002.5
-23856.6
-23690.5
-23503.4
-23293.9
-23060.8
-22802.9
-22518.6
-22206.6
-21865.5
-21493.8
-21090.1
-20653.3
-20182.4
-19676.6
-19135.5
-18559.2
-17948.3
-17304
-16628
-15922.7
-15191.2
-14436.9
5416.11
2918.19
1861.81
1316.24
989.722
772.356
615.805
496.025
399.837
319.428
249.851
187.78
130.845
77.2531
25.5476
1158.62
1524.12
1317.36
1066.16
858.223
695.572
567.354
463.71
377.462
303.6
238.602
179.923
125.653
74.2916
24.5847
169.21
702.268
817.361
772.795
681.429
584.347
494.322
413.993
342.697
278.906
221.031
167.653
117.552
69.6742
23.0842
-89.0564
298.376
477.006
526.221
510.341
466.057
411.589
355.237
300.423
248.291
198.96
152.104
107.226
63.7683
21.1617
-159.239
103.284
266.06
344.736
367.652
357.943
330.737
294.938
255.462
214.874
174.41
134.575
95.4779
57.0105
18.9559
-172.566
7.94
139.209
219.007
257.584
267.324
258.472
238.312
211.611
181.329
149.228
116.309
83.0984
49.8391
16.6071
-165.844
-38.167
63.8307
134.494
176.353
195.292
197.513
188.225
171.338
149.6
124.863
98.3313
70.7667
42.6397
14.2401
-151.149
-58.5928
19.7859
78.7864
118.038
139.974
148.062
145.736
135.912
120.868
102.291
81.3856
58.9966
35.7123
11.9534
-133.029
-64.8398
-4.88041
42.8268
77.0383
98.5025
109.023
110.741
105.704
95.6687
82.0453
65.9224
48.1209
29.2589
9.8147
-113.389
-62.8553
-17.294
20.3626
48.7851
67.9732
78.7858
82.5003
80.4939
74.0556
64.2982
52.137
38.3052
23.3874
7.86106
-93.0775
-55.8978
-21.8026
7.13203
29.7655
45.8183
55.6453
59.979
59.7144
55.7605
48.9539
40.0215
29.5748
18.1242
6.10305
-72.4865
-45.8553
-21.1505
0.202252
17.3259
29.8885
37.9972
42.055
42.6234
40.3173
35.7348
29.4196
21.848
13.4314
4.52979
-51.7943
-33.8861
-17.1462
-2.49869
9.44715
18.412
24.3996
27.6197
28.4064
27.1501
24.2478
20.0738
14.9659
9.22354
3.11446
-31.0766
-20.7487
-11.0496
-2.49825
4.54902
9.91228
13.5691
15.6173
16.232
15.6284
14.0322
11.6618
8.71795
5.38222
1.81892
-13586.4
-12637.6
-11674.9
-10704.8
-9733.02
-8764.35
-7802.37
-6849.5
-5907.12
-4975.61
-4054.57
-3142.92
-2239.07
-1341.04
-446.608
)
;

boundaryField
{
    hot
    {
        type            calculated;
        value           nonuniform List<scalar> 
120
(
1148.26
-0.811899
-1.38407
-2.00059
-2.67515
-3.41669
-4.22774
-5.10243
-6.02445
-6.9659
-7.88741
-8.7401
-9.47003
-10.0249
-10.3622
-10.4677
-10.3739
-10.1166
-9.71428
-9.1924
-8.58049
-7.90901
-7.20677
-6.49908
-5.80668
-5.14539
-4.52629
-3.9563
-3.43881
-2.97453
-2.56212
-2.19888
-1.88124
-1.60514
-1.36639
-1.16083
-0.984488
-0.833677
-0.705027
-0.595514
-0.502448
-0.423463
-0.356491
-0.299738
-0.25165
-0.21089
-0.17631
-0.146921
-0.121876
-0.100449
-0.0820109
-0.0660196
-0.0520017
-0.0395404
-0.0282641
-0.0178354
-0.0079416
0.00171455
0.0114233
0.0214768
0.0321772
0.043846
0.0568334
0.0715282
0.0883694
0.107858
0.130574
0.157187
0.18848
0.225367
0.26892
0.320393
0.381251
0.453211
0.538271
0.638754
0.757352
0.897163
1.06174
1.25511
1.48182
1.74691
2.05593
2.41481
2.82977
3.30712
3.85287
4.47235
5.16957
5.94642
6.80181
7.7305
8.72204
9.75973
10.8198
11.8713
12.8765
13.7926
14.5747
15.1795
15.5702
15.7205
15.6188
15.2695
14.6929
13.8256
12.6882
11.4183
10.0917
8.7724
7.50854
6.33199
5.25976
4.29686
3.4393
2.67692
1.99557
1.37869
0.808437
-1249.08
)
;
    }
    cold
    {
        type            calculated;
        value           nonuniform List<scalar> 
120
(
39.8701
-0.39528
-0.655233
-0.909469
-1.15501
-1.38824
-1.60488
-1.80001
-1.9683
-2.10428
-2.20291
-2.26019
-2.27377
-2.24356
-2.17203
-2.07565
-1.96483
-1.83783
-1.69964
-1.55519
-1.40902
-1.26505
-1.12644
-0.995567
-0.874048
-0.762825
-0.662277
-0.57234
-0.492627
-0.422526
-0.36129
-0.308102
-0.262127
-0.22255
-0.188594
-0.159544
-0.134745
-0.11361
-0.0956183
-0.0803101
-0.0672831
-0.0561864
-0.0467155
-0.0386057
-0.0316273
-0.0255801
-0.0202889
-0.015599
-0.0113724
-0.00748379
-0.00381729
-0.00026319
0.00328523
0.00693481
0.0107956
0.0149843
0.0196275
0.0248654
0.0308566
0.0377819
0.0458506
0.055306
0.0664334
0.0795676
0.0951035
0.113507
0.13533
0.161225
0.191961
0.228452
0.271777
0.32321
0.384255
0.456684
0.542585
0.644407
0.76502
0.907775
1.07657
1.27594
1.51107
1.78795
2.11334
2.49489
2.94106
3.46113
4.06507
4.76328
5.56624
6.48394
7.52512
8.69622
10
11.4341
12.9889
14.6459
16.3758
18.1373
19.8765
21.5283
23.019
24.2711
25.2106
25.7745
25.919
25.5476
24.5847
23.0842
21.1617
18.9559
16.6071
14.2401
11.9534
9.8147
7.86106
6.10305
4.52979
3.11446
1.81892
-446.608
)
;
    }
    interface_left
    {
        type            calculated;
        value           nonuniform List<scalar> 
90
(
-2227.97
-750.356
-298.047
-141.419
-78.4227
-48.857
-32.9705
-23.4871
-17.372
-13.2015
-10.2365
-8.06076
-6.42441
-5.16935
-4.19144
-3.41962
-2.80402
-2.30873
-1.90738
-1.58019
-1.31213
-1.09159
-0.909507
-0.758725
-0.633543
-0.529383
-0.442541
-0.370005
-0.30931
-0.25843
-0.215693
-0.179711
-0.149329
-0.123581
-0.101655
-0.0828625
-0.0666192
-0.0524212
-0.0398303
-0.0284591
-0.0179589
-0.00800844
0.00169631
0.0114515
0.0215547
0.0323142
0.0440585
0.0571469
0.0719802
0.0890142
0.108773
0.131869
0.159017
0.191065
0.229017
0.274073
0.327667
0.391521
0.467708
0.558736
0.667646
0.798141
0.954752
1.14305
1.36994
1.644
1.97602
2.37967
2.87247
3.47713
4.22349
5.15147
6.31539
7.7908
9.68543
12.1574
15.4472
19.9356
26.2583
35.5478
49.9938
74.2844
119.715
217.092
460.7
1167.98
3487.92
3466.85
1078.65
175.337
)
;
    }
    interface_right
    {
        type            calculated;
        value           nonuniform List<scalar> 
90
(
-124.46
-46.6081
-21.1627
-11.4909
-7.13938
-4.85212
-3.49366
-2.61315
-2.00656
-1.57024
-1.2463
-0.99998
-0.809176
-0.659195
-0.539911
-0.444133
-0.366628
-0.303505
-0.251819
-0.209306
-0.174205
-0.145124
-0.12096
-0.100823
-0.0839961
-0.0698936
-0.0580353
-0.048025
-0.0395331
-0.032284
-0.0260449
-0.0206178
-0.0158314
-0.0115363
-0.00759874
-0.00389714
-0.000317534
0.00324987
0.00691418
0.0107873
0.0149872
0.019642
0.0248933
0.0309011
0.0378484
0.0459471
0.0554442
0.0666298
0.0798458
0.0954969
0.114063
0.136115
0.162333
0.193526
0.230662
0.274897
0.327614
0.390472
0.465462
0.554977
0.661901
0.789717
0.942643
1.1258
1.34544
1.60922
1.92654
2.30907
2.77135
3.33164
4.01311
4.84544
5.86717
7.12898
8.69865
10.6685
13.1671
16.3777
20.5696
26.1523
33.7747
44.5198
60.3155
84.8857
126.189
203.359
368.449
780.397
1973.27
5877.24
)
;
    }
    interface_top
    {
        type            calculated;
        value           nonuniform List<scalar> 
90
(
-711.796
378.565
-952.198
-3.06255
-804.468
-100.796
-674.822
-223.337
194.294
-314.232
212.558
-304.961
270.087
-317.564
335.634
-536.738
113.584
-494.041
61.3324
-449.401
23.119
-423.591
-88.0047
242
-192.423
254.571
-220.523
291.213
-268.473
327.844
-503.636
93.5111
-493.513
8.81086
-466.124
-54.644
-444.962
-167.74
94.0354
-264.304
71.2012
-289.186
66.003
-318.816
58.8813
-447.259
-102.614
-412.97
-153.179
-374.113
-184.141
-342.991
-228.466
-129.887
-262.082
-153.129
-265.985
-171.48
-269.173
-192.042
-286.022
-235.691
-275.391
-255.934
-272.618
-274.967
-279.068
-294.768
-317.38
-318.817
-356.293
-352.484
-403.104
-397.199
-458.795
-445.717
-503.084
-553.534
-589.729
-714.196
-720.692
-1012.07
-1028.39
-1003.8
-1978.59
-2140.91
-2625.47
-3594.74
-5720.73
-11245.4
)
;
    }
    interface_bottom
    {
        type            calculated;
        value           nonuniform List<scalar> 
90
(
3783.35
1673.94
1396.11
808.147
933.991
648.97
696.242
571.752
503.501
482.582
491.619
368.184
464.802
243.615
417.882
72.1306
268.896
17.6607
183.503
-3.64294
125.121
-11.3748
68.8486
141.916
27.3001
119.837
14.7853
109.083
6.75844
102.602
-13.4139
74.6691
3.69285
80.7218
12.0445
86.9986
8.18061
70.6917
139.857
44.0721
150.214
27.5306
159.586
6.42422
162.633
-39.9999
119.487
-26.7258
122.974
-23.9307
122.975
-37.5808
81.0816
208.844
24.8183
214.333
-5.85152
219.96
-39.8557
217.194
-112.358
141.776
-86.7514
144.215
-77.9904
142.98
-94.0554
81.846
270.126
1.09233
280.67
-43.4393
294.856
-98.2704
299.92
-235.261
173.055
-224.441
159.115
-248.338
128.147
-335.13
-38.3782
282.467
-381.421
-15.2092
443.471
-936.965
-561.191
-458.902
)
;
    }
    defaultFaces
    {
        type            empty;
    }
}


// ************************************************************************* //
