/*--------------------------------*- C++ -*----------------------------------*\
| =========                 |                                                 |
| \\      /  F ield         | OpenFOAM: The Open Source CFD Toolbox           |
|  \\    /   O peration     | Version:  5.x                                   |
|   \\  /    A nd           | Web:      www.OpenFOAM.org                      |
|    \\/     M anipulation  |                                                 |
\*---------------------------------------------------------------------------*/
FoamFile
{
    version     2.0;
    format      ascii;
    class       volScalarField;
    location    "15.6";
    object      gradTy;
}
// * * * * * * * * * * * * * * * * * * * * * * * * * * * * * * * * * * * * * //

dimensions      [0 -1 0 1 0 0 0];

internalField   nonuniform List<scalar> 
6300
(
999.114
997.476
996.233
995.645
995.961
997.415
1000.22
1004.57
1010.61
1018.45
1028.14
1039.68
1052.99
1067.93
1084.3
-0.198827
-0.593924
-0.981089
-1.35415
-1.70569
-2.02669
-2.3064
-2.53252
-2.6918
-2.7712
-2.75955
-2.64974
-2.44084
-2.13985
-1.7621
-0.334228
-0.99872
-1.65086
-2.28089
-2.8768
-3.42372
-3.90354
-4.29509
-4.57501
-4.71966
-4.7081
-4.52604
-4.17013
-3.65152
-2.99715
-0.473581
-1.41585
-2.34275
-3.24173
-4.09689
-4.88784
-5.58896
-6.16929
-6.59349
-6.82434
-6.82717
-6.5762
-6.06212
-5.29894
-4.3274
-0.617825
-1.84834
-3.06253
-4.24636
-5.38115
-6.44175
-7.39513
-8.19957
-8.80526
-9.15698
-9.19998
-8.88943
-8.20314
-7.15464
-5.8014
-0.767203
-2.29717
-3.81266
-5.30003
-6.73958
-8.10287
-9.35021
-10.4286
-11.271
-11.7983
-11.9263
-11.5784
-10.7064
-9.31507
-7.48169
-0.921009
-2.76046
-4.59087
-6.4015
-8.17422
-9.87988
-11.4742
-12.8935
-14.0516
-14.839
-15.1284
-14.7913
-13.7288
-11.9175
-9.45418
-1.07737
-3.23279
-5.38882
-7.54082
-9.67588
-11.7682
-13.773
-15.6196
-17.203
-18.3775
-18.957
-18.7294
-17.5001
-15.1717
-11.8472
-1.23303
-3.70449
-6.19078
-8.69704
-11.2202
-13.7439
-16.2301
-18.6088
-20.763
-22.511
-23.5924
-23.669
-22.3705
-19.4218
-14.8701
-1.38329
-4.16133
-6.97274
-9.83625
-12.7641
-15.7569
-18.7946
-21.8226
-24.7289
-27.311
-29.2325
-29.9837
-28.8908
-25.2748
-18.9058
-1.52211
-4.58478
-7.70256
-10.911
-14.243
-17.7248
-21.3686
-25.1578
-29.0189
-32.7714
-36.0426
-38.1424
-37.934
-33.8808
-24.7634
-1.64245
-4.95308
-8.34162
-11.8623
-15.5721
-19.5307
-23.7972
-28.4209
-33.4173
-38.7128
-44.024
-48.609
-50.8218
-47.551
-34.5022
-1.73704
-5.24343
-8.84853
-12.6243
-16.6522
-21.0284
-25.8684
-31.3111
-37.5162
-44.6384
-52.7313
-61.4475
-69.1929
-70.9991
-54.598
-1.79932
-5.43504
-9.18475
-13.1339
-17.384
-22.0623
-27.3368
-33.4388
-40.6977
-49.593
-60.8148
-75.2565
-93.5029
-112.654
-109.917
-1.8245
-5.51264
-9.32142
-13.3426
-17.6874
-22.4997
-27.9774
-34.4092
-42.2427
-52.2208
-65.678
-85.2603
-116.907
-176.197
-312.253
1100.38
1115.63
1131.32
1147.29
1163.36
1179.35
1195.11
1210.52
1225.45
1239.81
1253.5
1266.47
1278.65
1290
1300.5
1310.11
1318.82
1326.6
1333.47
1339.4
1344.4
1348.47
1351.62
1353.86
1355.19
1355.62
1355.17
1353.84
1351.66
1348.63
1344.77
1340.09
1334.62
1328.35
1321.32
1313.52
1304.97
1295.7
1285.7
1274.99
1263.59
1251.51
1238.76
1225.37
1211.33
1196.68
1181.42
1165.57
1149.14
1132.14
1114.59
1096.49
1077.86
1058.71
1039.04
1018.88
998.229
977.107
955.529
933.512
911.075
888.237
865.017
841.438
817.52
793.286
768.76
743.967
718.938
693.703
668.3
642.769
617.156
591.513
565.896
540.365
514.985
489.821
464.943
440.417
416.311
392.691
369.618
347.15
325.338
304.229
283.858
264.255
245.438
227.417
-1.36601
-0.985062
-0.59887
-0.2218
0.134224
0.460421
0.75133
1.00455
1.22022
1.40031
1.54799
1.66702
1.76127
1.83447
1.88993
1.93053
1.95867
1.97633
1.98512
1.98638
1.98121
1.97055
1.9552
1.93587
1.91322
1.88785
1.8603
1.83113
1.80086
1.76998
1.73892
1.70807
1.6777
1.64797
1.61888
1.59031
1.56203
1.53372
1.50505
1.47574
1.44562
1.41467
1.38308
1.35118
1.31945
1.28841
1.25855
1.23026
1.20369
1.17875
1.15508
1.13209
1.10901
1.08498
1.05921
1.03106
1.00011
0.966229
0.929536
0.890347
0.849066
0.806046
0.761457
0.715164
0.66665
0.615004
0.558961
0.497021
0.427603
0.349242
0.26078
0.161529
0.0513874
-0.0691112
-0.198819
-0.336051
-0.478711
-0.624423
-0.770674
-0.914906
-1.05458
-1.1872
-1.31028
-1.42134
-1.51795
-1.59771
-1.65848
-1.6985
-1.71665
-1.71263
-2.31008
-1.65026
-0.983687
-0.336211
0.271186
0.823588
1.3123
1.73417
2.09049
2.38563
2.62578
2.81796
2.96914
3.08582
3.17367
3.23748
3.28121
3.30805
3.32058
3.3209
3.31079
3.29172
3.26499
3.23175
3.19305
3.14985
3.10307
3.05363
3.0024
2.95021
2.89786
2.846
2.79515
2.74556
2.69728
2.65005
2.60342
2.55676
2.50942
2.46084
2.41065
2.3588
2.3056
2.25168
2.19796
2.14544
2.0951
2.04768
2.00354
1.96255
1.92407
1.88698
1.84984
1.81106
1.76915
1.72288
1.67152
1.61486
1.55321
1.48726
1.4179
1.34594
1.27185
1.19552
1.11612
1.03206
0.941045
0.840324
0.726959
0.598201
0.451856
0.286598
0.102179
-0.100482
-0.319346
-0.551413
-0.792964
-1.03983
-1.28767
-1.53211
-1.7689
-1.99389
-2.20298
-2.39201
-2.5568
-2.69318
-2.79723
-2.86571
-2.89644
-2.88877
-3.30495
-2.32532
-1.34116
-0.393076
0.487164
1.27829
1.96931
2.55799
3.04865
3.44987
3.77243
4.02767
4.22645
4.37842
4.49174
4.5731
4.62781
4.6601
4.67332
4.67018
4.65297
4.62363
4.58387
4.53522
4.47906
4.4167
4.34941
4.27842
4.20501
4.1304
4.05579
3.98221
3.91047
3.84101
3.77387
3.70865
3.64456
3.5805
3.51532
3.44798
3.37779
3.30461
3.22888
3.15166
3.07448
2.99909
2.92719
2.86014
2.79861
2.74251
2.69081
2.64171
2.5928
2.54145
2.48512
2.42182
2.35036
2.27048
2.18287
2.08889
1.99029
1.88872
1.78528
1.68011
1.57214
1.45895
1.33695
1.20168
1.04833
0.872344
0.670035
0.439133
0.179121
-0.108634
-0.420968
-0.753218
-1.09965
-1.45394
-1.80963
-2.16041
-2.50029
-2.82356
-3.12459
-3.39763
-3.63662
-3.83523
-3.98726
-4.08729
-4.13156
-4.11872
-4.37185
-3.00671
-1.64652
-0.352052
0.831676
1.87735
2.7739
3.52316
4.13583
4.62762
5.0162
5.31891
5.55139
5.72688
5.85607
5.9473
6.00694
6.03986
6.04984
6.03998
6.01287
5.97081
5.91582
5.84974
5.77425
5.69093
5.60131
5.50699
5.4096
5.31087
5.2125
5.11605
5.02277
4.93339
4.84798
4.76591
4.6859
4.60612
4.5246
4.43948
4.34953
4.25434
4.15456
4.05184
3.94867
3.84795
3.75257
3.66487
3.58613
3.51635
3.45404
3.39637
3.33953
3.27921
3.21135
3.13274
3.04152
2.93746
2.82188
2.69737
2.56714
2.43438
2.30138
2.16893
2.03583
1.89869
1.75212
1.58924
1.40247
1.18454
0.929531
0.633729
0.296148
-0.0812574
-0.493782
-0.934475
-1.39489
-1.86592
-2.33854
-2.80428
-3.25549
-3.68514
-4.08642
-4.4522
-4.77447
-5.04426
-5.25208
-5.38911
-5.44883
-5.42861
-5.53315
-3.68098
-1.85721
-0.151542
1.37504
2.69121
3.79068
4.68514
5.39715
5.95408
6.38372
6.71137
6.95847
7.14208
7.27514
7.36708
7.42465
7.45272
7.45504
7.4347
7.39442
7.3367
7.26385
7.17793
7.08084
6.97433
6.86012
6.74008
6.61625
6.49093
6.36656
6.24547
6.1296
6.02017
5.91739
5.82036
5.72702
5.63442
5.53917
5.4381
5.32894
5.21082
5.0846
4.95283
4.81946
4.68926
4.56705
4.45681
4.3609
4.27957
4.21071
4.15
4.09138
4.02798
3.95321
3.86193
3.7513
3.62114
3.47391
3.31419
3.14779
2.98049
2.8168
2.65882
2.50545
2.35212
2.1909
2.01132
1.80157
1.55022
1.24788
0.888591
0.47063
-0.00320444
-0.525926
-1.08723
-1.67475
-2.27553
-2.87724
-3.469
-4.04165
-4.58746
-5.09928
-5.56932
-5.98783
-6.34245
-6.61874
-6.80215
-6.88113
-6.85045
-6.81061
-4.31419
-1.89764
0.30705
2.22162
3.81741
5.103
6.11021
6.88216
7.46428
7.89851
8.22027
8.4574
8.6305
8.75386
8.83681
8.88528
8.90314
8.89336
8.8586
8.80156
8.7249
8.6312
8.52274
8.40153
8.26934
8.12788
7.97915
7.82558
7.67019
7.51644
7.36792
7.22771
7.0979
6.9791
6.87005
6.76763
6.66707
6.56267
6.44892
6.32178
6.17952
6.02318
5.85665
5.6862
5.51959
5.36483
5.22862
5.11518
5.02533
4.95616
4.9011
4.85061
4.79357
4.71928
4.61947
4.48966
4.32984
4.14434
3.94108
3.73014
3.52181
3.32441
3.14245
2.97542
2.81726
2.65648
2.47717
2.26092
1.98966
1.64858
1.22825
0.725877
0.145547
-0.502224
-1.20194
-1.93524
-2.68353
-3.43
-4.16098
-4.86623
-5.53851
-6.17211
-6.76044
-7.29299
-7.75325
-8.11901
-8.36543
-8.47119
-8.4258
-8.22211
-4.83227
-1.63284
1.18353
3.52735
5.39049
6.81645
7.87438
8.64086
9.18781
9.57568
9.85144
10.049
10.191
10.2912
10.3567
10.3904
10.3939
10.3681
10.3151
10.2375
10.1382
10.0203
9.88646
9.7386
9.57823
9.4067
9.22577
9.03811
8.84765
8.65941
8.47897
8.31142
8.16041
8.02733
7.91079
7.80617
7.70587
7.6002
7.47962
7.33701
7.16906
6.97703
6.76671
6.54799
6.33346
6.13646
5.96823
5.83606
5.74187
5.68185
5.64615
5.6198
5.58455
5.52264
5.4207
5.27173
5.07603
4.84085
4.57952
4.3092
4.04787
3.81024
3.60504
3.43306
3.28659
3.14915
2.99663
2.79989
2.53002
2.16375
1.68642
1.09374
0.391762
-0.403385
-1.26794
-2.17382
-3.09382
-4.00477
-4.88972
-5.738
-6.54499
-7.30986
-8.03161
-8.70202
-9.29991
-9.79088
-10.1311
-10.2787
-10.2124
-9.76939
-5.07615
-0.816448
2.7404
5.52506
7.59288
9.05965
10.0581
10.7156
11.1403
11.4142
11.5952
11.7205
11.8118
11.8785
11.9222
11.9393
11.9266
11.8821
11.8071
11.7045
11.5782
11.4325
11.2703
11.0937
10.9032
10.6991
10.4821
10.2547
10.022
9.79118
9.57154
9.37137
9.19716
9.05182
8.93443
8.83857
8.75246
8.6593
8.54212
8.3888
8.19334
7.95732
7.68894
7.40382
7.12219
6.86676
6.65601
6.50232
6.40933
6.3726
6.37783
6.40192
6.41399
6.38373
6.28976
6.12116
5.87916
5.57507
5.23101
4.8754
4.53988
4.24945
4.01989
3.85405
3.74303
3.66364
3.57986
3.44425
3.20928
2.83891
2.31079
1.61905
0.772227
-0.204512
-1.27432
-2.39195
-3.51703
-4.61685
-5.67113
-6.66906
-7.61198
-8.50955
-9.37655
-10.2153
-11.0004
-11.6797
-12.1737
-12.3943
-12.2961
-11.3977
-4.69592
1.01181
5.40891
8.5544
10.6599
11.9763
12.7317
13.1246
13.3091
13.3856
13.4183
13.4399
13.467
13.4981
13.5248
13.5303
13.5038
13.4392
13.3379
13.2043
13.0454
12.8671
12.674
12.4677
12.2468
12.0089
11.7524
11.478
11.1924
10.9058
10.635
10.3929
10.1913
10.035
9.92601
9.85589
9.80815
9.75199
9.65563
9.50026
9.27505
8.98323
8.63429
8.25369
7.87222
7.53178
7.26069
7.08031
6.99488
7.00204
7.08153
7.20048
7.30356
7.33572
7.26548
7.07548
6.77091
6.36607
5.89835
5.41192
4.96626
4.60032
4.3423
4.19544
4.15328
4.18384
4.2371
4.23109
4.08293
3.74069
3.17025
2.36716
1.33928
0.127919
-1.21227
-2.59976
-3.97695
-5.29483
-6.53393
-7.67955
-8.74444
-9.75339
-10.7622
-11.8061
-12.8531
-13.8355
-14.6102
-14.9687
-14.8145
-12.8479
-2.88475
4.72689
9.8794
13.0809
14.8625
15.6998
15.926
15.8325
15.6321
15.4187
15.2559
15.1503
15.1149
15.1226
15.1567
15.1657
15.1346
15.0476
14.9137
14.7392
14.5388
14.3217
14.0953
13.8609
13.6136
13.3437
13.0469
12.7161
12.3624
11.9964
11.6556
11.3545
11.1185
10.9488
10.8601
10.8395
10.8745
10.9011
10.8526
10.7109
10.4512
10.09
9.62383
9.10339
8.56181
8.09559
7.7334
7.52024
7.44578
7.52607
7.72711
8.02064
8.29402
8.43394
8.41248
8.19357
7.80591
7.24647
6.59151
5.88864
5.27678
4.79472
4.50361
4.38506
4.45787
4.67039
4.9788
5.22174
5.23518
4.97024
4.36391
3.4382
2.16979
0.645169
-1.08278
-2.823
-4.52283
-6.08675
-7.53183
-8.80669
-9.9578
-10.9977
-12.0978
-13.3925
-14.7989
-16.2904
-17.646
-18.2815
-18.0029
-13.0469
2.31207
11.9824
17.1592
19.6524
20.4255
20.3043
19.5815
18.6954
17.9745
17.38
17.0121
16.7605
16.7016
16.7101
16.8258
16.8599
16.8471
16.7243
16.5493
16.3127
16.0572
15.791
15.5294
15.2739
15.014
14.7188
14.3915
13.9884
13.5517
13.0517
12.6204
12.2238
11.9517
11.747
11.6975
11.7444
11.9542
12.1596
12.1853
12.0924
11.7751
11.349
10.6929
9.98486
9.14414
8.5109
7.99278
7.7617
7.67506
7.87739
8.24071
8.87097
9.47782
9.76566
9.8449
9.55579
9.08939
8.26552
7.35473
6.23539
5.40143
4.7152
4.41746
4.30007
4.56221
5.01976
5.81564
6.5437
6.7891
6.69221
6.0183
5.00351
3.37007
1.45599
-0.934801
-3.10367
-5.26365
-7.0491
-8.77415
-10.1114
-11.3307
-12.1546
-13.1527
-14.8172
-16.6219
-18.9405
-21.7182
-22.9103
-22.2869
-7.27573
15.7007
25.7081
28.3026
28.7002
27.2757
25.7745
23.4718
21.3199
20.1346
19.0146
18.6005
18.0929
18.1909
18.1432
18.612
18.6215
18.7177
18.4761
18.2731
17.913
17.5908
17.2534
16.9545
16.6931
16.465
16.1398
15.845
15.3091
14.8317
14.008
13.535
12.9138
12.6876
12.3215
12.3957
12.4146
13.0399
13.6768
13.6886
13.7971
13.2555
12.939
11.8365
11.0573
9.42761
8.76031
7.83872
7.79509
7.48813
7.99683
8.36981
9.75492
11.1209
11.3977
11.8077
11.1732
10.8875
9.40964
8.41821
6.17113
5.31331
4.0762
4.07155
3.66851
4.38513
4.88186
6.7501
8.56064
8.83587
9.24504
8.16346
7.45965
4.97443
2.9533
-1.10638
-3.39709
-6.54371
-8.09834
-10.5748
-11.5857
-13.273
-13.0605
-13.2477
-16.0401
-17.7044
-20.9293
-28.0734
-30.1532
-28.4591
27.3586
47.7653
50.1084
42.6093
40.3712
34.2355
32.3983
27.1439
22.5519
22.1998
19.6318
20.323
18.5524
19.8892
18.8314
21.0589
20.2572
21.0737
20.1715
20.2224
19.4577
19.1452
18.6596
18.3244
18.0636
18.0549
17.5161
17.6448
16.5444
16.6096
14.4583
14.662
13.034
13.6241
12.2612
13.1728
12.2109
14.1078
16.0935
15.0517
16.437
14.4109
15.6603
12.5135
13.3538
8.32443
9.37512
6.41965
8.20694
6.12589
8.31097
7.04074
10.6657
14.3317
12.8371
15.2738
12.2876
14.4018
9.85256
11.2892
4.10568
5.77076
1.66186
4.29876
1.42407
4.52416
2.76844
7.76713
12.7879
10.6892
13.9441
9.76411
12.4805
5.91002
7.3857
-3.82569
-2.45832
-10.1165
-7.82041
-14.486
-12.0861
-17.9512
-13.391
-9.59137
-18.8875
-16.5396
-17.2745
-41.7209
-42.8302
-37.9888
212.312
105.84
88.6808
49.3396
57.6545
35.0054
43.9426
29.8623
17.6787
27.4558
15.5563
25.5903
14.5376
25.0361
14.7892
27.8678
19.5629
25.9051
20.4944
23.3466
20.3515
20.9493
19.8497
19.5877
19.0712
20.4086
17.9317
21.2147
16.102
21.5794
11.5179
18.4272
9.96075
17.3731
8.92621
16.6483
7.89076
15.0484
22.8702
12.9203
23.9898
10.8498
24.7127
7.44948
24.1029
-1.53347
15.7593
-1.82845
14.1897
-1.37904
13.6012
-1.33694
11.518
24.9739
8.61603
26.5491
6.05766
27.5119
1.67628
26.5734
-10.7012
14.5432
-10.466
12.4631
-9.42362
11.656
-9.07095
8.75274
27.2673
4.83377
29.3494
1.43426
30.8748
-4.74057
30.0878
-24.658
11.4777
-28.0232
5.36272
-31.4509
-0.684824
-37.6411
-12.6258
12.9231
-38.5018
-10.9351
20.525
-88.9732
-64.0755
-53.931
208.466
188.915
170.448
153.009
136.528
120.926
106.119
92.0175
78.5331
65.5772
53.0632
40.9063
29.0244
17.3373
5.76622
-1.68447
-1.62507
-1.54109
-1.43757
-1.31981
-1.19279
-1.06081
-0.927274
-0.794606
-0.664357
-0.53731
-0.413627
-0.292999
-0.174777
-0.0580844
-2.83924
-2.73571
-2.59018
-2.41177
-2.20996
-1.99349
-1.76978
-1.5445
-1.32167
-1.10371
-0.891785
-0.685988
-0.485663
-0.289599
-0.0962266
-4.04349
-3.88832
-3.67211
-3.40936
-3.11474
-2.80144
-2.48028
-2.15928
-1.84384
-1.53704
-1.24012
-0.952871
-0.67406
-0.401725
-0.133449
-5.3208
-5.1019
-4.80056
-4.43879
-4.03814
-3.61723
-3.19058
-2.76847
-2.35733
-1.96047
-1.57876
-1.21131
-0.855971
-0.50979
-0.169289
-6.69934
-6.39787
-5.98937
-5.50704
-4.98177
-4.43872
-3.89632
-3.36665
-2.85653
-2.36874
-1.90314
-1.45761
-1.02871
-0.612169
-0.203205
-8.21438
-7.80077
-7.25191
-6.61818
-5.94311
-5.2595
-4.58928
-3.94525
-3.33337
-2.75477
-2.20742
-1.68727
-1.1891
-0.70696
-0.234565
-9.91225
-9.33877
-8.59921
-7.77055
-6.91292
-6.06684
-5.25599
-4.49167
-3.77689
-3.10953
-2.48446
-1.89494
-1.33342
-0.792002
-0.262658
-11.856
-11.0427
-10.0355
-8.95176
-7.87107
-6.83885
-5.8761
-4.98848
-4.17295
-3.42196
-2.72592
-2.07459
-1.45763
-0.864958
-0.286722
-14.133
-12.9404
-11.5481
-10.1298
-8.78065
-7.54131
-6.42101
-5.41316
-4.50442
-3.67938
-2.92266
-2.21983
-1.55755
-0.923464
-0.305993
-16.8591
-15.0377
-13.0868
-11.2386
-9.5803
-8.12464
-6.85338
-5.73864
-4.75215
-3.86843
-3.06548
-2.3245
-1.62924
-0.965347
-0.319774
-20.1586
-17.2641
-14.5226
-12.1574
-10.1772
-8.52348
-7.12913
-5.93582
-4.89706
-3.97665
-3.1463
-2.38343
-1.66955
-0.988897
-0.327526
-24.0306
-19.3374
-15.5817
-12.6913
-10.4474
-8.66286
-7.20375
-5.97836
-4.92355
-3.99478
-3.15959
-2.39336
-1.6766
-0.993157
-0.328955
-27.7644
-20.473
-15.7754
-12.5783
-10.2582
-8.47669
-7.04458
-5.85027
-4.82393
-3.91928
-3.10388
-2.35378
-1.65031
-0.978166
-0.324087
-27.6354
-19.0147
-14.4684
-11.5881
-9.53025
-7.94103
-6.64753
-5.55412
-4.60256
-3.75448
-2.98285
-2.26753
-1.59267
-0.945101
-0.313312
-1.8147
-5.48243
-9.26829
-13.2622
-17.5732
-22.3425
-27.7649
-34.1253
-41.868
-51.7366
-65.0864
-84.6547
-116.682
-177.354
-313.783
-1.77644
-5.36447
-9.06059
-12.9461
-17.118
-21.6989
-26.852
-32.8055
-39.8915
-48.6091
-59.7157
-74.2844
-93.2561
-113.725
-106.709
-1.71377
-5.17142
-8.72129
-12.4311
-16.3788
-20.6577
-25.3831
-30.6991
-36.7817
-43.8222
-51.9406
-60.8558
-68.7897
-69.1816
-42.9702
-1.63016
-4.91432
-8.27086
-11.7509
-15.4095
-19.3063
-23.5039
-28.0603
-33.0064
-38.2868
-43.6119
-48.1083
-49.5599
-43.1123
-20.7096
-1.52999
-4.60693
-7.73463
-10.9466
-14.2746
-17.7459
-21.3755
-25.1508
-28.9989
-32.7199
-35.8588
-37.4754
-35.8155
-28.1226
-11.6547
-1.41806
-4.26424
-7.13987
-10.0616
-13.0403
-16.0755
-19.1457
-22.1906
-25.0793
-27.5572
-29.1623
-29.1177
-26.2608
-19.2263
-7.3508
-1.29911
-3.90109
-6.51307
-9.13701
-11.7666
-14.3806
-16.9336
-19.3388
-21.4449
-23.0002
-23.6113
-22.7127
-19.6071
-13.6917
-5.00945
-1.17754
-3.53098
-5.87791
-8.2085
-10.5035
-12.7282
-14.8238
-16.6948
-18.193
-19.0991
-19.1084
-17.8401
-14.9047
-10.0785
-3.59627
-1.05711
-3.16536
-5.25408
-7.30464
-9.28921
-11.1655
-12.8699
-14.3095
-15.3522
-15.8205
-15.4926
-14.1252
-11.5153
-7.61511
-2.67636
-0.94082
-2.81329
-4.65672
-6.44657
-8.15006
-9.72198
-11.1
-12.1996
-12.9102
-13.0949
-12.5988
-11.2729
-9.02198
-5.87292
-2.04392
-0.830894
-2.48136
-4.09653
-5.64843
-7.10221
-8.41308
-9.52333
-10.3598
-10.8334
-10.8421
-10.2809
-9.06312
-7.15226
-4.60287
-1.59122
-0.728829
-2.17392
-3.58026
-4.91841
-6.15356
-7.24345
-8.13669
-8.77203
-9.07949
-8.98485
-8.41914
-7.33452
-5.72594
-3.65383
-1.25711
-0.635482
-1.89339
-3.11132
-4.25989
-5.30575
-6.21033
-6.9291
-7.41186
-7.60472
-7.45471
-6.91764
-5.96973
-4.62149
-2.93018
-1.00458
-0.551196
-1.64062
-2.69053
-3.67267
-4.55602
-5.30621
-5.88536
-6.25295
-6.36802
-6.1933
-5.7014
-4.88292
-3.75525
-2.36921
-0.810096
-0.475914
-1.41527
-2.3168
-3.15402
-3.89875
-4.52084
-4.98851
-5.26935
-5.33253
-5.15214
-4.71191
-4.0108
-3.06841
-1.92841
-0.658019
-0.409292
-1.21617
-1.9877
-2.69959
-3.32661
-3.84269
-4.22136
-4.43689
-4.46616
-4.29138
-3.90355
-3.30622
-2.51879
-1.57816
-0.537635
-0.350795
-1.04162
-1.70002
-2.30407
-2.8315
-3.25994
-3.56748
-3.73374
-3.74146
-3.57855
-3.24066
-2.73364
-2.07554
-1.29727
-0.441376
-0.299774
-0.889569
-1.45008
-1.96175
-2.40512
-2.76112
-3.01168
-3.14069
-3.13522
-2.98721
-2.69519
-2.26597
-1.71573
-1.07027
-0.363769
-0.255525
-0.75785
-1.23405
-1.66686
-2.0394
-2.3355
-2.54029
-2.64099
-2.62795
-2.49586
-2.245
-1.88231
-1.42204
-0.88565
-0.30077
-0.217332
-0.644274
-1.04813
-1.41381
-1.72675
-1.97328
-2.14117
-2.22027
-2.20335
-2.08698
-1.87245
-1.56641
-1.18121
-0.734699
-0.249338
-0.184501
-0.546725
-0.888724
-1.19738
-1.4602
-1.66567
-1.8037
-1.86622
-1.84778
-1.74626
-1.56345
-1.30546
-0.982942
-0.610726
-0.20715
-0.156375
-0.46322
-0.752464
-1.01278
-1.23348
-1.40487
-1.51866
-1.56837
-1.5499
-1.46199
-1.30663
-1.08933
-0.819179
-0.508528
-0.172407
-0.13235
-0.391934
-0.63629
-0.855675
-1.04099
-1.18408
-1.2781
-1.31786
-1.30024
-1.22456
-1.09282
-0.909901
-0.683536
-0.424015
-0.1437
-0.111877
-0.331221
-0.537454
-0.722229
-0.877814
-0.997363
-1.07521
-1.10719
-1.0909
-1.02604
-0.91453
-0.760639
-0.570914
-0.353939
-0.119914
-0.0944656
-0.279612
-0.453515
-0.60905
-0.73966
-0.839598
-0.904176
-0.930019
-0.915295
-0.859916
-0.76567
-0.636257
-0.477214
-0.295701
-0.100157
-0.0796819
-0.235809
-0.382329
-0.513176
-0.622802
-0.706383
-0.760035
-0.781017
-0.767912
-0.720778
-0.641228
-0.532448
-0.399114
-0.247204
-0.0837127
-0.0671453
-0.198677
-0.322024
-0.432037
-0.524027
-0.593948
-0.638577
-0.655682
-0.644158
-0.604145
-0.537079
-0.445689
-0.333914
-0.206748
-0.0700002
-0.0565242
-0.167228
-0.270978
-0.363412
-0.440574
-0.499073
-0.536231
-0.550223
-0.540185
-0.506297
-0.44982
-0.373082
-0.279399
-0.172944
-0.0585462
-0.0475312
-0.140606
-0.227788
-0.305391
-0.37008
-0.419015
-0.44997
-0.461449
-0.452771
-0.424132
-0.376629
-0.31224
-0.233753
-0.144654
-0.0489634
-0.0399185
-0.118075
-0.191251
-0.256335
-0.310524
-0.35144
-0.377232
-0.386671
-0.379216
-0.355065
-0.315163
-0.261186
-0.195476
-0.120942
-0.0409329
-0.033473
-0.0990013
-0.160331
-0.214843
-0.260184
-0.294366
-0.315849
-0.323621
-0.317254
-0.296933
-0.26347
-0.218279
-0.163324
-0.101032
-0.0341915
-0.0280117
-0.0828432
-0.134145
-0.179719
-0.217593
-0.246108
-0.263984
-0.270389
-0.26498
-0.247926
-0.219921
-0.182153
-0.136264
-0.0842816
-0.0285206
-0.0233782
-0.0691356
-0.111936
-0.14994
-0.181501
-0.205236
-0.220085
-0.225361
-0.220789
-0.206524
-0.183149
-0.151664
-0.113437
-0.0701542
-0.0237385
-0.0194381
-0.057481
-0.0930576
-0.124635
-0.150843
-0.170534
-0.182831
-0.18717
-0.18333
-0.171446
-0.15201
-0.125855
-0.09412
-0.0582021
-0.0196932
-0.0160766
-0.0475388
-0.0769558
-0.103058
-0.124711
-0.140966
-0.151103
-0.154659
-0.151456
-0.141611
-0.125536
-0.103921
-0.0777074
-0.0480489
-0.0162571
-0.013195
-0.0390165
-0.0631558
-0.084569
-0.102325
-0.115647
-0.123944
-0.12684
-0.124193
-0.116102
-0.102908
-0.0851787
-0.0636868
-0.0393769
-0.0133225
-0.0107081
-0.0316622
-0.0512487
-0.0686194
-0.0830187
-0.0938162
-0.100534
-0.10287
-0.10071
-0.0941373
-0.0834296
-0.0690491
-0.0516229
-0.0319161
-0.010798
-0.00854223
-0.0252574
-0.0408801
-0.054733
-0.0662131
-0.074818
-0.0801676
-0.0820215
-0.0802907
-0.0750431
-0.0665011
-0.0550341
-0.0411423
-0.0254354
-0.00860519
-0.00663272
-0.0196111
-0.0317402
-0.0424939
-0.0514038
-0.05808
-0.062228
-0.0636618
-0.0623134
-0.0582361
-0.0516036
-0.0427028
-0.0319221
-0.0197345
-0.00667638
-0.00492253
-0.0145544
-0.0235555
-0.031535
-0.0381455
-0.0430975
-0.0461728
-0.0472339
-0.0462307
-0.0432033
-0.0382809
-0.0316766
-0.0236788
-0.0146381
-0.00495214
-0.0033604
-0.00993557
-0.01608
-0.0215267
-0.0260386
-0.029418
-0.0315162
-0.0322393
-0.0315535
-0.0294863
-0.0261259
-0.0216181
-0.0161596
-0.00998958
-0.00337951
-0.0018994
-0.00561587
-0.00908889
-0.0121676
-0.0147179
-0.0166281
-0.0178142
-0.0182231
-0.0178355
-0.0166671
-0.0147677
-0.0122197
-0.00913428
-0.00564668
-0.00191029
-0.000495539
-0.00146522
-0.00237158
-0.00317537
-0.00384161
-0.00434114
-0.00465186
-0.00475979
-0.00465969
-0.00435544
-0.00385991
-0.00319451
-0.00238824
-0.00147652
-0.000499538
0.000893457
0.00264148
0.0042745
0.00572135
0.00691889
0.00781476
0.00836964
0.00855904
0.00837437
0.00782339
0.00692994
0.0057329
0.00428456
0.00264831
0.000895874
0.00230945
0.00682802
0.0110498
0.0147911
0.0178888
0.0202074
0.0216449
0.0221376
0.0216627
0.02024
0.0179306
0.0148348
0.0110878
0.00685381
0.00231858
0.00379512
0.0112206
0.0181587
0.0243078
0.0293997
0.0332117
0.0355761
0.0363878
0.0356092
0.0332722
0.0294771
0.0243888
0.0182292
0.0112684
0.00381205
0.00539519
0.0159515
0.0258155
0.0345584
0.0417992
0.0472211
0.0505854
0.0517422
0.0506377
0.0473167
0.0419216
0.0346864
0.025927
0.0160271
0.00542195
0.00715779
0.0211631
0.0342507
0.045852
0.0554617
0.0626591
0.0671272
0.0686667
0.0672051
0.0628013
0.0556437
0.0460424
0.0344164
0.0212756
0.00719758
0.0091358
0.0270118
0.0437177
0.0585284
0.0707989
0.079992
0.0857025
0.0876747
0.0858152
0.080198
0.0710624
0.058804
0.0439577
0.0271747
0.00919342
0.0113885
0.0336729
0.0545007
0.0729685
0.0882726
0.099743
0.106873
0.109343
0.107034
0.100037
0.0886493
0.0733624
0.0548437
0.0339058
0.0114708
0.013983
0.0413455
0.0669221
0.0896052
0.108408
0.122507
0.13128
0.134329
0.131509
0.122926
0.108943
0.0901647
0.0674094
0.0416762
0.0141
0.0169967
0.050258
0.0813526
0.108936
0.131809
0.14897
0.159659
0.163392
0.159983
0.149562
0.132567
0.109728
0.0820426
0.0507263
0.0171624
0.0205188
0.0606747
0.098221
0.131537
0.159176
0.179927
0.192869
0.197412
0.193327
0.180764
0.160247
0.132657
0.0991965
0.0613368
0.020753
0.0246532
0.0729032
0.118026
0.158079
0.191325
0.216306
0.23191
0.237422
0.232558
0.217489
0.192838
0.159662
0.119405
0.0738386
0.0249841
0.029521
0.0873025
0.141352
0.189348
0.229212
0.259195
0.277959
0.284635
0.278873
0.260865
0.231349
0.191584
0.143299
0.0886236
0.0299883
0.0352641
0.104293
0.168881
0.226264
0.273959
0.309874
0.3324
0.340484
0.333691
0.312232
0.276977
0.22942
0.17163
0.106158
0.0359239
0.0420482
0.124366
0.201414
0.269905
0.326884
0.36985
0.396868
0.406664
0.398691
0.373179
0.331145
0.274361
0.205294
0.126999
0.0429798
0.0500676
0.148097
0.239888
0.321539
0.389538
0.440898
0.473295
0.485179
0.475867
0.445598
0.395553
0.32783
0.245365
0.151815
0.0513828
0.059549
0.17616
0.2854
0.382653
0.463745
0.525113
0.563963
0.578411
0.567594
0.531747
0.472236
0.391534
0.293134
0.181409
0.0614058
0.070757
0.209341
0.339236
0.454988
0.551645
0.624961
0.671574
0.689186
0.6767
0.634326
0.563633
0.467524
0.350154
0.216752
0.0733785
0.0839992
0.248554
0.402892
0.540579
0.655753
0.743348
0.799321
0.820857
0.806556
0.756569
0.672675
0.558277
0.418306
0.259017
0.0877005
0.0996324
0.294861
0.478107
0.641801
0.779008
0.883691
0.950977
0.97741
0.961189
0.902353
0.802896
0.666787
0.499869
0.309634
0.104858
0.118068
0.349488
0.566898
0.761414
0.924845
1.05
1.131
1.16358
1.14541
1.07634
0.958565
0.796686
0.597623
0.370346
0.125447
0.139776
0.413841
0.671585
0.902607
1.09726
1.24697
1.34463
1.38498
1.36497
1.28415
1.14486
0.952403
0.714965
0.443294
0.150196
0.165296
0.489527
0.794823
1.06905
1.30087
1.48007
1.59806
1.64828
1.62677
1.53254
1.36806
1.13935
0.856076
0.531119
0.180011
0.19523
0.578358
0.939629
1.26495
1.54101
1.75568
1.89853
1.9614
1.93904
1.82973
1.63584
1.3642
1.02612
0.637101
0.216016
0.230256
0.682365
1.10939
1.49505
1.82377
2.08115
2.25454
2.3337
2.31168
2.18563
1.95761
1.63517
1.23155
0.765345
0.259621
0.271114
0.803786
1.30788
1.76468
2.15606
2.46495
2.67596
2.77625
2.75655
2.61233
2.34494
1.96251
1.48042
0.921029
0.312612
0.318605
0.945045
1.53921
2.07973
2.54562
2.91669
3.17425
3.3021
3.28787
3.12456
2.81215
2.35905
1.78295
1.11075
0.377274
0.373574
1.10871
1.80778
2.4466
3.00102
3.44725
3.7626
3.9266
3.9227
3.7403
3.37704
2.84099
2.15222
1.34303
0.456562
0.43688
1.29743
2.11817
2.87206
3.53153
4.06869
4.45602
4.66767
4.68148
4.48162
4.06189
3.42897
2.60509
1.62896
0.554358
0.509359
1.51378
2.47497
3.36308
4.14696
4.79414
5.2714
5.54611
5.58859
5.3756
4.89476
4.14956
3.16366
1.98328
0.675838
0.591766
1.76014
2.8825
3.92645
4.85729
5.63757
6.22742
6.58579
6.67309
6.45554
5.91119
5.03726
3.85727
2.42581
0.828034
0.684697
2.03844
3.34446
4.56836
5.67214
6.61321
7.34415
7.81366
7.96925
7.76238
7.15647
6.13747
4.72549
2.98383
1.0207
0.788491
2.34988
3.86342
5.29366
6.59995
7.73472
8.64238
9.25949
9.51708
9.3463
8.68856
7.51055
5.82263
3.69563
1.26773
0.903108
2.69453
4.4402
6.105
7.64684
9.01391
10.1423
10.9549
11.3623
11.2683
10.5819
9.2377
7.22466
4.61638
1.58943
1.02799
3.07094
5.07312
7.0017
8.81505
10.4588
11.8615
12.9317
13.5557
13.6017
12.9319
11.4293
9.04
5.82784
2.01663
1.16192
3.47564
5.75712
7.97837
10.101
12.0709
13.8117
15.2182
16.1504
16.432
15.8603
14.2365
11.4267
7.45529
2.59801
1.30287
3.90272
6.48291
9.02347
11.493
13.842
15.9939
17.834
19.1967
19.8548
19.5194
17.8671
14.6202
9.69786
3.41461
1.4479
4.34341
7.2362
10.1178
12.9686
15.7498
18.3925
20.7812
22.7323
23.9675
24.0927
22.6051
18.977
12.8855
4.61035
1.59313
4.78598
7.99717
11.2336
14.4925
17.7538
20.9673
24.0323
26.7649
28.8508
29.786
28.8295
25.0444
17.5894
6.46271
1.73376
5.21579
8.74056
12.3337
16.0146
19.7908
23.6452
27.5141
31.2465
34.5332
36.7928
37.0179
33.6602
24.8431
9.5641
1.86432
5.61589
9.43645
13.3726
17.4706
21.7735
26.3129
31.0904
36.0374
40.9287
45.2123
47.6943
46.0669
36.5841
15.3385
1.97896
5.96803
10.052
14.2991
18.7842
23.5918
28.815
34.5491
40.8667
47.746
54.8825
61.2242
63.9286
56.4935
27.6622
2.07194
6.25422
10.5544
15.06
19.8738
25.1213
30.9621
37.6024
45.3058
54.3845
65.1044
77.2794
88.8311
91.2609
58.384
2.13823
6.45852
10.9139
15.607
20.6621
26.2388
32.554
39.9172
48.7895
59.8829
74.3154
93.7671
120.068
150.546
147.363
2.17408
6.56898
11.1082
15.9026
21.0881
26.8432
33.4179
41.1839
50.7306
63.0622
80.0404
105.498
148.403
233.206
438.802
2.17747
6.57917
11.1253
15.9265
21.1183
26.8783
33.4543
41.2137
50.7376
63.0142
79.8766
105.111
147.641
231.982
437.634
2.14836
6.48905
10.9651
15.6791
20.7539
26.3467
32.6687
40.0179
48.8327
59.7812
73.8979
92.7146
117.842
146.512
142.277
2.08871
6.30488
10.6397
15.1809
20.0298
25.3086
31.1697
37.8042
45.4459
54.3475
64.655
75.9352
85.5815
83.8912
41.5842
-17.5178
-14.2837
-11.8579
-9.97853
-8.46255
-7.19762
-6.11304
-5.16194
-4.3117
-3.53847
-2.82411
-2.15416
-1.5167
-0.901414
-0.299056
-6.57212
-9.11137
-9.00068
-8.21555
-7.29087
-6.37943
-5.52259
-4.72682
-3.98744
-3.29648
-2.64541
-2.02599
-1.43049
-0.851717
-0.282817
-2.99099
-5.77918
-6.6118
-6.54939
-6.10995
-5.52327
-4.88968
-4.25249
-3.62952
-3.02677
-2.44472
-1.88117
-1.33267
-0.795155
-0.264308
-1.62774
-3.80498
-4.8444
-5.14501
-5.03122
-4.69966
-4.25921
-3.76826
-3.25752
-2.74266
-2.23115
-1.72589
-1.2272
-0.733956
-0.244246
-1.01326
-2.62091
-3.59002
-4.02837
-4.10368
-3.95161
-3.66379
-3.29775
-2.88834
-2.4562
-2.01324
-1.56604
-1.11794
-0.670298
-0.223337
-0.689667
-1.88024
-2.70419
-3.16379
-3.33402
-3.29779
-3.12266
-2.85733
-2.53493
-2.17723
-1.79824
-1.4068
-1.00834
-0.606164
-0.202225
-0.497148
-1.39416
-2.07137
-2.50016
-2.70769
-2.74042
-2.64414
-2.45653
-2.20601
-1.91303
-1.59188
-1.25241
-0.901323
-0.543248
-0.181468
-0.372183
-1.06071
-1.61103
-1.99015
-2.20273
-2.27261
-2.22901
-2.09938
-1.90656
-1.66838
-1.39824
-1.10607
-0.799152
-0.482901
-0.161513
-0.285991
-0.823222
-1.26959
-1.59576
-1.79687
-1.88357
-1.87361
-1.78611
-1.6386
-1.44589
-1.21989
-0.969972
-0.703453
-0.426116
-0.142693
-0.223932
-0.648829
-1.0116
-1.28822
-1.47043
-1.56165
-1.57205
-1.51449
-1.40202
-1.24651
-1.05814
-0.84539
-0.615262
-0.373555
-0.125235
-0.177818
-0.517578
-0.813415
-1.04624
-1.20716
-1.29584
-1.31765
-1.28099
-1.19532
-1.06993
-0.913298
-0.732874
-0.535105
-0.325583
-0.109268
-0.14273
-0.416823
-0.658988
-0.85417
-0.994052
-1.07647
-1.10385
-1.08152
-1.0162
-0.915043
-0.784973
-0.632395
-0.463104
-0.282326
-0.0948433
-0.115534
-0.338236
-0.537184
-0.700499
-0.820841
-0.895299
-0.924572
-0.911883
-0.861957
-0.780225
-0.672271
-0.543518
-0.399077
-0.243724
-0.0819476
-0.0941457
-0.276143
-0.44012
-0.576665
-0.679486
-0.7455
-0.774422
-0.768097
-0.729794
-0.663609
-0.574008
-0.46553
-0.342624
-0.209578
-0.0705229
-0.077128
-0.226561
-0.3621
-0.476247
-0.563685
-0.621452
-0.648743
-0.646511
-0.616988
-0.563249
-0.488847
-0.397558
-0.29321
-0.179605
-0.0604795
-0.063459
-0.186626
-0.298934
-0.394371
-0.468485
-0.518562
-0.543561
-0.54387
-0.520993
-0.477233
-0.41541
-0.338649
-0.250223
-0.153464
-0.051709
-0.0523944
-0.154229
-0.247481
-0.3273
-0.389972
-0.433084
-0.455521
-0.457326
-0.439496
-0.403756
-0.352344
-0.287838
-0.213021
-0.130789
-0.0440931
-0.0433807
-0.127792
-0.205353
-0.272133
-0.325038
-0.36196
-0.381804
-0.384412
-0.370433
-0.341158
-0.298368
-0.244185
-0.180967
-0.111214
-0.0375116
-0.0359986
-0.10611
-0.170712
-0.2266
-0.2712
-0.302693
-0.320053
-0.323015
-0.311988
-0.287944
-0.2523
-0.206805
-0.15345
-0.0943803
-0.0318469
-0.0299258
-0.0882535
-0.14212
-0.188904
-0.226462
-0.253237
-0.268298
-0.271329
-0.262579
-0.242782
-0.213069
-0.174883
-0.129898
-0.0799513
-0.0269878
-0.0249109
-0.0734941
-0.118445
-0.157612
-0.189211
-0.211914
-0.224894
-0.227822
-0.220841
-0.204505
-0.179722
-0.147681
-0.109791
-0.0676167
-0.0228313
-0.0207559
-0.0612564
-0.0987868
-0.131575
-0.158135
-0.177342
-0.188468
-0.191196
-0.185596
-0.172091
-0.151412
-0.12454
-0.092658
-0.0570948
-0.0192836
-0.0173032
-0.0510805
-0.0824208
-0.109861
-0.132164
-0.148379
-0.157874
-0.160352
-0.155838
-0.144658
-0.127401
-0.104878
-0.0780802
-0.0481336
-0.0162606
-0.0144261
-0.0425967
-0.0687624
-0.0917137
-0.110421
-0.124081
-0.132151
-0.134361
-0.130708
-0.121445
-0.107046
-0.0881843
-0.0656881
-0.0405097
-0.0136877
-0.012022
-0.0355049
-0.0573355
-0.0765133
-0.0921807
-0.103663
-0.110496
-0.11244
-0.109475
-0.101796
-0.0897904
-0.0740133
-0.055158
-0.0340268
-0.0114991
-0.0100076
-0.0295602
-0.0477502
-0.06375
-0.0768462
-0.0864734
-0.092237
-0.0939257
-0.0915131
-0.0851505
-0.075153
-0.0619791
-0.0462079
-0.0285133
-0.00963721
-0.00831416
-0.0245615
-0.0396856
-0.0530025
-0.0639201
-0.0719659
-0.0768067
-0.0782593
-0.0762938
-0.0710288
-0.0627207
-0.0517481
-0.0385932
-0.02382
-0.00805186
-0.00688529
-0.0203425
-0.0328757
-0.0439207
-0.0529877
-0.0596835
-0.0637285
-0.0649659
-0.0633652
-0.0590197
-0.0521381
-0.0430322
-0.0321019
-0.0198173
-0.00669951
-0.00567395
-0.0167651
-0.0270989
-0.0362121
-0.0437014
-0.0492416
-0.0525995
-0.0536427
-0.0523422
-0.0487714
-0.0430996
-0.0355828
-0.0265509
-0.0163931
-0.00554237
-0.00464084
-0.0137135
-0.0221695
-0.0296309
-0.0357682
-0.0403146
-0.0430776
-0.0439466
-0.0428954
-0.0399816
-0.035342
-0.0291853
-0.0217814
-0.0134501
-0.00454767
-0.00375283
-0.0110901
-0.0179304
-0.0239691
-0.0289395
-0.0326256
-0.0348706
-0.0355836
-0.0347416
-0.0323899
-0.0286378
-0.0236536
-0.0176557
-0.0109036
-0.00368687
-0.0029817
-0.00881172
-0.014248
-0.0190488
-0.0230025
-0.025937
-0.0277273
-0.0283
-0.027636
-0.0257702
-0.022789
-0.0188255
-0.0140536
-0.00867978
-0.00293503
-0.00230318
-0.00680671
-0.0110066
-0.0147166
-0.017773
-0.0200429
-0.0214293
-0.021875
-0.0213648
-0.019925
-0.0176221
-0.0145588
-0.0108693
-0.00671346
-0.00227019
-0.00169603
-0.00501246
-0.00810551
-0.010838
-0.0130896
-0.0147622
-0.0157843
-0.0161136
-0.0157388
-0.0146791
-0.0129832
-0.0107268
-0.00800864
-0.00494671
-0.00167278
-0.00114141
-0.00337328
-0.0054547
-0.0072933
-0.00880808
-0.00993306
-0.0106202
-0.0108411
-0.0105882
-0.00987472
-0.00873341
-0.00721523
-0.00538671
-0.00332713
-0.00112509
-0.000622154
-0.00183853
-0.00297246
-0.00397341
-0.00479718
-0.00540792
-0.0057797
-0.00589746
-0.0057575
-0.00536736
-0.00474527
-0.00391913
-0.0029252
-0.00180645
-0.000610806
-0.000122289
-0.000361018
-0.000582544
-0.000776516
-0.000934149
-0.00104867
-0.00111557
-0.00113275
-0.00110044
-0.00102102
-0.000898766
-0.000739515
-0.000550323
-0.000339148
-0.000114553
0.000373519
0.00110456
0.00178826
0.00239516
0.00289896
0.00327755
0.00351406
0.00359762
0.00352394
0.00329561
0.00292207
0.00241933
0.0018093
0.00111884
0.00037857
0.000880433
0.00260301
0.00421238
0.00563845
0.00681901
0.00770243
0.0082499
0.00843719
0.00825572
0.00771306
0.00683261
0.00565267
0.00422477
0.00261142
0.000883407
0.00141393
0.00418008
0.00676377
0.00905219
0.0109454
0.0123606
0.0132358
0.0135328
0.0132383
0.012365
0.0109511
0.00905818
0.00676899
0.00418362
0.00141518
0.00199028
0.00588382
0.00952016
0.0127403
0.0154036
0.0173936
0.0186233
0.019039
0.0186226
0.0173924
0.0154021
0.0127388
0.00951884
0.00588292
0.00198996
0.00262703
0.00776615
0.0125655
0.0168152
0.0203293
0.0229544
0.0245759
0.025123
0.0245721
0.0229475
0.0203205
0.0168059
0.0125575
0.0077607
0.0026251
0.00334358
0.00988437
0.0159925
0.0214006
0.0258723
0.0292121
0.0312743
0.0319692
0.0312669
0.0291986
0.025855
0.0213826
0.0159768
0.00987371
0.00333981
0.00416176
0.012303
0.0199054
0.0266363
0.0322011
0.0363568
0.0389221
0.0397856
0.0389102
0.0363351
0.0321733
0.0266072
0.0198802
0.0122859
0.00415569
0.00510649
0.0150957
0.0244235
0.0326814
0.0395082
0.0446056
0.0477514
0.0488091
0.0477336
0.0445731
0.0394666
0.032638
0.0243857
0.01507
0.0050974
0.00620658
0.0183476
0.0296844
0.0397202
0.048016
0.0542094
0.0580305
0.0593137
0.0580047
0.0541622
0.0479556
0.0396571
0.0296294
0.0183103
0.00619338
0.0074956
0.022158
0.0358485
0.0479671
0.0579835
0.0654602
0.0700716
0.0716181
0.0700346
0.0653926
0.057897
0.0478767
0.0357697
0.0221045
0.00747669
0.00901291
0.0266431
0.0431039
0.0576736
0.0697143
0.0787003
0.0842405
0.0860956
0.0841879
0.0786042
0.0695914
0.057545
0.0429919
0.0265671
0.00898602
0.0108049
0.03194
0.0516722
0.0691358
0.083566
0.0943328
0.100968
0.103185
0.100893
0.0941966
0.0833918
0.0689536
0.0515136
0.0318323
0.0107668
0.0129265
0.038211
0.0618156
0.082704
0.0999612
0.112834
0.120762
0.123406
0.120657
0.112641
0.0997148
0.0824464
0.0615912
0.0380587
0.0128726
0.0154427
0.0456483
0.0738448
0.0987934
0.119401
0.134767
0.144226
0.147372
0.144077
0.134495
0.119052
0.0984293
0.0735277
0.0454331
0.0153666
0.018431
0.0544804
0.088129
0.117897
0.142479
0.160802
0.172072
0.175809
0.171862
0.160417
0.141987
0.117383
0.0876812
0.0541764
0.0183235
0.0219833
0.0649793
0.105107
0.140601
0.169902
0.191733
0.205149
0.20958
0.204852
0.19119
0.169208
0.139875
0.104475
0.0645502
0.0218315
0.0262096
0.0774694
0.125304
0.167604
0.202512
0.228506
0.244464
0.249711
0.244045
0.22774
0.201532
0.166579
0.124411
0.0768634
0.0259953
0.0312409
0.0923375
0.149343
0.199739
0.241311
0.272247
0.291216
0.297419
0.290624
0.271166
0.239927
0.198291
0.148082
0.091482
0.0309383
0.0372339
0.110046
0.17797
0.238
0.287495
0.324298
0.34683
0.35415
0.345994
0.322771
0.28554
0.235956
0.176191
0.108839
0.0368066
0.0443761
0.131149
0.212079
0.283575
0.342489
0.386257
0.413004
0.421627
0.411825
0.384101
0.339731
0.28069
0.209566
0.129444
0.0437729
0.0528923
0.156309
0.252736
0.337885
0.408001
0.460032
0.491763
0.501896
0.490097
0.456989
0.404106
0.333812
0.24919
0.153902
0.0520408
0.0630523
0.186322
0.301224
0.402632
0.486068
0.547903
0.585516
0.597392
0.583165
0.543606
0.480569
0.396883
0.296217
0.182923
0.0618502
0.0751807
0.222144
0.359081
0.479858
0.579131
0.65259
0.697138
0.711011
0.693818
0.646525
0.571369
0.471741
0.352012
0.217346
0.0734837
0.0896686
0.264927
0.428157
0.572014
0.690118
0.777348
0.830057
0.846197
0.825371
0.768787
0.67916
0.560554
0.418178
0.258154
0.0872726
0.106988
0.316062
0.510683
0.682049
0.82254
0.926075
0.988363
1.00705
0.981749
0.913989
0.807071
0.665871
0.496595
0.306499
0.103606
0.127711
0.37723
0.609355
0.81352
0.980619
1.10344
1.17694
1.19844
1.16761
1.08638
0.958782
0.790682
0.589466
0.36373
0.122936
0.152534
0.450476
0.72744
0.970724
1.16944
1.31504
1.40163
1.42617
1.38845
1.29095
1.13862
0.938483
0.69936
0.431415
0.145791
0.182302
0.538286
0.868907
1.15887
1.39515
1.56761
1.6694
1.69712
1.65079
1.53361
1.35163
1.11335
0.829263
0.511375
0.172782
0.218056
0.643707
1.0386
1.38429
1.66516
1.86924
1.98858
2.01949
1.96233
1.82125
1.60374
1.32003
0.982631
0.605708
0.204614
0.261074
0.770479
1.24247
1.65471
1.9885
2.22969
2.36918
2.40299
2.33212
2.16197
1.90179
1.56399
1.16344
0.716823
0.242091
0.312939
0.92323
1.48781
1.97959
2.37613
2.66077
2.82313
2.85919
2.77083
2.56518
2.25374
1.85152
1.37622
0.847458
0.286131
0.375628
1.10772
1.7837
2.37059
2.84146
3.17673
3.36477
3.40176
3.29098
3.04184
2.6687
2.18979
1.62613
1.0007
0.33776
0.451622
1.33116
2.14144
2.84216
3.40093
3.79491
4.01129
4.04693
3.9072
3.60458
3.15711
2.58689
1.91891
1.17999
0.398123
0.544074
1.6027
2.57525
3.41227
4.07481
4.53638
4.78331
4.81385
4.6365
4.2679
3.73073
3.05188
2.26093
1.3891
0.468468
0.657025
1.93399
3.10317
4.10353
4.88823
5.42688
5.70555
5.7251
5.49859
5.04825
4.40271
3.59468
2.65911
1.63209
0.550134
0.795721
2.34013
3.7483
4.94451
5.87248
6.49789
6.80769
6.80719
6.51606
5.9641
5.18752
4.22602
3.12077
1.91321
0.644515
0.967072
2.84087
4.54059
5.97172
7.0668
7.78803
8.12526
8.09106
7.71462
7.0359
6.1007
4.95715
3.65345
2.23678
0.753009
1.18032
3.46247
5.51938
7.23226
8.52069
9.34478
9.70071
9.61252
9.12305
8.28576
7.15853
5.79946
4.26456
2.60694
0.876946
1.44808
4.24045
6.73704
8.7875
10.297
11.2266
11.5845
11.4126
10.7729
9.73691
8.37731
6.76382
4.96086
3.02733
1.01747
1.78791
5.22382
8.26445
10.7184
12.4758
13.5053
13.8361
13.5374
12.698
11.4127
9.77234
7.85971
5.74781
3.5007
1.17542
2.22488
6.48164
10.1993
13.1328
15.1602
16.269
16.5249
16.0374
14.9327
13.3349
11.3564
9.09391
6.6286
4.02833
1.3511
2.79589
8.1138
12.6785
16.1764
18.4824
19.625
19.7298
18.9661
17.5097
15.5214
13.1376
10.4689
7.60306
4.60936
1.54412
3.55704
10.269
15.8985
20.0476
22.6122
23.7016
23.5376
22.3755
20.4559
17.9824
15.1164
11.9807
8.66624
5.24005
1.7531
4.59743
13.1758
20.1464
25.019
27.7665
28.6484
28.0384
26.3109
23.7866
20.7158
17.2825
13.6167
9.8069
5.91291
1.97542
6.06589
17.1992
25.851
31.4659
34.2161
34.6312
33.315
30.7996
27.4967
23.7006
19.61
15.3524
11.006
6.61591
2.20701
8.22768
22.9457
33.6646
39.902
42.2872
41.816
39.4243
35.8349
31.549
26.8899
22.0533
17.1498
12.2353
7.33194
2.44212
11.5959
31.4692
44.59
51.013
52.3416
50.3344
46.3651
41.3536
35.8604
30.2023
24.5429
18.9547
13.4567
8.03852
2.67335
17.2687
44.6817
60.1665
65.6615
64.7121
60.2149
54.0294
47.2066
40.2862
33.5153
26.983
20.6966
14.6227
8.70821
2.89175
27.8887
66.1774
82.6798
84.7849
79.5457
71.2674
62.136
53.1271
44.6079
36.6624
29.2522
22.291
15.6777
9.30979
3.08723
50.6534
102.802
115.19
109.008
96.4893
82.9117
70.1569
58.7072
48.5308
39.4376
31.2094
23.6436
16.5623
9.81034
3.24927
107.556
167.037
160.597
137.631
114.168
93.9839
77.2712
63.4026
51.7014
41.6117
32.7064
24.6595
17.2181
10.1783
3.36788
272.533
277.05
217.477
166.599
129.568
102.645
82.41
66.5923
53.7524
42.9632
33.607
25.2549
17.5948
10.3868
3.43466
812.89
431.568
268.319
185.948
137.948
106.662
84.4805
67.7138
54.379
43.3191
33.81
25.3696
17.6574
10.4176
3.44388
1.99078
6.00329
10.1098
14.3767
18.8756
23.6838
28.8817
34.5416
40.6958
47.2527
53.7886
59.0516
59.8561
48.9875
12.8795
1.85594
5.5893
9.38685
13.2904
17.3387
21.5629
25.9759
30.5509
35.1783
39.5809
43.1589
44.7363
42.2626
32.9294
15.593
1.69962
5.11105
8.55785
12.0592
15.6258
19.253
22.9079
26.5078
29.8854
32.7331
34.5293
34.4722
31.528
24.8742
15.2071
1.5311
4.59741
7.67427
10.7625
13.8523
16.9154
19.8946
22.687
25.1223
26.9366
27.7527
27.0951
24.5036
19.8324
13.733
1.35848
4.07318
6.77923
9.4643
12.1052
14.6616
17.0679
19.2231
20.9801
22.1383
22.4492
21.6512
19.5591
16.2188
12.0598
1.1881
3.55757
5.90512
8.21015
10.4425
12.5578
14.4923
16.1574
17.4367
18.1877
18.2547
17.5005
15.8623
13.4232
10.4555
1.02443
3.06385
5.07352
7.02862
8.89675
10.6348
12.1858
13.4773
14.4217
14.9215
14.882
14.2342
12.9666
11.157
8.98139
0.87018
2.59988
4.29645
5.93401
7.48106
8.89856
10.1385
11.1441
11.8512
12.1946
12.1177
11.5879
10.6134
9.2573
7.63713
0.726594
2.16903
3.57839
4.92989
6.19489
7.3398
8.32568
9.10898
9.644
9.88757
9.80637
9.38632
8.64185
7.62162
6.40626
0.593757
1.77126
2.91817
4.01226
5.02879
5.94002
6.7153
7.32207
7.72808
7.90505
7.83357
7.50887
6.94573
6.18079
5.27016
0.470929
1.40409
2.31077
3.17218
3.968
4.6762
5.27341
5.73584
6.0411
6.17079
6.11379
5.86964
5.45118
4.88537
4.21137
0.356801
1.06337
1.74864
2.3977
2.99482
3.52339
3.96631
4.30678
4.52965
4.62318
4.58109
4.40462
4.10387
3.69803
3.21395
0.249702
0.743968
1.2227
1.67517
2.09019
2.45623
2.76165
2.99533
3.14756
3.21116
3.18274
3.06384
2.86163
2.58889
2.26309
0.147739
0.440095
0.723027
0.990069
1.23456
1.44969
1.62873
1.76534
1.85411
1.89117
1.87488
1.80637
1.68991
1.53281
1.34493
-1006.79
-1020.46
-1034.43
-1048.88
-1063.99
-1079.93
-1096.83
-1114.82
-1133.98
-1154.39
-1176.05
-1198.96
-1223.08
-1248.32
-1274.57
-20.1901
23.4784
-38.9269
-1.08253
-35.8991
-7.18239
-30.9144
-10.6998
8.11963
-12.7989
8.50407
-12.8806
9.48661
-14.0534
9.66387
-23.3989
-0.841942
-21.2355
-2.21715
-17.934
-1.83133
-14.8234
-2.11343
10.4708
-2.29682
13.171
-1.69592
16.0771
-2.61215
18.0283
-12.1289
9.17762
-12.2208
7.20614
-10.965
6.55256
-9.45252
5.02537
19.7953
3.58505
22.7059
2.81068
25.7792
-0.500176
27.1233
-16.1245
12.9478
-18.668
8.11489
-19.4201
4.85621
-20.0723
-0.158
20.2023
-5.91484
20.6373
-11.1903
20.1903
-19.9558
16.5263
-43.9987
-7.35077
-49.2472
-17.4379
-52.5876
-25.5536
-56.3148
-35.91
-15.8999
-47.3542
-22.3378
-58.7146
-30.7491
-74.1358
-43.3767
-104.077
-74.844
-120.772
-97.0095
-142.808
-124.163
-182.505
-174.156
-167.849
-301.801
-321.178
-373.688
-471.033
-652.833
-1025.22
2.54246
3.13064
-10.2161
-8.79703
-15.067
-11.7797
-14.1022
-8.70519
-3.33707
-4.94885
-1.6579
-4.28283
-1.47947
-5.06466
-3.08703
-9.01175
-7.05229
-9.96576
-7.25638
-8.73358
-5.73212
-6.07558
-1.95191
2.1552
1.82698
4.73734
3.37769
5.95828
3.33612
5.15458
-0.257243
1.46741
-1.84783
0.566005
-1.62036
1.21448
0.216568
4.58152
9.00571
8.06191
11.1694
8.75815
11.4596
7.06645
8.68978
0.171294
1.63763
-4.11401
-1.72023
-6.02999
-3.1087
-5.88196
-0.828588
4.20735
1.10611
3.95847
-1.52335
0.528061
-7.70054
-7.23148
-20.542
-20.3348
-29.3598
-28.0931
-35.1217
-33.5614
-38.828
-35.3753
-32.2168
-38.3142
-38.2383
-47.1298
-48.5461
-60.4309
-64.1321
-81.1945
-86.4189
-101.389
-107.88
-124.64
-134.836
-157.074
-171.252
-192.211
-240.525
-273.501
-309.159
-349.451
-378.419
-322.643
7.34374
2.84928
-2.76776
-5.43921
-7.99689
-8.29896
-8.40603
-6.66892
-4.74277
-4.15873
-3.30109
-3.50183
-3.24618
-4.08639
-4.45867
-5.97788
-6.24571
-6.79298
-6.26699
-5.98253
-4.81632
-3.76056
-1.76671
0.2262
1.28695
2.45225
2.77707
3.3311
2.88961
2.69216
1.33766
1.01436
0.274983
0.549858
0.493448
1.39528
2.16282
4.05202
5.94563
6.70444
7.57964
7.34281
7.35588
5.96887
4.85999
2.08863
0.720968
-1.28972
-1.90256
-3.05287
-2.87378
-2.96226
-1.47441
-0.0704027
-0.446494
-0.719554
-2.70464
-4.33132
-7.97018
-11.147
-16.5508
-20.0248
-24.2924
-26.8032
-30.0236
-31.7385
-33.8969
-34.4169
-35.2052
-38.1639
-41.2257
-46.3091
-51.2682
-58.5101
-65.647
-75.358
-83.9597
-94.2154
-103.962
-115.925
-128.17
-143.246
-158.583
-177.181
-201.331
-221.96
-237.956
-244.173
-226.031
-155.085
8.32423
4.18556
0.440031
-2.2441
-4.17377
-5.09785
-5.36432
-4.90377
-4.21472
-3.76152
-3.41912
-3.37692
-3.43372
-3.78079
-4.17758
-4.74483
-5.03552
-5.16448
-4.92862
-4.50001
-3.74029
-2.79523
-1.57899
-0.359349
0.597509
1.37858
1.84753
2.13862
2.09282
1.89709
1.44882
1.16168
0.938509
1.01201
1.22863
1.7707
2.49514
3.51738
4.52092
5.18059
5.59245
5.56888
5.26956
4.47214
3.4256
1.98606
0.73176
-0.476817
-1.30938
-1.98851
-2.25194
-2.31084
-1.99789
-1.78315
-2.14579
-2.93054
-4.40025
-6.29131
-8.90326
-11.8537
-15.3364
-18.5701
-21.7524
-24.4893
-27.0913
-29.2747
-31.3227
-33.0697
-35.0659
-37.8626
-41.2995
-45.6649
-50.7005
-56.7378
-63.4528
-71.1159
-79.1162
-87.7713
-96.8515
-106.798
-117.423
-129.041
-141.216
-154.151
-167.207
-177.086
-180.829
-173.971
-149.677
-101.118
8.18362
4.9556
2.11926
-0.135576
-1.79888
-2.84386
-3.36973
-3.46786
-3.3473
-3.20498
-3.10515
-3.10975
-3.20356
-3.40394
-3.65138
-3.91034
-4.05858
-4.06171
-3.86817
-3.4947
-2.93156
-2.22084
-1.39662
-0.566979
0.160687
0.75386
1.17355
1.43071
1.51136
1.46511
1.32737
1.2163
1.17423
1.26746
1.49454
1.88285
2.39797
3.00902
3.59069
4.01287
4.23156
4.1913
3.8998
3.33338
2.55641
1.61603
0.67599
-0.206089
-0.937829
-1.52346
-1.92536
-2.1956
-2.38068
-2.66521
-3.23797
-4.15589
-5.48984
-7.21392
-9.34956
-11.7947
-14.4812
-17.1902
-19.8542
-22.3702
-24.7625
-27.0061
-29.1828
-31.3641
-33.7744
-36.6397
-40.0367
-44.056
-48.6906
-53.9901
-59.8936
-66.3882
-73.33
-80.7152
-88.4925
-96.6969
-105.244
-114.036
-122.751
-130.947
-137.655
-141.047
-138.968
-128.875
-108.265
-76.4292
7.6162
5.16071
2.96026
1.12029
-0.315198
-1.33825
-1.99194
-2.34777
-2.51211
-2.58825
-2.64182
-2.71515
-2.82104
-2.96041
-3.1097
-3.23646
-3.29175
-3.24333
-3.06799
-2.76372
-2.33659
-1.81113
-1.22334
-0.629081
-0.0838143
0.377573
0.732193
0.975502
1.11118
1.16338
1.16599
1.17003
1.21357
1.32859
1.52673
1.81082
2.16106
2.54133
2.88844
3.13649
3.24181
3.17372
2.92413
2.49599
1.92066
1.24367
0.534886
-0.153721
-0.778553
-1.32485
-1.79024
-2.2049
-2.62217
-3.13416
-3.8351
-4.78414
-6.01967
-7.54594
-9.35226
-11.39
-13.5956
-15.877
-18.1713
-20.4313
-22.6496
-24.8358
-27.0381
-29.3305
-31.8297
-34.6534
-37.8794
-41.563
-45.7252
-50.3743
-55.4848
-61.0185
-66.907
-73.0961
-79.5199
-86.1036
-92.7135
-99.1409
-105.039
-109.885
-112.879
-112.889
-108.643
-98.9249
-83.0146
-61.4863
6.86872
4.99951
3.28315
1.79475
0.575654
-0.363398
-1.04194
-1.50225
-1.80278
-2.00281
-2.14885
-2.27246
-2.38908
-2.50138
-2.59921
-2.66423
-2.67302
-2.60641
-2.4522
-2.20838
-1.8819
-1.48989
-1.05808
-0.61932
-0.206213
0.156357
0.45246
0.676624
0.832564
0.93442
1.00395
1.06825
1.15136
1.27144
1.43658
1.64498
1.88234
2.12286
2.33034
2.46711
2.50332
2.41906
2.20713
1.87217
1.43294
0.918744
0.366418
-0.191469
-0.730619
-1.24095
-1.72638
-2.20857
-2.72539
-3.3291
-4.07301
-4.99782
-6.12881
-7.4726
-9.01952
-10.7416
-12.5987
-14.543
-16.5354
-18.55
-20.5807
-22.6398
-24.7611
-26.9968
-29.4152
-32.085
-35.0604
-38.3785
-42.0557
-46.0913
-50.4639
-55.135
-60.0482
-65.1362
-70.314
-75.4695
-80.4428
-85.0059
-88.8354
-91.4909
-92.3951
-90.8596
-86.1962
-77.8891
-65.8528
-50.7396
6.04808
4.61908
3.27872
2.08237
1.06426
0.237357
-0.405155
-0.885771
-1.23707
-1.49402
-1.68706
-1.83872
-1.96222
-2.06202
-2.1348
-2.17179
-2.16165
-2.09445
-1.96425
-1.77088
-1.52033
-1.22478
-0.901593
-0.571402
-0.254611
0.0320887
0.277567
0.477253
0.633101
0.753302
0.850738
0.940687
1.03726
1.15075
1.28547
1.43877
1.60043
1.75332
1.87544
1.94396
1.93972
1.8497
1.66878
1.40002
1.0547
0.650306
0.20756
-0.254571
-0.722531
-1.19125
-1.66548
-2.16063
-2.70172
-3.32035
-4.04861
-4.91275
-5.92962
-7.10477
-8.43254
-9.89674
-11.4739
-13.1376
-14.8655
-16.6433
-18.4687
-20.3521
-22.3169
-24.3977
-26.6362
-29.0741
-31.7458
-34.674
-37.8677
-41.3206
-45.0107
-48.9001
-52.9348
-57.0443
-61.1373
-65.095
-68.7597
-71.9239
-74.3198
-75.6151
-75.4217
-73.332
-68.9947
-62.2223
-53.1205
-42.1961
5.20502
4.1111
3.06698
2.11341
1.2776
0.572683
-0.00141083
-0.455422
-0.807166
-1.07719
-1.28481
-1.44546
-1.56941
-1.66152
-1.72188
-1.74716
-1.7324
-1.67317
-1.56723
-1.41569
-1.22353
-0.999455
-0.7552
-0.504201
-0.259697
-0.0328481
0.168586
0.340975
0.484933
0.60493
0.70827
0.803552
0.89874
0.999438
1.10754
1.22048
1.33106
1.42805
1.49761
1.52552
1.49954
1.41117
1.25681
1.03807
0.761448
0.437048
0.0765751
-0.309315
-0.713381
-1.13366
-1.57446
-2.04659
-2.56642
-3.15374
-3.82857
-4.60772
-5.50247
-6.51715
-7.64904
-8.88916
-10.2243
-11.6398
-13.1235
-14.6679
-16.273
-17.947
-19.7056
-21.5713
-23.5698
-25.7263
-28.0613
-30.5872
-33.306
-36.2079
-39.27
-42.4556
-45.7133
-48.9755
-52.1551
-55.1418
-57.7966
-59.9476
-61.3882
-61.882
-61.1776
-59.0401
-55.2988
-49.9092
-43.0122
-34.9688
4.36427
3.531
2.72447
1.97443
1.30203
0.719167
0.228944
-0.172826
-0.495443
-0.750749
-0.950714
-1.10563
-1.22302
-1.30731
-1.36008
-1.38077
-1.36782
-1.3198
-1.2365
-1.11967
-0.973375
-0.803881
-0.619229
-0.428372
-0.2401
-0.0619446
0.100657
0.244853
0.370472
0.479735
0.576587
0.665723
0.751451
0.836616
0.92177
1.0047
1.08036
1.14137
1.17885
1.18376
1.14824
1.06672
0.936591
0.758503
0.536003
0.274742
-0.0188108
-0.338894
-0.681905
-1.04753
-1.43936
-1.86491
-2.33497
-2.8622
-3.45935
-4.13732
-4.90368
-5.76181
-6.71077
-7.74586
-8.85992
-10.0451
-11.2949
-12.606
-13.9793
-15.4209
-16.9413
-18.5547
-20.2768
-22.1224
-24.103
-26.2236
-28.4817
-30.8654
-33.3523
-35.9082
-38.4864
-41.0264
-43.4515
-45.6673
-47.5599
-48.9949
-49.8206
-49.8744
-48.9976
-47.0574
-43.9767
-39.7669
-34.555
-28.5918
3.53715
2.912
2.3002
1.72324
1.1971
0.731786
0.331456
-0.00469723
-0.281153
-0.504517
-0.682033
-0.820374
-0.924856
-0.999095
-1.04506
-1.06346
-1.05436
-1.01785
-0.954691
-0.866763
-0.757297
-0.630826
-0.492895
-0.349543
-0.206669
-0.0693922
0.0584705
0.174707
0.278776
0.371611
0.4552
0.531978
0.604135
0.672965
0.738355
0.798501
0.849905
0.88767
0.906068
0.899296
0.862269
0.79129
0.684481
0.541914
0.365397
0.157949
-0.0769877
-0.33646
-0.618876
-0.92468
-1.25672
-1.62019
-2.02223
-2.47103
-2.97482
-3.54071
-4.17382
-4.87677
-5.64955
-6.48992
-7.39422
-8.35841
-9.37928
-10.4555
-11.5885
-12.7824
-14.0441
-15.3825
-16.8069
-18.3255
-19.9439
-21.6629
-23.4776
-25.3755
-27.3361
-29.3295
-31.3157
-33.2436
-35.0501
-36.6594
-37.9829
-38.9207
-39.3652
-39.2077
-38.3497
-36.7176
-34.2807
-31.0679
-27.1799
-22.7891
2.72747
2.27357
1.82562
1.39868
1.00442
0.650643
0.341365
0.0772727
-0.143513
-0.324514
-0.469977
-0.584097
-0.670472
-0.731824
-0.769969
-0.786003
-0.780628
-0.754545
-0.708816
-0.645137
-0.56598
-0.474557
-0.374655
-0.270318
-0.165482
-0.0635905
0.0327105
0.121762
0.202926
0.276467
0.343282
0.404541
0.461259
0.513914
0.562133
0.604531
0.638719
0.661488
0.669158
0.658019
0.624801
0.567066
0.483467
0.373812
0.238928
0.0803324
-0.100244
-0.301399
-0.522579
-0.764473
-1.02922
-1.32035
-1.64255
-2.0011
-2.40128
-2.8477
-3.34383
-3.89159
-4.4914
-5.14235
-5.84269
-6.59048
-7.3843
-8.22382
-9.11027
-10.0465
-11.037
-12.0869
-13.2016
-14.3853
-15.6402
-16.9649
-18.3538
-19.7956
-21.273
-22.7616
-24.2293
-25.636
-26.933
-28.0632
-28.9616
-29.5573
-29.7769
-29.5499
-28.8165
-27.537
-25.702
-23.3413
-20.5291
-17.3813
1.9345
1.62649
1.32065
1.02697
0.753336
0.505313
0.286096
0.0967665
-0.0632819
-0.195809
-0.303184
-0.387908
-0.452265
-0.498122
-0.526874
-0.539532
-0.536883
-0.519704
-0.488966
-0.445988
-0.392514
-0.330697
-0.263001
-0.192019
-0.120266
-0.0499573
0.0171656
0.0799438
0.13782
0.190765
0.239122
0.283389
0.32398
0.360991
0.394029
0.422118
0.443705
0.456777
0.459056
0.448256
0.422353
0.379801
0.319685
0.241747
0.146309
0.0340703
-0.0941646
-0.237802
-0.396754
-0.571662
-0.76401
-0.97609
-1.21084
-1.47153
-1.76143
-2.08344
-2.43976
-2.83176
-3.25991
-3.72394
-4.22311
-4.75657
-5.32378
-5.9248
-6.56058
-7.23295
-7.94453
-8.69829
-9.49708
-10.3429
-11.2361
-12.1749
-13.154
-14.1648
-15.194
-16.2238
-17.2308
-18.1864
-19.0564
-19.801
-20.3764
-20.7357
-20.8319
-20.6217
-20.07
-19.1565
-17.8803
-16.2653
-14.3614
-12.2431
1.15496
0.976332
0.798263
0.626434
0.465427
0.318556
0.187849
0.074158
-0.0226163
-0.103257
-0.168939
-0.220979
-0.260633
-0.288981
-0.30689
-0.315038
-0.313994
-0.304323
-0.286679
-0.261891
-0.230998
-0.195243
-0.156016
-0.114771
-0.0729108
-0.0316777
0.00793546
0.0452421
0.0798706
0.111725
0.140905
0.167588
0.19191
0.213843
0.233107
0.249121
0.26101
0.267665
0.267843
0.260303
0.243938
0.217891
0.181627
0.134948
0.0779475
0.0109098
-0.0658369
-0.15208
-0.247876
-0.353661
-0.470308
-0.599105
-0.741668
-0.899791
-1.07526
-1.26965
-1.48422
-1.71977
-1.97664
-2.25481
-2.55402
-2.87395
-3.21442
-3.57559
-3.95803
-4.36276
-4.79114
-5.24467
-5.72469
-6.232
-6.76642
-7.32637
-7.90846
-8.50708
-9.11407
-9.71845
-10.3062
-10.8601
-11.3599
-11.7823
-12.1022
-12.2928
-12.3281
-12.1847
-11.8446
-11.298
-10.5466
-9.60517
-8.50255
-7.28024
-1299.45
-1322.6
-1346.2
-1370.15
-1394.39
-1418.83
-1443.41
-1468.06
-1492.74
-1517.4
-1542
-1566.5
-1590.9
-1615.16
-1639.27
-1663.23
-1687.03
-1710.68
-1734.17
-1757.51
-1780.72
-1803.81
-1826.79
-1849.69
-1872.52
-1895.31
-1918.06
-1940.81
-1963.56
-1986.33
-2009.14
-2032
-2054.93
-2077.93
-2101.01
-2124.18
-2147.45
-2170.83
-2194.31
-2217.91
-2241.6
-2265.4
-2289.28
-2313.22
-2337.21
-2361.23
-2385.22
-2409.17
-2433.04
-2456.77
-2480.31
-2503.63
-2526.64
-2549.3
-2571.52
-2593.22
-2614.32
-2634.72
-2654.3
-2672.94
-2690.53
-2706.91
-2721.94
-2735.47
-2747.32
-2757.32
-2765.28
-2771.01
-2774.29
-2774.9
-2772.61
-2767.16
-2758.31
-2745.77
-2729.28
-2708.54
-2683.29
-2653.24
-2618.13
-2577.74
-2531.86
-2480.34
-2423.1
-2360.11
-2291.45
-2217.26
-2137.8
-2053.42
-1964.56
-1871.74
743.373
397.999
252.408
177.526
132.919
103.369
82.1879
66.0552
53.153
42.4059
33.1344
24.8833
17.3292
10.2278
3.38174
147.408
201.905
175.306
141.825
113.989
92.2285
75.1109
61.3092
49.853
40.0643
31.4666
23.7167
16.5576
9.78747
3.23856
9.72643
86.9032
105.084
100.477
88.9826
76.4444
64.7171
54.2172
44.8851
36.5311
28.9507
21.9591
15.3969
9.12585
3.02354
-25.3373
30.8962
57.651
66.014
65.0194
59.8487
53.0955
45.9565
38.9388
32.224
25.8456
19.772
13.9447
8.29545
2.75326
-33.9646
4.36803
28.6089
40.9083
45.2316
44.8349
41.859
37.5742
32.689
27.5801
22.4355
17.3384
12.3143
7.35793
2.4473
-34.5989
-8.06811
11.5082
23.7783
30.1636
32.3995
31.9312
29.7917
26.6626
22.9717
18.9778
14.8315
10.6162
6.37456
2.12528
-32.4316
-13.5495
1.71352
12.5327
19.2446
22.668
23.674
22.9985
21.1977
18.6662
15.6723
12.3934
8.94437
5.39878
1.80451
-29.1738
-15.4118
-3.63735
5.39412
11.6137
15.3537
17.0981
17.3302
16.4634
14.8228
12.6516
10.1253
7.36903
4.47165
1.4985
-25.4716
-15.2867
-6.24537
1.06728
6.46202
10.0348
12.0344
12.7606
12.5025
11.5101
9.9858
8.0872
5.9347
3.62027
1.2163
-21.5937
-14.0182
-7.1249
-1.34186
3.13214
6.28878
8.24392
9.17505
9.27586
8.72917
7.69416
6.30289
4.66222
2.8584
0.962679
-17.6574
-12.0675
-6.89439
-2.44212
1.11945
3.74411
5.47729
6.41968
6.69655
6.43643
5.75868
4.76787
3.55282
2.18837
0.738674
-13.7128
-9.69987
-5.94307
-2.65173
0.0436284
2.09087
3.50142
4.32979
4.65418
4.56128
4.13622
3.45708
2.59282
1.60357
0.542345
-9.77904
-7.07623
-4.52632
-2.26538
-0.384124
1.07428
2.10766
2.74383
3.02906
3.01823
2.76778
2.33136
1.75779
1.09073
0.369494
-5.86008
-4.2997
-2.8206
-1.49936
-0.389055
0.482691
1.11107
1.50876
1.69993
1.71475
1.58528
1.34276
1.01622
0.632052
0.214353
-1765.91
-1646.53
-1524.28
-1400.14
-1275.02
-1149.64
-1024.61
-900.327
-777.066
-654.95
-533.987
-414.087
-295.088
-176.77
-58.8756
)
;

boundaryField
{
    hot
    {
        type            calculated;
        value           nonuniform List<scalar> 
120
(
999.114
-0.198827
-0.334228
-0.473581
-0.617825
-0.767203
-0.921009
-1.07737
-1.23303
-1.38329
-1.52211
-1.64245
-1.73704
-1.79932
-1.8245
-1.8147
-1.77644
-1.71377
-1.63016
-1.52999
-1.41806
-1.29911
-1.17754
-1.05711
-0.94082
-0.830894
-0.728829
-0.635482
-0.551196
-0.475914
-0.409292
-0.350795
-0.299774
-0.255525
-0.217332
-0.184501
-0.156375
-0.13235
-0.111877
-0.0944656
-0.0796819
-0.0671453
-0.0565242
-0.0475312
-0.0399185
-0.033473
-0.0280117
-0.0233782
-0.0194381
-0.0160766
-0.013195
-0.0107081
-0.00854223
-0.00663272
-0.00492253
-0.0033604
-0.0018994
-0.000495539
0.000893457
0.00230945
0.00379512
0.00539519
0.00715779
0.0091358
0.0113885
0.013983
0.0169967
0.0205188
0.0246532
0.029521
0.0352641
0.0420482
0.0500676
0.059549
0.070757
0.0839992
0.0996324
0.118068
0.139776
0.165296
0.19523
0.230256
0.271114
0.318605
0.373574
0.43688
0.509359
0.591766
0.684697
0.788491
0.903108
1.02799
1.16192
1.30287
1.4479
1.59313
1.73376
1.86432
1.97896
2.07194
2.13823
2.17408
2.17747
2.14836
2.08871
1.99078
1.85594
1.69962
1.5311
1.35848
1.1881
1.02443
0.87018
0.726594
0.593757
0.470929
0.356801
0.249702
0.147739
-1006.79
)
;
    }
    cold
    {
        type            calculated;
        value           nonuniform List<scalar> 
120
(
5.76622
-0.0580844
-0.0962266
-0.133449
-0.169289
-0.203205
-0.234565
-0.262658
-0.286722
-0.305993
-0.319774
-0.327526
-0.328955
-0.324087
-0.313312
-0.299056
-0.282817
-0.264308
-0.244246
-0.223337
-0.202225
-0.181468
-0.161513
-0.142693
-0.125235
-0.109268
-0.0948433
-0.0819476
-0.0705229
-0.0604795
-0.051709
-0.0440931
-0.0375116
-0.0318469
-0.0269878
-0.0228313
-0.0192836
-0.0162606
-0.0136877
-0.0114991
-0.00963721
-0.00805186
-0.00669951
-0.00554237
-0.00454767
-0.00368687
-0.00293503
-0.00227019
-0.00167278
-0.00112509
-0.000610806
-0.000114553
0.00037857
0.000883407
0.00141518
0.00198996
0.0026251
0.00333981
0.00415569
0.0050974
0.00619338
0.00747669
0.00898602
0.0107668
0.0128726
0.0153666
0.0183235
0.0218315
0.0259953
0.0309383
0.0368066
0.0437729
0.0520408
0.0618502
0.0734837
0.0872726
0.103606
0.122936
0.145791
0.172782
0.204614
0.242091
0.286131
0.33776
0.398123
0.468468
0.550134
0.644515
0.753009
0.876946
1.01747
1.17542
1.3511
1.54412
1.7531
1.97542
2.20701
2.44212
2.67335
2.89175
3.08723
3.24927
3.36788
3.43466
3.44388
3.38174
3.23856
3.02354
2.75326
2.4473
2.12528
1.80451
1.4985
1.2163
0.962679
0.738674
0.542345
0.369494
0.214353
-58.8756
)
;
    }
    interface_left
    {
        type            calculated;
        value           nonuniform List<scalar> 
90
(
-313.783
-106.709
-42.9702
-20.7096
-11.6547
-7.3508
-5.00945
-3.59627
-2.67636
-2.04392
-1.59122
-1.25711
-1.00458
-0.810096
-0.658019
-0.537635
-0.441376
-0.363769
-0.30077
-0.249338
-0.20715
-0.172407
-0.1437
-0.119914
-0.100157
-0.0837127
-0.0700002
-0.0585462
-0.0489634
-0.0409329
-0.0341915
-0.0285206
-0.0237385
-0.0196932
-0.0162571
-0.0133225
-0.010798
-0.00860519
-0.00667638
-0.00495214
-0.00337951
-0.00191029
-0.000499538
0.000895874
0.00231858
0.00381205
0.00542195
0.00719758
0.00919342
0.0114708
0.0141
0.0171624
0.020753
0.0249841
0.0299883
0.0359239
0.0429798
0.0513828
0.0614058
0.0733785
0.0877005
0.104858
0.125447
0.150196
0.180011
0.216016
0.259621
0.312612
0.377274
0.456562
0.554358
0.675838
0.828034
1.0207
1.26773
1.58943
2.01663
2.59801
3.41461
4.61035
6.46271
9.5641
15.3385
27.6622
58.384
147.363
438.802
437.634
142.277
41.5842
)
;
    }
    interface_right
    {
        type            calculated;
        value           nonuniform List<scalar> 
90
(
-17.5178
-6.57212
-2.99099
-1.62774
-1.01326
-0.689667
-0.497148
-0.372183
-0.285991
-0.223932
-0.177818
-0.14273
-0.115534
-0.0941457
-0.077128
-0.063459
-0.0523944
-0.0433807
-0.0359986
-0.0299258
-0.0249109
-0.0207559
-0.0173032
-0.0144261
-0.012022
-0.0100076
-0.00831416
-0.00688529
-0.00567395
-0.00464084
-0.00375283
-0.0029817
-0.00230318
-0.00169603
-0.00114141
-0.000622154
-0.000122289
0.000373519
0.000880433
0.00141393
0.00199028
0.00262703
0.00334358
0.00416176
0.00510649
0.00620658
0.0074956
0.00901291
0.0108049
0.0129265
0.0154427
0.018431
0.0219833
0.0262096
0.0312409
0.0372339
0.0443761
0.0528923
0.0630523
0.0751807
0.0896686
0.106988
0.127711
0.152534
0.182302
0.218056
0.261074
0.312939
0.375628
0.451622
0.544074
0.657025
0.795721
0.967072
1.18032
1.44808
1.78791
2.22488
2.79589
3.55704
4.59743
6.06589
8.22768
11.5959
17.2687
27.8887
50.6534
107.556
272.533
812.89
)
;
    }
    interface_top
    {
        type            calculated;
        value           nonuniform List<scalar> 
90
(
-39.022
42.7619
-62.2973
8.10085
-52.0281
-0.96005
-43.8904
-11.6217
18.0655
-20.0077
17.2407
-20.7315
18.9335
-22.205
21.0122
-35.5167
5.51495
-30.3216
3.0788
-25.279
2.37798
-21.8796
-2.18375
17.2898
-6.54795
20.0041
-6.84521
24.3286
-8.55477
28.9756
-22.5598
16.3465
-20.9518
13.5548
-18.7216
11.812
-17.5037
5.21173
28.4127
-1.39422
31.8479
-3.56999
37.2761
-8.32506
42.6531
-30.5746
23.3324
-30.9992
17.4273
-30.5735
12.6641
-31.8815
0.163793
33.0639
-13.4786
34.0588
-21.0461
36.3146
-31.8969
37.0002
-64.2421
5.2085
-65.5759
-6.68492
-66.6409
-17.0084
-70.3514
-36.0655
-2.25857
-56.15
-8.97771
-69.564
-15.5128
-86.5611
-24.798
-123.173
-62.9455
-136.064
-85.3617
-156.524
-111.665
-200.89
-172.483
-139.476
-342.011
-341.985
-399.804
-530.214
-825.066
-1598.39
)
;
    }
    interface_bottom
    {
        type            calculated;
        value           nonuniform List<scalar> 
90
(
367.973
141.447
111.796
48.4182
68.4468
32.5229
51.8074
30.871
12.7551
31.6528
11.5568
29.8798
10.6295
29.2031
10.7137
33.1696
18.1298
29.3691
20.0154
25.4102
20.504
21.9671
20.3585
20.1866
19.4161
21.9129
17.692
23.7489
15.0967
25.4481
8.56636
21.5128
7.05062
20.5318
5.86302
19.6563
4.02
15.4631
28.0814
10.2209
29.862
6.90743
31.9542
2.29235
33.1728
-10.2608
21.614
-8.87498
19.7306
-7.75426
18.5742
-8.46687
11.9093
33.3919
3.85011
35.5152
-0.422484
38.1845
-6.35014
39.642
-23.6351
22.764
-20.6913
20.1706
-18.5278
18.4837
-19.0562
9.21221
38.7704
-1.72365
41.5987
-7.31049
45.7706
-15.4301
49.3567
-43.0101
24.3422
-43.1989
17.7492
-45.6044
10.4485
-53.8523
-11.8939
32.1021
-55.8441
-6.73855
54.0271
-126.562
-77.1449
-64.0308
)
;
    }
    defaultFaces
    {
        type            empty;
    }
}


// ************************************************************************* //
