/*--------------------------------*- C++ -*----------------------------------*\
| =========                 |                                                 |
| \\      /  F ield         | OpenFOAM: The Open Source CFD Toolbox           |
|  \\    /   O peration     | Version:  5.x                                   |
|   \\  /    A nd           | Web:      www.OpenFOAM.org                      |
|    \\/     M anipulation  |                                                 |
\*---------------------------------------------------------------------------*/
FoamFile
{
    version     2.0;
    format      ascii;
    class       volScalarField;
    location    "7.5";
    object      gradTx;
}
// * * * * * * * * * * * * * * * * * * * * * * * * * * * * * * * * * * * * * //

dimensions      [0 -1 0 1 0 0 0];

internalField   nonuniform List<scalar> 
6300
(
84.5065
85.0529
86.1345
87.7283
89.7976
92.29
95.1352
98.2428
101.501
104.777
107.92
110.768
113.159
114.938
115.977
83.9579
84.5155
85.6202
87.2506
89.3722
91.9349
94.8706
98.0899
101.481
104.907
108.212
111.224
113.767
115.675
116.806
82.8496
83.4285
84.5779
86.2795
88.5032
91.2044
94.3198
97.7633
101.422
105.156
108.795
112.147
115.009
117.185
118.507
81.1601
81.7691
82.9813
84.7839
87.1546
90.0576
93.4385
97.2185
101.287
105.497
109.661
113.556
116.934
119.547
121.178
78.8594
79.5042
80.7921
82.7181
85.2714
88.4304
92.1559
96.3827
101.008
105.882
110.795
115.48
119.621
122.887
124.978
75.9117
76.5941
77.9625
80.0229
82.7804
86.2343
90.3697
95.1456
100.479
106.224
112.154
117.945
123.182
127.4
130.159
72.2796
72.9959
74.4389
76.6284
79.5908
83.3544
87.9405
93.3489
99.5352
106.38
113.65
120.96
127.76
133.369
137.105
67.9292
68.6689
70.1667
72.4588
75.5978
79.6498
84.6869
90.7717
97.9305
106.108
115.103
124.484
133.524
141.209
146.415
62.837
63.582
65.0984
67.4401
70.6896
74.9581
80.3834
87.1182
95.3044
105.018
116.168
128.346
140.64
151.525
159.058
56.9979
57.7216
59.2027
61.5117
64.7603
69.1078
74.7681
82.011
91.1489
102.487
116.201
132.089
149.162
165.191
176.671
50.4334
51.1018
52.4774
54.642
57.73
61.9426
67.5681
75.0067
84.7908
97.5786
114.059
134.642
158.727
183.401
202.232
43.1988
43.7732
44.9611
46.8471
49.5734
53.3626
58.5531
65.6547
75.4269
88.975
107.811
133.692
167.697
207.451
241.686
35.3883
35.8293
36.7452
38.2102
40.3523
43.3794
47.6252
53.6302
62.285
75.0808
94.516
124.613
170.914
237.015
308.484
27.1352
27.4088
27.9787
28.8947
30.2446
32.1759
34.9365
38.954
45.0001
54.5448
70.5563
99.3274
154.329
261.207
438.405
18.607
18.6908
18.8649
19.1437
19.5539
20.1419
20.9894
22.2476
24.2148
27.54
33.8349
47.8088
85.8632
215.074
746.956
116.234
115.799
114.75
113.105
110.9
108.183
105.012
101.45
97.5582
93.3942
89.0112
84.4557
79.7676
74.9811
70.1247
65.2229
60.2969
55.3651
50.444
45.5484
40.692
35.887
31.1444
26.4741
21.8843
17.3822
12.9734
8.66236
4.45197
0.344034
-3.6608
-7.56288
-11.3634
-15.064
-18.6669
-22.1743
-25.5882
-28.9106
-32.1429
-35.2864
-38.3419
-41.3106
-44.1933
-46.9919
-49.7082
-52.3454
-54.9067
-57.3962
-59.8182
-62.1767
-64.4752
-66.7164
-68.9016
-71.031
-73.1033
-75.116
-77.0658
-78.9492
-80.7623
-82.5015
-84.1639
-85.7468
-87.2476
-88.6637
-89.9916
-91.2265
-92.3616
-93.3879
-94.2939
-95.0657
-95.6874
-96.1416
-96.4106
-96.477
-96.3249
-95.9405
-95.3131
-94.4355
-93.3044
-91.9205
-90.2884
-88.4171
-86.3199
-84.0143
-81.5223
-78.8699
-76.0878
-73.2099
-70.273
-67.3154
117.109
116.68
115.606
113.91
111.634
108.833
105.574
101.924
97.9477
93.7078
89.2579
84.6449
79.908
75.0802
70.1887
65.2568
60.3042
55.3488
50.4063
45.4913
40.6174
35.7966
31.0401
26.3577
21.7579
17.2477
12.8327
8.5174
4.30452
0.195741
-3.80852
-7.70887
-11.5068
-15.2043
-18.804
-22.3083
-25.7195
-29.0396
-32.2702
-35.4122
-38.4664
-41.4334
-44.3139
-47.1093
-49.8216
-52.4536
-55.0091
-57.4925
-59.9086
-62.262
-64.5567
-66.7958
-68.981
-71.1122
-73.1879
-75.2053
-77.1605
-79.0492
-80.8673
-82.611
-84.2772
-85.8636
-87.3683
-88.7894
-90.1242
-91.3687
-92.5168
-93.5597
-94.4858
-95.2805
-95.927
-96.4069
-96.7009
-96.7903
-96.6578
-96.2889
-95.6719
-94.7992
-93.6672
-92.2763
-90.6313
-88.7411
-86.6187
-84.2816
-81.7517
-79.0556
-76.2245
-73.2938
-70.3019
-67.2892
118.906
118.486
117.356
115.548
113.12
110.143
106.697
102.863
98.7155
94.3216
89.7377
85.0107
80.1779
75.2695
70.3098
65.319
60.3147
55.3128
50.3281
45.3746
40.4654
35.6131
30.8286
26.1221
21.5021
16.9757
12.5486
8.22491
4.00731
-0.102866
-4.1056
-8.00204
-11.7943
-15.4852
-19.0779
-22.5757
-25.9813
-29.297
-32.5243
-35.6638
-38.7157
-41.6798
-44.5562
-47.3455
-50.0495
-52.6711
-55.2144
-57.6849
-60.0883
-62.4307
-64.7173
-66.952
-69.1369
-71.2721
-73.3554
-75.3829
-77.3495
-79.2497
-81.0782
-82.8307
-84.5041
-86.0967
-87.608
-89.0378
-90.3854
-91.6484
-92.8221
-93.8984
-94.8652
-95.7071
-96.4052
-96.9382
-97.2842
-97.4214
-97.3299
-96.9929
-96.3974
-95.5348
-94.401
-92.9965
-91.3259
-89.3979
-87.2253
-84.825
-82.219
-79.4343
-76.5035
-73.4644
-70.3594
-67.2335
121.726
121.312
120.078
118.078
115.393
112.124
108.377
104.251
99.8363
95.2069
90.4221
85.527
80.5551
75.5312
70.4742
65.3995
60.3207
55.2512
50.2042
45.1931
40.2313
35.3312
30.5045
25.7617
21.1113
16.5608
12.1156
7.77967
3.55551
-0.556008
-4.55549
-8.44491
-12.2274
-15.907
-19.4882
-22.9752
-26.372
-29.6811
-32.9041
-36.0409
-39.0907
-42.0519
-44.9231
-47.7039
-50.3952
-53.0002
-55.5238
-57.9727
-60.355
-62.6788
-64.9515
-67.1787
-69.3634
-71.5056
-73.602
-75.647
-77.6331
-79.5523
-81.3974
-83.163
-84.8459
-86.4456
-87.9639
-89.4034
-90.7669
-92.0553
-93.2663
-94.393
-95.4232
-96.3394
-97.1194
-97.7375
-98.1667
-98.3802
-98.354
-98.0676
-97.506
-96.6593
-95.5233
-94.0985
-92.3897
-90.4056
-88.1581
-85.6634
-82.9425
-80.0223
-76.937
-73.7287
-70.4458
-67.1415
125.739
125.314
123.903
121.591
118.506
114.794
110.599
106.054
101.264
96.314
91.2634
86.1521
81.0057
75.8393
70.663
65.4846
60.3123
55.1562
50.0277
44.9402
39.9075
34.943
30.0594
25.2676
20.5767
15.994
11.5251
7.17357
2.94165
-1.17028
-5.1636
-9.04139
-12.8083
-16.4702
-20.0334
-23.5043
-26.8882
-30.1887
-33.4071
-36.5427
-39.5925
-42.5527
-45.4194
-48.1901
-50.8645
-53.4456
-55.9396
-58.3557
-60.705
-62.9995
-65.2501
-67.4655
-69.65
-71.8038
-73.9217
-75.9948
-78.0117
-79.9603
-81.83
-83.613
-85.3061
-86.9106
-88.4317
-89.8771
-91.2552
-92.5724
-93.8305
-95.0251
-96.1439
-97.1665
-98.0652
-98.8074
-99.3581
-99.6829
-99.751
-99.5372
-99.0235
-98.199
-97.0599
-95.6079
-93.8487
-91.7909
-89.4456
-86.8264
-83.9515
-80.8465
-77.5467
-74.0991
-70.5621
-67.0017
131.211
130.736
129.021
126.214
122.519
118.155
113.326
108.205
102.921
97.5643
92.1901
86.8265
81.4833
76.1604
70.8535
65.5597
60.2799
55.0203
49.7915
44.6078
39.4848
34.438
29.4818
24.6279
19.8861
15.2635
10.7654
6.39533
2.15516
-1.95517
-5.9378
-9.79721
-13.5401
-17.1749
-20.7111
-24.1581
-27.5239
-30.8137
-34.029
-37.1672
-40.2227
-43.1873
-46.0532
-48.814
-51.4674
-54.0156
-56.4668
-58.8337
-61.1329
-63.3822
-65.5987
-67.7955
-69.9801
-72.1524
-74.3046
-76.4225
-78.4876
-80.4809
-82.3859
-84.1913
-85.8928
-87.4945
-89.0071
-90.4465
-91.83
-93.173
-94.4847
-95.765
-97.0018
-98.1704
-99.2349
-100.152
-100.873
-101.354
-101.553
-101.437
-100.987
-100.19
-99.0458
-97.5582
-95.7362
-93.5891
-91.126
-88.3561
-85.2908
-81.9501
-78.3678
-74.5972
-70.7111
-66.7968
138.552
137.944
135.708
132.113
127.493
122.183
116.474
110.589
104.68
98.838
93.0999
87.4697
81.9305
76.4569
71.0239
65.6134
60.2175
54.839
49.4898
44.1873
38.9517
33.8024
28.7563
23.8268
19.0236
14.3536
9.82132
5.43016
1.18185
-2.92369
-6.88916
-10.7205
-14.427
-18.0211
-21.5168
-24.9284
-28.2685
-31.5454
-34.761
-37.9104
-40.9828
-43.9635
-46.8373
-49.5919
-52.2206
-54.7246
-57.1144
-59.4084
-61.6316
-63.8114
-65.9744
-68.1421
-70.3268
-72.529
-74.7361
-76.9248
-79.0656
-81.1276
-83.0842
-84.9177
-86.6221
-88.2052
-89.6867
-91.0949
-92.4618
-93.8172
-95.1828
-96.5662
-97.9566
-99.3228
-100.616
-101.775
-102.734
-103.429
-103.805
-103.819
-103.447
-102.681
-101.524
-99.9889
-98.0902
-95.8407
-93.2472
-90.3096
-87.0255
-83.4001
-79.459
-75.2604
-70.8995
-66.4999
148.409
147.49
144.352
139.485
133.457
126.784
119.872
113.004
106.344
99.9599
93.8527
87.9803
82.2818
76.6935
71.1606
65.645
60.129
54.6149
49.1199
43.67
38.2939
33.0177
27.8626
22.8435
17.9693
13.2451
8.6742
4.2594
0.00315176
-4.09365
-8.03333
-11.8231
-15.4756
-19.0084
-22.4428
-25.8012
-29.1037
-32.3646
-35.5875
-38.7639
-41.8742
-44.8927
-47.7924
-50.5504
-53.1524
-55.5974
-57.8988
-60.0843
-62.1918
-64.2638
-66.3425
-68.4631
-70.6474
-72.8974
-75.1928
-77.4952
-79.756
-81.9249
-83.9588
-85.8286
-87.525
-89.0611
-90.4706
-91.8015
-93.1087
-94.4453
-95.8538
-97.3561
-98.9448
-100.579
-102.188
-103.685
-104.974
-105.963
-106.575
-106.755
-106.475
-105.733
-104.546
-102.941
-100.948
-98.5865
-95.8623
-92.7607
-89.2506
-85.3035
-80.9198
-76.1563
-71.1426
-66.0683
161.83
160.232
155.48
148.528
140.347
131.724
123.205
115.117
107.607
100.682
94.2658
88.2389
82.4728
76.849
71.2713
65.6761
60.0369
54.3623
48.6842
43.0461
37.4915
32.0581
26.7729
21.6514
16.6991
11.916
7.30239
2.86053
-1.40488
-5.48949
-9.39301
-13.1229
-16.6959
-20.137
-23.4779
-26.7536
-29.9982
-33.2377
-36.4805
-39.7116
-42.897
-45.9921
-48.9508
-51.7324
-54.3096
-56.6758
-58.8491
-60.8718
-62.8019
-64.7055
-66.6491
-68.6914
-70.8724
-73.1992
-75.6383
-78.1245
-80.5773
-82.9154
-85.0684
-86.9879
-88.6573
-90.098
-91.3662
-92.541
-93.712
-94.9686
-96.3882
-98.0202
-99.8662
-101.869
-103.922
-105.894
-107.644
-109.038
-109.966
-110.351
-110.165
-109.423
-108.167
-106.453
-104.334
-101.853
-99.0196
-95.7987
-92.1035
-87.834
-82.9265
-77.411
-71.4721
-65.4289
180.618
177.513
169.771
159.337
147.872
136.511
125.915
116.397
108.024
100.67
94.1164
88.1203
82.4577
76.9366
71.4062
65.7691
59.9948
54.1137
48.1904
42.301
36.5143
30.8848
25.4472
20.2156
15.1849
10.3431
5.68341
1.20784
-3.07291
-7.14571
-11.0022
-14.6481
-18.1053
-21.4094
-24.6062
-27.75
-30.8994
-34.1053
-37.3896
-40.7244
-44.0488
-47.2873
-50.3633
-53.2077
-55.77
-58.0307
-60.0154
-61.7915
-63.4493
-65.0887
-66.8124
-68.7189
-70.8863
-73.3384
-76.0147
-78.8007
-81.5628
-84.1712
-86.5129
-88.506
-90.1176
-91.3821
-92.395
-93.2843
-94.1906
-95.2558
-96.6154
-98.3745
-100.561
-103.083
-105.771
-108.42
-110.823
-112.784
-114.136
-114.768
-114.656
-113.851
-112.447
-110.544
-108.242
-105.624
-102.734
-99.518
-95.7818
-91.2819
-85.8072
-79.274
-71.9505
-64.4416
208.11
201.464
187.938
171.627
155.245
140.195
127.067
116.026
106.971
99.5054
93.1618
87.5198
82.2373
77.0361
71.6933
66.0589
60.1054
53.9249
47.6473
41.4075
35.3103
29.4349
23.8247
18.4906
13.3988
8.50823
3.79951
-0.725056
-5.03997
-9.11292
-12.9142
-16.4445
-19.7348
-22.8356
-25.8099
-28.7378
-31.7183
-34.8595
-38.225
-41.7513
-45.3237
-48.8154
-52.1082
-55.0884
-57.6636
-59.7821
-61.4813
-62.8805
-64.1219
-65.3498
-66.7113
-68.3696
-70.4891
-73.1539
-76.232
-79.5102
-82.7681
-85.8101
-88.4581
-90.572
-92.0764
-93.0271
-93.6003
-94.0021
-94.4388
-95.1176
-96.2659
-98.1117
-100.771
-104.059
-107.674
-111.298
-114.638
-117.405
-119.34
-120.257
-120.141
-119.142
-117.442
-115.21
-112.601
-109.784
-106.916
-103.985
-100.558
-96.1321
-90.2105
-82.2738
-72.6948
-62.8037
251.09
235.317
210.113
184.013
160.702
141.108
125.213
112.793
103.626
96.7239
91.1951
86.4002
81.8984
77.3384
72.3993
66.8073
60.5419
53.8753
47.0492
40.3082
33.7864
27.6031
21.8047
16.4164
11.3232
6.41166
1.65074
-2.95944
-7.355
-11.4709
-15.2157
-18.5858
-21.6366
-24.4432
-27.08
-29.6491
-32.3052
-35.29
-38.8279
-42.7111
-46.714
-50.6289
-54.3025
-57.5515
-60.2139
-62.1364
-63.3781
-64.1959
-64.8133
-65.4173
-66.182
-67.3552
-69.3056
-72.3731
-76.16
-80.2479
-84.2832
-88.0151
-91.1713
-93.5146
-94.8314
-95.2146
-95.051
-94.6683
-94.3372
-94.3019
-94.9107
-96.6761
-100.075
-104.561
-109.56
-114.585
-119.277
-123.221
-126.011
-127.229
-126.897
-125.439
-123.201
-120.416
-117.261
-114.016
-111.185
-109.167
-106.771
-103.135
-97.5141
-87.6375
-73.8872
-59.7775
325.042
282.748
233.573
192.378
160.802
136.691
118.35
104.874
97.0161
91.9634
88.1697
84.8571
81.6417
78.1851
74.0443
68.5241
61.5554
54.0544
46.3277
38.8928
31.775
25.2168
19.1939
13.9174
8.98637
4.09845
-0.714689
-5.50235
-10.0722
-14.3625
-18.0562
-21.1861
-23.8892
-26.2947
-28.4467
-30.4345
-32.4179
-34.9234
-38.9327
-43.4976
-48.2303
-52.789
-57.1071
-60.8583
-63.8285
-65.4701
-65.8843
-65.7986
-65.523
-65.2526
-65.0632
-65.2206
-66.5125
-70.5553
-75.6534
-81.0603
-86.234
-91.0476
-95.0539
-97.9338
-98.9293
-98.1879
-96.8161
-95.2586
-93.808
-92.5575
-91.8883
-92.8869
-97.811
-104.324
-111.409
-118.349
-124.993
-130.695
-134.943
-136.433
-135.27
-132.86
-129.743
-126.155
-122.046
-117.651
-114.282
-114.89
-114.767
-112.994
-110.944
-98.5778
-75.596
-53.3855
469.899
340.082
245.538
186.888
150.152
123.96
104.482
88.8618
86.3653
85.3883
84.4501
83.1726
81.7309
80.0158
77.6744
72.3259
63.3345
54.558
45.1857
37.0206
28.9574
22.0596
15.5086
10.9212
6.58768
1.67799
-3.11629
-8.35838
-13.191
-18.1125
-21.708
-24.4002
-26.5694
-28.5107
-30.0491
-31.2253
-31.7779
-32.3906
-38.2366
-44.0416
-49.9961
-55.2946
-60.7271
-65.2886
-69.3555
-70.5702
-69.1093
-67.6737
-66.2243
-64.9705
-63.4439
-61.4515
-59.7571
-67.2169
-74.7011
-82.2074
-88.702
-95.2418
-100.557
-105.066
-105.527
-102.068
-98.847
-95.6937
-92.9897
-89.9746
-86.463
-83.4437
-93.2576
-103.262
-113.463
-122.538
-132.066
-140.258
-147.845
-149.454
-145.437
-141.298
-136.962
-132.643
-127.243
-119.804
-111.652
-121.664
-125.138
-123.251
-139.228
-124.803
-76.1929
-38.0666
799.952
346.618
205.811
149.84
124.313
101.56
85.0575
53.9492
73.5247
78.7555
81.2175
81.7229
82.2121
82.7471
85.6332
81.3726
64.8031
55.9187
42.3051
35.0013
24.4614
18.4032
8.9957
7.55948
5.01917
-0.908104
-4.8724
-11.8032
-16.1812
-23.7711
-26.6594
-28.3666
-29.577
-31.3058
-32.1723
-32.9133
-31.0508
-22.3209
-37.5989
-44.3693
-52.7058
-57.6062
-65.6003
-70.4299
-78.9887
-79.522
-72.2971
-69.5674
-66.643
-65.0803
-62.4943
-57.2526
-39.8188
-63.8425
-73.7157
-84.8102
-91.1038
-101.198
-107.22
-118.024
-117.769
-105.604
-100.779
-95.4805
-92.6179
-88.1055
-80.3276
-55.5193
-88.4285
-101.916
-117.135
-126.075
-141.059
-150.692
-169.354
-170.575
-155.779
-150.016
-144.156
-140.685
-135.372
-122.982
-82.8659
-137.85
-143.226
-107.782
-211.29
-200.252
-61.6918
1.25618
-64.0851
-60.6396
-57.3337
-54.2151
-51.3211
-48.678
-46.3027
-44.2036
-42.3828
-40.8382
-39.5647
-38.556
-37.8061
-37.3094
-37.0621
-64.0013
-60.499
-57.1454
-53.9898
-51.0693
-48.4095
-46.0258
-43.9245
-42.1061
-40.5664
-39.2991
-38.2968
-37.5522
-37.0595
-36.8143
-63.8272
-60.2086
-56.7584
-53.5284
-50.5558
-47.8643
-45.4655
-43.3619
-41.5498
-40.0217
-38.768
-37.7791
-37.046
-36.5615
-36.3206
-63.5488
-59.749
-56.1502
-52.8085
-49.7606
-47.0257
-44.6092
-42.5071
-40.709
-39.2018
-37.9715
-37.0049
-36.2905
-35.8194
-35.5854
-63.1429
-59.0874
-55.2841
-51.7941
-48.6516
-45.8678
-43.438
-41.3475
-39.5767
-38.1045
-36.9108
-35.9779
-35.2912
-34.8396
-34.6156
-62.5725
-58.1726
-54.1036
-50.4316
-47.183
-44.3551
-41.9267
-39.8676
-38.1451
-36.728
-35.5887
-34.7041
-34.0562
-33.6315
-33.4214
-61.7796
-56.9261
-52.5254
-48.6448
-45.2931
-42.4423
-40.0454
-38.0504
-36.4075
-35.0731
-34.0112
-33.1932
-32.5974
-32.2085
-32.0164
-60.6713
-55.2256
-50.4265
-46.3283
-42.9017
-40.0747
-37.7616
-35.8806
-34.3608
-33.1453
-32.1893
-31.4595
-30.9314
-30.588
-30.4189
-59.0907
-52.8779
-47.6258
-43.3392
-39.9102
-37.1927
-35.0453
-33.3488
-32.0095
-30.9572
-30.1408
-29.5236
-29.08
-28.7929
-28.6518
-56.759
-49.5685
-43.8587
-39.492
-36.2064
-33.74
-31.8777
-30.4592
-29.3705
-28.5329
-27.8927
-27.4136
-27.0716
-26.8512
-26.7432
-53.1473
-44.7778
-38.7479
-34.5628
-31.683
-29.6825
-28.2657
-27.2392
-26.48
-25.9108
-25.483
-25.1661
-24.9413
-24.7968
-24.7261
-47.1914
-37.6469
-31.7917
-28.3278
-26.2797
-25.041
-24.2631
-23.7515
-23.3992
-23.1468
-22.9618
-22.8262
-22.7301
-22.6682
-22.6379
-36.6511
-26.826
-22.4437
-20.6767
-20.0665
-19.9383
-19.9936
-20.1043
-20.2179
-20.3151
-20.391
-20.4465
-20.4844
-20.5078
-20.5189
-16.7217
-10.5618
-10.48
-11.8683
-13.3711
-14.6518
-15.6684
-16.4539
-17.0527
-17.5044
-17.8402
-18.0839
-18.253
-18.3594
-18.4107
22.7973
11.7805
2.95412
-2.94534
-6.89741
-9.62911
-11.5742
-12.9899
-14.0345
-14.8092
-15.3812
-15.7958
-16.0839
-16.2656
-16.3536
10.7115
10.6153
10.4132
10.0838
9.59019
8.87148
7.82688
6.28235
3.91542
0.0619548
-6.86713
-21.4921
-60.459
-196.335
-793.218
3.59977
3.34678
2.81748
1.96083
0.687794
-1.14875
-3.79265
-7.66127
-13.5071
-22.7831
-38.525
-67.5889
-126.181
-250.2
-481.025
-3.33704
-3.73063
-4.55164
-5.8737
-7.82393
-10.6089
-14.5623
-20.2325
-28.5485
-41.1384
-60.9318
-93.1789
-146.469
-229.891
-329.122
-10.0012
-10.5119
-11.5734
-13.2726
-15.7565
-19.2583
-24.1403
-30.9668
-40.6222
-54.4919
-74.6907
-104.156
-145.829
-198.602
-246.127
-16.3113
-16.9111
-18.1531
-20.1271
-22.9827
-26.9496
-32.3684
-39.7372
-49.7695
-63.4498
-82.0141
-106.656
-137.481
-170.954
-196.135
-22.2055
-22.8651
-24.2248
-26.3697
-29.4377
-33.6329
-39.2429
-46.6582
-56.384
-69.0158
-85.1161
-104.864
-127.292
-149.064
-163.628
-27.642
-28.3333
-29.7517
-31.9716
-35.1103
-39.334
-44.8638
-51.9752
-60.9809
-72.1733
-85.6846
-101.209
-117.557
-132.18
-141.233
-32.599
-33.2969
-34.7224
-36.9359
-40.0296
-44.1284
-49.3866
-55.9767
-64.0594
-73.7205
-84.8548
-96.9817
-109.021
-119.162
-125.125
-37.0717
-37.7556
-39.1463
-41.2892
-44.2512
-48.1177
-52.9846
-58.9418
-66.0418
-74.2448
-83.3356
-92.8147
-101.803
-109.046
-113.157
-41.0698
-41.7239
-43.0481
-45.0739
-47.8449
-51.4125
-55.8256
-61.1134
-67.2581
-74.1527
-81.5465
-88.9884
-95.7959
-101.104
-104.043
-44.614
-45.227
-46.4631
-48.3412
-50.8856
-54.1203
-58.0591
-62.69
-67.9537
-73.7137
-79.724
-85.6023
-90.8303
-94.8065
-96.9691
-47.7328
-48.2976
-49.4325
-51.146
-53.4472
-56.3394
-59.8119
-63.8272
-68.3045
-73.1009
-77.993
-82.6677
-86.7339
-89.7683
-91.3971
-50.4595
-50.9727
-52.0002
-53.5429
-55.5984
-58.1556
-61.1879
-64.6435
-68.4337
-72.4217
-76.4129
-80.1553
-83.3538
-85.7059
-86.956
-52.83
-53.2907
-54.2103
-55.584
-57.4013
-59.642
-62.2701
-65.2274
-68.4257
-71.74
-75.0054
-78.0205
-80.5614
-82.4085
-83.3829
-54.8808
-55.2901
-56.1051
-57.317
-58.9104
-60.8593
-63.1236
-65.6439
-68.337
-71.0923
-73.7717
-76.2148
-78.2506
-79.7172
-80.4862
-56.6474
-57.0081
-57.7244
-58.7854
-60.1726
-61.8577
-63.7995
-65.9405
-68.2051
-70.4971
-72.7021
-74.6919
-76.3349
-77.51
-78.1233
-58.1637
-58.4791
-59.1043
-60.0272
-61.2281
-62.678
-64.3369
-66.1515
-68.054
-69.9624
-71.7818
-73.4098
-74.7441
-75.6929
-76.1862
-59.461
-59.7352
-60.2777
-61.0761
-62.1106
-63.3532
-64.7662
-66.3013
-67.8989
-69.4893
-70.9943
-72.3316
-73.421
-74.192
-74.5917
-60.5679
-60.8051
-61.2735
-61.961
-62.8487
-63.9101
-65.1108
-66.4076
-67.7489
-69.0756
-70.3232
-71.4255
-72.3189
-72.9488
-73.2745
-61.5102
-61.7144
-62.1171
-62.7069
-63.4661
-64.3704
-65.3887
-66.483
-67.609
-68.7168
-69.7531
-70.6642
-71.3998
-71.9168
-72.1836
-62.3107
-62.4859
-62.831
-63.3353
-63.9828
-64.7514
-65.6137
-66.5365
-67.4818
-68.4075
-69.2698
-70.0249
-70.6325
-71.0584
-71.2778
-62.9896
-63.1394
-63.4343
-63.8644
-64.4153
-65.0675
-65.7968
-66.5745
-67.368
-68.1423
-68.8609
-69.4881
-69.9913
-70.3433
-70.5244
-63.5646
-63.6924
-63.9436
-64.3096
-64.7775
-65.3301
-65.9463
-66.6013
-67.2677
-67.9157
-68.5154
-69.0373
-69.4551
-69.7468
-69.8967
-64.0508
-64.1596
-64.3732
-64.6841
-65.0809
-65.5485
-66.0688
-66.6204
-67.18
-67.7228
-68.2238
-68.6588
-69.0064
-69.2487
-69.3732
-64.4615
-64.5539
-64.7354
-64.9991
-65.3351
-65.7305
-66.1694
-66.6339
-67.104
-67.559
-67.9779
-68.3411
-68.6308
-68.8325
-68.936
-64.8081
-64.8865
-65.0404
-65.2638
-65.5481
-65.8822
-66.2524
-66.6434
-67.0385
-67.4201
-67.7709
-68.0744
-68.3162
-68.4844
-68.5707
-65.1003
-65.1668
-65.2971
-65.4862
-65.7266
-66.0087
-66.321
-66.6502
-66.9823
-67.3026
-67.5965
-67.8506
-68.0527
-68.1932
-68.2652
-65.3464
-65.4026
-65.513
-65.6729
-65.8762
-66.1144
-66.3777
-66.655
-66.9343
-67.2033
-67.45
-67.6628
-67.832
-67.9496
-68.0098
-65.5534
-65.601
-65.6944
-65.8297
-66.0015
-66.2026
-66.4247
-66.6584
-66.8935
-67.1197
-67.3268
-67.5054
-67.6472
-67.7457
-67.7961
-65.7273
-65.7676
-65.8466
-65.9611
-66.1063
-66.2763
-66.4638
-66.6608
-66.8589
-67.0492
-67.2234
-67.3734
-67.4925
-67.5752
-67.6175
-65.8732
-65.9074
-65.9743
-66.0712
-66.1941
-66.3378
-66.4962
-66.6625
-66.8296
-66.99
-67.1367
-67.263
-67.3632
-67.4327
-67.4682
-65.9954
-66.0244
-66.0811
-66.1633
-66.2674
-66.389
-66.5231
-66.6637
-66.8049
-66.9404
-67.0641
-67.1707
-67.2551
-67.3137
-67.3436
-66.0975
-66.1222
-66.1704
-66.2401
-66.3285
-66.4317
-66.5454
-66.6646
-66.7842
-66.8989
-67.0036
-67.0937
-67.1651
-67.2145
-67.2399
-66.1826
-66.2035
-66.2446
-66.304
-66.3793
-66.4671
-66.5638
-66.6652
-66.7668
-66.8642
-66.9532
-67.0296
-67.0902
-67.1322
-67.1537
-66.253
-66.271
-66.3061
-66.3569
-66.4213
-66.4964
-66.579
-66.6656
-66.7524
-66.8356
-66.9114
-66.9766
-67.0283
-67.0641
-67.0824
-66.311
-66.3265
-66.3567
-66.4005
-66.4558
-66.5204
-66.5915
-66.6659
-66.7405
-66.8119
-66.8771
-66.933
-66.9774
-67.0081
-67.0238
-66.3583
-66.3717
-66.398
-66.4359
-66.4839
-66.54
-66.6016
-66.6661
-66.7308
-66.7926
-66.8491
-66.8975
-66.9359
-66.9625
-66.9761
-66.3963
-66.408
-66.4311
-66.4644
-66.5065
-66.5557
-66.6097
-66.6663
-66.7229
-66.7772
-66.8266
-66.869
-66.9026
-66.9259
-66.9378
-66.4261
-66.4365
-66.4571
-66.4867
-66.5242
-66.568
-66.6161
-66.6664
-66.7168
-66.765
-66.8089
-66.8467
-66.8766
-66.8972
-66.9078
-66.4486
-66.4581
-66.4767
-66.5036
-66.5376
-66.5773
-66.6208
-66.6665
-66.7121
-66.7558
-66.7956
-66.8298
-66.8568
-66.8756
-66.8851
-66.4645
-66.4733
-66.4906
-66.5155
-66.547
-66.5838
-66.6242
-66.6665
-66.7088
-66.7493
-66.7862
-66.8179
-66.8429
-66.8603
-66.8691
-66.4743
-66.4827
-66.4991
-66.5228
-66.5529
-66.5879
-66.6263
-66.6665
-66.7068
-66.7453
-66.7804
-66.8105
-66.8343
-66.8508
-66.8593
-66.4783
-66.4865
-66.5026
-66.5258
-66.5552
-66.5895
-66.6272
-66.6666
-66.706
-66.7437
-66.778
-66.8075
-66.8309
-66.847
-66.8553
-66.4766
-66.4848
-66.5011
-66.5245
-66.5542
-66.5888
-66.6268
-66.6666
-66.7063
-66.7444
-66.7791
-66.8088
-66.8324
-66.8487
-66.857
-66.4691
-66.4777
-66.4946
-66.5189
-66.5498
-66.5857
-66.6252
-66.6665
-66.7079
-66.7474
-66.7835
-66.8144
-66.8389
-66.8558
-66.8645
-66.4556
-66.4648
-66.4828
-66.5089
-66.5418
-66.5802
-66.6224
-66.6665
-66.7107
-66.7529
-66.7915
-66.8245
-66.8507
-66.8688
-66.878
-66.4357
-66.4458
-66.4655
-66.494
-66.53
-66.572
-66.6182
-66.6665
-66.7148
-66.7611
-66.8032
-66.8394
-66.868
-66.8879
-66.898
-66.4089
-66.4201
-66.4421
-66.4739
-66.5141
-66.561
-66.6125
-66.6664
-66.7204
-66.772
-66.8191
-66.8595
-66.8915
-66.9137
-66.925
-66.3742
-66.387
-66.4119
-66.4479
-66.4935
-66.5467
-66.6051
-66.6663
-66.7275
-66.7862
-66.8396
-66.8855
-66.9218
-66.947
-66.9598
-66.3307
-66.3454
-66.374
-66.4153
-66.4677
-66.5287
-66.5959
-66.6661
-66.7365
-66.8039
-66.8653
-66.9181
-66.9599
-66.9888
-67.0036
-66.2771
-66.294
-66.3272
-66.3751
-66.4358
-66.5066
-66.5844
-66.6659
-66.7476
-66.8258
-66.8971
-66.9584
-67.0069
-67.0405
-67.0576
-66.2117
-66.2315
-66.2701
-66.3261
-66.3969
-66.4795
-66.5704
-66.6656
-66.761
-66.8525
-66.9358
-67.0075
-67.0642
-67.1035
-67.1236
-66.1326
-66.1558
-66.2011
-66.2667
-66.3498
-66.4467
-66.5534
-66.6652
-66.7773
-66.8847
-66.9827
-67.0669
-67.1337
-67.1799
-67.2035
-66.0374
-66.0647
-66.118
-66.1952
-66.293
-66.4072
-66.5329
-66.6646
-66.7968
-66.9234
-67.0391
-67.1385
-67.2173
-67.2719
-67.2999
-65.9233
-65.9555
-66.0184
-66.1094
-66.2248
-66.3596
-66.5081
-66.6638
-66.82
-66.9699
-67.1067
-67.2245
-67.3178
-67.3825
-67.4156
-65.7869
-65.8249
-65.8992
-66.0068
-66.1432
-66.3026
-66.4782
-66.6626
-66.8477
-67.0253
-67.1877
-67.3274
-67.4382
-67.515
-67.5543
-65.6242
-65.6691
-65.7569
-65.8842
-66.0455
-66.2343
-66.4424
-66.6609
-66.8805
-67.0914
-67.2843
-67.4504
-67.5821
-67.6735
-67.7203
-65.4303
-65.4834
-65.5873
-65.7379
-65.9289
-66.1525
-66.3992
-66.6586
-66.9194
-67.17
-67.3994
-67.5972
-67.7541
-67.863
-67.9188
-65.1997
-65.2624
-65.3853
-65.5634
-65.7897
-66.0546
-66.3473
-66.6553
-66.9652
-67.2634
-67.5366
-67.7723
-67.9595
-68.0894
-68.156
-64.9254
-64.9996
-65.1449
-65.3557
-65.6235
-65.9376
-66.2848
-66.6506
-67.0191
-67.3742
-67.6998
-67.981
-68.2045
-68.3598
-68.4394
-64.5998
-64.6873
-64.8591
-65.1083
-65.4254
-65.7974
-66.2094
-66.644
-67.0824
-67.5055
-67.8939
-68.2297
-68.497
-68.6828
-68.778
-64.2133
-64.3166
-64.5194
-64.8139
-65.1889
-65.6297
-66.1183
-66.6346
-67.1565
-67.6608
-68.1246
-68.5261
-68.846
-69.0686
-69.1827
-63.7552
-63.8769
-64.116
-64.4637
-64.9069
-65.4286
-66.008
-66.6214
-67.2427
-67.8442
-68.3984
-68.879
-69.2625
-69.5296
-69.6667
-63.2125
-63.3558
-63.6373
-64.0472
-64.5704
-65.1874
-65.8742
-66.6028
-67.3425
-68.0604
-68.7234
-69.2995
-69.7599
-70.081
-70.2459
-62.5703
-62.7386
-63.0696
-63.5519
-64.1688
-64.8978
-65.7112
-66.5765
-67.4575
-68.3149
-69.1087
-69.8002
-70.3539
-70.7407
-70.9396
-61.8113
-62.0085
-62.3967
-62.9633
-63.6894
-64.5496
-65.5122
-66.5395
-67.5887
-68.6134
-69.5651
-70.3964
-71.0638
-71.5309
-71.7713
-60.9154
-61.1459
-61.6
-62.2639
-63.1168
-64.1303
-65.2682
-66.4872
-67.7371
-68.9625
-70.1051
-71.1065
-71.9129
-72.4784
-72.7699
-59.8596
-60.128
-60.6575
-61.4334
-62.4329
-63.6245
-64.968
-66.4134
-67.9024
-69.3692
-70.7429
-71.9521
-72.9291
-73.6161
-73.9709
-58.6175
-58.9288
-59.5441
-60.4477
-61.6155
-63.0135
-64.5969
-66.3094
-68.0833
-69.8404
-71.4951
-72.9588
-74.1465
-74.9845
-75.4181
-57.1592
-57.5188
-58.2305
-59.2786
-60.6383
-62.2737
-64.1361
-66.1628
-68.2757
-70.3827
-72.3798
-74.1571
-75.6068
-76.6337
-77.1664
-55.4513
-55.8643
-56.6833
-57.8933
-59.4698
-61.3763
-63.5614
-65.9562
-68.4723
-71.0013
-73.4171
-75.5828
-77.3605
-78.6259
-79.2844
-53.4567
-53.928
-54.8646
-56.2535
-58.0722
-60.2854
-62.841
-65.6654
-68.6599
-71.6983
-74.6281
-77.2778
-79.4697
-81.0396
-81.8596
-51.1349
-51.6687
-52.7321
-54.3155
-56.4008
-58.9569
-61.9339
-65.2566
-68.8171
-72.4706
-76.0336
-79.2907
-82.0108
-83.9737
-85.0041
-48.4427
-49.0417
-50.2385
-52.029
-54.4025
-57.3361
-60.7869
-64.6825
-68.9098
-73.3057
-77.6513
-81.6764
-85.0776
-87.5553
-88.864
-45.3348
-45.9998
-47.3329
-49.3379
-52.0154
-55.3562
-59.3311
-63.878
-68.8854
-74.1756
-79.4916
-84.495
-88.7854
-91.9485
-93.6325
-41.7652
-42.4943
-43.9609
-46.1798
-49.1678
-52.936
-57.4783
-62.7538
-68.6645
-75.0275
-81.5488
-87.8087
-93.2758
-97.3685
-99.57
-37.6896
-38.4769
-40.0668
-42.488
-45.7786
-49.9785
-55.1163
-61.1886
-68.1295
-75.7693
-83.7873
-91.6727
-98.7203
-104.102
-107.036
-33.0676
-33.9025
-35.5956
-38.1926
-41.7582
-46.3698
-52.1054
-59.0203
-67.1091
-76.2483
-86.1178
-96.1182
-105.322
-112.533
-116.54
-27.8661
-28.7324
-30.4972
-33.225
-37.0115
-41.9809
-48.2758
-56.0367
-65.3593
-76.22
-88.3573
-101.117
-113.306
-123.19
-128.825
-22.0635
-22.9388
-24.7305
-27.5224
-31.4438
-36.6717
-43.4284
-51.9687
-62.5415
-75.3049
-90.1644
-106.511
-122.891
-136.798
-145.022
-15.6535
-16.5093
-18.2696
-21.0359
-24.9693
-30.301
-37.3425
-46.4893
-58.2024
-72.9343
-90.9388
-111.881
-134.192
-154.351
-166.93
-8.64982
-9.45217
-11.1108
-13.7394
-17.5242
-22.7434
-29.7949
-39.2279
-51.7671
-68.2908
-89.6729
-116.301
-146.986
-177.168
-197.572
-1.0896
-1.80106
-3.27886
-5.64054
-9.08338
-13.9138
-20.5938
-29.8097
-42.5649
-60.2734
-84.7641
-117.902
-160.128
-206.775
-242.382
6.96397
6.38151
5.16617
3.20848
0.320418
-3.80029
-9.63198
-17.9342
-29.9231
-47.5465
-73.8503
-113.192
-170.198
-244.046
-311.918
15.4212
15.0028
14.126
12.7029
10.5795
7.50078
3.0449
-3.49918
-13.3688
-28.7917
-53.8826
-96.2141
-168.573
-285.463
-428.585
24.1681
23.9415
23.4643
22.6827
21.5014
19.7574
17.1712
13.2446
7.04105
-3.3237
-21.9424
-58.3836
-136.022
-308.662
-644.638
33.0714
33.0534
33.0129
32.9393
32.8131
32.5981
32.2274
31.5685
30.3397
27.8753
22.3739
8.05604
-37.4959
-218.431
-1094
41.9861
42.1799
42.5834
43.2316
44.1853
45.546
47.4826
50.287
54.4949
61.1821
72.8119
96.1853
155.046
354.187
1248.48
50.765
51.1596
51.983
53.3105
55.2739
58.0928
62.1338
68.0293
76.9269
91.0552
115.093
159.669
250.169
444.051
812.16
59.2687
59.8403
61.0314
62.9466
65.7671
69.7894
75.4957
83.6849
95.7247
114.045
143.111
191.257
273.495
412.919
631.497
74.2986
30.2527
12.5857
3.44899
-2.08179
-5.7459
-8.30625
-10.1546
-11.5148
-12.5242
-13.2711
-13.8142
-14.1927
-14.4322
-14.5482
46.9521
28.7267
15.4177
6.75787
0.999771
-2.98214
-5.82973
-7.91602
-9.4678
-10.629
-11.4943
-12.127
-12.5698
-12.8509
-12.9875
32.2616
23.7862
15.0209
8.0516
2.84785
-1.00608
-3.88182
-6.04852
-7.69187
-8.93929
-9.87879
-10.5714
-11.0591
-11.37
-11.5214
23.4565
19.0467
13.3768
8.11914
3.75854
0.290694
-2.42625
-4.54439
-6.1908
-7.4633
-8.43467
-9.15796
-9.67103
-9.99974
-10.1602
17.7135
15.1821
11.4462
7.56368
4.04921
1.066
-1.38649
-3.3678
-4.94933
-6.19636
-7.16272
-7.89044
-8.41088
-8.74618
-8.91042
13.7282
12.1538
9.61719
6.75256
3.9709
1.47274
-0.673918
-2.46879
-3.9401
-5.12424
-6.05641
-6.76677
-7.27922
-7.61133
-7.77457
10.8361
9.79344
8.01594
5.88375
3.69567
1.63537
-0.205637
-1.79446
-3.13025
-4.22706
-5.10408
-5.78045
-6.27271
-6.59367
-6.75199
8.66807
7.9433
6.66092
5.05369
3.33166
1.64569
0.0875198
-1.29584
-2.48632
-3.48246
-4.29104
-4.92193
-5.38509
-5.68889
-5.83927
7.0032
6.48029
5.5314
4.3033
2.94257
1.56724
0.259277
-0.931137
-1.97732
-2.86807
-3.60134
-4.17983
-4.60807
-4.89059
-5.03092
5.70139
5.31303
4.59573
3.64495
2.56358
1.442
0.349396
-0.666588
-1.57624
-2.363
-3.01909
-3.54204
-3.93219
-4.19099
-4.31995
4.66922
4.37414
3.82216
3.07724
2.2125
1.29661
0.386304
-0.475874
-1.26048
-1.94865
-2.52926
-2.99642
-3.34747
-3.58152
-3.6985
3.8419
3.61361
3.18251
2.59272
1.89692
1.14734
0.389783
-0.339022
-1.01168
-1.60898
-2.1182
-2.53141
-2.84395
-3.05331
-3.15823
3.17308
2.99387
2.65304
2.18178
1.61866
1.00358
0.373292
-0.241158
-0.815201
-1.33045
-1.77378
-2.13626
-2.41206
-2.59758
-2.6908
2.62868
2.48633
2.21412
1.8346
1.37646
0.870386
0.345797
-0.171351
-0.659542
-1.10184
-1.4855
-1.8013
-2.04284
-2.20593
-2.28806
2.1831
2.06893
1.84969
1.54201
1.16752
0.750039
0.31313
-0.12165
-0.535745
-0.913949
-1.24433
-1.51787
-1.72807
-1.87048
-1.94234
1.81677
1.72449
1.54667
1.2958
0.988424
0.643174
0.278983
-0.0863129
-0.436865
-0.759258
-1.04261
-1.27842
-1.46037
-1.58399
-1.64649
1.51451
1.43942
1.29435
1.08882
0.835618
0.549457
0.245598
-0.0612136
-0.357534
-0.631673
-0.873881
-1.07636
-1.23314
-1.33995
-1.39402
1.26437
1.20295
1.08401
0.914917
0.705695
0.468022
0.214262
-0.0433991
-0.293605
-0.526254
-0.732739
-0.906019
-1.04061
-1.1325
-1.17909
1.05688
1.0064
0.908477
0.768879
0.59552
0.397754
0.185633
-0.0307618
-0.241863
-0.439
-0.614646
-0.762538
-0.877716
-0.95651
-0.996505
0.884428
0.842781
0.761878
0.646277
0.502288
0.33745
0.159971
-0.0218006
-0.199815
-0.366666
-0.515821
-0.641766
-0.740078
-0.807448
-0.84168
0.740889
0.706415
0.639367
0.543382
0.423529
0.285922
0.137287
-0.015448
-0.165518
-0.306616
-0.433107
-0.540176
-0.623919
-0.68139
-0.710617
0.621283
0.592662
0.536945
0.457055
0.357095
0.242048
0.117449
-0.0109455
-0.13745
-0.256707
-0.363875
-0.454779
-0.525999
-0.574936
-0.599844
0.521544
0.49772
0.451302
0.38466
0.301134
0.204805
0.100244
-0.00775483
-0.114414
-0.215189
-0.305934
-0.383045
-0.443547
-0.485164
-0.50636
0.438344
0.418462
0.379699
0.323987
0.254059
0.173277
0.0854255
-0.005494
-0.0954645
-0.180632
-0.257459
-0.322842
-0.374205
-0.409569
-0.427589
0.368946
0.352312
0.319862
0.273181
0.21452
0.146656
0.0727367
-0.00389218
-0.0798485
-0.151867
-0.216928
-0.272369
-0.31597
-0.346012
-0.361328
0.311096
0.29714
0.269904
0.230693
0.181369
0.124239
0.0619285
-0.00275733
-0.0669666
-0.12793
-0.183074
-0.230117
-0.267146
-0.292678
-0.3057
0.262933
0.251188
0.228258
0.195225
0.153637
0.105419
0.0527688
-0.00195337
-0.0563379
-0.108033
-0.154845
-0.194817
-0.226304
-0.248027
-0.259111
0.222924
0.213002
0.193624
0.165695
0.130507
0.0896753
0.0450473
-0.00138385
-0.0475758
-0.0915275
-0.131363
-0.165406
-0.19224
-0.210763
-0.220216
0.189801
0.18138
0.164927
0.141203
0.111296
0.0765667
0.0385776
-0.000980436
-0.040369
-0.0778789
-0.111903
-0.140999
-0.163947
-0.179793
-0.187883
0.162525
0.155333
0.141278
0.121004
0.0954334
0.0657207
0.033197
-0.000694706
-0.0344663
-0.0666504
-0.0958628
-0.120859
-0.140584
-0.154209
-0.161166
0.140242
0.13405
0.121947
0.104482
0.0824455
0.0568259
0.0287661
-0.000492369
-0.0296657
-0.0574848
-0.0827498
-0.104379
-0.121454
-0.133253
-0.139279
0.122257
0.116869
0.106337
0.0911345
0.0719447
0.049625
0.0251672
-0.00034914
-0.0258051
-0.0500923
-0.0721605
-0.0910615
-0.105988
-0.116304
-0.121574
0.108013
0.10326
0.0939689
0.0805547
0.0636167
0.0439085
0.022303
-0.000247824
-0.0227558
-0.0442401
-0.0637698
-0.0805029
-0.0937211
-0.102859
-0.107528
0.097067
0.0928022
0.0844631
0.0724211
0.0572116
0.039509
0.020095
-0.000176258
-0.0204171
-0.0397449
-0.0573206
-0.0723842
-0.0842868
-0.092517
-0.0967222
0.089082
0.0851726
0.0775276
0.0664862
0.0525373
0.0362975
0.0184822
-0.000125853
-0.0187122
-0.0364659
-0.0526151
-0.0664599
-0.0774018
-0.084969
-0.0888358
0.0838108
0.0801363
0.07295
0.0625696
0.0494534
0.0341796
0.0174198
-9.05564e-05
-0.0175853
-0.0343008
-0.0495094
-0.0625507
-0.0728595
-0.0799898
-0.0836336
0.0810903
0.0775379
0.0705897
0.0605522
0.0478674
0.0330932
0.0168785
-6.61316e-05
-0.0169993
-0.0331817
-0.0479082
-0.0605384
-0.0705236
-0.0774309
-0.0809609
0.0808359
0.0772967
0.070374
0.0603725
0.0477317
0.0330069
0.0168437
-4.96466e-05
-0.0169345
-0.0330733
-0.0477624
-0.0603621
-0.0703244
-0.0772164
-0.0807388
0.0830384
0.0794043
0.0722957
0.0620249
0.0490428
0.0339189
0.017316
-3.91226e-05
-0.0173875
-0.0339713
-0.049067
-0.0620167
-0.0722566
-0.079341
-0.0829619
0.0877637
0.0839238
0.0764125
0.0655595
0.0518408
0.0358577
0.0183104
-3.32965e-05
-0.0183712
-0.0359023
-0.0518614
-0.0655525
-0.0763792
-0.0838699
-0.0876986
0.0951546
0.0909919
0.0828492
0.0710835
0.0562106
0.0388824
0.0198575
-3.14693e-05
-0.019915
-0.0389245
-0.0562301
-0.0710769
-0.0828177
-0.090941
-0.0950931
0.105435
0.100823
0.0918008
0.0787643
0.062285
0.0430849
0.0220046
-3.34221e-05
-0.0220657
-0.0431296
-0.0623057
-0.0787573
-0.0917674
-0.100769
-0.10537
0.118918
0.113716
0.103539
0.0888352
0.0702482
0.0485925
0.0248165
-3.939e-05
-0.0248885
-0.0486452
-0.0702725
-0.088827
-0.1035
-0.113652
-0.118841
0.136012
0.130061
0.118421
0.101602
0.0803415
0.0555721
0.0283782
-5.00901e-05
-0.0284697
-0.0556391
-0.0803725
-0.101591
-0.118371
-0.12998
-0.135914
0.157236
0.150356
0.136897
0.117451
0.092871
0.0642346
0.0327966
-6.68079e-05
-0.0329187
-0.064324
-0.0929123
-0.117437
-0.13683
-0.150248
-0.157106
0.183238
0.175218
0.15953
0.136865
0.108216
0.074842
0.0382047
-9.15513e-05
-0.038372
-0.0749645
-0.108273
-0.136846
-0.159439
-0.17507
-0.183059
0.214806
0.205402
0.187007
0.160432
0.126842
0.0877146
0.0447643
-0.000127292
-0.0449969
-0.0878849
-0.126921
-0.160405
-0.18688
-0.205196
-0.214557
0.252903
0.241828
0.220164
0.188867
0.149313
0.103241
0.0526717
-0.000178323
-0.0529975
-0.103479
-0.149423
-0.18883
-0.219986
-0.241539
-0.252554
0.298689
0.285603
0.260009
0.223034
0.176309
0.121888
0.0621624
-0.000250772
-0.0626206
-0.122224
-0.176464
-0.222982
-0.259758
-0.285197
-0.298198
0.353559
0.338062
0.307753
0.263971
0.208647
0.144219
0.0735185
-0.000353338
-0.0741641
-0.144692
-0.208866
-0.263897
-0.307399
-0.33749
-0.352868
0.419187
0.400803
0.36485
0.312919
0.247306
0.170904
0.0870761
-0.00049834
-0.0879866
-0.171571
-0.247614
-0.312815
-0.364352
-0.399997
-0.418212
0.497576
0.475741
0.433039
0.371366
0.293453
0.202744
0.103235
-0.000703188
-0.104519
-0.203685
-0.293888
-0.371219
-0.432336
-0.474603
-0.496201
0.591124
0.565163
0.514398
0.441086
0.348485
0.240692
0.122467
-0.00099248
-0.124281
-0.242021
-0.349098
-0.440879
-0.513405
-0.563557
-0.589183
0.702694
0.671805
0.611408
0.524198
0.414061
0.285884
0.145334
-0.00140095
-0.147894
-0.287758
-0.414927
-0.523905
-0.610007
-0.669539
-0.699954
0.835708
0.798932
0.727031
0.623227
0.49216
0.339663
0.172495
-0.00197765
-0.176108
-0.34231
-0.493382
-0.622814
-0.725053
-0.795732
-0.831839
0.994251
0.950442
0.8648
0.741182
0.585135
0.403629
0.204727
-0.00279182
-0.209827
-0.407365
-0.58686
-0.740598
-0.862008
-0.945925
-0.98879
1.18321
1.13099
1.02893
0.881649
0.695783
0.47967
0.242939
-0.00394122
-0.25014
-0.484944
-0.698219
-0.880825
-1.02499
-1.12462
-1.1755
1.40841
1.34614
1.22446
1.0489
0.827428
0.570024
0.288197
-0.00556383
-0.298363
-0.57747
-0.830867
-1.04774
-1.2189
-1.33714
-1.39753
1.67684
1.60255
1.45739
1.24802
0.984017
0.677333
0.34174
-0.00785446
-0.35609
-0.687845
-0.988872
-1.24638
-1.44953
-1.58984
-1.66147
1.99684
1.90815
1.73488
1.48508
1.17023
0.804711
0.405
-0.0110881
-0.42526
-0.819551
-1.17709
-1.48276
-1.72379
-1.8902
-1.97515
2.37842
2.27245
2.06551
1.76728
1.39163
0.955822
0.47963
-0.0156529
-0.50823
-0.976771
-1.40131
-1.76401
-2.04986
-2.24712
-2.34779
2.83355
2.70686
2.45951
2.10324
1.65479
1.13497
0.567513
-0.0220968
-0.607887
-1.16454
-1.66845
-2.09862
-2.43741
-2.6711
-2.79032
3.37664
3.22502
2.92912
2.50318
1.9675
1.34717
0.670776
-0.031193
-0.72777
-1.38892
-1.98678
-2.49667
-2.89792
-3.17454
-3.3156
4.02499
3.84333
3.48899
2.97932
2.33896
1.59831
0.791788
-0.0440331
-0.872245
-1.65725
-2.36619
-2.97013
-3.44496
-3.77207
-3.93882
4.79945
4.58153
4.1567
3.54618
2.78003
1.89517
0.933141
-0.0621573
-1.04672
-1.97837
-2.81849
-3.53322
-4.09454
-4.48092
-4.67779
5.72519
5.46337
4.9533
4.22109
3.30353
2.24559
1.09759
-0.087739
-1.25791
-2.36306
-3.35782
-4.2028
-4.86556
-5.32134
-5.55343
6.83268
6.51755
5.90412
5.02466
3.92446
2.65854
1.28794
-0.123845
-1.51425
-2.82437
-4.00114
-4.99887
-5.78027
-6.31703
-6.59017
8.15893
7.77882
7.03961
5.98147
4.66045
3.14414
1.50689
-0.174799
-1.82632
-3.37825
-4.76875
-5.94513
-6.86481
-7.49573
-7.81653
9.74906
9.28939
8.3965
7.12076
5.53201
3.7137
1.75667
-0.246701
-2.20753
-4.0442
-5.68499
-7.06959
-8.1498
-8.88971
-9.26557
11.6583
11.1007
10.0192
8.47735
6.56292
4.37954
2.03862
-0.348144
-2.67493
-4.84613
-6.77909
-8.40535
-9.67101
-10.5364
-10.9755
13.9546
13.2758
11.9613
10.0926
7.78055
5.15473
2.35239
-0.491237
-3.25035
-5.81347
-8.08609
-9.99143
-11.4701
-12.479
-12.9903
16.7222
15.8922
14.2882
12.0156
9.21597
6.05245
2.6948
-0.693017
-3.96183
-6.98248
-9.64805
-11.8737
-13.5953
-14.7671
-15.36
20.066
19.0458
17.0794
14.3045
10.904
7.0849
3.05815
-0.977435
-4.84559
-8.39801
-11.5154
-14.1059
-16.102
-17.4569
-18.1413
24.118
22.8562
20.4319
17.0277
12.8826
8.2615
3.42758
-1.37811
-5.94858
-10.1155
-13.7485
-16.7508
-19.0539
-20.6122
-21.3978
29.046
27.4737
24.4646
20.2651
15.1916
9.5858
3.77736
-1.94211
-7.33171
-12.2038
-16.4195
-19.881
-22.5229
-24.3037
-25.1995
35.0657
33.0887
29.3237
24.1093
17.87
11.0507
4.06532
-2.73517
-9.07418
-14.7477
-19.6139
-23.5802
-26.5897
-28.6096
-29.6231
42.4578
39.9449
35.1891
28.665
20.9509
12.631
4.2248
-3.84867
-11.2787
-17.852
-23.4331
-27.9437
-31.3432
-33.614
-34.7501
51.5945
48.3583
42.2822
34.0468
24.4523
14.2709
4.15318
-5.40898
-14.0781
-21.6451
-27.9955
-33.0784
-36.8803
-39.4062
-40.6657
62.9782
58.7432
50.8743
40.3721
28.361
15.8665
3.69569
-7.58939
-17.6428
-26.2828
-33.4377
-39.1022
-43.3032
-46.0772
-47.4554
77.3021
71.651
61.2946
47.7447
32.605
17.237
2.62308
-10.625
-22.1891
-31.9514
-39.9146
-46.142
-50.7166
-53.717
-55.2017
95.5495
87.8257
73.932
56.2209
37.0074
18.0837
0.60196
-14.8302
-27.9863
-38.8691
-47.5967
-54.3288
-59.2227
-62.4088
-63.9785
119.16
108.284
89.2196
65.7398
41.2081
17.9288
-2.84248
-20.6157
-35.362
-47.283
-56.6639
-63.7917
-68.9142
-72.2224
-73.8445
150.321
134.428
107.572
75.9885
44.5386
16.032
-8.3688
-28.503
-44.6996
-57.4606
-67.2954
-74.6465
-79.8647
-83.2061
-84.8362
192.518
168.183
129.208
86.1432
45.8248
11.2838
-16.8578
-39.1244
-56.4225
-69.6699
-79.651
-86.9816
-92.1179
-95.3772
-96.959
251.613
212.103
153.682
94.3902
43.0984
2.09129
-29.4264
-53.1955
-70.9579
-84.1469
-93.8464
-100.84
-105.673
-108.712
-110.179
338.143
269.153
178.759
97.0807
33.2294
-13.6914
-47.3754
-71.4372
-88.6686
-101.046
-109.92
-116.197
-120.474
-123.138
-124.417
472.578
341.066
197.78
87.3907
11.603
-38.6665
-72.006
-94.4212
-109.749
-120.378
-127.797
-132.94
-136.395
-138.524
-139.541
698.336
421.152
193.955
53.6707
-27.744
-75.3983
-104.222
-122.326
-134.09
-141.938
-147.254
-150.856
-153.234
-154.682
-155.369
1116.58
466.52
129.772
-20.9322
-90.5352
-125.206
-143.882
-154.633
-161.15
-165.254
-167.9
-169.619
-170.716
-171.368
-171.672
1986.23
294.308
-63.6088
-151.855
-177.584
-186.12
-189.042
-189.877
-189.885
-189.58
-189.187
-188.813
-188.507
-188.294
-188.185
68.1846
68.9144
70.4302
72.8533
76.3901
81.3678
88.295
97.9625
111.603
131.122
159.354
199.958
255.464
318.203
337.681
77.1792
78.0253
79.774
82.545
86.5359
92.0467
99.515
109.563
123.042
141.038
164.698
194.544
228.557
258.13
263.893
85.3255
86.2316
88.0935
91.0145
95.1595
100.766
108.153
117.728
129.96
145.286
163.852
184.957
206.087
221.862
224.902
92.5634
93.4798
95.3515
98.2578
102.32
107.701
114.6
123.233
133.783
146.293
160.463
175.342
188.968
198.322
200.349
98.8825
99.7702
101.573
104.343
108.159
113.114
119.309
126.818
135.644
145.635
156.362
166.973
176.117
182.105
183.52
104.311
105.143
106.824
109.381
112.855
117.287
122.7
129.081
136.337
144.241
152.374
160.067
166.421
170.457
171.445
108.905
109.666
111.194
113.5
116.593
120.474
125.12
130.466
136.376
142.616
148.823
154.497
159.038
161.855
162.533
112.736
113.419
114.785
116.829
119.54
122.893
126.838
131.283
136.083
141.021
145.802
150.055
153.375
155.387
155.838
115.881
116.487
117.694
119.487
121.843
124.72
128.052
131.741
135.647
139.58
143.304
146.544
149.017
150.476
150.756
118.417
118.952
120.013
121.581
123.622
126.088
128.907
131.981
135.181
138.346
141.287
143.797
145.672
146.74
146.89
120.414
120.888
121.823
123.198
124.975
127.101
129.504
132.091
134.747
137.334
139.698
141.681
143.13
143.921
143.972
121.936
122.358
123.191
124.41
125.975
127.833
129.914
132.13
134.378
136.54
138.488
140.096
141.244
141.837
141.814
123.032
123.416
124.171
125.272
126.68
128.34
130.186
132.135
134.094
135.957
137.617
138.966
139.909
140.368
140.292
123.741
124.099
124.803
125.825
127.128
128.659
130.351
132.128
133.901
135.575
137.053
138.241
139.055
139.429
139.319
124.089
124.434
125.112
126.095
127.346
128.812
130.429
132.121
133.804
135.386
136.776
137.886
138.639
138.972
138.845
257.147
238.4
220.373
178.946
157.941
127.901
107.352
65.7973
90.076
96.6743
98.829
99.9606
102.248
104.737
112.192
109.855
94.8909
87.6912
77.7508
72.1823
63.505
55.7568
36.7695
53.3348
59.3668
64.9737
68.7781
76.0758
81.8489
94.9142
96.7405
90.0138
86.6544
81.2579
77.9092
71.729
64.5194
43.904
67.3645
77.2352
88.9125
96.8638
111.974
122.899
145.997
149.843
139.912
134.954
126.891
121.66
111.787
99.8953
65.9968
102.593
116.834
131.878
140.583
155.424
164.966
184.328
182.96
159.359
147.393
129.428
118.925
101.883
87.1937
52.6754
78.3327
85.7866
89.5885
90.6876
92.0106
92.4269
94.7126
89.9033
73.1545
64.8088
55.3398
50.2156
47.1429
38.1305
16.7369
60.2914
36.0661
-69.08
-166.668
-360.808
-896.944
-2628.61
239.797
220.494
201.147
177.552
156.961
136.393
118.657
102.591
101.979
102.712
103.104
103.362
103.89
104.5
105.026
102.099
95.3445
88.8722
82.1312
76.1975
70.0547
64.3328
59.112
62.0579
65.5978
69.3717
73.1589
77.7423
82.3658
87.4034
89.015
87.3701
85.0746
82.0642
79.0441
75.3958
71.5888
68.2421
74.9463
82.3874
90.5947
98.7735
108.369
117.584
127.223
130.88
128.998
125.763
121.166
116.237
109.995
103.106
96.4774
105.441
114.814
124.22
132.372
140.83
147.685
153.399
151.462
141.721
131.214
119.195
107.845
95.3963
83.2703
71.3725
72.6771
74.085
74.4043
73.4873
71.7709
69.0224
65.0144
57.5627
46.1839
34.8646
22.9458
10.8759
-2.70252
-20.4638
-43.3145
-65.725
-119.477
-218.122
-360.967
-589.945
-969.251
-1505.42
215.39
202.648
188.034
171.831
155.942
140.805
127.554
117.131
111.941
109.241
107.57
106.373
105.412
104.383
102.831
99.8516
95.3905
90.4387
85.3476
80.5125
75.997
72.1861
69.6932
69.9246
71.4907
73.7491
76.3921
79.3497
82.2851
84.8244
85.9772
85.6618
84.5229
82.8832
81.0824
79.2898
77.9941
78.1058
81.4661
86.4349
92.3165
98.6419
105.31
111.655
117.063
119.891
120.032
118.53
115.916
112.704
109.135
105.939
104.504
107.697
112.746
118.366
123.717
128.541
132.045
133.486
131.2
125.185
117.211
107.995
98.3473
88.4434
79.0173
71.0577
66.8719
63.95
60.9999
57.4375
53.0168
47.4309
40.2746
30.8769
19.1274
5.78361
-9.23039
-26.2915
-46.5242
-71.7287
-103.999
-146.608
-210.373
-303.514
-431.229
-602.598
-815.667
-1018.64
195.645
187.493
177.205
165.653
153.84
142.497
132.375
124.134
118.316
114.285
111.351
109.042
107.029
105.016
102.689
99.7368
96.1414
92.2042
88.1938
84.3657
80.9233
78.1404
76.3503
75.8681
76.3856
77.5713
79.1711
80.9878
82.7731
84.2408
85.0521
85.138
84.6909
83.9327
83.1074
82.4672
82.3715
83.2903
85.6683
89.1666
93.3981
98.0149
102.716
107.075
110.614
112.771
113.43
112.899
111.525
109.681
107.739
106.234
105.865
107.28
109.856
112.899
115.818
118.154
119.374
118.94
116.304
111.468
104.997
97.4129
89.2178
80.8017
72.6516
65.3077
59.246
53.8551
48.4766
42.6231
35.9404
28.1004
18.7621
7.57758
-5.63312
-20.8921
-38.4583
-58.891
-83.1855
-112.818
-149.793
-197.024
-258.966
-339.113
-438.626
-555.192
-676.612
-771.884
180.793
175.411
168.194
159.847
151.059
142.429
134.486
127.644
122.116
117.745
114.231
111.282
108.646
106.1
103.447
100.546
97.3829
94.0735
90.7761
87.6619
84.8986
82.6634
81.1226
80.3708
80.3166
80.7961
81.6364
82.6694
83.7172
84.6011
85.1699
85.3804
85.3055
85.0774
84.8644
84.8594
85.2865
86.3722
88.2561
90.8408
93.9235
97.2654
100.612
103.673
106.155
107.804
108.542
108.478
107.812
106.796
105.713
104.892
104.656
105.188
106.29
107.608
108.757
109.37
109.083
107.563
104.574
100.106
94.384
87.7098
80.4056
72.776
65.1241
57.7106
50.6537
43.7416
36.6371
29.0025
20.5302
10.9277
-0.0919372
-12.8037
-27.4438
-44.2446
-63.5577
-85.9286
-112.159
-143.331
-180.815
-226.252
-281.336
-346.819
-421.459
-500.788
-575.199
-629.299
169.678
165.968
160.806
154.672
148.047
141.368
135.011
129.257
124.25
119.97
116.296
113.07
110.132
107.335
104.56
101.73
98.8335
95.9239
93.0932
90.4512
88.112
86.1849
84.7576
83.8677
83.4777
83.4998
83.823
84.3285
84.8957
85.4141
85.802
86.0326
86.1391
86.1993
86.3206
86.6279
87.2518
88.3033
89.8336
91.7966
94.0744
96.5081
98.9161
101.106
102.895
104.146
104.807
104.921
104.602
104.004
103.31
102.704
102.34
102.275
102.413
102.559
102.467
101.883
100.564
98.3034
94.9701
90.5493
85.141
78.9127
72.061
64.7819
57.2525
49.5995
41.8527
33.9049
25.5606
16.5883
6.74742
-4.20417
-16.5088
-30.4076
-46.1423
-63.9785
-84.2525
-107.408
-134.013
-164.755
-200.382
-241.585
-288.729
-341.339
-397.531
-453.46
-503.024
-538.623
161.286
158.614
154.814
150.203
145.108
139.84
134.667
129.792
125.333
121.32
117.714
114.441
111.411
108.538
105.751
103.008
100.301
97.6591
95.1368
92.8029
90.7303
88.9854
87.617
86.6432
86.044
85.7684
85.7458
85.8972
86.143
86.4135
86.6592
86.8621
87.0381
87.2317
87.5073
87.9393
88.6001
89.5435
90.7868
92.2975
93.9995
95.7861
97.5334
99.1133
100.409
101.337
101.857
101.988
101.79
101.351
100.778
100.168
99.5928
99.0656
98.5255
97.8508
96.8835
95.4537
93.3993
90.5867
86.9313
82.4135
77.0776
71.0126
64.3311
57.1474
49.5585
41.6232
33.3407
24.6389
15.3886
5.425
-5.43565
-17.3872
-30.6295
-45.3672
-61.8134
-80.2008
-100.797
-123.916
-149.909
-179.14
-211.914
-248.36
-288.244
-330.699
-373.977
-415.291
-450.952
-477.032
154.89
152.879
149.989
146.427
142.415
138.172
133.892
129.725
125.772
122.08
118.652
115.46
112.462
109.614
106.878
104.232
101.673
99.2203
96.9071
94.7769
92.8751
91.2423
89.9066
88.8776
88.1429
87.671
87.4167
87.3282
87.3534
87.4469
87.5766
87.729
87.9103
88.1445
88.4674
88.92
89.5397
90.3505
91.3534
92.5215
93.8014
95.1193
96.3904
97.5277
98.4536
99.1102
99.4682
99.5291
99.3214
98.8921
98.2957
97.5806
96.7751
95.8737
94.8301
93.5624
91.9648
89.9225
87.3254
84.0824
80.1332
75.4551
70.0629
63.9996
57.3238
50.0957
42.3627
34.1466
25.4322
16.1626
6.24368
-4.44628
-16.0474
-28.7111
-42.5959
-57.8653
-74.6882
-93.2408
-113.709
-136.282
-161.141
-188.42
-218.152
-250.181
-284.048
-318.869
-353.244
-385.257
-412.667
-433.32
149.987
148.407
146.13
143.294
140.051
136.556
132.95
129.347
125.833
122.459
119.247
116.197
113.296
110.526
107.873
105.327
102.891
100.579
98.4124
96.4201
94.6308
93.0696
91.7532
90.6867
89.8619
89.2586
88.8474
88.594
88.464
88.4267
88.4601
88.5527
88.7051
88.928
89.2392
89.6587
90.2029
90.8793
91.6807
92.5833
93.5469
94.5187
95.4384
96.2452
96.884
97.3126
97.5053
97.455
97.1708
96.6723
95.9831
95.122
94.0943
92.8851
91.4561
89.7477
87.6855
85.1889
82.1804
78.5943
74.3836
69.5241
64.0137
57.8678
51.1115
43.7705
35.8622
27.3873
18.3232
8.62139
-1.79064
-13.0051
-25.1283
-38.2757
-52.5674
-68.1253
-85.0708
-103.521
-123.586
-145.356
-168.886
-194.167
-221.08
-249.349
-278.472
-307.678
-335.904
-361.847
-384.105
-401.424
146.23
144.934
143.074
140.744
138.048
135.099
131.999
128.84
125.691
122.603
119.606
116.717
113.938
111.27
108.711
106.262
103.93
101.725
99.6654
97.7695
96.0565
94.5427
93.2383
92.1461
91.2606
90.5681
90.0493
89.6809
89.4394
89.3035
89.2567
89.2889
89.3968
89.583
89.8538
90.2163
90.6746
91.2266
91.8609
92.5559
93.2794
93.9915
94.6478
95.203
95.616
95.8532
95.8909
95.7167
95.3273
94.7258
93.917
92.902
91.6736
90.212
88.4834
86.4415
84.0307
81.1915
77.8663
74.0046
69.5675
64.5296
58.8791
52.6146
45.7405
38.2617
30.1776
21.4765
12.1324
2.10315
-8.66906
-20.2548
-32.7339
-46.1915
-60.7142
-76.386
-93.2844
-111.475
-131.005
-151.892
-174.109
-197.559
-222.055
-247.282
-272.773
-297.892
-321.847
-343.736
-362.651
-377.816
143.376
142.269
140.695
138.716
136.409
133.855
131.133
128.314
125.458
122.612
119.81
117.074
114.419
111.855
109.389
107.028
104.782
102.661
100.681
98.8536
97.1939
95.7125
94.4161
93.3065
92.3796
91.6263
91.0329
90.5835
90.2612
90.0505
89.9381
89.9146
89.9743
90.1147
90.3351
90.6346
91.01
91.4539
91.9526
92.4859
93.0268
93.5436
94.0012
94.3644
94.6
94.6795
94.5805
94.2869
93.788
93.0767
92.1465
90.9883
89.5876
87.922
85.9609
83.6655
80.9918
77.893
74.3237
70.2427
65.6157
60.4168
54.6282
48.2385
41.2399
33.6246
25.3812
16.4916
6.92855
-3.34496
-14.3755
-26.2174
-38.9295
-52.5725
-67.2049
-82.8787
-99.6351
-117.498
-136.469
-156.513
-177.551
-199.444
-221.974
-244.832
-267.605
-289.78
-310.758
-329.901
-346.593
-360.323
141.258
140.276
138.894
137.157
135.123
132.851
130.404
127.839
125.209
122.556
119.915
117.312
114.768
112.297
109.913
107.627
105.45
103.395
101.473
99.6952
98.073
96.614
95.3233
94.202
93.2473
92.4524
91.8077
91.3015
90.9211
90.6543
90.49
90.419
90.4342
90.5299
90.701
90.9421
91.2455
91.6008
91.9932
92.4034
92.8078
93.1794
93.4893
93.708
93.8073
93.7616
93.549
93.1513
92.5532
91.7415
90.7031
89.4227
87.8818
86.0567
83.9184
81.4333
78.5639
75.2713
71.5172
67.2661
62.4866
57.1525
51.2423
44.739
37.6271
29.8917
21.5152
12.4763
2.74801
-7.70253
-18.9133
-30.926
-43.7837
-57.5278
-72.1946
-87.811
-104.39
-121.925
-140.383
-159.698
-179.76
-200.407
-221.417
-242.5
-263.296
-283.387
-302.309
-319.591
-334.793
-347.56
139.758
138.856
137.601
136.026
134.175
132.096
129.84
127.457
124.991
122.481
119.963
117.464
115.008
112.612
110.293
108.066
105.942
103.935
102.054
100.312
98.7152
97.2716
95.985
94.8561
93.883
93.0607
92.3816
91.8367
91.4159
91.1089
90.9059
90.7979
90.7768
90.8349
90.9648
91.1581
91.405
91.693
92.0067
92.3278
92.6345
92.9029
93.1074
93.2222
93.2219
93.0827
92.7829
92.3028
91.6248
90.7317
89.6067
88.2311
86.584
84.6411
82.3745
79.7534
76.7444
73.3131
69.4257
65.0497
60.1556
54.7169
48.7103
42.1151
34.912
27.0815
18.6032
9.45401
-0.392306
-10.965
-22.2957
-34.417
-47.3604
-61.1532
-75.8154
-91.3555
-107.766
-125.02
-143.062
-161.804
-181.122
-200.844
-220.752
-240.576
-260
-278.672
-296.218
-312.271
-326.497
-338.628
138.797
137.944
136.765
135.289
133.551
131.593
129.459
127.191
124.831
122.417
119.981
117.553
115.157
112.814
110.54
108.353
106.265
104.289
102.436
100.716
99.1354
97.7016
96.4176
95.2843
94.3001
93.4609
92.7607
92.1917
91.7453
91.4123
91.1836
91.0503
91.0037
91.0351
91.1358
91.2957
91.5037
91.7465
92.0084
92.2714
92.5149
92.7168
92.8534
92.9008
92.8353
92.6338
92.275
91.7383
91.0045
90.0548
88.8698
87.4294
85.7111
83.6904
81.3401
78.631
75.5319
72.011
68.0368
63.5787
58.6081
53.0984
47.0254
40.3664
33.0998
25.2042
16.6574
7.4356
-2.48639
-13.1354
-24.5389
-36.7236
-49.7131
-63.5256
-78.1704
-93.6444
-109.927
-126.978
-144.728
-163.08
-181.899
-201.011
-220.203
-239.223
-257.783
-275.573
-292.273
-307.577
-321.21
-332.955
138.328
137.498
136.355
134.926
133.242
131.342
129.267
127.055
124.748
122.381
119.987
117.594
115.229
112.912
110.662
108.495
106.425
104.465
102.625
100.915
99.3432
97.9141
96.6315
95.4961
94.5067
93.6595
92.9491
92.3686
91.9097
91.5639
91.3224
91.1763
91.1166
91.1343
91.2198
91.3626
91.5509
91.771
92.0072
92.2415
92.454
92.6232
92.7265
92.7407
92.6428
92.4103
92.0217
91.4562
90.694
89.7152
88.4997
87.0264
85.2725
83.2131
80.8215
78.0691
74.9257
71.3608
67.3438
62.8449
57.836
52.2906
46.1838
39.4922
32.1933
24.2646
15.6833
6.42565
-3.53325
-14.2189
-25.6567
-37.8702
-50.8795
-64.6981
-79.3301
-94.7665
-110.981
-127.926
-145.527
-163.68
-182.249
-201.059
-219.9
-238.528
-256.67
-274.037
-290.335
-305.284
-318.637
-330.199
-2603.21
-914.161
-482.324
-343.626
-286.471
-257.41
-240.312
-229.274
-221.731
-216.403
-212.587
-209.871
-208.003
-206.83
-206.264
-1497.8
-975.267
-645.959
-471.282
-377.157
-323.216
-290.177
-268.756
-254.254
-244.15
-237.012
-231.992
-228.573
-226.442
-225.417
-1027.94
-843.131
-654.956
-518.379
-427.652
-368.114
-328.42
-301.313
-282.376
-268.928
-259.316
-252.509
-247.853
-244.943
-243.543
-786.411
-714.345
-612.344
-519.619
-446.952
-393.163
-354.07
-325.696
-305.005
-289.864
-278.812
-270.869
-265.383
-261.931
-260.264
-644.445
-615.483
-560.447
-500.794
-447.365
-403.509
-368.998
-342.388
-322.081
-306.705
-295.196
-286.77
-280.873
-277.131
-275.315
-553.085
-542.687
-513.158
-475.737
-438.2
-404.502
-376.02
-352.774
-334.222
-319.676
-308.492
-300.137
-294.204
-290.401
-288.545
-490.588
-489.011
-473.754
-450.789
-425.188
-400.274
-377.799
-358.46
-342.351
-329.28
-318.955
-311.079
-305.4
-301.721
-299.914
-446.05
-449.009
-442.052
-428.467
-411.485
-393.599
-376.437
-360.911
-347.437
-336.133
-326.963
-319.821
-314.589
-311.164
-309.471
-413.478
-418.914
-416.972
-409.538
-398.679
-386.194
-373.435
-361.305
-350.346
-340.848
-332.937
-326.648
-321.968
-318.871
-317.331
-389.337
-396.19
-397.376
-394.028
-387.492
-379.058
-369.799
-360.522
-351.79
-343.97
-337.285
-331.859
-327.76
-325.017
-323.644
-371.436
-379.127
-382.311
-381.698
-378.198
-372.742
-366.174
-359.188
-352.318
-345.954
-340.367
-335.739
-332.189
-329.789
-328.58
-358.369
-366.564
-371.035
-372.252
-370.853
-367.533
-362.962
-357.732
-352.334
-347.154
-342.484
-338.537
-335.464
-333.365
-332.302
-349.224
-357.721
-363.007
-365.417
-365.423
-363.568
-360.403
-356.44
-352.128
-347.839
-343.872
-340.456
-337.76
-335.901
-334.954
-343.415
-352.082
-357.851
-360.979
-361.848
-360.908
-358.636
-355.492
-351.892
-348.197
-344.704
-341.65
-339.213
-337.521
-336.655
-340.592
-349.336
-355.33
-358.797
-360.075
-359.575
-357.737
-354.993
-351.746
-348.347
-345.092
-342.221
-339.916
-338.309
-337.484
)
;

boundaryField
{
    hot
    {
        type            calculated;
        value           nonuniform List<scalar> 
120
(
84.3692
83.8179
82.7043
81.0075
78.6981
75.7414
72.1012
67.7454
62.6524
56.8191
50.2687
43.0576
35.2801
27.0681
18.5864
10.735
3.66162
-3.24067
-9.87595
-16.1639
-22.043
-27.4714
-32.4264
-36.9022
-40.9073
-44.4614
-47.5919
-50.3313
-52.7148
-54.7782
-56.5569
-58.0845
-59.392
-60.5082
-61.4588
-62.2666
-62.9519
-63.5324
-64.0234
-64.4382
-64.7884
-65.0835
-65.3322
-65.5413
-65.7171
-65.8646
-65.9881
-66.0913
-66.1773
-66.2485
-66.3071
-66.3549
-66.3933
-66.4234
-66.4462
-66.4623
-66.4722
-66.4762
-66.4745
-66.4669
-66.4533
-66.4332
-66.406
-66.371
-66.3271
-66.2728
-66.2067
-66.1268
-66.0306
-65.9152
-65.7774
-65.6129
-65.4169
-65.1838
-64.9067
-64.5777
-64.1873
-63.7244
-63.1763
-62.5279
-61.7616
-60.8574
-59.7921
-58.5392
-57.0688
-55.3476
-53.3385
-51.0013
-48.2929
-45.1687
-41.5835
-37.4937
-32.8603
-27.6515
-21.8472
-15.4426
-8.45251
-0.915047
7.10656
15.5234
24.2233
33.0756
41.9386
50.6684
59.1286
68.0055
76.9711
85.102
92.3367
98.6623
104.104
108.716
112.565
115.729
118.282
120.295
121.829
122.935
123.651
124.002
)
;
    }
    cold
    {
        type            calculated;
        value           nonuniform List<scalar> 
120
(
-37.0005
-36.7531
-36.2605
-35.5271
-34.5599
-33.3691
-31.9687
-30.3769
-28.6168
-26.7164
-24.7086
-22.6303
-20.5216
-18.4233
-16.3752
-14.5768
-13.0211
-11.5587
-10.1999
-8.95105
-7.81503
-6.79129
-5.87667
-5.06588
-4.35213
-3.72773
-3.18449
-2.71415
-2.30866
-1.96038
-1.6622
-1.40762
-1.19082
-1.00658
-0.850306
-0.717986
-0.606125
-0.511707
-0.432137
-0.365195
-0.308988
-0.26191
-0.222603
-0.189926
-0.162924
-0.140801
-0.122906
-0.108707
-0.0977848
-0.0898129
-0.0845545
-0.0818531
-0.0816291
-0.0838771
-0.0886663
-0.0961425
-0.106533
-0.120152
-0.137413
-0.158839
-0.185078
-0.216923
-0.255338
-0.301484
-0.356754
-0.422815
-0.501659
-0.595659
-0.70764
-0.840963
-0.999621
-1.18835
-1.41278
-1.67957
-1.9966
-2.37321
-2.82042
-3.35122
-3.98091
-4.72747
-5.61197
-6.65905
-7.89739
-9.36027
-11.0861
-13.119
-15.5091
-18.3133
-21.595
-25.4241
-29.8768
-35.0341
-40.9801
-47.7988
-55.5709
-64.368
-74.2461
-85.2388
-97.3486
-110.539
-124.73
-139.789
-155.536
-171.746
-188.158
-206.125
-225.166
-243.199
-259.854
-274.867
-288.086
-299.466
-309.05
-316.946
-323.301
-328.277
-332.034
-334.715
-336.436
-337.276
)
;
    }
    interface_left
    {
        type            calculated;
        value           nonuniform List<scalar> 
90
(
-1283.08
-627.366
-378.143
-265.087
-204.695
-168.078
-143.824
-126.765
-114.26
-104.819
-97.5344
-91.8197
-87.2786
-83.6332
-80.6831
-78.28
-76.312
-74.6934
-73.3574
-72.2513
-71.3335
-70.5703
-69.9348
-69.4047
-68.9622
-68.5925
-68.2835
-68.025
-67.8089
-67.6282
-67.4772
-67.3512
-67.2463
-67.1591
-67.087
-67.0277
-66.9795
-66.9408
-66.9105
-66.8876
-66.8714
-66.8614
-66.8574
-66.8591
-66.8667
-66.8804
-66.9006
-66.9278
-66.9631
-67.0073
-67.062
-67.1287
-67.2095
-67.3069
-67.424
-67.5643
-67.7321
-67.9329
-68.1728
-68.4595
-68.8021
-69.2116
-69.7015
-70.2877
-70.99
-71.8323
-72.8439
-74.061
-75.5284
-77.302
-79.4524
-82.0693
-85.2682
-89.2005
-94.0673
-100.142
-107.804
-117.6
-130.341
-147.292
-170.549
-203.858
-254.624
-339.393
-500.476
-861.25
-1823.71
1986.61
1047.61
762.688
)
;
    }
    interface_right
    {
        type            calculated;
        value           nonuniform List<scalar> 
90
(
106.454
57.1032
35.9486
25.0353
18.5071
14.1833
11.1236
8.86245
7.14109
5.80269
4.74561
3.9007
3.21905
2.66509
2.21223
1.84028
1.53361
1.27998
1.06969
0.894993
0.749629
0.628535
0.527579
0.443378
0.373157
0.314628
0.265905
0.225433
0.191931
0.164344
0.141808
0.123619
0.109214
0.0981452
0.0900703
0.0847396
0.0819883
0.0817306
0.083957
0.0887343
0.0962069
0.106601
0.120233
0.137516
0.158976
0.185265
0.217183
0.255703
0.301997
0.357476
0.423834
0.503097
0.597688
0.710504
0.845006
1.00533
1.19641
1.42416
1.69563
2.01928
2.40522
2.86561
3.41502
4.07098
4.85463
5.7915
6.91253
8.2553
9.86567
11.7998
14.1271
16.9333
20.3258
24.4399
29.448
35.5724
43.1041
52.4305
64.0784
78.7818
97.5946
122.087
154.71
199.521
263.78
361.832
525.684
837.047
1533.71
3389.08
)
;
    }
    interface_top
    {
        type            calculated;
        value           nonuniform List<scalar> 
90
(
257.147
238.4
220.373
178.946
157.941
127.901
107.352
65.7973
90.076
96.6743
98.829
99.9606
102.248
104.737
112.192
109.855
94.8909
87.6912
77.7508
72.1823
63.505
55.7568
36.7695
53.3348
59.3668
64.9737
68.7781
76.0758
81.8489
94.9142
96.7405
90.0138
86.6544
81.2579
77.9092
71.729
64.5194
43.904
67.3645
77.2352
88.9125
96.8638
111.974
122.899
145.997
149.843
139.912
134.954
126.891
121.66
111.787
99.8953
65.9968
102.593
116.834
131.878
140.583
155.424
164.966
184.328
182.96
159.359
147.393
129.428
118.925
101.883
87.1937
52.6754
78.3327
85.7866
89.5885
90.6876
92.0106
92.4269
94.7126
89.9033
73.1545
64.8088
55.3398
50.2156
47.1429
38.1305
16.7369
60.2914
36.0661
-69.08
-166.668
-360.808
-896.944
-2628.61
)
;
    }
    interface_bottom
    {
        type            calculated;
        value           nonuniform List<scalar> 
90
(
799.952
346.618
205.811
149.84
124.313
101.56
85.0575
53.9492
73.5247
78.7555
81.2175
81.7229
82.2121
82.7471
85.6332
81.3726
64.8031
55.9187
42.3051
35.0013
24.4614
18.4032
8.9957
7.55948
5.01917
-0.908104
-4.8724
-11.8032
-16.1812
-23.7711
-26.6594
-28.3666
-29.577
-31.3058
-32.1723
-32.9133
-31.0508
-22.3209
-37.5989
-44.3693
-52.7058
-57.6062
-65.6003
-70.4299
-78.9887
-79.522
-72.2971
-69.5674
-66.643
-65.0803
-62.4943
-57.2526
-39.8188
-63.8425
-73.7157
-84.8102
-91.1038
-101.198
-107.22
-118.024
-117.769
-105.604
-100.779
-95.4805
-92.6179
-88.1055
-80.3276
-55.5193
-88.4285
-101.916
-117.135
-126.075
-141.059
-150.692
-169.354
-170.575
-155.779
-150.016
-144.156
-140.685
-135.372
-122.982
-82.8659
-137.85
-143.226
-107.782
-211.29
-200.252
-61.6918
1.25618
)
;
    }
    defaultFaces
    {
        type            empty;
    }
}


// ************************************************************************* //
