/*--------------------------------*- C++ -*----------------------------------*\
| =========                 |                                                 |
| \\      /  F ield         | OpenFOAM: The Open Source CFD Toolbox           |
|  \\    /   O peration     | Version:  5.x                                   |
|   \\  /    A nd           | Web:      www.OpenFOAM.org                      |
|    \\/     M anipulation  |                                                 |
\*---------------------------------------------------------------------------*/
FoamFile
{
    version     2.0;
    format      ascii;
    class       volScalarField;
    location    "8.7";
    object      gradTx;
}
// * * * * * * * * * * * * * * * * * * * * * * * * * * * * * * * * * * * * * //

dimensions      [0 -1 0 1 0 0 0];

internalField   nonuniform List<scalar> 
6300
(
62.152
62.626
63.5649
64.9497
66.7503
68.9236
71.4115
74.1391
77.0137
79.9249
82.7472
85.3452
87.5815
89.3275
90.4743
61.6764
62.1596
63.1174
64.5323
66.3759
68.6073
71.17
73.9904
76.9754
80.012
82.9697
85.7049
88.07
89.9248
91.1502
60.7161
61.2168
62.2112
63.6845
65.6123
67.9578
70.6692
73.6755
76.8835
80.1763
83.4128
86.433
89.0668
91.1494
92.5388
59.2535
59.7787
60.8245
62.3806
64.4291
66.9409
69.8718
73.1569
76.7053
80.3949
84.0704
87.5454
90.6132
93.0654
94.7196
57.2642
57.8185
58.9259
60.5828
62.781
65.5033
68.7184
72.3733
76.384
80.6259
84.9266
89.0633
92.773
95.7775
97.8251
54.719
55.3036
56.4762
58.2423
60.6071
63.5712
67.1237
71.2323
75.8296
80.7964
85.9448
91.0063
95.6361
99.4446
102.062
51.5877
52.1993
53.4315
55.3014
57.8323
61.049
64.9712
69.6008
74.9039
80.7836
87.0481
93.3792
99.3187
104.3
107.75
47.8433
48.4728
49.7475
51.6982
54.37
57.8198
62.1095
67.2944
73.3998
80.3841
88.083
96.1417
103.957
110.685
115.385
43.4679
44.0998
45.386
47.3723
50.1284
53.749
58.3512
64.0657
71.0152
79.2682
88.7561
99.1453
109.682
119.097
125.767
38.4592
39.071
40.3232
42.2751
45.0209
48.6952
53.4789
59.6004
67.3255
76.9155
88.5262
102
116.525
130.25
140.254
32.8375
33.4006
34.5594
36.3827
38.9834
42.5306
47.2672
53.5302
61.769
72.5405
86.4313
103.8
124.167
145.123
161.314
26.6513
27.1332
28.1297
29.7116
31.998
35.1754
39.5277
45.4826
53.6783
65.0445
80.8563
102.601
131.215
164.76
193.877
19.9822
20.3499
21.1135
22.3348
24.1204
26.644
30.1842
35.1929
42.4154
53.1012
69.3463
94.5309
133.327
188.824
249.101
12.9444
13.1696
13.6385
14.3924
15.5038
17.0949
19.3711
22.6879
27.6878
35.597
48.895
72.8466
118.738
208.103
356.661
5.68031
5.74444
5.87771
6.09146
6.40653
6.85966
7.5164
8.49878
10.0498
12.7024
17.7886
29.2207
60.6725
168.185
612.341
90.9584
90.8501
90.2377
89.1337
87.5661
85.5744
83.2052
80.5085
77.5343
74.3298
70.9379
67.3961
63.7369
59.9874
56.1706
52.3059
48.41
44.4972
40.5805
36.6715
32.7808
28.918
25.0918
21.31
17.5796
13.9064
10.2955
6.75072
3.27535
-0.128392
-3.45901
-6.71568
-9.89814
-13.0065
-16.0411
-19.0023
-21.8904
-24.7055
-27.4472
-30.1153
-32.7092
-35.2283
-37.6724
-40.0418
-42.3373
-44.5606
-46.714
-48.8002
-50.8227
-52.7845
-54.6886
-56.537
-58.3311
-60.0711
-61.7559
-63.3839
-64.9524
-66.4587
-67.9
-69.2738
-70.578
-71.811
-72.9714
-74.0577
-75.0679
-75.9989
-76.8461
-77.6028
-78.2605
-78.8084
-79.2342
-79.5243
-79.6645
-79.6412
-79.4416
-79.0548
-78.4722
-77.6884
-76.7007
-75.5099
-74.1203
-72.5393
-70.7778
-68.8504
-66.775
-64.5731
-62.2693
-59.8915
-57.4693
-55.0337
91.6754
91.5744
90.9436
89.7995
88.1752
86.1163
83.675
80.9065
77.8643
74.5982
71.1522
67.564
63.8655
60.0831
56.2384
52.3499
48.4332
44.5019
40.5686
36.6444
32.7399
28.8645
25.0272
21.2356
17.4967
13.8164
10.1997
6.65054
3.17196
-0.23388
-3.56562
-6.82264
-10.0049
-13.1127
-16.1467
-19.1075
-21.9955
-24.8107
-27.5531
-30.222
-32.8165
-35.3359
-37.7796
-40.1477
-42.4409
-44.6608
-46.8099
-48.8916
-50.9094
-52.867
-54.7679
-56.6145
-58.4083
-60.1495
-61.837
-63.4685
-65.0411
-66.5514
-67.9963
-69.373
-70.6795
-71.9144
-73.0769
-74.1662
-75.1808
-76.1185
-76.9751
-77.7442
-78.4172
-78.983
-79.4283
-79.7386
-79.8988
-79.8938
-79.7098
-79.3352
-78.7608
-77.9806
-76.9918
-75.7951
-74.3946
-72.7978
-71.0156
-69.0623
-66.956
-64.7185
-62.375
-59.9543
-57.4876
-55.0076
93.1482
93.0598
92.3868
91.1547
89.4085
87.2067
84.6144
81.6968
78.5152
75.1241
71.5695
67.8893
64.1138
60.267
56.3683
52.4334
48.4762
44.5088
40.5425
36.5882
32.6561
28.7558
24.896
21.0847
17.3289
13.6345
10.0063
6.4484
2.96356
-0.446257
-3.77998
-7.03736
-10.2188
-13.3252
-16.3577
-19.3174
-22.205
-25.0208
-27.7646
-30.4353
-33.0316
-35.552
-37.9953
-40.361
-42.6494
-44.8623
-47.0025
-49.0742
-51.0819
-53.0306
-54.9245
-56.7672
-58.5605
-60.3045
-61.9978
-63.6371
-65.2184
-66.7372
-68.1896
-69.5722
-70.8829
-72.121
-73.2868
-74.3807
-75.4033
-76.3536
-77.2286
-78.0228
-78.7271
-79.3295
-79.8154
-80.1679
-80.3694
-80.4025
-80.2512
-79.902
-79.3444
-78.5717
-77.5808
-76.3723
-74.9502
-73.322
-71.4983
-69.4933
-67.3249
-65.0151
-62.5906
-60.0821
-57.524
-54.9525
95.4609
95.3849
94.6335
93.2483
91.2959
88.8579
86.0204
82.8655
79.4663
75.8839
72.1664
68.3505
64.4634
60.5246
56.5489
52.5482
48.5329
44.5129
40.4984
36.4993
32.5259
28.5879
24.6943
20.8534
17.0722
13.3566
9.71154
6.14073
2.64686
-0.768394
-4.10441
-7.3615
-10.5408
-13.6441
-16.6735
-19.6309
-22.5177
-25.3345
-28.081
-30.7555
-33.3557
-35.8788
-38.3225
-40.685
-42.9662
-45.1678
-47.2934
-49.3483
-51.3389
-53.2722
-55.1543
-56.9903
-58.7827
-60.5319
-62.2353
-63.8882
-65.4846
-67.0179
-68.4824
-69.8738
-71.1898
-72.4308
-73.5987
-74.697
-75.7287
-76.6958
-77.5975
-78.4293
-79.1822
-79.8427
-80.3932
-80.8133
-81.0813
-81.1755
-81.0763
-80.7674
-80.2364
-79.4757
-78.4818
-77.2556
-75.8013
-74.1264
-72.2409
-70.1584
-67.896
-65.476
-62.9261
-60.2805
-57.5785
-54.8628
98.7544
98.6804
97.7912
96.1568
93.8809
91.0829
87.8816
84.3843
80.6798
76.8365
72.9034
68.9131
64.886
60.8339
56.7644
52.6829
48.5953
44.5084
40.431
36.3727
32.344
28.3553
24.4163
20.5356
16.7204
12.9768
9.30946
5.72194
2.21674
-1.20482
-4.54261
-7.7977
-10.9723
-14.0695
-17.0929
-20.0458
-22.9309
-25.7494
-28.5008
-31.1824
-33.7904
-36.3198
-38.766
-41.1255
-43.3971
-45.5822
-47.6855
-49.7143
-51.678
-53.5867
-55.4499
-57.2751
-59.0665
-60.8243
-62.5446
-64.2198
-65.8406
-67.3968
-68.8795
-70.2827
-71.6038
-72.8445
-74.01
-75.1078
-76.1459
-77.1309
-78.0658
-78.9483
-79.7692
-80.5129
-81.1574
-81.6765
-82.0419
-82.2254
-82.2021
-81.9512
-81.458
-80.7139
-79.716
-78.466
-76.969
-75.2325
-73.266
-71.0811
-68.693
-66.1225
-63.3985
-60.5591
-57.6515
-54.729
103.249
103.148
102.02
99.9873
97.2161
93.8868
90.1676
86.1999
82.0916
77.917
73.7212
69.5274
65.3431
61.1674
56.996
52.8255
48.6555
44.4895
40.3351
36.2027
32.1039
28.0506
24.0538
20.1229
16.2653
12.4868
8.79207
5.18435
1.66593
-1.76207
-5.10001
-8.34986
-11.5153
-14.6013
-17.6137
-20.5584
-23.4399
-26.2609
-29.0206
-31.7151
-34.3378
-36.8802
-39.334
-41.6924
-43.952
-46.1139
-48.1842
-50.1734
-52.0955
-53.966
-55.7995
-57.6079
-59.398
-61.17
-62.9177
-64.6291
-66.2887
-67.8804
-69.3902
-70.8086
-72.1325
-73.3656
-74.5177
-75.6033
-76.6383
-77.6369
-78.6085
-79.5544
-80.4662
-81.3246
-82.1009
-82.7599
-83.2629
-83.5721
-83.6541
-83.4824
-83.0395
-82.3164
-81.312
-80.0308
-78.4802
-76.6687
-74.6044
-72.2953
-69.7514
-66.989
-64.0358
-60.9348
-57.745
-54.5367
109.286
109.092
107.551
104.879
101.353
97.2504
92.8098
88.2167
83.5976
79.0264
74.5351
70.1265
65.7865
61.4933
57.2253
52.9665
48.7088
44.453
40.2069
35.9834
31.7975
27.664
23.596
19.604
15.6956
11.876
8.14905
4.51787
0.98473
-2.44918
-5.78436
-9.02368
-12.1726
-15.2389
-18.232
-21.1616
-24.0361
-26.8603
-29.6339
-32.3511
-35.0005
-37.568
-40.0389
-42.401
-44.647
-46.7771
-48.7991
-50.7286
-52.5868
-54.3977
-56.1846
-57.9664
-59.7546
-61.55
-63.3423
-65.1119
-66.8336
-68.4811
-70.0315
-71.4697
-72.7909
-74.0019
-75.1202
-76.1707
-77.1819
-78.1806
-79.1868
-80.2086
-81.2388
-82.2531
-83.2122
-84.0664
-84.7615
-85.2446
-85.47
-85.403
-85.0229
-84.3225
-83.3054
-81.9821
-80.3657
-78.4675
-76.2941
-73.8465
-71.1233
-68.1291
-64.8849
-61.4375
-57.8639
-54.2638
117.402
116.976
114.706
110.999
106.32
101.098
95.6701
90.2694
85.0333
80.0194
75.2283
70.6258
66.1613
61.7816
57.4403
53.1047
48.7586
44.4015
40.0454
35.7093
31.4148
27.1823
23.0283
18.9645
14.9976
11.1312
7.36786
3.70998
0.160428
-3.27858
-6.60687
-9.82775
-12.9488
-15.9818
-18.9416
-21.8442
-24.7045
-27.5322
-30.3285
-33.0841
-35.7807
-38.3944
-40.9001
-43.2761
-45.5087
-47.5953
-49.5465
-51.3858
-53.1456
-54.8634
-56.5761
-58.3151
-60.1001
-61.9335
-63.7986
-65.6629
-67.4845
-69.2205
-70.8335
-72.2983
-73.607
-74.7707
-75.8189
-76.7935
-77.7424
-78.7124
-79.7412
-80.8495
-82.0331
-83.2598
-84.4731
-85.6007
-86.5639
-87.287
-87.7055
-87.7731
-87.4663
-86.7833
-85.7382
-84.3542
-82.6557
-80.6614
-78.3775
-75.7931
-72.8842
-69.6281
-66.0253
-62.121
-58.0201
-53.8753
128.468
127.511
123.93
118.515
112.067
105.241
98.4888
92.0836
86.1477
80.6903
75.6486
70.925
66.4129
62.0133
57.646
53.2571
48.823
44.3478
39.8543
35.3746
30.9423
26.5868
22.3302
18.1849
14.1544
10.2379
6.43445
2.74588
-0.823237
-4.26756
-7.5841
-10.7756
-13.8519
-16.8302
-19.7333
-22.5877
-25.4196
-28.2491
-31.0813
-33.9019
-36.6801
-39.3759
-41.9474
-44.3575
-46.5802
-48.6077
-50.4546
-52.1567
-53.7644
-55.3357
-56.9291
-58.5969
-60.3749
-62.2705
-64.2554
-66.2743
-68.2579
-70.136
-71.8477
-73.3508
-74.6304
-75.7049
-76.6226
-77.4521
-78.2714
-79.1582
-80.18
-81.3807
-82.7641
-84.2845
-85.8561
-87.3702
-88.7107
-89.7667
-90.4447
-90.6808
-90.4501
-89.7638
-88.6575
-87.1776
-85.3702
-83.2711
-80.8921
-78.2059
-75.1438
-71.6254
-67.5985
-63.0866
-58.2384
-53.3115
143.987
141.821
135.794
127.513
118.359
109.273
100.806
93.2198
86.5713
80.7609
75.6096
70.9185
66.5012
62.1973
57.8815
53.4734
48.9457
44.3195
39.6424
34.9709
30.3582
25.8485
21.4714
17.2393
13.1467
9.18134
5.33537
1.60956
-1.98678
-5.44066
-8.74152
-11.8892
-14.8962
-17.7869
-20.5951
-23.3632
-26.1382
-28.9617
-31.8506
-34.7805
-37.6978
-40.536
-43.2269
-45.708
-47.9322
-49.8797
-51.5707
-53.0629
-54.435
-55.7753
-57.1742
-58.7192
-60.4797
-62.4778
-64.6624
-66.9355
-69.1821
-71.2901
-73.1612
-74.7238
-75.9483
-76.8636
-77.5519
-78.1241
-78.7019
-79.4083
-80.3599
-81.6473
-83.2965
-85.2339
-87.3203
-89.3881
-91.2657
-92.7891
-93.8184
-94.2593
-94.0882
-93.3475
-92.1133
-90.4709
-88.5031
-86.2823
-83.8476
-81.1583
-78.0591
-74.3534
-69.8687
-64.5354
-58.569
-52.4584
166.733
161.689
150.902
137.768
124.55
112.413
101.852
93.0036
85.7864
79.8809
74.9063
70.5164
66.4248
62.397
58.2491
53.8607
49.2091
44.3639
39.4214
34.4816
29.6252
24.9187
20.4031
16.0924
11.9554
7.95253
4.06303
0.286562
-3.35559
-6.83419
-10.1196
-13.2053
-16.108
-18.8621
-21.5144
-24.1288
-26.7868
-29.5796
-32.5608
-35.6768
-38.8291
-41.9077
-44.8081
-47.4279
-49.682
-51.5205
-52.9726
-54.1412
-55.151
-56.1297
-57.2081
-58.5305
-60.2416
-62.4158
-64.941
-67.6339
-70.3048
-72.7844
-74.9179
-76.5824
-77.7103
-78.348
-78.6472
-78.7867
-78.946
-79.304
-80.0549
-81.3914
-83.4124
-85.9675
-88.8098
-91.6784
-94.3292
-96.5214
-98.0379
-98.7174
-98.5449
-97.6404
-96.1552
-94.231
-91.9988
-89.5999
-87.168
-84.6996
-81.8464
-78.2019
-73.3594
-66.8945
-59.1062
-51.0708
202.363
189.823
169.384
148.144
129.183
113.282
100.431
90.4373
83.1111
77.6591
73.3597
69.6835
66.2554
62.7688
58.9617
54.6259
49.7507
44.5474
39.1957
33.8717
28.6761
23.7133
19.0395
14.6948
10.5709
6.56015
2.62771
-1.23
-4.96
-8.50598
-11.7854
-14.7848
-17.5337
-20.0837
-22.4885
-24.8311
-27.2413
-29.9258
-33.0767
-36.5203
-40.0662
-43.5354
-46.793
-49.674
-52.0298
-53.7171
-54.782
-55.4477
-55.911
-56.3399
-56.89
-57.7815
-59.3355
-61.8478
-64.9771
-68.3632
-71.7019
-74.776
-77.3491
-79.2126
-80.1769
-80.3187
-79.9715
-79.4198
-78.9029
-78.6325
-78.9056
-80.1487
-82.7579
-86.286
-90.2602
-94.2807
-98.0513
-101.225
-103.461
-104.401
-104.054
-102.768
-100.828
-98.4332
-95.7332
-92.9638
-90.5394
-88.7937
-86.772
-83.7742
-79.1853
-71.1582
-59.9983
-48.5509
263.79
229.332
189.014
155.235
129.404
109.759
94.8913
84.0285
77.735
73.7763
70.9143
68.4918
66.1688
63.601
60.4346
56.1666
50.7636
44.9436
38.9296
33.0759
27.391
22.091
17.2016
12.9787
9.02336
5.05466
1.08457
-2.9306
-6.8295
-10.5617
-13.8543
-16.7249
-19.2458
-21.5143
-23.5517
-25.436
-27.3006
-29.5999
-33.1709
-37.216
-41.4135
-45.4673
-49.3197
-52.6757
-55.3398
-56.8093
-57.1659
-57.0447
-56.7201
-56.3746
-56.0796
-56.0777
-57.0488
-60.3903
-64.6426
-69.1599
-73.4789
-77.4878
-80.8012
-83.1362
-83.827
-82.9923
-81.5887
-80.0016
-78.5032
-77.1773
-76.3579
-76.9375
-80.7788
-85.9605
-91.6422
-97.2412
-102.631
-107.278
-110.748
-111.936
-110.913
-108.836
-106.152
-103.074
-99.5655
-95.8289
-92.9319
-93.2833
-93.1015
-91.6359
-89.9608
-79.9319
-61.3034
-43.2973
384.354
277.275
199.226
150.88
120.715
99.3527
83.5841
71.0382
68.9956
68.313
67.8345
67.1559
66.4335
65.2941
63.4927
59.3407
52.376
45.6183
38.4318
32.0365
25.5509
19.8772
14.4037
10.8768
7.49483
3.55097
-0.393802
-4.7987
-8.93913
-13.2504
-16.5311
-19.1682
-21.3215
-23.2777
-24.8351
-26.0692
-26.7337
-27.4426
-32.5821
-37.692
-42.9673
-47.6888
-52.5605
-56.6734
-60.3694
-61.5035
-60.2372
-58.9338
-57.5588
-56.3361
-54.8466
-52.9719
-51.3482
-57.6203
-63.9256
-70.2413
-75.7012
-81.2001
-85.6613
-89.4262
-89.6723
-86.4841
-83.4692
-80.4543
-77.854
-74.9917
-71.7942
-69.0284
-76.8682
-84.9139
-93.1416
-100.501
-108.28
-115.022
-121.322
-122.65
-119.289
-115.776
-112.042
-108.331
-103.725
-97.4835
-90.645
-98.5392
-101.278
-99.7978
-112.764
-101.088
-61.711
-30.8047
659.626
283.411
166.66
120.343
99.3495
80.8895
67.6347
42.9218
58.2965
62.5547
65.0414
65.8818
67.2975
67.9391
69.9346
66.5641
53.6891
46.9095
36.7939
31.1265
22.5413
17.3746
8.80241
8.5659
6.77523
2.04845
-1.20972
-7.04768
-10.8028
-17.423
-20.1345
-22.3083
-23.6806
-25.6152
-26.5838
-27.5225
-26.1027
-18.9051
-32.0355
-37.9296
-45.3181
-49.6937
-56.8936
-61.2706
-69.0876
-69.6537
-63.3611
-60.9254
-58.1776
-56.6811
-54.1674
-49.5039
-34.277
-54.8016
-63.1929
-72.5541
-77.8664
-86.4053
-91.5227
-100.782
-100.462
-89.7248
-85.3484
-80.3087
-77.5809
-73.2875
-66.6078
-45.846
-72.6597
-83.6036
-95.89
-103.154
-115.42
-123.403
-139.052
-140.115
-127.882
-123.032
-117.899
-114.875
-110.239
-99.9957
-67.1416
-111.217
-115.528
-87.1552
-171.05
-162.13
-49.9201
1.14539
-52.3774
-49.5474
-46.835
-44.2784
-41.9075
-39.7435
-37.7996
-36.0824
-34.5934
-33.3304
-32.2894
-31.465
-30.8521
-30.4462
-30.2442
-52.3048
-49.429
-46.6782
-44.0919
-41.6999
-39.5227
-37.5722
-35.8536
-34.3666
-33.108
-32.0721
-31.2529
-30.6445
-30.2419
-30.0416
-52.1541
-49.1847
-46.3562
-43.7103
-41.2768
-39.0744
-37.1124
-35.3923
-33.911
-32.6621
-31.6376
-30.8296
-30.2306
-29.8349
-29.638
-51.9141
-48.7987
-45.8508
-43.1154
-40.6218
-38.3852
-36.4098
-34.6917
-33.2225
-31.9911
-30.9861
-30.1965
-29.6131
-29.2283
-29.0372
-51.5656
-48.2443
-45.132
-42.2779
-39.709
-37.4342
-35.4491
-33.7416
-32.2955
-31.0933
-30.1186
-29.3569
-28.7962
-28.4275
-28.2447
-51.0786
-47.4799
-44.1542
-41.1545
-38.5015
-36.1927
-34.2103
-32.5297
-31.1238
-29.9673
-29.0376
-28.3157
-27.787
-27.4404
-27.2689
-50.4057
-46.4418
-42.8498
-39.6834
-36.9493
-34.624
-32.6692
-31.0422
-29.7024
-28.6141
-27.7481
-27.0809
-26.595
-26.2778
-26.1211
-49.4715
-45.0309
-41.1191
-37.7795
-34.9876
-32.6844
-30.7998
-29.2671
-28.0288
-27.0382
-26.2592
-25.6644
-25.2339
-24.9541
-24.8163
-48.1485
-43.0902
-38.8155
-35.3272
-32.5368
-30.3254
-28.5779
-27.197
-26.1069
-25.2503
-24.5856
-24.083
-23.7218
-23.488
-23.3731
-46.2106
-40.3653
-35.7247
-32.1761
-29.5064
-27.5021
-25.9888
-24.8359
-23.951
-23.2701
-22.7495
-22.3599
-22.0818
-21.9025
-21.8146
-43.2293
-36.4349
-31.5412
-28.1457
-25.8098
-24.1875
-23.0387
-22.2063
-21.5907
-21.129
-20.782
-20.525
-20.3425
-20.2253
-20.1679
-38.3421
-30.6034
-25.8592
-23.0552
-21.3992
-20.399
-19.7717
-19.3596
-19.076
-18.873
-18.7242
-18.6151
-18.5377
-18.4878
-18.4634
-29.7328
-21.7766
-18.2364
-16.8162
-16.3323
-16.2372
-16.289
-16.3842
-16.4805
-16.5624
-16.6263
-16.673
-16.705
-16.7247
-16.7341
-13.5042
-8.53357
-8.49307
-9.64071
-10.8765
-11.9282
-12.7628
-13.4074
-13.8989
-14.2697
-14.5453
-14.7455
-14.8843
-14.9717
-15.0138
18.6276
9.63972
2.4385
-2.37691
-5.60438
-7.83626
-9.42608
-10.5836
-11.4379
-12.0716
-12.5397
-12.879
-13.1147
-13.2635
-13.3355
-1.03804
-1.12614
-1.31099
-1.61143
-2.06001
-2.71014
-3.64981
-5.0301
-7.12918
-10.5162
-16.5439
-29.1223
-62.278
-176.999
-678.875
-7.08504
-7.30551
-7.76648
-8.51172
-9.61745
-11.2094
-13.4955
-16.8305
-21.8527
-29.7907
-43.2063
-67.8718
-117.409
-221.945
-416.103
-12.9795
-13.3184
-14.0251
-15.1622
-16.8377
-19.2271
-22.6131
-27.4598
-34.5517
-45.262
-62.0565
-89.3486
-134.346
-204.652
-288.16
-18.639
-19.0764
-19.9852
-21.4391
-23.5626
-26.5531
-30.7168
-36.5302
-44.7385
-56.5082
-73.6171
-98.5302
-133.707
-178.19
-218.207
-23.9953
-24.5074
-25.5674
-27.2514
-29.6858
-33.0646
-37.6754
-43.9376
-52.4522
-64.0466
-79.758
-100.585
-126.603
-154.828
-176.043
-28.9963
-29.5583
-30.7165
-32.5428
-35.1536
-38.7209
-43.4872
-49.7813
-58.0276
-68.7257
-82.346
-99.0337
-117.968
-136.333
-148.61
-33.6074
-34.1955
-35.402
-37.2896
-39.9572
-43.5448
-48.2384
-54.2695
-61.9005
-71.3757
-82.8035
-95.9224
-109.727
-122.066
-129.701
-37.8104
-38.4035
-39.6148
-41.4952
-44.1222
-47.6008
-52.0609
-57.6468
-64.4928
-72.6697
-82.0863
-92.3349
-102.503
-111.064
-116.095
-41.6018
-42.1825
-43.3633
-45.1823
-47.6959
-50.9755
-55.1015
-60.149
-66.1611
-73.1029
-80.7911
-88.803
-96.3959
-102.512
-105.982
-44.99
-45.5451
-46.6689
-48.3875
-50.7377
-53.7624
-57.5023
-61.9814
-67.1836
-73.0177
-79.271
-85.5618
-91.314
-95.7974
-98.2792
-47.993
-48.513
-49.5615
-51.1541
-53.3113
-56.0528
-59.3898
-63.3117
-67.7675
-72.6413
-77.7247
-82.6945
-87.113
-90.4724
-92.2994
-50.6351
-51.1141
-52.0763
-53.5289
-55.4792
-57.9298
-60.8712
-64.2711
-68.061
-72.1194
-76.2573
-80.2099
-83.6472
-86.2116
-87.588
-52.9448
-53.3798
-54.2507
-55.5581
-57.2998
-59.466
-62.0341
-64.9598
-68.1679
-71.5423
-74.9184
-78.0832
-80.7874
-82.7756
-83.8322
-54.9524
-55.3428
-56.1221
-57.286
-58.8256
-60.7233
-62.9488
-65.4524
-68.1594
-70.9638
-73.7262
-76.2761
-78.4247
-79.9864
-80.81
-56.6891
-57.036
-57.7264
-58.7531
-60.1026
-61.7531
-63.6703
-65.8039
-68.0831
-70.4145
-72.6813
-74.7478
-76.4694
-77.7095
-78.3597
-58.1851
-58.4906
-59.0973
-59.996
-61.1708
-62.5977
-64.2417
-66.0541
-67.9706
-69.9101
-71.7756
-73.4588
-74.8485
-75.8422
-76.3608
-59.4689
-59.7361
-60.2656
-61.0471
-62.064
-63.2917
-64.6961
-66.232
-67.8422
-69.457
-70.9964
-72.3737
-73.5023
-74.3048
-74.722
-60.5672
-60.7995
-61.2589
-61.9349
-62.8109
-63.8629
-65.0591
-66.3584
-67.7106
-69.0564
-70.3297
-71.4611
-72.3827
-73.0348
-73.3729
-61.5044
-61.7052
-62.1018
-62.684
-63.4355
-64.3341
-65.3505
-66.4481
-67.5833
-68.706
-69.7616
-70.6942
-71.45
-71.9829
-72.2584
-62.3021
-62.475
-62.816
-63.3153
-63.958
-64.7235
-65.5855
-66.5118
-67.4647
-68.4021
-69.279
-70.0499
-70.6722
-71.1096
-71.3353
-62.9798
-63.1281
-63.4202
-63.8472
-64.3953
-65.046
-65.7759
-66.5569
-67.3568
-68.1402
-68.8699
-69.5088
-70.0229
-70.3832
-70.5689
-63.5545
-63.6813
-63.9309
-64.295
-64.7613
-65.3134
-65.9307
-66.5889
-67.2605
-67.9157
-68.5238
-69.0545
-69.4803
-69.7781
-69.9313
-64.0411
-64.1493
-64.362
-64.6718
-65.0679
-65.5356
-66.0571
-66.6115
-67.1755
-67.7239
-68.2313
-68.673
-69.0265
-69.2733
-69.4002
-64.4527
-64.5448
-64.7256
-64.9888
-65.3246
-65.7205
-66.1608
-66.6276
-67.1012
-67.5606
-67.9845
-68.3527
-68.6467
-68.8518
-68.9571
-64.8004
-64.8786
-65.0321
-65.2554
-65.5398
-65.8744
-66.2459
-66.639
-67.0368
-67.4219
-67.7764
-68.0837
-68.3289
-68.4995
-68.5871
-65.0937
-65.1601
-65.2903
-65.4794
-65.7201
-66.0028
-66.3161
-66.6471
-66.9814
-67.3043
-67.6012
-67.858
-68.0626
-68.205
-68.278
-65.341
-65.3973
-65.5076
-65.6676
-65.8711
-66.1099
-66.3741
-66.6528
-66.9338
-67.2049
-67.4536
-67.6686
-67.8396
-67.9585
-68.0195
-65.5493
-65.5969
-65.6903
-65.8257
-65.9977
-66.1993
-66.4222
-66.6568
-66.8932
-67.1209
-67.3295
-67.5097
-67.6529
-67.7523
-67.8033
-65.7245
-65.7648
-65.8438
-65.9584
-66.1037
-66.274
-66.462
-66.6597
-66.8586
-67.05
-67.2253
-67.3764
-67.4965
-67.5798
-67.6225
-65.8717
-65.9059
-65.9727
-66.0696
-66.1925
-66.3363
-66.495
-66.6617
-66.8293
-66.9904
-67.1378
-67.2648
-67.3655
-67.4355
-67.4713
-65.9952
-66.0242
-66.0808
-66.1628
-66.2668
-66.3884
-66.5224
-66.6632
-66.8045
-66.9403
-67.0644
-67.1713
-67.256
-67.3148
-67.3449
-66.0987
-66.1232
-66.1712
-66.2407
-66.3288
-66.4317
-66.5452
-66.6642
-66.7836
-66.8983
-67.003
-67.0931
-67.1646
-67.2141
-67.2395
-66.1851
-66.206
-66.2467
-66.3058
-66.3805
-66.4679
-66.564
-66.6649
-66.7661
-66.8631
-66.9517
-67.0279
-67.0884
-67.1302
-67.1516
-66.2571
-66.2748
-66.3096
-66.3598
-66.4235
-66.4978
-66.5797
-66.6654
-66.7514
-66.8338
-66.9091
-66.9737
-67.025
-67.0605
-67.0787
-66.3168
-66.3319
-66.3617
-66.4046
-66.4591
-66.5226
-66.5925
-66.6658
-66.7392
-66.8095
-66.8737
-66.9289
-66.9726
-67.0028
-67.0183
-66.3659
-66.3789
-66.4045
-66.4415
-66.4883
-66.543
-66.6031
-66.666
-66.7291
-66.7895
-66.8446
-66.892
-66.9294
-66.9554
-66.9687
-66.4059
-66.4173
-66.4394
-66.4715
-66.5122
-66.5595
-66.6117
-66.6662
-66.7209
-66.7732
-66.8209
-66.8619
-66.8943
-66.9168
-66.9283
-66.4381
-66.448
-66.4675
-66.4957
-66.5313
-66.5728
-66.6185
-66.6663
-66.7142
-66.7601
-66.8019
-66.8377
-66.8661
-66.8858
-66.8959
-66.4633
-66.4722
-66.4895
-66.5146
-66.5463
-66.5833
-66.6239
-66.6664
-66.709
-66.7498
-66.7869
-66.8188
-66.844
-66.8615
-66.8704
-66.4825
-66.4905
-66.5062
-66.5289
-66.5576
-66.5911
-66.628
-66.6665
-66.7051
-66.742
-66.7756
-66.8045
-66.8273
-66.8431
-66.8512
-66.496
-66.5034
-66.518
-66.5391
-66.5657
-66.5967
-66.6308
-66.6665
-66.7023
-66.7364
-66.7676
-66.7943
-66.8155
-66.8301
-66.8376
-66.5044
-66.5115
-66.5253
-66.5453
-66.5707
-66.6002
-66.6326
-66.6666
-66.7005
-66.733
-66.7626
-66.788
-66.8081
-66.8221
-66.8292
-66.5078
-66.5148
-66.5283
-66.5479
-66.5727
-66.6016
-66.6334
-66.6666
-66.6998
-66.7316
-66.7606
-66.7854
-66.8051
-66.8187
-66.8257
-66.5065
-66.5135
-66.5271
-66.5469
-66.5719
-66.6011
-66.6331
-66.6666
-66.7001
-66.7322
-66.7614
-66.7864
-66.8063
-66.82
-66.827
-66.5003
-66.5075
-66.5217
-66.5423
-66.5682
-66.5985
-66.6318
-66.6666
-66.7014
-66.7347
-66.765
-66.7911
-66.8117
-66.826
-66.8333
-66.489
-66.4968
-66.5119
-66.5338
-66.5616
-66.5939
-66.6294
-66.6665
-66.7037
-66.7393
-66.7717
-66.7995
-66.8215
-66.8368
-66.8446
-66.4724
-66.4809
-66.4974
-66.5214
-66.5517
-66.587
-66.6259
-66.6665
-66.7072
-66.7461
-66.7815
-66.812
-66.8361
-66.8527
-66.8613
-66.4499
-66.4593
-66.4778
-66.5046
-66.5384
-66.5778
-66.6211
-66.6664
-66.7118
-66.7553
-66.7948
-66.8288
-66.8557
-66.8743
-66.8839
-66.4208
-66.4315
-66.4525
-66.4828
-66.5211
-66.5658
-66.6149
-66.6664
-66.7178
-66.7671
-66.812
-66.8506
-66.8811
-66.9023
-66.9131
-66.3844
-66.3966
-66.4207
-66.4554
-66.4994
-66.5507
-66.6072
-66.6662
-66.7254
-66.782
-66.8336
-66.878
-66.9131
-66.9374
-66.9498
-66.3393
-66.3536
-66.3814
-66.4217
-66.4727
-66.5321
-66.5976
-66.6661
-66.7347
-66.8004
-66.8603
-66.9118
-66.9525
-66.9808
-66.9952
-66.2844
-66.301
-66.3335
-66.3805
-66.44
-66.5094
-66.5858
-66.6658
-66.746
-66.8228
-66.8928
-66.953
-67.0007
-67.0337
-67.0506
-66.218
-66.2375
-66.2756
-66.3307
-66.4004
-66.4819
-66.5715
-66.6655
-66.7596
-66.8498
-66.9321
-67.0029
-67.059
-67.0978
-67.1177
-66.1381
-66.161
-66.2058
-66.2706
-66.3528
-66.4487
-66.5543
-66.665
-66.776
-66.8824
-66.9795
-67.0631
-67.1292
-67.1751
-67.1986
-66.0423
-66.0693
-66.1221
-66.1986
-66.2955
-66.4087
-66.5335
-66.6643
-66.7955
-66.9214
-67.0363
-67.1352
-67.2136
-67.268
-67.2958
-65.9277
-65.9596
-66.022
-66.1124
-66.2269
-66.3609
-66.5084
-66.6633
-66.8187
-66.9679
-67.1043
-67.2216
-67.3147
-67.3792
-67.4123
-65.791
-65.8287
-65.9025
-66.0094
-66.1449
-66.3035
-66.4783
-66.6619
-66.8463
-67.0235
-67.1854
-67.3249
-67.4356
-67.5124
-67.5517
-65.6282
-65.6727
-65.76
-65.8865
-66.047
-66.2348
-66.4421
-66.6599
-66.8789
-67.0895
-67.2822
-67.4482
-67.5801
-67.6715
-67.7184
-65.4344
-65.4871
-65.5904
-65.74
-65.9301
-66.1526
-66.3985
-66.6571
-66.9174
-67.1679
-67.3974
-67.5953
-67.7525
-67.8617
-67.9176
-65.2041
-65.2664
-65.3884
-65.5655
-65.7905
-66.0543
-66.346
-66.6532
-66.9628
-67.261
-67.5345
-67.7706
-67.9583
-68.0887
-68.1556
-64.9305
-65.0041
-65.1484
-65.3578
-65.6241
-65.9366
-66.2827
-66.6477
-67.016
-67.3713
-67.6975
-67.9795
-68.204
-68.36
-68.44
-64.6059
-64.6927
-64.8631
-65.1105
-65.4255
-65.7957
-66.2062
-66.6398
-67.0782
-67.5017
-67.8912
-68.2284
-68.4971
-68.684
-68.7799
-64.2211
-64.3234
-64.5242
-64.8163
-65.1886
-65.6268
-66.1136
-66.6288
-67.1506
-67.6558
-68.1213
-68.5249
-68.8469
-69.0713
-69.1864
-63.7652
-63.8856
-64.1221
-64.4664
-64.906
-65.4243
-66.0012
-66.6132
-67.2345
-67.8375
-68.3943
-68.878
-69.2647
-69.5343
-69.6728
-63.2257
-63.3671
-63.6452
-64.0504
-64.5687
-65.1811
-65.8644
-66.5913
-67.3311
-68.0512
-68.7179
-69.2986
-69.7636
-70.0884
-70.2554
-62.5881
-62.7538
-63.0799
-63.556
-64.166
-64.8887
-65.6973
-66.5602
-67.4415
-68.3021
-69.1013
-69.7994
-70.3598
-70.752
-70.9538
-61.8354
-62.0291
-62.4106
-62.9685
-63.6851
-64.5366
-65.4925
-66.5165
-67.5663
-68.5955
-69.5549
-70.3959
-71.0729
-71.5477
-71.7925
-60.9483
-61.1739
-61.6189
-62.2709
-63.1107
-64.1119
-65.2405
-66.4547
-67.7054
-68.9372
-70.0908
-71.1061
-71.9264
-72.5032
-72.801
-59.9047
-60.1664
-60.6835
-61.4429
-62.4242
-63.5988
-64.9291
-66.3677
-67.8576
-69.3333
-70.7227
-71.9517
-72.9488
-73.6523
-74.0163
-58.6793
-58.9816
-59.5798
-60.4608
-61.6035
-62.9777
-64.5425
-66.245
-68.0197
-69.7891
-71.4661
-72.9582
-74.1752
-75.0372
-75.4843
-57.2442
-57.5914
-58.2799
-59.297
-60.6221
-62.2242
-64.0602
-66.0721
-68.1855
-70.3092
-72.3377
-74.1558
-75.648
-76.7101
-77.2628
-55.5679
-55.9642
-56.7518
-57.9195
-59.4483
-61.3084
-63.4559
-65.8288
-68.344
-70.8955
-73.3553
-75.5796
-77.4193
-78.7367
-79.4249
-53.6166
-54.0655
-54.9598
-56.2913
-58.0445
-60.1931
-62.695
-65.4866
-68.4773
-71.5453
-74.5365
-77.2704
-79.5532
-81.2002
-82.0647
-51.3537
-51.8576
-52.8644
-54.3703
-56.3662
-58.8325
-61.7329
-65.0061
-68.557
-72.2483
-75.8964
-79.2745
-82.1283
-84.207
-85.3048
-48.7409
-49.3006
-50.4224
-52.1092
-54.3613
-57.1706
-60.512
-64.3329
-68.5391
-72.9813
-77.4437
-81.6424
-85.2417
-87.8948
-89.3071
-45.7397
-46.3535
-47.5881
-49.4556
-51.9697
-55.1392
-58.9582
-63.392
-68.3573
-73.7003
-79.174
-84.4263
-89.012
-92.444
-94.2899
-42.3124
-42.9755
-44.3146
-46.3532
-49.123
-52.6568
-56.9777
-62.0819
-67.9133
-74.3284
-81.0579
-87.6731
-93.5832
-98.0946
-100.554
-38.4247
-39.1285
-40.5554
-42.7433
-45.746
-49.6279
-54.4532
-60.267
-67.0637
-74.7382
-83.0211
-91.4093
-99.1256
-105.17
-108.527
-34.0486
-34.7795
-36.2679
-38.5677
-41.7587
-45.944
-51.2422
-57.7696
-65.6046
-74.7254
-84.9111
-95.6119
-105.829
-114.11
-118.83
-29.1654
-29.9046
-31.4173
-33.7735
-37.0811
-41.4874
-47.1779
-54.3642
-63.2526
-73.973
-86.4431
-100.15
-113.876
-125.524
-132.41
-23.7691
-24.4929
-25.9813
-28.319
-31.6407
-36.1394
-42.0749
-49.7767
-59.6285
-72.0054
-87.1159
-104.675
-123.366
-140.244
-150.771
-17.8706
-18.5507
-19.9559
-22.1815
-25.3832
-29.7938
-35.7454
-43.6964
-54.2508
-68.1396
-86.0882
-108.413
-134.114
-159.375
-176.442
-11.5004
-12.1053
-13.3611
-15.3665
-18.2867
-22.3783
-28.0278
-35.8085
-46.5577
-61.4543
-82.0211
-109.807
-145.168
-184.194
-213.964
-4.71052
-5.20832
-6.24634
-7.91664
-10.3771
-13.8814
-18.8303
-25.8593
-35.9845
-50.8317
-72.9405
-105.94
-153.677
-215.439
-272.157
2.42443
2.06322
1.30696
0.0814645
-1.74317
-4.38181
-8.18879
-13.7605
-22.1325
-35.1666
-56.297
-91.8382
-152.445
-250.185
-369.737
9.80959
9.60846
9.18554
8.49506
7.45554
5.92866
3.67769
0.282615
-5.04353
-13.8794
-29.6462
-60.3299
-125.424
-269.783
-550.337
17.3337
17.307
17.2493
17.1504
16.9921
16.7413
16.3381
15.666
14.4821
12.2202
7.3633
-4.92551
-43.3571
-194.801
-925.76
24.8757
25.0265
25.3408
25.8464
26.5921
27.6592
29.1843
31.404
34.7554
40.1209
49.5332
68.6331
117.19
282.625
1028.1
32.312
32.6316
33.2987
34.3748
35.968
38.2583
41.5471
46.355
53.6288
65.2105
84.9745
121.734
196.57
357.244
662.775
39.5256
39.9945
40.9717
42.5434
44.859
48.1631
52.854
59.5923
69.5093
84.6167
108.612
148.392
216.337
331.263
509.649
60.5126
24.6606
10.2721
2.826
-1.68417
-4.6737
-6.7636
-8.2729
-9.3839
-10.2085
-10.8189
-11.2628
-11.5721
-11.7679
-11.8628
38.2469
23.4105
12.5723
5.51704
0.823683
-2.42333
-4.74627
-6.44875
-7.7154
-8.66348
-9.37004
-9.88678
-10.2485
-10.4782
-10.5897
26.2838
19.3835
12.2453
6.56781
2.32712
-0.814661
-3.15976
-4.92718
-6.26802
-7.28604
-8.0529
-8.6183
-9.01649
-9.27035
-9.39393
19.1123
15.5216
10.9038
6.62071
3.0674
0.240773
-1.97439
-3.70178
-5.04475
-6.08293
-6.87555
-7.46583
-7.88458
-8.15288
-8.28387
14.4341
12.3726
9.32968
6.16675
3.303
0.871577
-1.12774
-2.74328
-4.03309
-5.05027
-5.83863
-6.43238
-6.85704
-7.13066
-7.26468
11.1874
9.90504
7.8388
5.50496
3.23831
1.2023
-0.547575
-2.01095
-3.21071
-4.17645
-4.93679
-5.51626
-5.93433
-6.20529
-6.33847
8.83107
7.9817
6.53365
4.79644
3.01343
1.33429
-0.166364
-1.46166
-2.55081
-3.44523
-4.16049
-4.71216
-5.1137
-5.37552
-5.50466
7.06446
6.47402
5.42923
4.11966
2.71638
1.34231
0.0722348
-1.0555
-2.02611
-2.83837
-3.49775
-4.01227
-4.39002
-4.63782
-4.76047
5.7078
5.28176
4.50863
3.5079
2.39901
1.27811
0.21198
-0.758433
-1.61136
-2.33763
-2.93556
-3.40731
-3.75654
-3.98696
-4.1014
4.64693
4.33049
3.74601
2.97122
2.08996
1.17584
0.285256
-0.542949
-1.28454
-1.926
-2.46095
-2.88738
-3.20553
-3.41659
-3.52175
3.80574
3.5653
3.11549
2.50844
1.80369
1.05721
0.315211
-0.387608
-1.02724
-1.5883
-2.06169
-2.4426
-2.72885
-2.9197
-3.01509
3.13149
2.94545
2.59414
2.11348
1.54639
0.935444
0.317955
-0.276139
-0.8245
-1.31146
-1.72663
-2.06353
-2.31837
-2.48908
-2.57464
2.58639
2.44034
2.16258
1.7785
1.31954
0.81821
0.304449
-0.196427
-0.66439
-1.08445
-1.44589
-1.74143
-1.9663
-2.11756
-2.19357
2.14268
2.02667
1.80482
1.4955
1.12209
0.709597
0.281992
-0.139568
-0.537542
-0.898122
-1.21091
-1.46837
-1.66531
-1.79828
-1.86525
1.77951
1.68647
1.50778
1.257
0.951762
0.611472
0.255333
-0.099086
-0.436656
-0.744979
-1.01432
-1.23734
-1.40871
-1.52482
-1.58341
1.48093
1.40571
1.26078
1.05631
0.805764
0.524345
0.227475
-0.0703035
-0.356073
-0.618896
-0.849895
-1.04215
-1.19049
-1.29128
-1.34223
1.23456
1.17336
1.05512
0.887584
0.6812
0.447939
0.200247
-0.0498597
-0.291421
-0.514906
-0.712365
-0.877438
-1.00526
-1.09234
-1.13642
1.03068
0.980612
0.883662
0.745834
0.57529
0.381551
0.174693
-0.0353495
-0.239319
-0.428982
-0.597318
-0.738587
-0.848314
-0.923234
-0.961218
0.861553
0.820405
0.740586
0.626794
0.48548
0.324267
0.15135
-0.0250562
-0.19715
-0.357863
-0.501059
-0.621629
-0.71553
-0.77977
-0.812378
0.72099
0.687042
0.621093
0.526859
0.409482
0.275108
0.130426
-0.0177571
-0.162881
-0.298905
-0.420505
-0.523184
-0.603336
-0.658262
-0.686171
0.603994
0.575892
0.521235
0.442988
0.345284
0.233104
0.111933
-0.0125828
-0.134928
-0.24996
-0.353085
-0.440377
-0.508652
-0.555508
-0.579337
0.506507
0.483175
0.437752
0.372624
0.291133
0.197341
0.0957602
-0.00891542
-0.112052
-0.209281
-0.296655
-0.37077
-0.428837
-0.468736
-0.489044
0.425215
0.405792
0.367949
0.313617
0.24552
0.166984
0.0817357
-0.00631654
-0.093278
-0.175442
-0.24943
-0.312302
-0.361632
-0.395565
-0.412847
0.357406
0.341196
0.309591
0.264167
0.207153
0.141287
0.0696573
-0.00447504
-0.0778343
-0.147278
-0.209922
-0.263234
-0.305116
-0.333952
-0.348646
0.30085
0.287286
0.260826
0.222763
0.174929
0.119592
0.0593156
-0.00317031
-0.0651085
-0.123836
-0.17689
-0.222101
-0.257656
-0.282155
-0.294645
0.253709
0.242328
0.220116
0.188139
0.147915
0.101324
0.0505078
-0.00224595
-0.0546116
-0.104331
-0.149304
-0.187671
-0.21787
-0.238693
-0.249314
0.214468
0.204889
0.186185
0.159241
0.12532
0.0859902
0.0430447
-0.0015911
-0.0459519
-0.0881198
-0.126304
-0.158909
-0.184594
-0.202314
-0.211355
0.181877
0.173783
0.157974
0.135187
0.106479
0.0731657
0.036755
-0.00112721
-0.0388146
-0.0746744
-0.107176
-0.134952
-0.156846
-0.171959
-0.179672
0.154905
0.148032
0.134605
0.115243
0.0908354
0.0624912
0.0314867
-0.000798612
-0.0329458
-0.06356
-0.0913291
-0.115077
-0.133807
-0.14674
-0.153343
0.132704
0.126832
0.115356
0.0988027
0.077924
0.0536633
0.0271074
-0.000565877
-0.0281413
-0.0544207
-0.0782738
-0.0986844
-0.11479
-0.125916
-0.131597
0.114579
0.10952
0.0996324
0.0853642
0.0673601
0.0464288
0.0235036
-0.000401069
-0.0242364
-0.0469655
-0.067608
-0.0852804
-0.0992313
-0.108871
-0.113795
0.0999664
0.095561
0.0869492
0.0745189
0.0588282
0.0405782
0.0205797
-0.000284407
-0.0210994
-0.0409588
-0.059004
-0.0744595
-0.0866648
-0.0951008
-0.09941
0.0884114
0.0845216
0.0769166
0.065937
0.0520729
0.0359414
0.0182567
-0.000201887
-0.0186256
-0.0362116
-0.0521977
-0.0658948
-0.0767147
-0.084195
-0.0880164
0.0795566
0.0760613
0.0692266
0.0593572
0.0468917
0.0323827
0.0164709
-0.000143602
-0.0167333
-0.0325749
-0.0469804
-0.0593272
-0.069083
-0.0758289
-0.0792756
0.073128
0.0699189
0.0636433
0.0545795
0.043129
0.0297977
0.015173
-0.000102557
-0.0153604
-0.0299349
-0.0431923
-0.054558
-0.0635407
-0.069753
-0.0729274
0.0689272
0.0659053
0.0599954
0.0514586
0.0406718
0.0281105
0.014327
-7.38234e-05
-0.0144619
-0.0282093
-0.0407174
-0.0514431
-0.0599215
-0.0657859
-0.0687827
0.066824
0.0638966
0.058171
0.0498995
0.0394465
0.0272716
0.0139096
-5.39525e-05
-0.0140082
-0.0273439
-0.0394798
-0.0498882
-0.058117
-0.0638093
-0.0667184
0.0667529
0.0638303
0.0581138
0.0498548
0.0394164
0.0272569
0.0139098
-4.05588e-05
-0.0139839
-0.0273112
-0.0394415
-0.0498463
-0.0580732
-0.0637647
-0.0666735
0.0687106
0.0657035
0.0598216
0.051323
0.040581
0.0280667
0.0143286
-3.20349e-05
-0.0143871
-0.0281096
-0.0406008
-0.0513163
-0.0597895
-0.0656517
-0.0686479
0.0727557
0.0695725
0.0633457
0.0543487
0.042976
0.0297261
0.0151795
-2.73576e-05
-0.0152295
-0.0297627
-0.0429929
-0.054343
-0.0633183
-0.0695282
-0.0727022
0.0790106
0.0755542
0.0687929
0.0590235
0.046674
0.0322857
0.0164887
-2.59658e-05
-0.0165361
-0.0323205
-0.0466901
-0.059018
-0.068767
-0.0755122
-0.0789598
0.0876649
0.08383
0.0763285
0.0654892
0.0517874
0.0358233
0.018296
-2.7693e-05
-0.0183466
-0.0358604
-0.0518045
-0.0654834
-0.0763008
-0.0837852
-0.0876108
0.0989814
0.0946513
0.086181
0.0739422
0.0584712
0.0404461
0.0206561
-3.27468e-05
-0.020716
-0.0404899
-0.0584914
-0.0739353
-0.0861483
-0.0945983
-0.0989173
0.113304
0.108347
0.0986498
0.0846388
0.0669281
0.046294
0.0236403
-4.17348e-05
-0.0237165
-0.0463499
-0.0669539
-0.08463
-0.098608
-0.108279
-0.113222
0.131067
0.125332
0.114113
0.0979037
0.0774144
0.053544
0.0273382
-5.57364e-05
-0.0274401
-0.0536185
-0.0774488
-0.097892
-0.114058
-0.125242
-0.130958
0.152813
0.146124
0.133042
0.11414
0.0902479
0.0624151
0.031861
-7.64337e-05
-0.0320007
-0.0625174
-0.0902951
-0.114124
-0.132965
-0.146001
-0.152663
0.179201
0.171355
0.15601
0.133839
0.105817
0.0731752
0.0373442
-0.000106312
-0.0375385
-0.0733175
-0.105883
-0.133817
-0.155904
-0.171183
-0.178993
0.211035
0.201793
0.183716
0.1576
0.124594
0.0861491
0.0439517
-0.000148961
-0.0442239
-0.0863485
-0.124686
-0.157569
-0.183567
-0.201552
-0.210744
0.249286
0.238364
0.217003
0.186144
0.147147
0.101728
0.0518805
-0.0002095
-0.0522632
-0.102008
-0.147277
-0.1861
-0.216793
-0.238025
-0.248876
0.295118
0.282182
0.256883
0.220338
0.174159
0.12038
0.0613661
-0.000295201
-0.0619054
-0.120775
-0.174341
-0.220276
-0.256588
-0.281705
-0.29454
0.34993
0.334583
0.30457
0.261219
0.206446
0.142667
0.0726892
-0.000416354
-0.0734499
-0.143224
-0.206703
-0.261132
-0.304154
-0.333909
-0.349115
0.415395
0.397166
0.361517
0.31003
0.244985
0.169258
0.0861836
-0.000587508
-0.087257
-0.170044
-0.245348
-0.309907
-0.360929
-0.396215
-0.414246
0.493515
0.471841
0.429458
0.368252
0.290941
0.200948
0.102244
-0.000829214
-0.103759
-0.202057
-0.291453
-0.368078
-0.428629
-0.470499
-0.491893
0.586682
0.560892
0.510466
0.437654
0.3457
0.238684
0.121339
-0.00117049
-0.123478
-0.240251
-0.346423
-0.43741
-0.509295
-0.558998
-0.584392
0.697752
0.667046
0.607014
0.520346
0.410914
0.283592
0.144019
-0.00165233
-0.147038
-0.285803
-0.411936
-0.52
-0.605362
-0.664373
-0.694519
0.830137
0.793559
0.722053
0.618839
0.488549
0.337003
0.170932
-0.00233257
-0.175194
-0.340124
-0.489991
-0.618352
-0.71972
-0.789785
-0.825574
0.987916
0.944319
0.859104
0.736129
0.58094
0.400497
0.202839
-0.00329289
-0.208855
-0.404904
-0.582975
-0.735441
-0.855811
-0.938991
-0.981474
1.17596
1.12397
1.02237
0.875782
0.690862
0.475941
0.240628
-0.00464858
-0.249122
-0.482163
-0.693736
-0.87481
-1.01772
-1.11645
-1.16687
1.40009
1.33806
1.21686
1.04205
0.821612
0.565542
0.285334
-0.0065624
-0.297324
-0.574325
-0.825668
-1.04068
-1.2103
-1.32744
-1.38726
1.66729
1.59323
1.44856
1.23998
0.977099
0.671899
0.338154
-0.00926411
-0.355081
-0.684298
-0.982825
-1.23805
-1.4393
-1.57824
-1.64917
1.9859
1.89742
1.72463
1.47562
1.16196
0.798072
0.400467
-0.013078
-0.424362
-0.815575
-1.17004
-1.47289
-1.71155
-1.87626
-1.96031
2.36593
2.26014
2.05361
1.75614
1.38169
0.947651
0.473844
-0.0184619
-0.507576
-0.97236
-1.3931
-1.75228
-2.03515
-2.23027
-2.32981
2.81941
2.6928
2.44573
2.09008
1.64279
1.12484
0.560061
-0.0260618
-0.60768
-1.15972
-1.65891
-2.08464
-2.41967
-2.65062
-2.76841
3.36077
3.20909
2.91321
2.48764
1.95295
1.33452
0.661098
-0.0367897
-0.728319
-1.38377
-1.9757
-2.47997
-2.87642
-3.14955
-3.28877
4.00743
3.82547
3.47074
2.96096
2.32124
1.58239
0.779115
-0.0519325
-0.874007
-1.65191
-2.35336
-2.95013
-3.4188
-3.74141
-3.90579
4.78042
4.5618
4.13589
3.52449
2.75834
1.87497
0.916412
-0.073306
-1.05036
-1.97312
-2.8037
-3.50921
-4.06258
-4.44313
-4.63691
5.70516
5.44203
4.92981
4.19546
3.2768
2.21976
1.07533
-0.103472
-1.26441
-2.35831
-3.34086
-4.17391
-4.82634
-5.2745
-5.50255
6.81258
6.49519
5.87793
4.99437
3.89132
2.62521
1.25812
-0.146045
-1.52501
-2.82081
-3.9818
-4.96401
-5.73189
-6.25866
-6.5265
8.14034
7.75651
7.01092
5.94566
4.61904
3.10075
1.46665
-0.206119
-1.84334
-3.37688
-4.74685
-5.9029
-6.8048
-7.42257
-7.73639
9.73457
9.26897
8.36583
7.07838
5.47981
3.65667
1.70202
-0.290875
-2.23366
-4.04651
-5.66041
-7.01823
-8.07496
-8.79749
-9.16412
11.652
11.0852
9.98753
8.42709
6.49647
4.30388
1.96394
-0.410429
-2.71419
-4.85426
-6.75175
-8.34256
-9.57711
-10.4195
-10.8463
13.963
13.2699
11.9305
10.0328
7.69498
5.05338
2.24975
-0.579017
-3.30835
-5.83043
-8.05598
-9.91421
-11.3515
-12.3299
-12.8249
16.7551
15.9032
14.2612
11.9439
9.10437
5.91534
2.55299
-0.816648
-4.0464
-7.01244
-9.61521
-11.778
-13.4446
-14.5757
-15.1471
20.1388
19.085
17.0605
14.2177
10.7564
6.8976
2.86125
-1.15141
-4.96755
-8.44666
-11.4799
-13.9864
-15.9092
-17.2101
-17.866
24.2539
22.9408
20.4279
16.9209
12.6842
8.00313
3.15302
-1.62263
-6.12268
-10.1904
-13.7101
-16.6
-18.8056
-20.2923
-21.0401
29.2807
27.6296
24.4854
20.1308
14.9204
9.22597
3.39303
-2.28523
-7.57794
-12.3148
-16.3775
-19.6887
-22.201
-23.8873
-24.7333
35.4537
33.355
29.3832
23.9347
17.4926
10.5449
3.52559
-3.21556
-9.41915
-14.9071
-19.5665
-23.332
-26.1699
-28.0655
-29.0138
43.0837
40.3808
35.3061
28.4283
20.4157
11.9135
3.46494
-4.51919
-11.7572
-18.0746
-23.3761
-27.6192
-30.7929
-32.9012
-33.9526
52.5904
49.0532
42.4809
33.7096
23.6786
13.2446
3.08173
-6.3409
-14.7346
-21.9475
-27.9204
-32.6487
-36.1553
-38.4707
-39.621
64.553
59.8327
51.1824
39.8653
27.2212
14.3874
2.18438
-8.87715
-18.5317
-26.6813
-33.3286
-38.5264
-42.3446
-44.8487
-46.0878
79.7928
73.3408
61.7353
46.942
30.8952
15.0919
0.494328
-12.3904
-23.3737
-32.4582
-39.743
-45.3617
-49.4459
-52.1048
-53.4146
99.5125
90.4269
74.5013
54.8889
34.3998
14.959
-2.38518
-17.2241
-29.5343
-39.4847
-47.314
-53.2622
-57.5366
-60.297
-61.6505
125.541
112.262
89.8269
63.4439
37.1762
13.37
-7.0044
-23.8136
-37.3333
-47.9838
-56.1908
-62.3245
-66.6781
-69.4657
-70.8255
160.788
140.455
107.893
71.9184
38.2427
9.39751
-14.0993
-32.6871
-47.1247
-58.1794
-66.5069
-72.6223
-76.9065
-79.625
-80.9442
210.155
177.14
128.328
78.7956
35.9544
1.71066
-24.6028
-44.4424
-59.2648
-70.2683
-78.3588
-84.191
-88.2215
-90.7552
-91.978
282.446
224.792
149.261
81.0256
27.6954
-11.4836
-39.6016
-59.6812
-74.0564
-84.3794
-91.7783
-97.01
-100.575
-102.795
-103.86
394.771
284.858
165.126
72.9043
9.60899
-32.3593
-60.1822
-78.8806
-91.661
-100.52
-106.702
-110.986
-113.862
-115.635
-116.481
583.421
351.74
161.884
44.6944
-23.2875
-63.058
-87.0988
-102.189
-111.988
-118.52
-122.943
-125.937
-127.914
-129.117
-129.688
932.955
389.573
108.178
-17.6883
-75.7748
-104.679
-120.23
-129.17
-134.582
-137.983
-140.174
-141.595
-142.501
-143.039
-143.289
1659.83
245.468
-53.5361
-127.14
-148.527
-155.573
-157.951
-158.6
-158.57
-158.287
-157.938
-157.609
-157.343
-157.158
-157.064
47.1013
47.7043
48.9569
50.9595
53.8828
57.9979
63.7263
71.7234
83.0115
99.1725
122.556
156.196
202.19
254.205
270.755
54.7612
55.4641
56.9167
59.2186
62.5338
67.1117
73.3161
81.6645
92.8664
107.827
127.507
152.354
180.733
205.599
211.138
61.7166
62.4726
64.0259
66.4627
69.9205
74.5971
80.7601
88.7498
98.9604
111.761
127.287
144.977
162.785
176.318
179.552
67.9145
68.6821
70.2499
72.6843
76.0867
80.5943
86.375
93.612
102.462
112.969
124.899
137.479
149.112
157.33
159.632
73.3431
74.0897
75.6057
77.9361
81.1461
85.3163
90.5314
96.8584
104.305
112.753
121.857
130.924
138.851
144.254
145.968
78.0232
78.7262
80.1455
82.3067
85.2436
88.9913
93.5736
98.9823
105.145
111.881
118.849
125.505
131.112
134.867
136.162
81.9986
82.6444
83.9417
85.9
88.5286
91.8298
95.7871
100.349
105.409
110.775
116.152
121.133
125.224
127.937
128.925
85.3262
85.9093
87.075
88.821
91.1394
94.0103
97.3935
101.217
105.363
109.655
113.851
117.648
120.711
122.728
123.488
88.0689
88.5895
89.626
91.168
93.1959
95.6769
98.5581
101.76
105.168
108.628
111.945
114.894
117.24
118.776
119.362
90.2891
90.7517
91.6696
93.027
94.7976
96.9413
99.4002
102.095
104.919
107.742
110.406
112.741
114.578
115.771
116.225
92.0447
92.4567
93.2717
94.4708
96.0242
97.8885
100.005
102.297
104.671
107.012
109.194
111.084
112.556
113.504
113.856
93.3862
93.7566
94.4875
95.5584
96.9378
98.5815
100.432
102.417
104.452
106.439
108.272
109.844
111.057
111.829
112.106
94.3554
94.6941
95.3612
96.3356
97.585
99.0656
100.722
102.486
104.28
106.017
107.608
108.962
109.997
110.649
110.871
94.9837
95.3013
95.9257
96.8356
97.9989
99.3722
100.901
102.522
104.162
105.741
107.178
108.395
109.32
109.895
110.082
95.2926
95.5995
96.2025
97.0803
98.2007
99.5208
100.987
102.538
104.102
105.604
106.968
108.118
108.989
109.528
109.698
206.67
193.197
179.184
145.884
129.015
104.83
88.1607
54.1678
74.6568
80.3175
82.3376
83.455
85.7173
87.8117
93.7291
91.508
78.3502
72.0919
63.5837
58.8796
51.6644
45.3126
29.8807
43.3142
48.2056
52.7693
55.8401
61.7073
66.3089
76.6858
78.0267
72.3018
69.4828
65.0472
62.3351
57.399
51.6523
35.2237
54.0582
62.0124
71.4755
77.9173
90.1472
98.9974
117.7
120.877
113.025
109.153
102.9
98.865
91.2611
81.7541
54.2607
84.6619
96.5921
109.346
116.843
129.78
138.115
154.973
154.186
134.97
125.244
110.626
102.019
87.9319
75.5257
45.9346
68.7242
75.5714
79.5544
80.9715
82.9462
83.8654
86.8955
83.0149
68.3647
61.09
52.7589
48.229
45.2774
37.0995
17.3172
55.9234
35.3062
-55.9089
-138.59
-301.414
-750.19
-2199.24
192.529
177.814
162.763
144.054
127.649
111.19
96.9537
84.0488
83.8836
84.7555
85.3081
85.7113
86.3145
86.8512
87.1732
84.5398
78.6249
73.0252
67.2597
62.2413
57.1069
52.3699
48.0756
50.4286
53.2735
56.3113
59.3473
63.0074
66.6736
70.6368
71.8225
70.3565
68.4113
65.9255
63.4734
60.5511
57.5254
54.8917
60.3129
66.3351
72.9915
79.6312
87.4233
94.9188
102.776
105.828
104.445
101.99
98.4758
94.7055
89.9075
84.5469
79.4126
87.0874
95.0934
103.174
110.262
117.699
123.808
129.019
127.783
120.019
111.553
101.801
92.5344
82.2936
72.243
62.3752
63.9942
65.7035
66.5342
66.288
65.4145
63.6128
60.7374
54.6532
44.9777
35.2953
25.0511
14.6621
2.93056
-12.4185
-32.1277
-50.8181
-96.2905
-180.014
-300.364
-492.465
-810.161
-1259.01
172.578
162.909
151.61
138.903
126.356
114.35
103.827
95.5836
91.6156
89.6519
88.4926
87.6783
87.0065
86.1983
84.8721
82.2955
78.4447
74.1964
69.8588
65.7691
61.9761
58.789
56.6975
56.8339
58.0625
59.8553
61.9546
64.298
66.6094
68.586
69.4358
69.0997
68.1172
66.7543
65.2874
63.851
62.8329
62.9597
65.701
69.7431
74.5302
79.684
85.1249
90.3175
94.7702
97.1614
97.4075
96.3499
94.4186
92.0241
89.3622
87.012
86.1181
89.0341
93.4855
98.4294
103.179
107.526
110.791
112.348
110.777
106.076
99.7098
92.2777
84.4505
76.3805
68.696
62.2739
59.1336
57.1001
55.0639
52.5072
49.2189
44.9058
39.1998
31.4624
21.6005
10.3097
-2.44807
-16.9713
-34.2066
-55.6572
-83.0388
-118.992
-172.804
-251.374
-358.814
-502.65
-681.264
-851.342
156.426
150.349
142.482
133.52
124.283
115.374
107.416
100.96
96.4598
93.3885
91.1789
89.4388
87.8935
86.2903
84.3703
81.8848
78.8356
75.495
72.0997
68.8689
65.9716
63.6297
62.1106
61.6652
62.0385
62.9569
64.2096
65.6335
67.0262
68.1569
68.7556
68.7724
68.3699
67.7317
67.0566
66.5473
66.4906
67.2616
69.2146
72.0772
75.5395
79.3217
83.1825
86.78
89.7308
91.5826
92.2452
91.9659
91.0268
89.7261
88.3663
87.3785
87.3355
88.7684
91.1667
93.9631
96.6717
98.9112
100.232
100.177
98.2778
94.5305
89.4
83.3218
76.7148
69.911
63.3302
57.4461
52.6785
48.5001
44.3425
39.7794
34.4987
28.2042
20.5873
11.3311
0.281251
-12.5634
-27.4044
-44.6987
-65.2729
-90.354
-121.604
-161.45
-213.661
-281.159
-364.847
-462.748
-564.644
-644.602
144.275
140.362
134.927
128.532
121.735
115.025
108.84
103.52
99.2445
95.8828
93.1878
90.9175
88.8624
86.8372
84.6814
82.2845
79.6452
76.8711
74.1027
71.4875
69.1663
67.2845
65.9764
65.3166
65.2284
65.576
66.2168
67.0128
67.8192
68.4925
68.9124
69.0477
68.9606
68.761
68.5857
68.5906
68.9551
69.8602
71.4169
73.5466
76.0865
78.8449
81.6174
84.1721
86.2722
87.7144
88.4377
88.5302
88.1539
87.5114
86.8328
86.3829
86.4262
87.1106
88.273
89.6215
90.8385
91.6177
91.6519
90.6604
88.4382
84.9749
80.4536
75.1258
69.2616
63.1196
56.96
51.01
45.374
39.8697
34.2048
28.0845
21.2383
13.4068
4.33565
-6.21738
-18.4531
-32.561
-48.8276
-67.7019
-89.8479
-116.165
-147.791
-186.096
-232.5
-287.626
-350.407
-417.084
-479.607
-525.095
135.18
132.567
128.752
124.12
119.058
113.92
109.016
104.573
100.712
97.4157
94.5836
92.0848
89.7872
87.5708
85.3386
83.0319
80.6478
78.2378
75.8839
73.6816
71.7274
70.1122
68.9077
68.144
67.7896
67.7719
67.9997
68.3759
68.8028
69.1917
69.478
69.6419
69.7124
69.7539
69.8544
70.1148
70.6401
71.5192
72.7929
74.4239
76.3176
78.3463
80.3644
82.2175
83.7594
84.8796
85.5372
85.7679
85.6625
85.3474
84.9684
84.6755
84.592
84.7632
85.1099
85.4679
85.634
85.3956
84.5474
82.9146
80.3844
76.9415
72.6674
67.7012
62.2076
56.3525
50.2873
44.121
37.8796
31.4701
24.7226
17.435
9.39651
0.394831
-9.78189
-21.3422
-34.491
-49.4493
-66.4945
-85.9925
-108.415
-134.33
-164.359
-199.075
-238.78
-283.069
-330.35
-377.397
-419.094
-449.078
128.313
126.498
123.753
120.327
116.486
112.479
108.524
104.787
101.364
98.2784
95.4981
92.9608
90.5934
88.3258
86.1018
83.8892
81.6866
79.5223
77.4457
75.5171
73.799
72.3474
71.203
70.381
69.8649
69.613
69.5678
69.6648
69.8401
70.0376
70.2185
70.3694
70.5045
70.6609
70.8913
71.2564
71.8143
72.6086
73.6531
74.9215
76.3528
77.8614
79.3478
80.7092
81.8525
82.7092
83.2499
83.4878
83.4716
83.2739
82.9784
82.665
82.3897
82.1615
81.9288
81.5892
81.0106
80.0502
78.5711
76.4597
73.6435
70.1039
65.8765
61.0349
55.6731
49.8872
43.7595
37.3398
30.6266
23.5569
16.0182
7.86661
-1.05811
-10.9248
-21.9066
-34.179
-47.9226
-63.3315
-80.628
-100.071
-121.951
-146.568
-174.172
-204.868
-238.453
-274.198
-310.629
-345.408
-375.441
-397.44
123.079
121.767
119.73
117.131
114.149
110.96
107.718
104.548
101.529
98.6996
96.061
93.5908
91.2546
89.0164
86.8472
84.7309
82.6689
80.6792
78.7929
77.0485
75.4856
74.139
73.0331
72.1761
71.5587
71.1554
70.9297
70.8399
70.8441
70.9062
71.001
71.1185
71.2647
71.4598
71.7333
72.1188
72.6468
73.3366
74.1892
75.1831
76.2754
77.4069
78.5095
79.5135
80.3565
80.9922
81.3969
81.572
81.5404
81.3395
81.0126
80.5982
80.1178
79.5649
78.8999
78.0532
76.9357
75.4503
73.5038
71.0187
67.9428
64.2558
59.9688
55.1168
49.7484
43.9135
37.6517
30.9807
23.8865
16.319
8.19612
-0.58829
-10.156
-20.6384
-32.172
-44.8966
-58.955
-74.4946
-91.6696
-110.637
-131.544
-154.501
-179.529
-206.496
-235.012
-264.333
-293.28
-320.247
-343.352
-360.791
119.067
118.078
116.515
114.485
112.11
109.514
106.809
104.088
101.419
98.8442
96.3798
94.0262
91.773
89.6064
87.5148
85.4932
83.5457
81.6859
79.9347
78.3173
76.8593
75.583
74.5032
73.6252
72.943
72.4407
72.0949
71.8783
71.7635
71.7264
71.7497
71.825
71.9534
72.1444
72.4127
72.775
73.2449
73.8286
74.5206
75.3018
76.14
76.9927
77.8118
78.5482
79.1577
79.6062
79.8731
79.9526
79.8513
79.5849
79.1715
78.6251
77.9488
77.1285
76.1312
74.9058
73.3892
71.5129
69.211
66.4272
63.121
59.2708
54.8737
49.9416
44.4947
38.5538
32.1327
25.2308
17.8277
9.88084
1.32671
-7.91498
-17.9365
-28.8376
-40.7216
-53.6926
-67.8531
-83.3016
-100.129
-118.409
-138.185
-159.448
-182.094
-205.888
-230.408
-255.002
-278.779
-300.643
-319.418
-334.051
115.993
115.213
113.969
112.333
110.388
108.223
105.92
103.551
101.174
98.8277
96.5376
94.3154
92.1653
90.087
88.0802
86.1473
84.295
82.5349
80.8824
79.3551
77.9703
76.7426
75.6818
74.7912
74.0671
73.4994
73.0727
72.769
72.5698
72.4585
72.4223
72.4537
72.5508
72.7162
72.9556
73.2749
73.678
74.1634
74.7222
75.337
75.9822
76.6257
77.2317
77.764
78.1893
78.4803
78.618
78.5918
78.3988
78.0407
77.5204
76.8378
75.9855
74.9459
73.6895
72.1765
70.3594
68.1873
65.6109
62.5869
59.0815
55.0723
50.5483
45.5071
39.9517
33.8851
27.3056
20.2023
12.5519
4.31713
-4.55246
-14.1184
-24.4499
-35.6206
-47.7049
-60.7746
-74.8953
-90.122
-106.494
-124.023
-142.686
-162.399
-183.004
-204.232
-225.692
-246.846
-267.028
-285.481
-301.443
-314.26
113.658
113.016
111.988
110.623
108.982
107.128
105.123
103.025
100.881
98.7291
96.5957
94.4995
92.4525
90.4631
88.5378
86.6839
84.9102
83.2276
81.6487
80.1865
78.8538
77.6606
76.6139
75.7162
74.965
74.3537
73.8722
73.5081
73.2484
73.0811
72.9962
72.9868
73.0487
73.1804
73.382
73.653
73.9914
74.3912
74.8419
75.3271
75.8255
76.3114
76.7566
77.1326
77.4128
77.5738
77.5974
77.47
77.1826
76.7286
76.1018
75.2936
74.2909
73.074
71.6161
69.884
67.8395
65.4427
62.6544
59.4389
55.7665
51.6144
46.9667
41.8125
36.1443
29.9545
23.2324
15.9615
8.11747
-0.332316
-9.42869
-19.2189
-29.7543
-41.0873
-53.2683
-66.342
-80.3432
-95.2923
-111.189
-128.004
-145.67
-164.067
-183.012
-202.242
-221.412
-240.086
-257.762
-273.903
-287.991
-299.598
111.925
111.372
110.488
109.31
107.88
106.247
104.459
102.563
100.599
98.6018
96.5986
94.611
92.6555
90.7452
88.8911
87.1035
85.3928
83.7697
82.2453
80.8304
79.5348
78.3664
77.3304
76.4288
75.6601
75.0201
74.5014
74.0954
73.7926
73.5837
73.4603
73.4157
73.4446
73.5429
73.707
73.9329
74.2148
74.5446
74.9104
75.297
75.6855
76.0542
76.3796
76.638
76.8064
76.864
76.7927
76.5773
76.205
75.664
74.9429
74.0282
72.9035
71.548
69.9366
68.04
65.826
63.261
60.3119
56.9478
53.1414
48.8696
44.1135
38.8575
33.0876
26.7902
19.9493
12.5457
4.55538
-4.05054
-13.3055
-23.2459
-33.9095
-45.3321
-57.5453
-70.5724
-84.4247
-99.0964
-114.56
-130.758
-147.598
-164.943
-182.605
-200.338
-217.841
-234.76
-250.704
-265.277
-278.109
-288.901
110.697
110.2
109.411
108.356
107.069
105.587
103.95
102.197
100.363
98.4811
96.5773
94.6746
92.7919
90.9449
89.1472
87.411
85.7477
84.1682
82.6829
81.3012
80.0315
78.8803
77.852
76.9485
76.1689
75.5102
74.9671
74.533
74.2005
73.9618
73.8098
73.7376
73.7393
73.8092
73.9418
74.1307
74.3682
74.6446
74.9478
75.2629
75.5727
75.8579
76.0978
76.2714
76.3581
76.3384
76.1942
75.9093
75.4686
74.8576
74.0614
73.064
71.847
70.3891
68.6664
66.6519
64.3167
61.6313
58.5659
55.0927
51.1856
46.8214
41.9796
36.6417
30.7902
24.4079
17.4762
9.97461
1.87983
-6.834
-16.1948
-26.2312
-36.9708
-48.4376
-60.6492
-73.6134
-87.3245
-101.759
-116.87
-132.585
-148.796
-165.36
-182.092
-198.764
-215.109
-230.832
-245.617
-259.154
-271.162
-281.416
109.912
109.448
108.716
107.736
106.536
105.148
103.607
101.945
100.196
98.3897
96.5526
94.7078
92.8752
91.0721
89.3133
87.6121
85.9806
84.4298
82.9697
81.6093
80.356
79.2159
78.1927
77.2884
76.5024
75.8325
75.2746
74.8231
74.4718
74.214
74.0429
73.9518
73.9344
73.9841
74.0942
74.2571
74.4641
74.7047
74.9665
75.235
75.494
75.7253
75.9101
76.0287
76.0617
75.9904
75.797
75.4643
74.9761
74.3164
73.4684
72.4147
71.1359
69.6106
67.8152
65.7243
63.3109
60.5475
57.4065
53.8614
49.8871
45.4603
40.5596
35.1648
29.2568
22.8164
15.8236
8.2576
0.0957564
-8.68564
-18.1109
-28.2034
-38.9843
-50.4698
-62.6683
-75.5776
-89.1812
-103.444
-118.31
-133.694
-149.484
-165.533
-181.662
-197.655
-213.272
-228.251
-242.323
-255.228
-266.735
-276.663
109.528
109.08
108.374
107.43
106.272
104.93
103.434
101.817
100.11
98.3409
96.5372
94.7217
92.9146
91.1338
89.3948
87.7114
86.0958
84.5593
83.1116
81.7616
80.5164
79.3816
78.361
77.4564
76.6675
75.9924
75.4274
74.9676
74.6072
74.34
74.1594
74.0587
74.0315
74.0707
74.1692
74.3188
74.5102
74.7328
74.9741
75.2197
75.4536
75.6586
75.8162
75.9076
75.9141
75.8171
75.5988
75.2418
74.7294
74.0447
73.1704
72.0882
70.7785
69.2196
67.3883
65.2599
62.808
60.0063
56.8279
53.2472
49.2392
44.7809
39.8502
34.4265
28.4896
22.0197
14.9964
7.39848
-0.796097
-9.60996
-19.0656
-29.1839
-39.9826
-51.4742
-63.6626
-76.5407
-90.0868
-104.261
-119
-134.217
-149.796
-165.59
-181.422
-197.085
-212.35
-226.972
-240.704
-253.31
-264.581
-274.353
-2178.21
-765.057
-403.601
-287.424
-239.506
-215.121
-200.763
-191.489
-185.149
-180.669
-177.46
-175.175
-173.604
-172.618
-172.142
-1252.83
-815.737
-540.206
-394.017
-315.221
-270.052
-242.379
-224.432
-212.281
-203.813
-197.831
-193.623
-190.757
-188.97
-188.112
-859.334
-704.841
-547.461
-433.211
-357.303
-307.483
-274.264
-251.577
-235.726
-224.469
-216.424
-210.725
-206.828
-204.392
-203.22
-656.959
-596.821
-511.578
-434.057
-373.292
-328.309
-295.614
-271.881
-254.575
-241.91
-232.667
-226.023
-221.434
-218.547
-217.153
-537.963
-513.896
-467.967
-418.139
-373.494
-336.841
-307.996
-285.754
-268.779
-255.927
-246.306
-239.263
-234.334
-231.207
-229.689
-461.362
-452.825
-428.246
-397.033
-365.699
-337.56
-313.771
-294.355
-278.858
-266.707
-257.365
-250.386
-245.43
-242.254
-240.703
-408.951
-407.789
-395.152
-376.04
-354.703
-333.923
-315.171
-299.031
-285.586
-274.675
-266.057
-259.483
-254.742
-251.671
-250.163
-371.598
-374.222
-368.528
-357.268
-343.146
-328.253
-313.952
-301.01
-289.774
-280.348
-272.7
-266.743
-262.38
-259.523
-258.111
-344.279
-348.967
-347.465
-341.351
-332.355
-321.985
-311.373
-301.276
-292.15
-284.238
-277.647
-272.406
-268.507
-265.926
-264.642
-324.032
-329.898
-331.009
-328.311
-322.933
-315.954
-308.273
-300.567
-293.308
-286.803
-281.24
-276.724
-273.312
-271.029
-269.886
-309.019
-315.579
-318.356
-317.946
-315.107
-310.621
-305.193
-299.406
-293.707
-288.422
-283.781
-279.935
-276.983
-274.987
-273.982
-298.061
-305.037
-308.887
-310.005
-308.923
-306.224
-302.469
-298.153
-293.687
-289.395
-285.521
-282.246
-279.695
-277.952
-277.068
-290.392
-297.616
-302.145
-304.259
-304.353
-302.88
-300.301
-297.045
-293.489
-289.944
-286.66
-283.829
-281.594
-280.053
-279.267
-285.521
-292.884
-297.815
-300.529
-301.343
-300.636
-298.805
-296.235
-293.275
-290.227
-287.341
-284.813
-282.795
-281.393
-280.676
-283.153
-290.58
-295.698
-298.694
-299.851
-299.512
-298.043
-295.809
-293.144
-290.344
-287.658
-285.284
-283.376
-282.046
-281.363
)
;

boundaryField
{
    hot
    {
        type            calculated;
        value           nonuniform List<scalar> 
120
(
62.033
61.5551
60.5905
59.122
57.1255
54.5731
51.4353
47.6868
43.3113
38.308
32.6987
26.5329
19.892
12.8892
5.66457
-1.01654
-7.03112
-12.8965
-18.5317
-23.8694
-28.8579
-33.4622
-37.6636
-41.4578
-44.8521
-47.8636
-50.5157
-52.8361
-54.8548
-56.6022
-58.1084
-59.4018
-60.5089
-61.4539
-62.2586
-62.9424
-63.5225
-64.0139
-64.4295
-64.7806
-65.077
-65.3268
-65.5373
-65.7143
-65.8631
-65.9879
-66.0925
-66.1799
-66.2526
-66.3129
-66.3626
-66.403
-66.4356
-66.4611
-66.4804
-66.4941
-66.5026
-66.5061
-66.5047
-66.4984
-66.4871
-66.4703
-66.4475
-66.4181
-66.3812
-66.3357
-66.2802
-66.2131
-66.1323
-66.0354
-65.9197
-65.7815
-65.6169
-65.4211
-65.1884
-64.912
-64.584
-64.1952
-63.7348
-63.1901
-62.5463
-61.7867
-60.8916
-59.8389
-58.6034
-57.157
-55.4686
-53.5042
-51.2276
-48.6012
-45.5867
-42.1474
-38.25
-33.8676
-28.9827
-23.5907
-17.7034
-11.3519
-4.58862
2.51271
9.85865
17.3401
24.8387
32.2338
39.4107
46.9533
54.5883
61.5302
67.7246
73.1578
77.8483
81.8375
85.1805
87.9385
90.173
91.9411
93.293
94.27
94.9037
95.2152
)
;
    }
    cold
    {
        type            calculated;
        value           nonuniform List<scalar> 
120
(
-30.1938
-29.9916
-29.589
-28.9896
-28.1992
-27.2263
-26.0822
-24.7821
-23.3446
-21.7929
-20.1537
-18.4573
-16.7363
-15.0242
-13.3532
-11.8861
-10.6172
-9.42442
-8.31624
-7.29784
-6.37148
-5.53673
-4.79098
-4.12991
-3.548
-3.03893
-2.59605
-2.21261
-1.88205
-1.59812
-1.35504
-1.14751
-0.970779
-0.82059
-0.693204
-0.585345
-0.494165
-0.417207
-0.352354
-0.297798
-0.251995
-0.213638
-0.18162
-0.155011
-0.133032
-0.115039
-0.100499
-0.0889821
-0.0801466
-0.0737296
-0.0695401
-0.0674537
-0.0674087
-0.0694052
-0.0735044
-0.0798312
-0.0885777
-0.100009
-0.114472
-0.132403
-0.154347
-0.180967
-0.213067
-0.251618
-0.297784
-0.352958
-0.418802
-0.4973
-0.590809
-0.702137
-0.834617
-0.992207
-1.1796
-1.40236
-1.66708
-1.98154
-2.35495
-2.79815
-3.32392
-3.94727
-4.68579
-5.56006
-6.59402
-7.81546
-9.25644
-10.9538
-12.9494
-15.2907
-18.0306
-21.2276
-24.9452
-29.2509
-34.215
-39.9076
-46.396
-53.7396
-61.9855
-71.1613
-81.2691
-92.2784
-104.121
-116.687
-129.827
-143.35
-157.04
-172.025
-187.901
-202.932
-216.81
-229.315
-240.32
-249.789
-257.759
-264.322
-269.6
-273.729
-276.846
-279.069
-280.494
-281.19
)
;
    }
    interface_left
    {
        type            calculated;
        value           nonuniform List<scalar> 
90
(
-1090.52
-539.111
-329.383
-234.16
-183.25
-152.36
-131.886
-117.478
-106.913
-98.9348
-92.7768
-87.945
-84.1048
-81.0217
-78.5263
-76.4933
-74.8284
-73.4589
-72.3285
-71.3926
-70.616
-69.9702
-69.4323
-68.9838
-68.6093
-68.2964
-68.0349
-67.8162
-67.6333
-67.4803
-67.3525
-67.2459
-67.1571
-67.0833
-67.0222
-66.972
-66.9312
-66.8984
-66.8727
-66.8533
-66.8395
-66.831
-66.8274
-66.8288
-66.8351
-66.8465
-66.8634
-66.8863
-66.9158
-66.953
-66.9988
-67.0548
-67.1227
-67.2045
-67.3028
-67.4206
-67.5616
-67.7302
-67.9317
-68.1725
-68.4602
-68.8042
-69.2155
-69.7079
-70.2977
-71.0051
-71.8546
-72.8767
-74.1089
-75.5982
-77.4037
-79.6008
-82.2863
-85.5871
-89.6718
-94.7693
-101.198
-109.415
-120.099
-134.31
-153.799
-181.697
-224.194
-295.106
-429.761
-731.147
-1534.78
1643.67
858.298
616.095
)
;
    }
    interface_right
    {
        type            calculated;
        value           nonuniform List<scalar> 
90
(
86.683
46.5091
29.2851
20.3977
15.0804
11.5581
9.06525
7.22281
5.82014
4.72946
3.868
3.1794
2.62386
2.17236
1.80326
1.50009
1.25013
1.0434
0.871999
0.729603
0.611119
0.512419
0.430135
0.361511
0.304283
0.256589
0.216892
0.183925
0.156644
0.134189
0.115859
0.10108
0.0893949
0.0804403
0.0739393
0.0696911
0.067564
0.0674916
0.0694707
0.0735603
0.0798843
0.0886343
0.100076
0.114557
0.132517
0.154503
0.181184
0.213371
0.252046
0.298388
0.353809
0.420003
0.498995
0.593202
0.705515
0.839386
0.99894
1.18911
1.41578
1.68603
2.00829
2.3927
2.85145
3.39917
4.05351
4.83579
5.77184
6.89305
8.23771
9.85277
11.7961
14.1393
16.9721
20.4076
24.5896
29.7039
35.9934
43.7819
53.5094
65.789
81.5012
101.958
129.207
166.639
220.322
302.245
439.16
699.375
1281.68
2832.64
)
;
    }
    interface_top
    {
        type            calculated;
        value           nonuniform List<scalar> 
90
(
206.67
193.197
179.184
145.884
129.015
104.83
88.1607
54.1678
74.6568
80.3175
82.3376
83.455
85.7173
87.8117
93.7291
91.508
78.3502
72.0919
63.5837
58.8796
51.6644
45.3126
29.8807
43.3142
48.2056
52.7693
55.8401
61.7073
66.3089
76.6858
78.0267
72.3018
69.4828
65.0472
62.3351
57.399
51.6523
35.2237
54.0582
62.0124
71.4755
77.9173
90.1472
98.9974
117.7
120.877
113.025
109.153
102.9
98.865
91.2611
81.7541
54.2607
84.6619
96.5921
109.346
116.843
129.78
138.115
154.973
154.186
134.97
125.244
110.626
102.019
87.9319
75.5257
45.9346
68.7242
75.5714
79.5544
80.9715
82.9462
83.8654
86.8955
83.0149
68.3647
61.09
52.7589
48.229
45.2774
37.0995
17.3172
55.9234
35.3062
-55.9089
-138.59
-301.414
-750.19
-2199.24
)
;
    }
    interface_bottom
    {
        type            calculated;
        value           nonuniform List<scalar> 
90
(
659.626
283.411
166.66
120.343
99.3495
80.8895
67.6347
42.9218
58.2965
62.5547
65.0414
65.8818
67.2975
67.9391
69.9346
66.5641
53.6891
46.9095
36.7939
31.1265
22.5413
17.3746
8.80241
8.5659
6.77523
2.04845
-1.20972
-7.04768
-10.8028
-17.423
-20.1345
-22.3083
-23.6806
-25.6152
-26.5838
-27.5225
-26.1027
-18.9051
-32.0355
-37.9296
-45.3181
-49.6937
-56.8936
-61.2706
-69.0876
-69.6537
-63.3611
-60.9254
-58.1776
-56.6811
-54.1674
-49.5039
-34.277
-54.8016
-63.1929
-72.5541
-77.8664
-86.4053
-91.5227
-100.782
-100.462
-89.7248
-85.3484
-80.3087
-77.5809
-73.2875
-66.6078
-45.846
-72.6597
-83.6036
-95.89
-103.154
-115.42
-123.403
-139.052
-140.115
-127.882
-123.032
-117.899
-114.875
-110.239
-99.9957
-67.1416
-111.217
-115.528
-87.1552
-171.05
-162.13
-49.9201
1.14539
)
;
    }
    defaultFaces
    {
        type            empty;
    }
}


// ************************************************************************* //
