/*--------------------------------*- C++ -*----------------------------------*\
| =========                 |                                                 |
| \\      /  F ield         | OpenFOAM: The Open Source CFD Toolbox           |
|  \\    /   O peration     | Version:  5.x                                   |
|   \\  /    A nd           | Web:      www.OpenFOAM.org                      |
|    \\/     M anipulation  |                                                 |
\*---------------------------------------------------------------------------*/
FoamFile
{
    version     2.0;
    format      ascii;
    class       volScalarField;
    location    "8.7";
    object      gradTy;
}
// * * * * * * * * * * * * * * * * * * * * * * * * * * * * * * * * * * * * * //

dimensions      [0 -1 0 1 0 0 0];

internalField   nonuniform List<scalar> 
6300
(
1030.9
1092.93
1155.68
1219.61
1285.16
1352.74
1422.7
1495.32
1570.83
1649.31
1730.76
1815.03
1901.81
1990.68
2081.06
-0.360614
-1.07532
-1.76987
-2.42903
-3.03506
-3.56705
-4.00079
-4.30932
-4.46446
-4.43951
-4.21311
-3.77392
-3.1253
-2.28858
-1.30336
-0.608292
-1.81461
-2.98914
-4.1075
-5.14079
-6.05433
-6.80714
-7.35257
-7.64068
-7.62268
-7.25779
-6.52199
-5.41729
-3.97883
-2.27666
-0.866245
-2.58568
-4.26454
-5.87098
-7.3662
-8.70225
-9.82074
-10.653
-11.1229
-11.1526
-10.6732
-9.63882
-8.04289
-5.93266
-3.4148
-1.13723
-3.39731
-5.61234
-7.74563
-9.75071
-11.5677
-13.1205
-14.3158
-15.0451
-15.1915
-14.6436
-13.3171
-11.1827
-8.2941
-4.80356
-1.42255
-4.25396
-7.04178
-9.7484
-12.3232
-14.6971
-16.7775
-18.4444
-19.55
-19.9245
-19.3923
-17.8029
-15.0764
-11.2572
-6.55379
-1.72155
-5.15418
-8.55236
-11.8829
-15.0965
-18.1199
-20.8478
-23.1341
-24.7858
-25.5638
-25.1981
-23.4257
-20.0627
-15.1045
-8.82204
-2.03101
-6.08877
-10.1305
-14.1342
-18.0596
-21.838
-25.3596
-28.4581
-30.8948
-32.3467
-32.4101
-30.6387
-26.644
-20.2757
-11.8476
-2.3447
-7.03932
-11.7465
-16.4636
-21.1696
-25.8128
-30.2941
-34.4434
-37.9881
-40.5178
-41.4566
-40.0746
-35.5986
-27.5067
-16.0334
-2.65316
-7.97726
-13.3524
-18.8039
-24.342
-29.949
-35.5604
-41.033
-46.0959
-50.2792
-52.8235
-52.604
-48.1686
-38.1192
-22.1418
-2.94379
-8.86409
-14.8816
-21.0576
-27.4452
-34.0805
-40.965
-48.0317
-55.0828
-61.6789
-66.9538
-69.3487
-66.3526
-54.6594
-31.8425
-3.20166
-9.65356
-16.2523
-23.0994
-30.3003
-37.9624
-46.1869
-55.0453
-64.5242
-74.3989
-83.9635
-91.4839
-93.2328
-82.3231
-49.5327
-3.41092
-10.2961
-17.3745
-24.7872
-32.6937
-41.2814
-50.7742
-61.4379
-73.5688
-87.4283
-103.016
-119.39
-132.771
-131.866
-89.4286
-3.55686
-10.7451
-18.1623
-25.9808
-34.4056
-43.6947
-54.19
-66.3626
-80.884
-98.7282
-121.283
-150.286
-186.593
-222.941
-207.232
-3.62827
-10.9649
-18.5486
-26.568
-35.2527
-44.9015
-55.9277
-68.9375
-84.8756
-105.316
-133.1
-173.876
-240.372
-366.069
-656.855
2164.7
2240.86
2316.72
2391.85
2465.83
2538.3
2608.91
2677.36
2743.42
2806.86
2867.53
2925.27
2979.99
3031.61
3080.05
3125.28
3167.27
3205.98
3241.43
3273.61
3302.53
3328.21
3350.68
3369.97
3386.13
3399.2
3409.24
3416.28
3420.4
3421.66
3420.1
3415.8
3408.82
3399.22
3387.05
3372.39
3355.3
3335.82
3314.03
3289.99
3263.75
3235.38
3204.95
3172.51
3138.12
3101.86
3063.77
3023.92
2982.36
2939.15
2894.32
2847.93
2800.03
2750.65
2699.84
2647.66
2594.13
2539.33
2483.29
2426.08
2367.75
2308.37
2247.98
2186.66
2124.46
2061.45
1997.7
1933.27
1868.24
1802.7
1736.75
1670.48
1604.03
1537.51
1471.08
1404.89
1339.09
1273.86
1209.37
1145.78
1083.28
1022.02
962.165
903.86
847.238
792.417
739.495
688.547
639.624
592.75
-0.313964
0.61144
1.5274
2.40243
3.21155
3.93771
4.57184
5.11205
5.56208
5.92952
6.22402
6.45592
6.63503
6.77002
6.86806
6.93474
6.97432
6.98993
6.98395
6.95826
6.91454
6.85438
6.77938
6.69122
6.59161
6.48229
6.36498
6.24136
6.11305
5.98153
5.84816
5.71406
5.5801
5.44684
5.31451
5.183
5.05196
4.92086
4.78914
4.6564
4.5225
4.3877
4.25271
4.1186
3.98673
3.85855
3.73534
3.61805
3.50704
3.40202
3.30199
3.20537
3.11016
3.01423
2.9156
2.8127
2.70461
2.59108
2.47252
2.34978
2.22389
2.0957
1.96553
1.83291
1.69636
1.55344
1.40083
1.23465
1.05088
0.845829
0.616594
0.361471
0.080199
-0.225947
-0.554225
-0.90064
-1.26024
-1.62744
-1.99633
-2.36085
-2.71492
-3.05243
-3.36718
-3.65284
-3.90293
-4.11107
-4.27134
-4.37882
-4.43021
-4.42436
-0.565035
1.03359
2.61031
4.10851
5.48434
6.7091
7.76909
8.66357
9.40159
9.99857
10.473
10.8438
11.1284
11.342
11.4963
11.6007
11.6616
11.6838
11.6707
11.6253
11.5498
11.447
11.3193
11.1696
11.0008
10.8159
10.6176
10.409
10.1928
9.97147
9.74737
9.52248
9.29832
9.07586
8.85546
8.63687
8.41931
8.20167
7.9828
7.76177
7.53818
7.31242
7.0857
6.86004
6.63798
6.42228
6.21547
6.01941
5.83488
5.66142
5.49724
5.33939
5.18411
5.02739
4.86548
4.6955
4.51574
4.32591
4.12696
3.9208
3.70967
3.49553
3.27938
3.06068
2.83704
2.60413
2.35597
2.08543
1.78504
1.44791
1.06858
0.643805
0.173001
-0.341594
-0.895078
-1.48032
-2.08854
-2.70998
-3.33444
-3.95168
-4.55155
-5.12397
-5.65869
-6.14508
-6.57206
-6.92839
-7.20332
-7.3877
-7.47518
-7.46339
-0.877058
1.48772
3.80682
5.99136
7.97526
9.7184
11.2054
12.4411
13.445
14.2449
14.872
15.3564
15.7251
15.9999
16.1976
16.33
16.4055
16.4293
16.4052
16.3363
16.2256
16.0762
15.8919
15.6765
15.4343
15.1695
14.8863
14.5888
14.2809
13.9664
13.6488
13.3309
13.0152
12.703
12.3949
12.0903
11.7878
11.4853
11.1806
10.8719
10.5581
10.2396
9.91824
9.59732
9.28109
8.97424
8.68115
8.40514
8.14777
7.90846
7.68436
7.47065
7.26109
7.04894
6.82793
6.59327
6.34228
6.07473
5.79267
5.4998
5.20059
4.89906
4.59767
4.29633
3.9918
3.67753
3.34405
2.97988
2.57279
2.1114
1.58664
0.993042
0.329464
-0.400653
-1.18963
-2.02634
-2.89727
-3.78766
-4.68247
-5.56704
-6.42727
-7.24937
-8.01939
-8.72247
-9.34257
-9.86257
-10.2654
-10.5358
-10.6628
-10.642
-1.27228
2.00756
5.19703
8.16311
10.8129
13.0966
15.0035
16.5526
17.7822
18.7404
19.4765
20.0361
20.4572
20.7692
20.9928
21.1418
21.2239
21.2439
21.2044
21.1079
20.9572
20.7562
20.5095
20.2224
19.9007
19.55
19.1759
18.7838
18.3789
17.9663
17.5508
17.1367
16.7272
16.3246
15.9296
15.5411
15.1567
14.7726
14.3847
13.9896
13.5851
13.1712
12.7506
12.3282
11.9111
11.5067
11.1226
10.7644
10.435
10.1339
9.85689
9.59629
9.34217
9.08359
8.8104
8.5149
8.19301
7.84481
7.47426
7.0883
6.69519
6.30273
5.91623
5.53692
5.16091
4.77889
4.37665
3.93643
3.43905
2.86645
2.20415
1.44335
0.582051
-0.374642
-1.41515
-2.52279
-3.67768
-4.85865
-6.04493
-7.21716
-8.35757
-9.44951
-10.4762
-11.4191
-12.257
-12.9653
-13.5178
-13.89
-14.0631
-14.0287
-1.76737
2.65786
6.90925
10.7907
14.1778
17.0178
19.3174
21.1246
22.511
23.5561
24.3359
24.9158
25.3471
25.6663
25.8965
26.0503
26.1328
26.145
26.0866
25.9583
25.7622
25.5028
25.1861
24.8192
24.4097
23.9651
23.4924
22.9981
22.489
21.9714
21.452
20.9367
20.4304
19.9364
19.4559
18.9872
18.5261
18.0662
17.6004
17.1219
16.6265
16.1135
15.5864
15.0528
14.5235
14.0112
13.5278
13.0832
12.6826
12.3258
12.0067
11.7136
11.4306
11.1402
10.8259
10.4754
10.0825
9.64791
9.17893
8.6879
8.1897
7.69864
7.22522
6.77353
6.33945
5.91014
5.46466
4.976
4.41435
3.75132
2.96418
2.03903
0.972644
-0.227309
-1.54335
-2.95059
-4.41991
-5.92139
-7.42705
-8.91249
-10.3571
-11.7431
-13.053
-14.2665
-15.3574
-16.2917
-17.0296
-17.5304
-17.7616
-17.7074
-2.3689
3.55848
9.15407
14.1301
18.3302
21.7169
24.3398
26.3023
27.731
28.7537
29.4831
30.0095
30.3984
30.6914
30.9103
31.0617
31.1429
31.1476
31.0696
30.9061
30.6585
30.3319
29.9349
29.4773
28.9695
28.4209
27.8399
27.2341
26.6112
25.9795
25.3475
24.7238
24.1159
23.5291
22.9654
22.4226
21.8939
21.3688
20.8344
20.2788
19.6936
19.0764
18.4318
17.7713
17.112
16.474
15.8775
15.3387
14.8672
14.4636
14.1193
13.8164
13.53
13.2314
12.8938
12.4973
12.0323
11.5008
10.9156
10.2981
9.67417
9.06936
8.50317
7.98501
7.51136
7.06489
6.61509
6.12092
5.53585
4.81515
3.92316
2.83834
1.55581
0.0874508
-1.53996
-3.28871
-5.11553
-6.97777
-8.83793
-10.6662
-12.4408
-14.1458
-15.7681
-17.2901
-18.6829
-19.9008
-20.8822
-21.5587
-21.8707
-21.7879
-3.05814
4.93667
12.2907
18.5863
23.6536
27.5147
30.3122
32.2472
33.5347
34.3723
34.9212
35.3003
35.5867
35.8222
36.02
36.1728
36.2622
36.268
36.1745
35.9741
35.6672
35.2614
34.7696
34.2066
33.5869
32.9223
32.2218
31.4934
30.7452
29.9868
29.2299
28.487
27.77
27.0876
26.4438
25.8365
25.2555
24.6835
24.0981
23.4774
22.8057
22.0776
21.2991
20.4872
19.6687
18.8762
18.1431
17.4966
16.953
16.5152
16.1714
15.8948
15.646
15.3778
15.0456
14.6169
14.0769
13.43
12.6979
11.9166
11.1304
10.3837
9.71121
9.13166
8.64339
8.22377
7.82874
7.39607
6.85204
6.12502
5.15924
3.92179
2.40609
0.630769
-1.36228
-3.51478
-5.76046
-8.03741
-10.2949
-12.4975
-14.6244
-16.6679
-18.6274
-20.4996
-22.2602
-23.85
-25.1738
-26.1113
-26.548
-26.4234
-3.75407
7.23708
16.9506
24.8105
30.7128
34.8428
37.5253
39.1227
39.9839
40.4043
40.6019
40.7221
40.8458
41.0053
41.1922
41.373
41.4994
41.5289
41.431
41.193
40.8156
40.3125
39.7042
39.015
38.2665
37.4726
36.6416
35.7789
34.8912
33.9896
33.0895
32.2107
31.3717
30.5879
29.8675
29.21
28.6017
28.0152
27.4104
26.7468
25.9968
25.1492
24.2122
23.2102
22.1856
21.1906
20.2819
19.5038
18.8843
18.4293
18.1244
17.9309
17.7877
17.6145
17.3341
16.8947
16.2736
15.4801
14.5489
13.5403
12.5277
11.5892
10.7836
10.1451
9.67483
9.34551
9.09493
8.82998
8.43016
7.7772
6.78507
5.40453
3.62888
1.48637
-0.956181
-3.60774
-6.36135
-9.12598
-11.8316
-14.4386
-16.9288
-19.3114
-21.6129
-23.8698
-26.0839
-28.1822
-30.0216
-31.3851
-32.0335
-31.8425
-4.20295
11.3766
24.2786
33.8526
40.3235
44.2547
46.3003
47.0573
47.067
46.7562
46.3925
46.1376
46.052
46.1475
46.3718
46.6501
46.8748
46.9719
46.8881
46.6111
46.144
45.5136
44.7538
43.9077
43.0101
42.0752
41.1056
40.099
39.0562
37.9887
36.9173
35.8758
34.8926
33.9958
33.1994
32.5115
31.9152
31.3722
30.8064
30.1393
29.3274
28.3485
27.2176
25.9646
24.6589
23.3798
22.2316
21.2815
20.5779
20.126
19.9162
19.8935
19.9715
20.0046
19.8504
19.4333
18.7173
17.7275
16.5103
15.169
13.8173
12.6025
11.6147
10.9152
10.5025
10.3531
10.381
10.4573
10.3721
9.91705
8.96956
7.45559
5.3794
2.77355
-0.249529
-3.55414
-6.94667
-10.2998
-13.5105
-16.5478
-19.3884
-22.0717
-24.6624
-27.3016
-30.0739
-32.8872
-35.5543
-37.688
-38.7276
-38.4111
-3.60321
19.3713
36.3985
47.3624
53.5907
56.382
56.9315
56.0693
54.6127
53.1857
52.0279
51.3108
50.9987
51.106
51.4751
52.0061
52.4355
52.677
52.6253
52.3048
51.7093
50.903
49.93
48.8764
47.8096
46.73
45.6252
44.4736
43.2589
41.9959
40.7045
39.4594
38.2915
37.2614
36.3775
35.6836
35.1542
34.7644
34.3508
33.7427
32.901
31.769
30.4015
28.7973
27.0965
25.3826
23.8987
22.7065
21.9113
21.4765
21.4409
21.7133
22.2223
22.6668
22.7473
22.4045
21.5575
20.3047
18.6526
16.8147
14.912
13.2908
12.0327
11.2745
10.9529
11.1071
11.5994
12.319
12.8482
12.7678
11.9715
10.3179
7.89431
4.66322
0.864252
-3.37225
-7.58704
-11.677
-15.4374
-18.9389
-22.0727
-24.964
-27.6406
-30.5405
-34.0033
-37.8012
-41.854
-45.5651
-47.373
-46.7562
0.88083
35.9304
57.2498
67.6907
71.8056
71.7357
69.5936
65.9352
62.1143
59.2257
57.0272
55.899
55.3401
55.6857
56.3434
57.507
58.265
58.8024
58.7481
58.3926
57.5767
56.5306
55.2203
53.8627
52.6255
51.4193
50.2107
48.9373
47.5297
46.0424
44.4234
42.9301
41.4904
40.3152
39.2802
38.6175
38.1908
38.1893
38.1738
37.6809
36.8911
35.5272
33.9247
31.7676
29.5516
27.0527
25.1442
23.5583
22.7247
22.2507
22.5205
23.1911
24.5646
25.8517
26.2526
26.1004
24.9809
23.4553
21.0614
18.5525
15.5999
13.4553
11.7296
11.004
10.7172
11.373
12.4894
14.4539
16.201
16.6486
16.2068
14.2883
11.5711
7.36987
2.60737
-3.22223
-8.40774
-13.5291
-17.7374
-21.8598
-25.1062
-28.1653
-30.2971
-32.9686
-37.4501
-42.3478
-48.6451
-56.1822
-59.5096
-58.0132
20.8891
72.2599
93.7658
97.1284
96.046
90.0724
84.4381
76.0336
68.2722
64.2707
60.4837
59.6664
58.3774
59.8148
60.4818
63.5907
64.4109
65.7784
65.3033
65.1418
63.774
62.5375
60.5773
58.6744
57.3956
56.111
54.888
53.593
51.9141
50.2771
47.9604
46.3223
44.3075
43.1659
41.6458
41.2103
40.6141
41.6333
42.6834
42.0455
41.7069
39.6279
38.2457
34.8216
32.4128
27.8719
25.9242
23.326
23.019
21.9529
23.0222
23.6557
27.0302
30.3119
30.5532
31.1881
28.9881
27.8553
23.6347
20.9285
15.1233
13.0157
9.9855
10.1009
9.12341
10.975
12.1574
16.9011
21.4244
21.8092
22.5678
19.408
17.3843
10.8841
5.88662
-4.00005
-9.32115
-16.6961
-20.1613
-26.0419
-28.4096
-32.7019
-32.176
-32.7899
-40.2973
-44.8783
-53.6504
-72.8605
-78.5916
-74.2878
111.338
151.593
156.405
132.965
127.328
107.919
103.271
85.2056
69.0152
69.0068
59.6638
64.1127
57.4887
65.0533
61.1038
72.9699
69.7683
75.4078
71.4066
73.6281
69.7821
69.5868
65.8517
62.5874
62.1744
60.714
59.6693
58.8021
56.2384
55.491
50.5206
50.2575
45.8678
46.5618
42.4504
44.0351
40.7117
45.0334
49.6241
45.9796
49.0294
42.7258
45.5074
36.4142
38.345
24.9577
27.6413
19.795
24.4073
18.5805
24.1519
20.174
29.6301
39.1506
34.2873
40.3586
31.4588
36.7023
24.0275
27.7677
9.32268
13.9053
3.71228
10.7722
3.45631
11.5409
6.69783
19.6659
32.6075
26.4319
34.5716
22.892
29.644
12.2351
16.2067
-11.3516
-7.27619
-25.4925
-19.1061
-35.2815
-28.9406
-44.1757
-32.4128
-22.6837
-47.3575
-41.3726
-43.6235
-108.947
-112.122
-99.4611
560.857
281.959
259.725
143.161
178.44
104.509
141.421
91.6752
46.4542
87.1822
38.9816
84.5019
36.1665
86.8697
38.9492
104.044
62.3923
98.9174
68.5467
90.8493
70.5308
81.7307
70.446
62.3923
68.4593
64.7162
64.1927
66.452
57.945
66.7839
46.3004
60.1329
40.1054
56.8758
35.0503
53.9257
29.7983
48.0443
68.4214
40.2719
69.819
32.739
69.8671
22.1303
66.3333
-1.10035
44.5196
-1.67792
40.8261
-1.20701
39.031
-2.65432
32.1353
68.7
22.2738
71.0857
13.5612
71.35
0.781118
66.5521
-29.6392
36.0702
-27.4065
32.1435
-24.3887
30.7211
-24.4111
22.4677
71.3176
10.4391
75.1136
-0.1667
76.6941
-17.2031
71.929
-64.2562
26.8682
-69.717
14.4379
-76.9445
1.59783
-94.5262
-29.721
36.9626
-98.5657
-26.0069
57.2285
-234.526
-168.455
-141.5
543.44
492.55
444.463
399.037
356.093
315.429
276.827
240.057
204.891
171.097
138.452
106.736
75.7345
45.2394
15.0463
-4.35632
-4.20722
-3.99362
-3.72846
-3.42548
-3.09772
-2.75641
-2.41048
-2.06635
-1.72815
-1.398
-1.07639
-0.762584
-0.45493
-0.151196
-7.3436
-7.08358
-6.71325
-6.2561
-5.7367
-5.17795
-4.59921
-4.0155
-3.43737
-2.87135
-2.32054
-1.78534
-1.26414
-0.753866
-0.250502
-10.46
-10.0701
-9.51954
-8.84584
-8.08717
-7.27807
-6.4469
-5.61485
-4.79622
-3.99928
-3.22741
-2.48027
-1.75475
-1.04588
-0.347442
-13.7676
-13.2169
-12.4488
-11.5204
-10.4879
-9.40015
-8.29536
-7.2007
-6.1333
-5.10206
-4.10951
-3.15352
-2.22869
-1.32744
-0.440826
-17.3406
-16.5809
-15.5381
-14.2988
-12.9437
-11.5391
-10.1335
-8.75916
-7.43412
-6.16608
-4.95499
-3.79556
-2.679
-1.59433
-0.529244
-21.2727
-20.2277
-18.8237
-17.1926
-15.4487
-13.6787
-11.9404
-10.2681
-8.67783
-7.17302
-5.74872
-4.39465
-3.09738
-1.84161
-0.611054
-25.6875
-24.233
-22.336
-20.1987
-17.9797
-15.7862
-13.6811
-11.6948
-9.83592
-8.09934
-6.4721
-4.93689
-3.47422
-2.06365
-0.684403
-30.7538
-28.6806
-26.0883
-23.2862
-20.4849
-17.805
-15.3027
-12.9939
-10.8715
-8.91617
-7.10335
-5.40649
-3.79889
-2.25434
-0.747298
-36.7052
-33.647
-30.0499
-26.3728
-22.8684
-19.6458
-16.7305
-14.1065
-11.7398
-9.59035
-7.6185
-5.78674
-4.06043
-2.40748
-0.797735
-43.8528
-39.1515
-34.0908
-29.286
-24.9699
-21.1788
-17.8667
-14.9617
-12.3905
-10.0868
-7.99342
-6.06145
-4.24855
-2.51736
-0.833888
-52.5336
-45.0148
-37.8753
-31.71
-26.5458
-22.2325
-18.5955
-15.4829
-12.7734
-10.3727
-8.20682
-6.21699
-4.35489
-2.57947
-0.854331
-62.7546
-50.4983
-40.6848
-33.1322
-27.2704
-22.6095
-18.7996
-15.6006
-12.8474
-10.4235
-8.24405
-6.24467
-4.37448
-2.59127
-0.85828
-72.6491
-53.5381
-41.2327
-32.8632
-26.7934
-22.1353
-18.3925
-15.2723
-12.5918
-10.2297
-8.10105
-6.14307
-4.307
-2.55279
-0.845788
-72.4037
-49.7713
-37.844
-30.294
-24.9043
-20.7453
-17.3623
-14.5041
-12.0177
-9.80234
-7.7872
-5.91946
-4.15757
-2.46707
-0.817854
-3.6265
-10.959
-18.5369
-26.5478
-35.2204
-44.853
-55.8593
-68.8491
-84.7786
-105.258
-133.237
-174.706
-243.384
-374.991
-673.883
-3.56398
-10.7657
-18.1947
-26.0226
-34.4556
-43.7559
-54.2759
-66.5118
-81.1915
-99.4189
-122.886
-154.034
-195.158
-240.516
-228.342
-3.45018
-10.4146
-17.5752
-25.0771
-33.0881
-41.8113
-51.5005
-62.477
-75.1401
-89.9399
-107.201
-126.433
-143.991
-145.99
-91.4852
-3.29188
-9.92707
-16.7187
-23.7778
-31.2257
-39.1956
-47.8307
-57.2702
-67.6041
-78.7508
-90.1457
-99.9925
-103.629
-90.7011
-43.8398
-3.09784
-9.33088
-15.6761
-22.2084
-29.0005
-36.1175
-43.6019
-51.442
-59.5033
-67.3889
-74.1643
-77.8635
-74.7685
-58.9769
-24.5401
-2.87784
-8.65669
-14.5036
-20.4583
-26.5495
-32.7839
-39.1258
-45.4596
-51.524
-56.7975
-60.3189
-60.4521
-54.7242
-40.2002
-15.4094
-2.64173
-7.93518
-13.256
-18.6132
-23.9989
-29.3755
-34.6548
-39.6639
-44.0933
-47.4222
-48.8261
-47.1105
-40.7876
-28.5531
-10.4644
-2.39866
-7.19459
-11.9831
-16.7482
-21.4544
-26.0345
-30.3711
-34.2702
-37.4266
-39.383
-39.4992
-36.9681
-30.9559
-20.9711
-7.49163
-2.15654
-6.45904
-10.7265
-14.9239
-18.9972
-22.8625
-26.3911
-29.3922
-31.5927
-32.6212
-32.0103
-29.2429
-23.8826
-15.8159
-5.56308
-1.92175
-5.7478
-9.51832
-13.1855
-16.6844
-19.924
-22.7772
-25.07
-26.5724
-26.9977
-26.0186
-23.3181
-18.6884
-12.1785
-4.24099
-1.69907
-5.07505
-8.38184
-11.564
-14.5515
-17.2538
-19.5524
-21.2964
-22.3001
-22.3492
-21.2221
-18.7327
-14.7999
-9.53258
-3.29693
-1.49175
-4.45032
-7.33184
-10.0774
-12.6167
-14.8636
-16.7126
-18.0368
-18.6904
-18.5173
-17.3715
-15.1497
-11.8379
-7.55899
-2.60161
-1.30173
-3.87904
-6.3762
-8.73398
-10.8847
-12.7496
-14.237
-15.2428
-15.6546
-15.3609
-14.2679
-12.3235
-9.54729
-6.05652
-2.07701
-1.12984
-3.3634
-5.51728
-7.53425
-9.3512
-10.8977
-12.0957
-12.8611
-13.1085
-12.7594
-11.7553
-10.075
-7.75285
-4.89341
-1.67356
-0.976095
-2.90304
-4.75339
-6.47335
-8.00538
-9.28768
-10.2547
-10.8391
-10.9767
-10.6127
-9.71224
-8.272
-6.33147
-3.98053
-1.35849
-0.839869
-2.49584
-4.08002
-5.54288
-6.83291
-7.89654
-8.67918
-9.12741
-9.19297
-8.83832
-8.04397
-6.81639
-5.19502
-3.25589
-1.10935
-0.720136
-2.13849
-3.49084
-4.73239
-5.81759
-6.70047
-7.33581
-7.68135
-7.70099
-7.36925
-6.67648
-5.63419
-4.27921
-2.67524
-0.91032
-0.615617
-1.82696
-2.97856
-4.03044
-4.94273
-5.67622
-6.19364
-6.46153
-6.45295
-6.15081
-5.55165
-4.66908
-3.53626
-2.20633
-0.749975
-0.524905
-1.5569
-2.5355
-3.4254
-4.19197
-4.80197
-5.22469
-5.43365
-5.4087
-5.13859
-4.62358
-3.8777
-2.93017
-1.8252
-0.619895
-0.446564
-1.3239
-2.154
-2.90597
-3.54991
-4.05772
-4.40414
-4.56815
-4.53466
-4.2964
-3.85578
-3.22632
-2.43338
-1.51373
-0.513756
-0.379186
-1.12368
-1.82676
-2.46153
-3.00235
-3.42551
-3.71023
-3.83976
-3.80277
-3.5947
-3.21909
-2.68843
-2.02455
-1.25804
-0.426734
-0.32144
-0.952218
-1.54692
-2.08232
-2.53647
-2.88942
-3.12404
-3.22697
-3.18964
-3.00933
-2.69003
-2.24304
-1.68698
-1.04734
-0.355097
-0.272095
-0.805795
-1.30827
-1.75951
-2.14084
-2.43547
-2.62928
-2.71155
-2.67577
-2.52044
-2.24964
-1.87335
-1.40745
-0.873144
-0.295924
-0.230033
-0.681051
-1.10517
-1.48524
-1.80539
-2.05152
-2.21196
-2.27807
-2.2449
-2.11173
-1.88247
-1.56588
-1.17541
-0.728744
-0.246906
-0.194251
-0.574984
-0.932637
-1.25258
-1.52133
-1.72706
-1.86012
-1.91352
-1.88346
-1.76972
-1.57594
-1.3097
-0.982391
-0.60876
-0.2062
-0.163862
-0.48494
-0.786289
-1.05545
-1.28102
-1.45306
-1.56358
-1.60691
-1.58012
-1.48328
-1.3197
-1.09591
-0.821529
-0.508862
-0.172324
-0.138086
-0.408592
-0.662287
-0.888589
-1.07786
-1.22177
-1.31368
-1.34899
-1.3254
-1.24318
-1.10526
-0.917248
-0.687247
-0.425535
-0.14408
-0.116244
-0.343915
-0.557301
-0.747436
-0.906187
-1.02658
-1.10309
-1.13196
-1.11139
-1.04174
-0.925598
-0.767737
-0.574981
-0.355915
-0.120489
-0.0977462
-0.289154
-0.468456
-0.628072
-0.761149
-0.861841
-0.925567
-0.949239
-0.931447
-0.872584
-0.774899
-0.642452
-0.480979
-0.297654
-0.100753
-0.0820838
-0.242798
-0.393278
-0.527131
-0.638592
-0.72277
-0.775854
-0.795309
-0.780019
-0.73038
-0.648332
-0.537317
-0.402149
-0.248818
-0.0842135
-0.0688193
-0.203545
-0.329644
-0.441734
-0.534978
-0.605284
-0.649487
-0.665501
-0.652437
-0.610675
-0.541877
-0.448949
-0.335927
-0.20781
-0.0703277
-0.0575769
-0.170282
-0.275736
-0.369422
-0.447288
-0.50592
-0.542689
-0.555879
-0.544779
-0.509738
-0.452174
-0.374531
-0.280185
-0.173302
-0.0586451
-0.0480345
-0.142052
-0.229997
-0.308091
-0.372951
-0.421734
-0.452261
-0.46312
-0.453741
-0.424438
-0.376411
-0.311709
-0.233148
-0.144191
-0.0487909
-0.0399162
-0.118038
-0.191098
-0.255948
-0.309775
-0.350222
-0.375487
-0.38441
-0.376534
-0.352136
-0.312225
-0.258509
-0.193328
-0.119552
-0.0404516
-0.0329854
-0.0975386
-0.157897
-0.211456
-0.255889
-0.289251
-0.310058
-0.317363
-0.310799
-0.290604
-0.257622
-0.213268
-0.159475
-0.0986094
-0.0333641
-0.0270386
-0.0799511
-0.129418
-0.1733
-0.20969
-0.236994
-0.254003
-0.259945
-0.254526
-0.23795
-0.210914
-0.174579
-0.130532
-0.0807076
-0.0273061
-0.0219003
-0.0647559
-0.104815
-0.140344
-0.169798
-0.191885
-0.20563
-0.210413
-0.205999
-0.192559
-0.17066
-0.141246
-0.105601
-0.0652887
-0.0220888
-0.0174182
-0.0515017
-0.0833583
-0.111607
-0.135019
-0.152568
-0.16348
-0.167265
-0.163739
-0.15304
-0.135623
-0.112239
-0.0839083
-0.051875
-0.0175502
-0.0134586
-0.0397936
-0.0644059
-0.0862279
-0.104309
-0.117859
-0.126279
-0.129192
-0.126458
-0.118186
-0.104728
-0.0866654
-0.0647869
-0.0400521
-0.0135501
-0.00990337
-0.0292813
-0.0473907
-0.0634454
-0.0767464
-0.0867114
-0.092901
-0.0950383
-0.093022
-0.0869325
-0.0770293
-0.0637413
-0.0476483
-0.0294561
-0.00996523
-0.00664584
-0.0196496
-0.0318018
-0.0425747
-0.0514992
-0.0581846
-0.0623362
-0.0637685
-0.0624138
-0.0583264
-0.0516807
-0.0427646
-0.0319671
-0.0197618
-0.00668552
-0.00358818
-0.0106092
-0.0171705
-0.0229874
-0.0278065
-0.0314168
-0.0336593
-0.0344335
-0.0337029
-0.0314965
-0.0279083
-0.0230939
-0.0172633
-0.0106721
-0.00361045
-0.000638399
-0.00188778
-0.00305602
-0.00409272
-0.00495287
-0.00559878
-0.00600174
-0.00614336
-0.00601649
-0.00562572
-0.00498735
-0.00412877
-0.00308741
-0.00190908
-0.000645933
0.00229235
0.00677726
0.0109671
0.0146793
0.017752
0.0200506
0.0214744
0.0219604
0.0214867
0.0200731
0.0177807
0.0147095
0.0109933
0.00679505
0.00229864
0.00529236
0.0156471
0.0253218
0.0338954
0.0409941
0.0463073
0.0496015
0.0507304
0.0496423
0.0463819
0.0410896
0.0339953
0.0254088
0.0157061
0.00531324
0.00845201
0.0249891
0.0404409
0.0541355
0.0654758
0.0739656
0.0792316
0.0810397
0.0793059
0.0741013
0.0656494
0.0543171
0.0405991
0.0250964
0.00848998
0.0118664
0.0350845
0.05678
0.0760099
0.0919362
0.103862
0.111262
0.113808
0.111379
0.104075
0.0922089
0.076295
0.0570283
0.035253
0.011926
0.0156382
0.0462368
0.0748307
0.100178
0.121174
0.1369
0.146664
0.150029
0.146837
0.137216
0.121578
0.100601
0.0751989
0.0464867
0.0157266
0.0198805
0.0587808
0.0951354
0.127366
0.15407
0.174078
0.186507
0.190802
0.186757
0.174535
0.154655
0.127978
0.0956678
0.0591422
0.0200083
0.0247203
0.0730923
0.118303
0.158392
0.191614
0.216516
0.231998
0.237363
0.232355
0.217169
0.19245
0.159265
0.119063
0.0736085
0.0249029
0.030302
0.0895984
0.145026
0.194184
0.234935
0.265495
0.284512
0.291127
0.285019
0.266422
0.236121
0.195424
0.146106
0.0903314
0.0305613
0.0367916
0.10879
0.176101
0.235813
0.285331
0.322488
0.345635
0.353723
0.346353
0.3238
0.28701
0.237569
0.17763
0.109828
0.0371587
0.0443813
0.131237
0.212451
0.284518
0.344309
0.389206
0.417212
0.427051
0.418227
0.39106
0.346683
0.287
0.214613
0.132704
0.0449002
0.0532945
0.157601
0.255151
0.341745
0.413628
0.467649
0.501401
0.513335
0.502835
0.470269
0.416981
0.345252
0.258205
0.159674
0.0540277
0.0637923
0.188655
0.305458
0.409185
0.495346
0.560163
0.600738
0.615192
0.602763
0.563863
0.500082
0.414138
0.30977
0.191582
0.0648277
0.0761801
0.225303
0.364841
0.488821
0.591883
0.669506
0.718209
0.735712
0.721068
0.674731
0.598569
0.495813
0.370931
0.229436
0.0776421
0.0908151
0.268606
0.435026
0.582977
0.706079
0.798927
0.857339
0.87855
0.861376
0.806304
0.715519
0.59285
0.443623
0.274442
0.0928792
0.108115
0.319803
0.518032
0.694386
0.841277
0.952255
1.02229
1.04804
1.02799
0.962668
0.854604
0.708323
0.530169
0.328042
0.111029
0.128569
0.380344
0.616224
0.826247
1.00141
1.134
1.218
1.24931
1.22605
1.1487
1.02022
0.845924
0.633359
0.391975
0.132683
0.152746
0.451921
0.732365
0.982313
1.19108
1.34949
1.45028
1.48846
1.46164
1.37025
1.21764
1.01009
0.756556
0.468341
0.158554
0.181307
0.536501
0.869677
1.16697
1.41572
1.60499
1.72603
1.77274
1.74206
1.63428
1.45321
1.20618
0.903829
0.559684
0.189508
0.215019
0.636365
1.0319
1.38531
1.68164
1.90785
2.05338
2.11075
2.07601
1.9492
1.73457
1.44067
1.08012
0.669097
0.226598
0.254766
0.754148
1.22337
1.64329
1.99625
2.26671
2.44194
2.5127
2.47388
2.32507
2.07096
1.72144
1.29145
0.800363
0.271115
0.301557
0.892867
1.44906
1.94775
2.36813
2.69168
2.90303
2.99073
2.94811
2.77406
2.47359
2.05808
1.54518
0.958125
0.324645
0.356544
1.05596
1.71468
2.30658
2.80721
3.19456
3.44997
3.55922
3.51357
3.31081
2.95607
2.46234
1.85039
1.14812
0.38915
0.421021
1.24732
2.02667
2.72877
3.32495
3.78901
4.09836
4.23524
4.18811
3.95307
3.53506
2.94867
2.21831
1.37747
0.467075
0.496426
1.47126
2.39229
3.2245
3.93439
4.49088
4.8665
5.03901
4.9931
4.72235
4.23093
3.53495
2.66293
1.65512
0.561491
0.58434
1.73256
2.81955
3.80514
4.65034
5.31829
5.77564
5.9944
5.95419
5.64482
5.06882
4.24346
3.20183
1.99233
0.67629
0.686459
2.03635
3.31721
4.48324
5.48933
6.2919
6.85042
7.12957
7.10214
6.75241
6.07982
5.1021
3.85727
2.40352
0.816455
0.804561
2.38807
3.89457
5.27238
6.4696
7.43493
8.11913
8.47758
8.47382
8.08415
7.30266
6.1462
4.65775
2.90726
0.988448
0.940446
2.79323
4.56128
6.18686
7.61084
8.7731
9.61398
10.077
10.1134
9.68789
8.78584
7.42077
5.64017
3.52787
1.20077
1.09584
3.25721
5.32688
7.24129
8.93376
10.3344
11.3711
11.9727
12.0737
11.6225
10.5905
8.98383
6.85289
4.2976
1.46476
1.27227
3.78484
6.20025
8.44977
10.4593
12.1483
13.4303
14.2158
14.4175
13.9602
12.7941
10.9109
8.36024
5.26004
1.79589
1.4709
4.37991
7.18875
9.82483
12.2073
14.2446
15.8343
16.8642
17.2187
16.79
15.4955
13.3014
10.2491
6.47517
2.21564
1.69229
5.04449
8.29716
11.376
14.1948
16.6518
18.6268
19.9814
20.5638
20.221
18.8214
16.2879
12.6391
8.02745
2.75466
1.93614
5.77814
9.52624
13.1075
16.4334
19.3935
21.85
23.6347
24.5511
24.3857
22.9345
20.0486
15.6977
10.0388
3.4579
2.201
6.57696
10.8711
15.0163
18.9259
22.4847
25.5394
27.8908
29.2894
29.4431
28.0439
24.8266
19.6644
12.6903
4.39372
2.48393
7.43253
12.3192
17.0885
21.6619
25.9257
29.7172
32.8082
34.892
35.5786
34.4156
30.9549
24.8891
16.2601
5.67037
2.7802
8.33102
13.8488
19.2967
24.6125
29.6946
34.3811
38.4249
41.4645
42.9983
42.3828
38.8919
31.8938
21.1913
7.46852
3.08309
9.25235
15.4269
21.5963
27.7254
33.7379
39.4909
44.7387
49.0824
51.9101
52.3463
49.2643
41.4706
28.2197
10.1098
3.3838
10.1699
17.0085
23.9236
30.919
37.9611
44.9513
51.68
57.7526
62.4822
64.7527
62.9081
54.8369
38.6221
14.2162
3.67163
11.0509
18.5368
26.1951
34.0798
42.2199
50.5931
59.0764
67.355
74.7614
80.0163
80.8752
73.8577
54.7126
21.1185
3.93442
11.8577
19.9452
28.3091
37.063
46.3165
56.1579
66.6146
77.5624
88.5341
98.3318
104.311
101.3
80.8364
34.0226
4.15939
12.5504
21.1616
30.1521
39.6991
50.0043
61.2949
73.8111
87.7526
103.121
119.298
133.99
140.86
125.258
61.6703
4.33418
13.09
22.1143
31.6082
41.8084
53.0074
65.5805
80.0171
96.9508
117.146
141.294
169.099
196.026
203.003
130.812
4.44823
13.4429
22.7408
32.5737
43.2236
55.056
68.5713
84.4882
103.883
128.426
160.747
204.818
265.042
335.723
331.504
4.49402
13.5853
22.9956
32.9715
43.8172
55.9354
69.8939
86.5433
107.24
134.302
172.04
229.317
326.796
520.454
989.686
4.46809
13.5058
22.8575
32.7651
43.5268
55.5363
69.3472
85.7872
106.174
132.763
169.762
225.897
321.754
513.809
984.208
4.3716
13.2083
22.3332
31.9654
42.3696
53.8857
66.9742
82.2894
100.8
123.994
154.195
194.889
249.905
313.866
308.271
4.21015
12.7105
21.4564
30.6293
40.4398
51.1426
63.0544
76.5715
92.1731
110.358
131.34
153.934
171.843
162.222
56.6017
-45.9126
-37.4007
-31.0263
-26.0948
-22.1212
-18.8087
-15.9707
-13.4834
-11.2609
-9.2405
-7.37438
-5.62467
-3.96004
-2.3535
-0.780794
-17.2193
-23.8552
-23.5518
-21.4873
-19.0617
-16.6737
-14.4308
-12.3491
-10.416
-8.61009
-6.90896
-5.29088
-3.73558
-2.22411
-0.738515
-7.83342
-15.1281
-17.3001
-17.1303
-15.9757
-14.4379
-12.7788
-11.1116
-9.48244
-7.90683
-6.38578
-4.91343
-3.48064
-2.07671
-0.690283
-4.26142
-9.95822
-12.6745
-13.457
-13.1558
-12.2859
-11.1323
-9.84749
-8.51163
-7.16558
-5.82871
-4.50846
-3.2056
-1.91713
-0.637974
-2.65188
-6.85801
-9.39171
-10.536
-10.7306
-10.3309
-9.57678
-8.61871
-7.54778
-6.41787
-5.26001
-4.09136
-2.92054
-1.75106
-0.583427
-1.80454
-4.91915
-7.07364
-8.27438
-8.71802
-8.62186
-8.16276
-7.46821
-6.62481
-5.68947
-4.69876
-3.6757
-2.6345
-1.58369
-0.528334
-1.30058
-3.64696
-5.41781
-6.53844
-7.08017
-7.16476
-6.91215
-6.42099
-5.76561
-4.99946
-4.1599
-3.27261
-2.35511
-1.41944
-0.474149
-0.973533
-2.77439
-4.21346
-5.20443
-5.7597
-5.94173
-5.82712
-5.48772
-4.98326
-4.36037
-3.65414
-2.89045
-2.08832
-1.26187
-0.422044
-0.748005
-2.15304
-3.32024
-4.17291
-4.69837
-4.92462
-4.89814
-4.669
-4.28308
-3.77911
-3.18824
-2.53496
-1.83837
-1.11357
-0.372895
-0.585644
-1.69682
-2.6454
-3.36858
-3.84476
-4.08297
-4.10984
-3.95909
-3.66484
-3.25815
-2.76564
-2.20951
-1.608
-0.976275
-0.327294
-0.465018
-1.35351
-2.12706
-2.73574
-3.15635
-3.38802
-3.44482
-3.34878
-3.12465
-2.79673
-2.3872
-1.91554
-1.39859
-0.850953
-0.285584
-0.373241
-1.08998
-1.72319
-2.23348
-2.59912
-2.81447
-2.88592
-2.82738
-2.6565
-2.39196
-2.05188
-1.653
-1.21047
-0.737936
-0.247897
-0.302114
-0.884457
-1.40465
-1.83164
-2.14622
-2.34081
-2.41724
-2.38396
-2.25335
-2.03961
-1.75735
-1.42075
-1.04316
-0.63707
-0.214202
-0.246181
-0.722076
-1.15083
-1.50784
-1.77663
-1.94917
-2.02472
-2.00811
-1.90791
-1.73483
-1.50055
-1.21694
-0.89564
-0.547844
-0.184348
-0.20168
-0.592423
-0.946823
-1.24527
-1.47386
-1.62486
-1.69617
-1.69028
-1.61305
-1.47252
-1.27798
-1.0393
-0.766505
-0.469516
-0.158102
-0.165937
-0.487999
-0.78166
-1.03119
-1.22496
-1.35587
-1.4212
-1.42197
-1.36213
-1.24769
-1.08604
-0.885344
-0.654161
-0.401198
-0.135182
-0.137007
-0.403293
-0.64713
-0.855835
-1.0197
-1.1324
-1.19105
-1.19574
-1.1491
-1.05564
-0.921206
-0.752545
-0.556933
-0.341939
-0.115278
-0.11344
-0.334172
-0.536989
-0.711607
-0.849938
-0.946471
-0.998344
-1.00515
-0.96858
-0.892022
-0.780128
-0.638454
-0.473158
-0.290779
-0.0980771
-0.0941398
-0.277487
-0.446424
-0.59257
-0.709194
-0.791539
-0.836925
-0.84466
-0.815815
-0.752933
-0.659722
-0.540758
-0.401239
-0.246784
-0.0832726
-0.078264
-0.230806
-0.37168
-0.494028
-0.592247
-0.662263
-0.701643
-0.709564
-0.686675
-0.634898
-0.557191
-0.457329
-0.339688
-0.209075
-0.0705737
-0.0651552
-0.192226
-0.309796
-0.412235
-0.494878
-0.554254
-0.588199
-0.595854
-0.577589
-0.53486
-0.47004
-0.38624
-0.287142
-0.176841
-0.0597115
-0.0542954
-0.16024
-0.258415
-0.344183
-0.41366
-0.4639
-0.493003
-0.500136
-0.485484
-0.450156
-0.396062
-0.325771
-0.242372
-0.149347
-0.0504413
-0.0452725
-0.133648
-0.215647
-0.287441
-0.345795
-0.388217
-0.413059
-0.419541
-0.40773
-0.378479
-0.333328
-0.274399
-0.204285
-0.125934
-0.0425434
-0.0377554
-0.111483
-0.179962
-0.24003
-0.288988
-0.324738
-0.345859
-0.351643
-0.342084
-0.317839
-0.280156
-0.230791
-0.171915
-0.10602
-0.0358228
-0.0314764
-0.0929601
-0.150118
-0.20033
-0.241351
-0.271415
-0.289306
-0.294394
-0.286632
-0.266527
-0.235094
-0.193786
-0.144418
-0.0890909
-0.0301077
-0.0262173
-0.0774405
-0.125094
-0.16701
-0.201319
-0.226541
-0.241641
-0.246066
-0.239746
-0.223078
-0.196887
-0.162374
-0.121057
-0.0747
-0.0252479
-0.0217992
-0.0643987
-0.104054
-0.13897
-0.167596
-0.188693
-0.201387
-0.205197
-0.200044
-0.18624
-0.164457
-0.135687
-0.101194
-0.0624577
-0.0211126
-0.0180745
-0.0534011
-0.0863021
-0.115297
-0.1391
-0.156678
-0.167298
-0.170548
-0.166348
-0.154941
-0.136876
-0.112971
-0.0842767
-0.0520263
-0.0175882
-0.0149207
-0.0440872
-0.0712622
-0.0952279
-0.114924
-0.129494
-0.138327
-0.141071
-0.137653
-0.128263
-0.113348
-0.0935806
-0.0698277
-0.0431135
-0.0145763
-0.0122355
-0.0361556
-0.05845
-0.078123
-0.0943052
-0.106293
-0.11358
-0.115873
-0.113103
-0.105422
-0.0931896
-0.0769564
-0.0574341
-0.0354661
-0.0119916
-0.00993271
-0.0293526
-0.0474575
-0.0634411
-0.076598
-0.086356
-0.0923002
-0.0941892
-0.0919624
-0.0857388
-0.0758082
-0.0626151
-0.0467383
-0.0288644
-0.00976002
-0.00793914
-0.0234624
-0.0379376
-0.0507214
-0.0612502
-0.069066
-0.0738351
-0.0753622
-0.0735961
-0.0686292
-0.0606913
-0.0501369
-0.0374286
-0.023117
-0.00781695
-0.00619201
-0.0182998
-0.0295917
-0.0395669
-0.0477858
-0.0538907
-0.0576205
-0.0588212
-0.0574515
-0.053582
-0.0473907
-0.0391537
-0.0292319
-0.0180556
-0.00610564
-0.00463667
-0.0137034
-0.0221599
-0.0296314
-0.0357889
-0.0403642
-0.0431613
-0.0440646
-0.0430421
-0.0401464
-0.0355102
-0.0293399
-0.0219061
-0.0135311
-0.00457573
-0.00322475
-0.00953053
-0.0154119
-0.020608
-0.0248902
-0.0280719
-0.0300168
-0.0306446
-0.0299331
-0.0279189
-0.0246944
-0.0204033
-0.0152336
-0.00940951
-0.00318195
-0.00191261
-0.00565229
-0.00913944
-0.0122191
-0.0147554
-0.016638
-0.0177867
-0.0181542
-0.0177283
-0.0165315
-0.014619
-0.0120765
-0.00901525
-0.00556799
-0.00188279
-0.000659831
-0.00194932
-0.00314987
-0.00420722
-0.00507436
-0.00571369
-0.0060986
-0.00621443
-0.00605868
-0.00564076
-0.00498102
-0.00410961
-0.00306487
-0.00189163
-0.000639424
0.000572012
0.00169191
0.00274034
0.00367265
0.00444861
0.00503412
0.00540272
0.00553688
0.00542902
0.00508218
0.00451011
0.00373696
0.00279635
0.00172993
0.000585459
0.00182061
0.00538279
0.0087112
0.0116611
0.0141038
0.0159326
0.0170669
0.0174562
0.0170827
0.0159615
0.0141409
0.0116998
0.00874493
0.00540568
0.00182871
0.00312408
0.00923596
0.0149449
0.0200016
0.0241854
0.0273132
0.0292481
0.0299053
0.0292554
0.0273265
0.0242024
0.0200194
0.0149604
0.00924649
0.00312781
0.00452218
0.0133689
0.0216313
0.0289482
0.0349999
0.0395219
0.0423165
0.0432617
0.0423161
0.0395212
0.034999
0.0289472
0.0216304
0.0133683
0.00452198
0.00605749
0.0179075
0.028974
0.0387732
0.0468765
0.0529298
0.0566689
0.0579307
0.0566607
0.0529149
0.0468574
0.0387533
0.0289567
0.0178957
0.00605333
0.00777677
0.0229899
0.0371966
0.0497754
0.0601761
0.0679443
0.0727409
0.0743574
0.0727241
0.0679135
0.0601367
0.0497342
0.0371608
0.0229655
0.00776816
0.00973239
0.0287709
0.0465494
0.0622897
0.0753033
0.0850216
0.0910207
0.0930401
0.0909931
0.0849712
0.0752388
0.0622223
0.0464907
0.0287311
0.0097183
0.0119839
0.0354267
0.0573172
0.0766969
0.0927181
0.104681
0.112063
0.114546
0.112022
0.104605
0.0926207
0.0765951
0.0572285
0.0353665
0.0119627
0.0146
0.04316
0.0698279
0.0934357
0.11295
0.127519
0.136508
0.139526
0.136447
0.127408
0.112808
0.0932873
0.0696987
0.0430723
0.014569
0.0176605
0.0522067
0.084463
0.113016
0.136616
0.154232
0.165097
0.168741
0.16501
0.154073
0.136412
0.112803
0.0842777
0.0520809
0.017616
0.0212587
0.062843
0.101669
0.136035
0.164435
0.185631
0.198698
0.203074
0.198575
0.185404
0.164146
0.135732
0.101405
0.0626641
0.0211954
0.0255048
0.075394
0.121972
0.163194
0.197257
0.222672
0.238334
0.243569
0.238159
0.222351
0.196847
0.162765
0.121598
0.0751404
0.0254151
0.0305288
0.0902439
0.145992
0.195325
0.236082
0.266483
0.285209
0.291454
0.284961
0.26603
0.235501
0.194718
0.145463
0.0898852
0.0304019
0.0364847
0.107848
0.174465
0.233408
0.282095
0.3184
0.340748
0.348181
0.340397
0.317759
0.281275
0.232551
0.173718
0.107341
0.0363055
0.0435557
0.128747
0.208265
0.278612
0.336704
0.380006
0.406641
0.415472
0.406145
0.379101
0.335546
0.277401
0.20721
0.128031
0.0433025
0.0519596
0.153585
0.248431
0.332324
0.401581
0.453181
0.484893
0.495368
0.484193
0.451903
0.399945
0.330613
0.246942
0.152574
0.051602
0.0619561
0.183128
0.296203
0.396195
0.478715
0.540164
0.577888
0.590293
0.5769
0.538359
0.476406
0.39378
0.294099
0.1817
0.0614512
0.0738553
0.218291
0.353055
0.472196
0.570477
0.643615
0.68846
0.703127
0.687065
0.641067
0.567217
0.468786
0.350086
0.216276
0.0731424
0.0880275
0.260169
0.420755
0.562677
0.679694
0.766708
0.819981
0.837292
0.818012
0.763111
0.675091
0.557863
0.416563
0.257324
0.0870211
0.104916
0.31007
0.501409
0.670447
0.809741
0.913223
0.976467
0.996859
0.973688
0.908145
0.803242
0.663651
0.495491
0.306054
0.103496
0.125053
0.369561
0.597545
0.798866
0.964647
1.08767
1.1627
1.18667
1.15878
1.0805
0.955472
0.789273
0.589191
0.363891
0.123047
0.149075
0.440524
0.712192
0.951958
1.14923
1.29544
1.38438
1.41247
1.37884
1.28532
1.13628
0.938414
0.700397
0.432519
0.146244
0.177751
0.525218
0.848984
1.13455
1.36927
1.54296
1.64831
1.68112
1.64049
1.52868
1.35099
1.11543
0.832333
0.513917
0.173753
0.212003
0.626368
1.0123
1.35243
1.63168
1.83794
1.96258
2.00077
1.95154
1.81777
1.60587
1.32544
0.988791
0.610413
0.206359
0.252949
0.747257
1.2074
1.61257
1.94476
2.18957
2.33687
2.38108
2.32129
2.1611
1.90832
1.57447
1.17422
0.724733
0.244981
0.30194
0.891864
1.44067
1.92339
2.31848
2.6089
2.78273
2.8336
2.76074
2.56871
2.26705
1.86959
1.39382
0.860064
0.290691
0.360618
1.06501
1.71982
2.29503
2.76488
3.10916
3.31394
3.37202
3.2829
3.05243
2.69227
2.21909
1.65368
1.02012
0.344736
0.430987
1.27259
2.05424
2.7398
3.29846
3.70626
3.947
4.01264
3.90318
3.62619
3.19596
2.63259
1.96086
1.2092
0.408564
0.5155
1.52178
2.45537
3.27266
3.93677
4.41933
4.70161
4.7748
4.63976
4.30631
3.79208
3.12131
2.32354
1.43228
0.483838
0.617178
1.82142
2.93724
3.91187
4.7011
5.27145
5.60138
5.68151
5.51409
5.11193
4.49686
3.69821
2.75111
1.69504
0.572468
0.739761
2.18245
3.51713
4.67979
5.61737
6.29047
6.67456
6.76005
6.55138
6.06534
5.3291
4.37815
3.25431
2.00399
0.676618
0.887915
2.61847
4.21645
5.60395
6.71726
7.51013
7.95502
8.04281
7.78122
7.19243
6.31038
5.1781
3.84532
2.36641
0.798726
1.0675
3.14651
5.0619
6.71845
8.03962
8.97136
9.48338
9.56811
9.23821
8.5231
7.46535
6.11723
4.53777
2.79046
0.941496
1.28596
3.78815
6.08704
8.06578
9.63231
10.724
11.3084
11.3812
10.9626
10.0916
8.8219
7.21694
5.34672
3.28506
1.10789
1.55283
4.57092
7.33446
9.69927
11.5547
12.8288
13.4884
13.5356
13.001
11.9369
10.4111
8.50079
6.28857
3.85985
1.30107
1.88049
5.53043
8.85868
11.6864
13.8806
15.3601
16.0937
16.0939
15.4068
14.1028
12.2673
9.99417
7.38068
4.52493
1.52436
2.28524
6.71327
10.7304
14.1134
16.7028
18.4091
19.2081
19.1292
18.2409
16.6376
14.4273
11.7238
8.64096
5.29051
1.78107
2.78888
8.1814
13.0424
17.0913
20.138
22.0881
22.932
22.7262
21.5715
19.5938
16.9297
13.7166
10.087
6.16645
2.07437
3.42115
10.0186
15.9181
20.7649
24.3346
26.535
27.3847
26.9821
25.4732
23.0263
19.8132
15.9986
11.7349
7.16146
2.407
4.22342
12.3403
19.5248
25.3252
29.4818
31.9195
32.7068
32.0058
30.0261
26.9907
23.1142
18.5923
13.5977
8.28212
2.78094
5.25479
15.3093
24.0926
31.0266
35.8225
38.4498
39.0622
37.9172
35.3118
31.5387
26.8633
21.5141
15.6832
9.5316
3.197
6.60211
19.161
29.9444
38.2125
43.6688
46.3791
46.6375
44.8424
41.4079
36.7131
31.0799
24.7701
17.9913
10.908
3.65429
8.39754
24.2454
37.5427
47.3506
53.4217
56.0106
55.6384
52.9057
48.379
42.5387
35.7661
28.3515
20.5105
12.4028
4.14961
10.8507
31.1007
47.5638
59.0834
65.5922
67.6978
66.2781
62.2143
56.2618
49.0112
40.8978
32.2288
23.2148
13.9983
4.67687
14.3117
40.5855
61.0174
74.2954
80.8197
81.8326
78.7533
72.8341
65.0455
56.0826
46.4149
36.3452
26.0596
15.6666
5.2265
19.4043
54.1267
79.4385
94.1967
99.8738
98.8082
93.2
84.7513
74.6443
63.6428
52.2107
40.6112
28.9786
17.3674
5.78506
27.3345
74.2025
105.187
120.403
123.609
118.937
109.618
97.8192
84.8637
71.5015
58.1223
44.8999
31.8825
19.0478
6.33511
40.6816
105.307
141.886
154.949
152.815
142.292
127.757
111.689
95.3646
79.3713
63.9245
49.0457
34.6593
20.6435
6.85558
65.6516
155.888
194.914
200.046
187.844
168.432
146.96
125.736
105.634
86.8608
69.3318
52.849
37.1783
22.0806
7.32271
119.139
242.031
271.476
257.179
227.879
195.999
165.989
139.003
114.98
93.4852
74.0117
56.088
39.299
23.2816
7.71167
252.755
393.065
378.413
324.728
269.702
222.267
182.918
150.21
122.57
98.7047
77.6147
58.5386
40.8834
24.1716
7.99875
639.978
651.708
512.452
393.204
306.25
242.917
195.232
157.894
127.539
101.996
79.8185
60.0017
41.8124
24.687
8.164
1907.91
1015.2
632.591
439.251
326.393
252.698
200.359
160.729
129.164
102.948
80.3823
60.3339
42.002
24.784
8.19372
3.96581
11.9585
20.1363
28.6294
37.5766
47.1246
57.4192
68.5751
80.5943
93.1597
105.128
113.321
109.8
76.431
-22.8699
3.64421
10.9711
18.4124
26.0401
33.9156
42.0777
50.5149
59.1116
67.5413
75.0604
80.1301
79.7914
68.9106
40.3867
-8.97635
3.28408
9.86924
16.5021
23.2024
29.9678
36.7553
43.4504
49.8142
55.3979
59.41
60.54
56.8021
45.6647
25.181
-2.60472
2.90692
8.71953
14.5241
20.2994
25.9975
31.525
36.7166
41.2963
44.8252
46.6412
45.8173
41.2113
31.7641
17.277
-0.299092
2.53094
7.5778
12.575
17.4734
22.1975
26.6303
30.5945
33.8289
35.9648
36.5117
34.8766
30.4623
22.9032
12.4629
0.440454
2.16992
6.48561
10.7246
14.8215
18.6884
22.204
25.2019
27.4597
28.6929
28.5631
26.7144
22.8589
16.9236
9.23148
0.605776
1.83304
5.46999
9.01614
12.3994
15.5304
18.2953
20.5495
22.1152
22.7841
22.3328
20.5576
17.334
12.7
6.93217
0.561372
1.52526
4.5451
7.47034
10.2294
12.7384
14.8967
16.5855
17.6677
17.996
17.427
15.8491
13.2198
9.61022
5.23609
0.449577
1.24813
3.71474
6.09059
8.30937
10.2965
11.9675
13.2275
13.9742
14.1053
13.5308
12.1925
10.0864
7.28596
3.95348
0.328695
1.00065
2.97509
4.86785
6.62076
8.17071
9.44901
10.3823
10.8959
10.9199
10.3986
9.30376
7.64751
5.49423
2.96379
0.222086
0.78
2.31712
3.78493
5.13503
6.31637
7.27523
7.95656
8.3069
8.27923
7.83979
6.97624
5.70553
4.07954
2.18532
0.138014
0.582228
1.72847
2.81968
3.81804
4.68443
5.37885
5.86157
6.09556
6.04997
5.7047
5.0555
4.11847
2.93271
1.55956
0.0776785
0.402673
1.19484
1.94728
2.63299
3.22446
3.6941
4.01521
4.16364
4.12015
3.87327
3.42231
2.77985
1.97292
1.04216
0.0386011
0.236298
0.700934
1.14162
1.54218
1.88631
2.15787
2.3415
2.42358
2.39363
2.24579
1.98047
1.60552
1.13677
0.59737
0.0160518
-1047.53
-1142.75
-1238.43
-1334.87
-1432.35
-1531.07
-1631.24
-1732.96
-1836.3
-1941.23
-2047.64
-2155.37
-2264.16
-2373.68
-2483.58
-129.815
7.86352
-156.103
-42.6443
-139.433
-53.7016
-119.81
-59.8341
-4.62987
-62.249
-1.60096
-58.3807
3.53448
-57.5857
6.522
-78.2772
-18.2149
-69.5391
-19.3584
-58.8467
-16.7681
-48.7393
-15.9014
16.2243
-14.2942
24.2783
-10.1816
33.4798
-9.53245
41.0188
-30.4563
22.2006
-30.2106
18.4761
-26.6776
17.7055
-22.3961
14.6767
52.7001
12.0456
61.7161
10.9479
71.5196
2.35377
76.5468
-41.1495
38.2335
-50.6716
23.439
-55.3812
12.2252
-59.9194
-4.70275
51.475
-22.8243
49.9669
-39.4173
45.5284
-65.0718
31.9112
-129.502
-34.2053
-143.031
-62.8947
-150.522
-85.2795
-157.9
-111.372
-67.6419
-138.385
-87.5247
-163.164
-111.328
-193.649
-142.548
-245.538
-202.741
-275.665
-247
-317.284
-301.05
-394.133
-397.506
-406.475
-646.476
-710.521
-843.079
-1076.32
-1504.64
-2376.61
-47.3298
-40.873
-72.5704
-63.851
-78.3873
-66.067
-70.4534
-53.0116
-35.9403
-38.8792
-28.1616
-33.7501
-24.6422
-32.6758
-25.9867
-40.0566
-33.6638
-39.9779
-31.9101
-34.7487
-26.1688
-26.1557
-14.9384
-3.80831
-3.6721
4.40584
2.2329
9.50125
4.39184
9.75167
-2.35796
2.59257
-5.02642
1.45465
-3.6038
3.91497
1.77284
13.2322
24.8861
22.9344
31.3284
25.48
32.8006
21.2948
25.5674
2.18645
5.80481
-10.8281
-4.86456
-17.8958
-10.5653
-19.4782
-6.18376
7.06961
-2.54027
4.48074
-11.6374
-6.90622
-30.182
-29.6766
-65.7036
-65.8504
-89.7817
-87.1291
-105.072
-101.77
-114.698
-107.461
-101.082
-115.453
-116.474
-135.862
-140.195
-163.968
-172.661
-203.715
-215.621
-242.685
-257.938
-288.691
-312.272
-354.927
-389.569
-438.557
-535.332
-611.982
-698.22
-795.501
-865.917
-738.063
-24.3484
-34.6666
-47.2358
-51.568
-56.0138
-54.3729
-52.5277
-45.6543
-38.4349
-35.1741
-31.2407
-30.2818
-28.1344
-28.966
-28.6018
-31.3018
-30.8143
-31.1262
-28.7561
-27.0928
-23.2331
-19.7055
-13.8499
-8.00966
-4.48607
-0.70548
1.05187
3.34641
3.24023
3.64026
1.17365
1.08452
-0.146405
1.04997
1.35871
4.03598
6.35555
11.507
16.6638
18.9251
21.4489
21.0484
21.1911
17.5144
14.4087
6.64332
2.53796
-3.52314
-5.81541
-9.73064
-9.96493
-11.015
-7.60521
-4.41252
-6.20436
-7.68477
-13.8802
-19.0103
-29.5362
-38.6568
-53.5714
-63.2442
-74.8115
-81.7047
-90.211
-94.8876
-100.53
-102.315
-104.637
-111.745
-118.974
-130.238
-141.064
-156.001
-170.571
-189.459
-206.673
-226.706
-246.555
-270.419
-296.023
-327.256
-360.969
-401.819
-453.162
-499.628
-537.449
-553.364
-512.685
-348.766
-14.9733
-25.2185
-33.7619
-39.1209
-42.4047
-42.9724
-41.8424
-38.7951
-35.2289
-32.4377
-30.0365
-28.5251
-27.3372
-26.9784
-26.8048
-27.1373
-26.8139
-26.1368
-24.585
-22.6003
-19.8197
-16.6083
-12.7401
-8.87594
-5.67112
-2.90442
-0.903886
0.647414
1.35843
1.65557
1.28044
1.21938
1.23709
1.92219
2.90927
4.67076
6.85896
9.77263
12.6094
14.5359
15.7789
15.8328
15.0796
12.9098
9.95849
5.8282
2.08592
-1.64656
-4.43047
-6.8672
-8.19104
-8.97502
-8.7153
-8.71826
-10.3182
-13.062
-17.6581
-23.3455
-30.9151
-39.2947
-48.9878
-57.9105
-66.5722
-73.9573
-80.8654
-86.6146
-91.9162
-96.3946
-101.303
-107.861
-115.661
-125.244
-136.014
-148.561
-162.263
-177.614
-193.663
-210.992
-229.388
-249.642
-271.664
-296.01
-322.087
-349.97
-378.006
-399.717
-408.217
-392.712
-336.912
-224.664
-10.0531
-18.219
-24.8715
-29.6601
-32.7046
-34.0144
-33.9157
-32.6812
-30.905
-29.1378
-27.549
-26.3006
-25.3441
-24.7225
-24.277
-23.9156
-23.3211
-22.4054
-21.0354
-19.2519
-17.0249
-14.4555
-11.6228
-8.79123
-6.2238
-3.9986
-2.21129
-0.84015
0.0740673
0.640386
0.936449
1.24233
1.66102
2.36108
3.34623
4.69257
6.31918
8.15051
9.86718
11.1324
11.8227
11.7808
11.0098
9.43249
7.20773
4.45636
1.62186
-1.13369
-3.54315
-5.6039
-7.19203
-8.43544
-9.44453
-10.7217
-12.7822
-15.7691
-19.8615
-24.9671
-31.1245
-38.0375
-45.5098
-52.9487
-60.1672
-66.8926
-73.1844
-78.982
-84.4832
-89.851
-95.5874
-102.183
-109.779
-118.533
-128.399
-139.452
-151.574
-164.76
-178.802
-193.736
-209.54
-226.311
-243.951
-262.263
-280.598
-297.892
-311.953
-318.824
-313.544
-290.077
-242.418
-168.785
-7.11034
-13.3977
-18.6641
-22.7097
-25.5013
-27.0838
-27.6232
-27.3466
-26.5669
-25.5801
-24.5705
-23.6548
-22.8677
-22.2123
-21.6272
-21.0287
-20.2899
-19.3275
-18.0806
-16.5417
-14.7226
-12.6812
-10.5035
-8.32568
-6.28324
-4.46187
-2.91905
-1.66941
-0.709
0.0146777
0.578631
1.10311
1.6801
2.38967
3.26334
4.31103
5.48483
6.69369
7.77521
8.55717
8.921
8.77913
8.10145
6.88781
5.21569
3.2047
1.04469
-1.11854
-3.15732
-5.02046
-6.68864
-8.23245
-9.78684
-11.5962
-13.9111
-16.8831
-20.6047
-25.0729
-30.2442
-35.9735
-42.0781
-48.3025
-54.4706
-60.4501
-66.213
-71.7739
-77.24
-82.7743
-88.6318
-95.0638
-102.226
-110.219
-119.074
-128.8
-139.35
-150.668
-162.652
-175.226
-188.294
-201.726
-215.268
-228.479
-240.603
-250.463
-256.247
-255.423
-245.056
-222.275
-185.326
-135.47
-5.2165
-10.0481
-14.2162
-17.5666
-20.0405
-21.6567
-22.5076
-22.7378
-22.5286
-22.0569
-21.4587
-20.8257
-20.2037
-19.6029
-18.999
-18.3457
-17.5831
-16.6615
-15.5486
-14.2373
-12.7428
-11.1055
-9.38712
-7.66768
-6.02703
-4.52677
-3.20744
-2.08509
-1.15413
-0.38404
0.274595
0.88517
1.50512
2.1788
2.92664
3.74458
4.59667
5.41681
6.11114
6.58041
6.74385
6.54526
5.96106
4.9995
3.70777
2.16375
0.468287
-1.28648
-3.02825
-4.72163
-6.36824
-8.01812
-9.76597
-11.7467
-14.0979
-16.9216
-20.2768
-24.1703
-28.5646
-33.3732
-38.4778
-43.7412
-49.0492
-54.3233
-59.5362
-64.706
-69.9021
-75.2357
-80.8523
-86.8965
-93.4782
-100.669
-108.498
-116.962
-126.025
-135.621
-145.654
-156.007
-166.525
-176.987
-187.062
-196.261
-203.871
-208.904
-210.055
-205.764
-194.442
-174.872
-146.817
-111.754
-3.92846
-7.65318
-10.9452
-13.6848
-15.8139
-17.3311
-18.2848
-18.7609
-18.8676
-18.7149
-18.3961
-17.9801
-17.5083
-16.9971
-16.4411
-15.8196
-15.1045
-14.2704
-13.3015
-12.1962
-10.968
-9.64593
-8.27173
-6.89575
-5.56819
-4.33068
-3.21181
-2.22476
-1.36724
-0.621923
0.0400922
0.654061
1.25307
1.86149
2.48931
3.12929
3.75484
4.32147
4.77148
5.04441
5.08837
4.86702
4.36448
3.58702
2.5636
1.34138
-0.0221861
-1.47255
-2.9682
-4.48941
-6.04232
-7.66184
-9.40892
-11.3626
-13.6031
-16.194
-19.1726
-22.5452
-26.2871
-30.3453
-34.6475
-39.114
-43.6752
-48.283
-52.9196
-57.5983
-62.3641
-67.2874
-72.4549
-77.9531
-83.8517
-90.196
-97.003
-104.261
-111.93
-119.94
-128.192
-136.549
-144.833
-152.8
-160.115
-166.329
-170.848
-172.93
-171.698
-166.226
-155.702
-139.684
-118.398
-92.9979
-3.00639
-5.87965
-8.46778
-10.6802
-12.4664
-13.8147
-14.7475
-15.3138
-15.5782
-15.6098
-15.4714
-15.2127
-14.8675
-14.4538
-13.9754
-13.4263
-12.7951
-12.0712
-11.2487
-10.3299
-9.32648
-8.2593
-7.15684
-6.05203
-4.97763
-3.96167
-3.02429
-2.17585
-1.41668
-0.737757
-0.123117
0.446619
0.98958
1.51838
2.03666
2.53696
3.00007
3.39633
3.68912
3.84049
3.81734
3.59616
3.16632
2.53134
1.7084
0.725298
-0.384823
-1.59047
-2.86832
-4.20843
-5.61729
-7.1186
-8.75096
-10.5621
-12.6002
-14.9041
-17.4974
-20.3844
-23.5499
-26.9618
-30.5764
-34.3463
-38.2294
-42.1967
-46.2374
-50.3606
-54.5944
-58.9824
-63.5765
-68.4279
-73.578
-79.0517
-84.8531
-90.9633
-97.3383
-103.907
-110.57
-117.191
-123.593
-129.544
-134.748
-138.829
-141.33
-141.724
-139.444
-133.957
-124.871
-112.08
-95.8992
-77.1549
-2.31183
-4.51573
-6.53033
-8.28837
-9.7485
-10.8954
-11.7371
-12.3001
-12.6228
-12.7485
-12.7188
-12.5687
-12.3244
-12.0024
-11.6105
-11.1499
-10.6182
-10.0128
-9.33348
-8.5845
-7.77573
-6.92246
-6.04437
-5.16356
-4.30194
-3.47859
-2.70772
-1.99748
-1.3496
-0.760092
-0.220721
0.278669
0.747415
1.19138
1.61082
1.99911
2.3425
2.62114
2.81135
2.88889
2.83249
2.62685
2.26467
1.74749
1.08506
0.293392
-0.608584
-1.60307
-2.67736
-3.827
-5.05762
-6.3851
-7.83387
-9.43329
-11.2126
-13.1958
-15.3975
-17.8205
-20.4559
-23.2843
-26.2795
-29.4131
-32.6598
-36.0023
-39.4341
-42.9609
-46.6001
-50.3778
-54.3245
-58.4697
-62.8355
-67.4325
-72.2554
-77.2807
-82.4636
-87.7363
-93.0047
-98.1447
-102.997
-107.362
-110.993
-113.599
-114.842
-114.363
-111.805
-106.866
-99.374
-89.3525
-77.091
-63.1637
-1.76084
-3.42444
-4.96235
-6.32552
-7.48163
-8.41555
-9.12796
-9.63238
-9.95118
-10.1112
-10.1394
-10.0603
-9.89316
-9.65177
-9.34461
-8.97598
-8.54774
-8.06117
-7.51875
-6.92545
-6.28934
-5.62166
-4.93613
-4.24781
-3.57151
-2.92031
-2.30428
-1.72971
-1.19892
-0.710683
-0.261221
0.154367
0.540436
0.899172
1.22931
1.52536
1.7776
1.9727
2.09524
2.12957
2.06194
1.88234
1.58566
1.17221
0.647268
0.0197853
-0.699658
-1.50127
-2.3784
-3.32947
-4.35894
-5.47739
-6.70029
-8.04581
-9.53188
-11.1733
-12.979
-14.9511
-17.0842
-19.3669
-21.7835
-24.317
-26.9524
-29.6793
-32.4938
-35.3993
-38.4062
-41.5296
-44.7867
-48.1933
-51.7598
-55.4875
-59.3661
-63.3705
-67.459
-71.5708
-75.6238
-79.512
-83.1024
-86.2337
-88.7147
-90.3273
-90.8343
-89.995
-87.5894
-83.453
-77.5174
-69.8498
-60.6807
-50.4051
-1.30057
-2.51471
-3.64657
-4.66147
-5.53535
-6.25534
-6.81901
-7.23267
-7.50897
-7.66418
-7.71561
-7.67952
-7.56969
-7.39673
-7.16815
-6.88886
-6.56218
-6.1909
-5.77833
-5.32907
-4.84948
-4.34765
-3.83307
-3.3159
-2.80613
-2.31263
-1.84241
-1.4002
-0.988275
-0.606776
-0.254306
0.0711883
0.371405
0.646717
0.895407
1.11324
1.29345
1.42723
1.50457
1.51545
1.45104
1.30478
1.07314
0.755806
0.355463
-0.123083
-0.674105
-1.2924
-1.97469
-2.72074
-3.53388
-4.42102
-5.39189
-6.45766
-7.62929
-8.91578
-10.3227
-11.8514
-13.4989
-15.2584
-17.1207
-19.0759
-21.1149
-23.2317
-25.4239
-27.6935
-30.0461
-32.4903
-35.0352
-37.6883
-40.4533
-43.3268
-46.2969
-49.3406
-52.4221
-55.4913
-58.4816
-61.309
-63.8703
-66.0433
-67.6877
-68.6488
-68.7656
-67.8823
-65.8665
-62.6305
-58.1549
-52.5093
-45.8637
-38.4847
-0.896716
-1.72389
-2.49965
-3.20093
-3.81117
-4.32073
-4.72658
-5.03129
-5.24168
-5.36721
-5.4184
-5.40553
-5.33773
-5.22244
-5.06535
-4.87066
-4.64154
-4.38081
-4.09146
-3.77714
-3.44242
-3.09281
-2.73454
-2.37419
-2.01819
-1.67228
-1.34112
-1.02799
-0.734754
-0.462024
-0.209517
0.0234216
0.237232
0.431578
0.60491
0.754227
0.875096
0.961932
1.00851
1.00864
0.956847
0.84903
0.682826
0.457764
0.175077
-0.162787
-0.552881
-0.992586
-1.48041
-2.0166
-2.60347
-3.24533
-3.94806
-4.71831
-5.56256
-6.48611
-7.4923
-8.582
-9.75356
-11.0032
-12.3256
-13.7151
-15.1667
-16.6767
-18.2439
-19.8691
-21.5554
-23.3071
-25.1288
-27.0235
-28.9914
-31.028
-33.1226
-35.257
-37.404
-39.5262
-41.575
-43.49
-45.1982
-46.6151
-47.6453
-48.187
-48.1373
-47.4009
-45.9011
-43.5932
-40.4772
-36.6087
-32.1029
-27.1306
-0.526491
-1.00751
-1.46035
-1.87184
-2.23232
-2.53585
-2.78017
-2.96613
-3.09702
-3.17772
-3.21386
-3.2111
-3.17463
-3.10884
-3.01722
-2.90253
-2.76696
-2.61247
-2.4411
-2.25515
-2.0574
-1.85104
-1.63962
-1.42687
-1.21637
-1.01137
-0.814544
-0.627825
-0.452421
-0.28888
-0.137292
0.00244545
0.130322
0.245922
0.348204
0.435382
0.50494
0.553782
0.578502
0.575727
0.542478
0.476484
0.376387
0.24181
0.0732463
-0.128189
-0.361132
-0.6244
-0.917394
-1.24041
-1.5948
-1.98293
-2.40793
-2.87334
-3.38256
-3.93839
-4.54258
-5.19564
-5.89675
-6.64398
-7.43467
-8.26592
-9.13513
-10.0405
-10.9811
-11.9576
-12.9713
-14.0241
-15.1181
-16.2541
-17.4313
-18.6464
-19.8919
-21.1562
-22.4223
-23.6673
-24.8617
-25.9692
-26.9466
-27.7441
-28.307
-28.5775
-28.4987
-28.0193
-27.0998
-25.7197
-23.8835
-21.626
-19.0137
-16.142
-2584.3
-2675.6
-2766.41
-2856.51
-2945.72
-3033.85
-3120.78
-3206.39
-3290.58
-3373.31
-3454.53
-3534.22
-3612.38
-3689.04
-3764.22
-3837.96
-3910.32
-3981.36
-4051.15
-4119.76
-4187.29
-4253.82
-4319.46
-4384.28
-4448.41
-4511.93
-4574.93
-4637.51
-4699.76
-4761.74
-4823.55
-4885.25
-4946.89
-5008.55
-5070.27
-5132.1
-5194.09
-5256.25
-5318.62
-5381.2
-5444
-5506.99
-5570.15
-5633.43
-5696.76
-5760.07
-5823.27
-5886.24
-5948.86
-6010.99
-6072.49
-6133.19
-6192.91
-6251.45
-6308.6
-6364.12
-6417.76
-6469.22
-6518.22
-6564.42
-6607.47
-6647.02
-6682.68
-6714.03
-6740.67
-6762.15
-6778.03
-6787.84
-6791.08
-6787.25
-6775.83
-6756.27
-6728.01
-6690.47
-6643.06
-6585.19
-6516.29
-6435.8
-6343.2
-6238.04
-6119.94
-5988.64
-5844.01
-5686.07
-5515.06
-5331.39
-5135.7
-4928.86
-4711.92
-4486.1
1749.68
938.829
596.609
420.336
315.16
245.37
195.268
157.051
126.446
100.923
78.8844
59.2555
41.2738
24.3628
8.05583
356.871
481.274
417.087
337.414
271.301
219.617
178.939
146.116
118.851
95.5385
75.051
56.5749
39.5013
23.3514
7.72694
34.1305
212.3
253.047
240.927
213.007
182.856
154.75
129.621
107.302
87.3273
69.2048
52.4912
36.8044
21.8142
7.22737
-49.076
80.7439
141.869
160.238
156.941
144.047
127.583
110.315
93.4063
77.2626
61.9488
47.3799
33.4104
19.8733
6.59561
-70.5516
17.8814
73.444
101.214
110.468
108.807
101.217
90.6494
78.7437
66.3669
53.9469
41.6685
29.5837
17.6725
5.87735
-73.2951
-12.111
32.8115
60.7032
74.9103
79.4943
77.8286
72.3198
64.5512
55.5134
45.8025
35.763
25.5829
15.3555
5.11856
-69.3934
-25.841
9.2095
33.8767
48.9746
56.4298
58.2817
56.2487
51.6267
45.3321
37.986
29.9974
21.6291
13.0477
4.35991
-62.831
-31.0684
-4.00906
16.6191
30.6806
38.9677
42.6188
42.7657
40.3741
36.2013
30.8114
24.6111
17.8881
10.846
3.63321
-55.1208
-31.5919
-10.7965
5.92763
18.1604
26.1407
30.4591
31.8204
30.9019
28.287
24.4468
19.747
14.4659
8.81496
2.96002
-46.9017
-29.3816
-13.5129
-0.272814
9.89195
16.975
21.2558
23.1543
23.1255
21.5975
18.9413
15.4639
11.4131
6.98776
2.35186
-38.4619
-25.5197
-13.6007
-3.39815
4.70491
10.6112
14.4344
16.4149
16.8482
16.0358
14.2566
11.7542
8.73463
5.37111
1.81157
-29.9352
-20.635
-11.9722
-4.42424
1.71435
6.32999
9.45546
11.2224
11.8161
11.4405
10.2949
8.5613
6.40003
3.95037
1.33483
-21.3819
-15.1128
-9.22921
-4.04113
0.246535
3.53872
5.83477
7.20288
7.7532
7.61513
6.92097
5.79597
4.3537
2.69544
0.912115
-12.8263
-9.20498
-5.79066
-2.75764
-0.225873
1.7435
3.14193
4.00103
4.37854
4.34572
3.97782
3.34783
2.52333
1.56557
0.530317
-4229.41
-3940.76
-3645.94
-3347.25
-3046.72
-2746.05
-2446.57
-2149.21
-1854.53
-1562.79
-1273.96
-987.789
-703.86
-421.617
-140.421
)
;

boundaryField
{
    hot
    {
        type            calculated;
        value           nonuniform List<scalar> 
120
(
1030.9
-0.360614
-0.608292
-0.866245
-1.13723
-1.42255
-1.72155
-2.03101
-2.3447
-2.65316
-2.94379
-3.20166
-3.41092
-3.55686
-3.62827
-3.6265
-3.56398
-3.45018
-3.29188
-3.09784
-2.87784
-2.64173
-2.39866
-2.15654
-1.92175
-1.69907
-1.49175
-1.30173
-1.12984
-0.976095
-0.839869
-0.720136
-0.615617
-0.524905
-0.446564
-0.379186
-0.32144
-0.272095
-0.230033
-0.194251
-0.163862
-0.138086
-0.116244
-0.0977462
-0.0820838
-0.0688193
-0.0575769
-0.0480345
-0.0399162
-0.0329854
-0.0270386
-0.0219003
-0.0174182
-0.0134586
-0.00990337
-0.00664584
-0.00358818
-0.000638399
0.00229235
0.00529236
0.00845201
0.0118664
0.0156382
0.0198805
0.0247203
0.030302
0.0367916
0.0443813
0.0532945
0.0637923
0.0761801
0.0908151
0.108115
0.128569
0.152746
0.181307
0.215019
0.254766
0.301557
0.356544
0.421021
0.496426
0.58434
0.686459
0.804561
0.940446
1.09584
1.27227
1.4709
1.69229
1.93614
2.201
2.48393
2.7802
3.08309
3.3838
3.67163
3.93442
4.15939
4.33418
4.44823
4.49402
4.46809
4.3716
4.21015
3.96581
3.64421
3.28408
2.90692
2.53094
2.16992
1.83304
1.52526
1.24813
1.00065
0.78
0.582228
0.402673
0.236298
-1047.53
)
;
    }
    cold
    {
        type            calculated;
        value           nonuniform List<scalar> 
120
(
15.0463
-0.151196
-0.250502
-0.347442
-0.440826
-0.529244
-0.611054
-0.684403
-0.747298
-0.797735
-0.833888
-0.854331
-0.85828
-0.845788
-0.817854
-0.780794
-0.738515
-0.690283
-0.637974
-0.583427
-0.528334
-0.474149
-0.422044
-0.372895
-0.327294
-0.285584
-0.247897
-0.214202
-0.184348
-0.158102
-0.135182
-0.115278
-0.0980771
-0.0832726
-0.0705737
-0.0597115
-0.0504413
-0.0425434
-0.0358228
-0.0301077
-0.0252479
-0.0211126
-0.0175882
-0.0145763
-0.0119916
-0.00976002
-0.00781695
-0.00610564
-0.00457573
-0.00318195
-0.00188279
-0.000639424
0.000585459
0.00182871
0.00312781
0.00452198
0.00605333
0.00776816
0.0097183
0.0119627
0.014569
0.017616
0.0211954
0.0254151
0.0304019
0.0363055
0.0433025
0.051602
0.0614512
0.0731424
0.0870211
0.103496
0.123047
0.146244
0.173753
0.206359
0.244981
0.290691
0.344736
0.408564
0.483838
0.572468
0.676618
0.798726
0.941496
1.10789
1.30107
1.52436
1.78107
2.07437
2.407
2.78094
3.197
3.65429
4.14961
4.67687
5.2265
5.78506
6.33511
6.85558
7.32271
7.71167
7.99875
8.164
8.19372
8.05583
7.72694
7.22737
6.59561
5.87735
5.11856
4.35991
3.63321
2.96002
2.35186
1.81157
1.33483
0.912115
0.530317
-140.421
)
;
    }
    interface_left
    {
        type            calculated;
        value           nonuniform List<scalar> 
90
(
-673.883
-228.342
-91.4852
-43.8398
-24.5401
-15.4094
-10.4644
-7.49163
-5.56308
-4.24099
-3.29693
-2.60161
-2.07701
-1.67356
-1.35849
-1.10935
-0.91032
-0.749975
-0.619895
-0.513756
-0.426734
-0.355097
-0.295924
-0.246906
-0.2062
-0.172324
-0.14408
-0.120489
-0.100753
-0.0842135
-0.0703277
-0.0586451
-0.0487909
-0.0404516
-0.0333641
-0.0273061
-0.0220888
-0.0175502
-0.0135501
-0.00996523
-0.00668552
-0.00361045
-0.000645933
0.00229864
0.00531324
0.00848998
0.011926
0.0157266
0.0200083
0.0249029
0.0305613
0.0371587
0.0449002
0.0540277
0.0648277
0.0776421
0.0928792
0.111029
0.132683
0.158554
0.189508
0.226598
0.271115
0.324645
0.38915
0.467075
0.561491
0.67629
0.816455
0.988448
1.20077
1.46476
1.79589
2.21564
2.75466
3.4579
4.39372
5.67037
7.46852
10.1098
14.2162
21.1185
34.0226
61.6703
130.812
331.504
989.686
984.208
308.271
56.6017
)
;
    }
    interface_right
    {
        type            calculated;
        value           nonuniform List<scalar> 
90
(
-45.9126
-17.2193
-7.83342
-4.26142
-2.65188
-1.80454
-1.30058
-0.973533
-0.748005
-0.585644
-0.465018
-0.373241
-0.302114
-0.246181
-0.20168
-0.165937
-0.137007
-0.11344
-0.0941398
-0.078264
-0.0651552
-0.0542954
-0.0452725
-0.0377554
-0.0314764
-0.0262173
-0.0217992
-0.0180745
-0.0149207
-0.0122355
-0.00993271
-0.00793914
-0.00619201
-0.00463667
-0.00322475
-0.00191261
-0.000659831
0.000572012
0.00182061
0.00312408
0.00452218
0.00605749
0.00777677
0.00973239
0.0119839
0.0146
0.0176605
0.0212587
0.0255048
0.0305288
0.0364847
0.0435557
0.0519596
0.0619561
0.0738553
0.0880275
0.104916
0.125053
0.149075
0.177751
0.212003
0.252949
0.30194
0.360618
0.430987
0.5155
0.617178
0.739761
0.887915
1.0675
1.28596
1.55283
1.88049
2.28524
2.78888
3.42115
4.22342
5.25479
6.60211
8.39754
10.8507
14.3117
19.4043
27.3345
40.6816
65.6516
119.139
252.755
639.978
1907.91
)
;
    }
    interface_top
    {
        type            calculated;
        value           nonuniform List<scalar> 
90
(
-195.581
57.5012
-222.517
-16.1475
-186.126
-35.9841
-157.482
-62.904
23.0772
-83.1119
21.7384
-80.326
28.2487
-79.7315
35.8247
-110.188
-2.03525
-93.1695
-5.87782
-77.9114
-6.3001
-66.7673
-16.3288
32.8351
-24.9717
40.4966
-22.65
53.0544
-23.5186
67.5246
-55.2845
40.2284
-51.5508
34.5652
-45.9487
31.1268
-42.6391
15.2806
74.7733
-0.405918
85.6008
-5.12791
102.351
-17.7764
119.203
-79.9093
67.6585
-84.6538
50.008
-86.6995
34.513
-93.5199
-3.99741
87.349
-44.283
86.8308
-67.1823
88.9216
-98.3562
85.5333
-183.959
-2.69477
-186.098
-37.2539
-186.373
-66.2152
-191.732
-112.929
-38.6168
-159.072
-61.936
-186.929
-85.0691
-218.68
-113.756
-278.861
-186.872
-300.138
-232.398
-337.194
-284.555
-420.315
-394.935
-362.591
-714.974
-751.354
-901.337
-1213.32
-1906.05
-3713.95
)
;
    }
    interface_bottom
    {
        type            calculated;
        value           nonuniform List<scalar> 
90
(
936.166
358.074
323.674
134.752
212
93.0574
168.733
93.9729
25.6601
102.819
20.3122
102.113
16.8056
105.409
17.9625
129.021
52.81
116.579
62.9666
103.173
68.4516
89.9519
72.453
60.6105
72.3312
66.4575
66.3021
71.289
57.555
75.059
41.2201
67.7627
34.0635
65.1805
27.8494
62.1948
19.7673
49.3802
82.7843
32.9244
85.9754
21.7765
89.413
7.78087
90.0076
-24.1501
59.9638
-20.0987
55.8963
-18.1256
52.8811
-22.1522
33.3097
92.1044
8.88886
95.6547
-4.68159
99.7918
-21.5664
99.9652
-63.4807
56.9841
-53.614
52.2626
-47.8211
48.9626
-50.7061
23.8117
102.114
-7.25969
107.522
-23.8906
115.105
-46.064
119.542
-110.62
58.5287
-107.22
45.7609
-111.914
30.9872
-136.222
-27.4636
87.5833
-144.023
-14.6056
146.494
-334.501
-203.135
-168.1
)
;
    }
    defaultFaces
    {
        type            empty;
    }
}


// ************************************************************************* //
