/*--------------------------------*- C++ -*----------------------------------*\
| =========                 |                                                 |
| \\      /  F ield         | OpenFOAM: The Open Source CFD Toolbox           |
|  \\    /   O peration     | Version:  5.x                                   |
|   \\  /    A nd           | Web:      www.OpenFOAM.org                      |
|    \\/     M anipulation  |                                                 |
\*---------------------------------------------------------------------------*/
FoamFile
{
    version     2.0;
    format      ascii;
    class       volScalarField;
    location    "6.8";
    object      gradTx;
}
// * * * * * * * * * * * * * * * * * * * * * * * * * * * * * * * * * * * * * //

dimensions      [0 -1 0 1 0 0 0];

internalField   nonuniform List<scalar> 
6300
(
101.783
102.385
103.577
105.331
107.607
110.345
113.464
116.863
120.413
123.966
127.351
130.385
132.884
134.674
135.613
101.178
101.793
103.011
104.807
107.143
109.96
113.182
116.707
120.408
124.131
127.699
130.918
133.588
135.523
136.564
99.9559
100.595
101.864
103.741
106.193
109.168
112.594
116.373
120.378
124.449
128.393
131.995
135.025
137.262
138.517
98.0915
98.7651
100.106
102.098
104.717
107.922
111.65
115.81
120.279
124.889
129.427
133.641
137.251
139.979
141.58
95.5507
96.2654
97.6926
99.8264
102.654
106.15
110.269
114.937
120.037
125.397
130.781
135.887
140.358
143.819
145.935
92.2927
93.0506
94.5703
96.858
99.9189
103.751
108.337
113.629
119.531
125.878
132.411
138.765
144.47
149.002
151.865
88.2742
89.0714
90.6773
93.1138
96.4099
100.597
105.696
111.707
118.577
126.169
134.218
142.287
149.753
155.85
159.808
83.4559
84.2809
85.9513
88.5073
92.0078
96.526
102.142
108.923
116.898
126.001
136.001
146.409
156.402
164.835
170.441
77.8101
78.6426
80.3371
82.9539
86.5852
91.3555
97.4181
104.943
114.088
124.934
137.374
150.943
164.606
176.642
184.859
71.3296
72.1398
73.7981
76.3836
80.0213
84.8901
91.2294
99.3411
109.574
122.268
137.615
155.377
174.435
192.265
204.915
64.0367
64.7865
66.3298
68.7587
72.224
76.9517
83.2657
91.6149
102.596
116.947
135.436
158.514
185.488
213.063
233.975
55.9917
56.6377
57.9738
60.0952
63.1621
67.4248
73.2644
81.2539
92.2469
107.485
128.664
157.75
195.937
240.517
278.76
47.2988
47.7966
48.8305
50.4841
52.9021
56.319
61.1109
67.8869
77.6501
92.0784
113.982
147.88
199.989
274.305
354.476
38.1063
38.4175
39.0655
40.1069
41.6414
43.836
46.9713
51.5307
58.3856
69.1942
87.3017
119.794
181.83
302.232
501.572
28.6008
28.6999
28.9055
29.2348
29.7186
30.4108
31.4058
32.877
35.1651
39.0085
46.2338
62.1636
105.299
251.216
850.681
135.675
134.965
133.552
131.457
128.722
125.402
121.564
117.278
112.615
107.642
102.419
96.9986
91.4285
85.748
79.9907
74.1858
68.3586
62.5316
56.7251
50.9575
45.2457
39.605
34.0494
28.591
23.2406
18.0069
12.8972
7.91682
3.06936
-1.64312
-6.22015
-10.6626
-14.9724
-19.1524
-23.206
-27.1366
-30.9477
-34.6426
-38.224
-41.6943
-45.0556
-48.31
-51.4596
-54.5072
-57.4559
-60.31
-63.0743
-65.7541
-68.355
-70.8825
-73.3414
-75.7354
-78.0667
-80.3363
-82.5434
-84.6857
-86.7603
-88.7634
-90.6912
-92.5402
-94.3071
-95.9892
-97.5839
-99.0882
-100.498
-101.809
-103.012
-104.099
-105.055
-105.866
-106.514
-106.98
-107.244
-107.286
-107.09
-106.639
-105.922
-104.93
-103.66
-102.113
-100.292
-98.208
-95.8751
-93.3123
-90.5437
-87.598
-84.5087
-81.3135
-78.0529
-74.7692
136.678
135.973
134.531
132.377
129.561
126.145
122.206
117.819
113.06
108
102.699
97.2127
91.5857
85.8566
80.0577
74.2164
68.357
62.501
56.668
50.8762
45.1424
39.4819
33.9088
28.4353
23.0722
17.8284
12.711
7.72547
2.87524
-1.83783
-6.41352
-10.853
-15.1587
-19.3338
-23.3822
-27.3077
-31.1142
-34.805
-38.3828
-41.8501
-45.2084
-48.4596
-51.6053
-54.6481
-57.5909
-60.438
-63.1945
-65.8662
-68.4592
-70.9798
-73.4333
-75.8239
-78.1541
-80.4248
-82.6349
-84.7817
-86.8616
-88.8701
-90.8031
-92.6566
-94.4275
-96.1134
-97.7123
-99.2221
-100.64
-101.961
-103.179
-104.284
-105.263
-106.1
-106.775
-107.269
-107.561
-107.629
-107.454
-107.021
-106.315
-105.33
-104.059
-102.504
-100.67
-98.5651
-96.2047
-93.6074
-90.7973
-87.8034
-84.6601
-81.4064
-78.0849
-74.7403
138.735
138.039
136.531
134.249
131.258
127.641
123.489
118.892
113.937
108.7
103.245
97.6268
91.888
86.0641
80.1838
74.2716
68.3491
62.4359
56.5505
50.7105
44.9327
39.2325
33.6241
28.1202
22.7317
17.4676
12.3351
7.33941
2.48388
-2.23
-6.80252
-11.2356
-15.5323
-19.697
-23.7344
-27.6493
-31.4462
-35.1288
-38.6999
-42.1614
-45.5144
-48.7596
-51.8981
-54.9313
-57.8623
-60.695
-63.4353
-66.0898
-68.6663
-71.1721
-73.6141
-75.9976
-78.3256
-80.5989
-82.8157
-84.9724
-87.0637
-89.084
-91.0276
-92.8902
-94.6686
-96.3611
-97.9672
-99.4867
-100.919
-102.261
-103.507
-104.649
-105.674
-106.563
-107.295
-107.849
-108.198
-108.319
-108.19
-107.792
-107.111
-106.137
-104.865
-103.296
-101.434
-99.289
-96.8739
-94.2077
-91.3139
-88.2225
-84.9691
-81.5956
-78.149
-74.6789
141.963
141.27
139.641
137.138
133.855
129.905
125.408
120.479
115.218
109.711
104.025
98.2121
92.3109
86.3507
80.3542
74.3403
68.3264
62.3295
56.3665
50.4545
44.6104
38.8502
33.1885
27.6387
22.2119
16.9173
11.7622
6.75164
1.8888
-2.82537
-7.39192
-11.8138
-16.0955
-20.2429
-24.2623
-28.16
-31.9419
-35.6122
-39.1738
-42.6279
-45.9743
-49.2122
-52.3409
-55.3607
-58.2736
-61.0838
-63.7979
-66.4245
-68.9735
-71.4548
-73.8778
-76.2495
-78.5742
-80.8526
-83.0816
-85.2555
-87.3666
-89.4064
-91.3672
-93.2433
-95.0316
-96.7316
-98.3451
-99.8754
-101.325
-102.696
-103.984
-105.182
-106.277
-107.249
-108.073
-108.72
-109.162
-109.368
-109.311
-108.97
-108.327
-107.372
-106.099
-104.508
-102.606
-100.4
-97.9034
-95.1339
-92.1141
-88.8734
-85.4497
-81.8891
-78.2455
-74.5777
146.553
145.843
144.009
141.149
137.408
132.953
127.947
122.539
116.851
110.977
104.985
98.9223
92.8169
86.6879
80.5478
74.4074
68.278
62.173
56.108
50.0999
44.1666
38.3252
32.5915
26.9797
21.5013
16.166
10.981
5.95139
1.07991
-3.63294
-8.18918
-12.5932
-16.8515
-20.9722
-24.9644
-28.8368
-32.5972
-36.2511
-39.8014
-43.2482
-46.5892
-49.8207
-52.9392
-55.9426
-58.8313
-61.6095
-64.2852
-66.8696
-69.3764
-71.82
-74.2136
-76.5676
-78.8881
-81.1755
-83.4251
-85.6275
-87.7704
-89.8407
-91.8271
-93.7213
-95.52
-97.2247
-98.8412
-100.378
-101.845
-103.248
-104.589
-105.863
-107.056
-108.146
-109.102
-109.887
-110.463
-110.792
-110.841
-110.58
-109.991
-109.062
-107.787
-106.169
-104.213
-101.927
-99.3247
-96.4193
-93.2307
-89.7867
-86.1261
-82.301
-78.3759
-74.424
152.806
152.033
149.849
146.424
141.988
136.791
131.064
125.001
118.749
112.41
106.047
99.6911
93.3551
87.0392
80.7404
74.4572
68.1932
61.9579
55.7663
49.6369
43.5897
37.6444
31.8188
26.1281
20.5847
15.1983
9.97623
4.92354
0.042899
-4.66567
-9.20518
-13.5818
-17.8049
-21.886
-25.8381
-29.674
-33.4047
-37.038
-40.577
-44.0198
-47.3605
-50.5908
-53.7021
-56.6882
-59.5467
-62.2815
-64.9024
-67.425
-69.8689
-72.2555
-74.6048
-76.9325
-79.2478
-81.5514
-83.8351
-86.0836
-88.2769
-90.3944
-92.4179
-94.3352
-96.1421
-97.8431
-99.4502
-100.981
-102.454
-103.886
-105.288
-106.658
-107.983
-109.235
-110.374
-111.353
-112.118
-112.62
-112.813
-112.662
-112.145
-111.248
-109.969
-108.314
-106.291
-103.91
-101.181
-98.1111
-94.7139
-91.0105
-87.0382
-82.8556
-78.5435
-74.1991
161.186
160.253
157.473
153.15
147.662
141.391
134.663
127.731
120.769
113.876
107.094
100.43
93.8623
87.3642
80.9088
74.4779
68.0657
61.6788
55.3341
49.0546
42.8654
36.7907
30.8513
25.0641
19.4418
13.9939
8.72762
3.64814
-1.24158
-5.94144
-10.4552
-14.7911
-18.962
-22.9847
-26.8782
-30.6616
-34.3517
-37.9599
-41.4899
-44.9371
-48.2895
-51.5309
-54.6442
-57.6159
-60.439
-63.116
-65.6596
-68.0921
-70.4426
-72.7434
-75.0254
-77.3137
-79.6229
-81.9542
-84.2942
-86.6174
-88.8911
-91.0817
-93.1598
-95.1064
-96.9152
-98.5949
-100.168
-101.664
-103.12
-104.568
-106.031
-107.517
-109.013
-110.484
-111.877
-113.124
-114.152
-114.89
-115.278
-115.272
-114.842
-113.981
-112.692
-110.988
-108.884
-106.395
-103.524
-100.273
-96.6368
-92.6203
-88.2518
-83.5954
-78.7568
-73.8735
172.423
171.129
167.317
161.549
154.463
146.644
138.552
130.505
122.688
115.177
107.973
101.026
94.2677
87.6259
81.0402
74.4703
67.9004
61.3379
54.8071
48.3414
41.9757
35.7416
29.6645
23.7624
18.0475
12.528
7.21021
2.09973
-2.7991
-7.48476
-11.9607
-16.2372
-20.3319
-24.2688
-28.076
-31.7828
-35.4157
-38.9932
-42.521
-45.9898
-49.3773
-52.654
-55.7889
-58.7562
-61.5404
-64.1412
-66.5754
-68.8757
-71.0863
-73.2567
-75.4355
-77.6631
-79.9647
-82.3431
-84.7759
-87.2207
-89.6235
-91.9291
-94.0898
-96.0741
-97.8723
-99.4994
-100.993
-102.405
-103.797
-105.226
-106.739
-108.359
-110.076
-111.845
-113.589
-115.208
-116.6
-117.662
-118.311
-118.488
-118.161
-117.329
-116.01
-114.235
-112.032
-109.425
-106.416
-102.988
-99.1057
-94.7359
-89.8786
-84.5963
-79.0334
-73.4005
187.702
185.624
179.976
171.841
162.315
152.286
142.373
132.943
124.162
116.037
108.478
101.349
94.5032
87.805
81.1472
74.4611
67.7231
60.9502
54.1855
47.4832
40.8957
34.4662
28.2252
22.191
16.3719
10.7717
5.3945
0.24688
-4.66315
-9.32951
-13.7527
-17.9444
-21.9283
-25.7387
-29.4173
-33.0094
-36.5584
-40.0968
-43.6358
-47.1581
-50.6235
-53.9799
-57.1737
-60.1586
-62.9044
-65.4047
-67.6823
-69.787
-71.7863
-73.7565
-75.7735
-77.9044
-80.1944
-82.6517
-85.2387
-87.8829
-90.4944
-92.9832
-95.272
-97.3081
-99.0742
-100.595
-101.932
-103.174
-104.418
-105.762
-107.291
-109.058
-111.063
-113.242
-115.476
-117.62
-119.52
-121.028
-122.024
-122.426
-122.204
-121.375
-119.985
-118.095
-115.763
-113.03
-109.909
-106.357
-102.275
-97.5521
-92.1161
-86.0001
-79.4095
-72.6995
209.059
205.255
196.214
184.132
170.887
157.758
145.493
134.445
124.689
116.079
108.362
101.263
94.5237
87.9241
81.2931
74.5251
67.5947
60.5492
53.4729
46.4589
39.5875
32.9186
26.488
20.3098
14.3811
8.69431
3.24854
-1.94768
-6.87753
-11.5237
-15.8775
-19.9499
-23.7735
-27.3973
-30.882
-34.297
-37.7149
-41.1984
-44.7736
-48.4069
-52.0251
-55.5384
-58.8578
-61.9039
-64.6203
-66.9872
-69.0367
-70.8481
-72.5266
-74.1871
-75.946
-77.9149
-80.1814
-82.7718
-85.6176
-88.5902
-91.5401
-94.3237
-96.8163
-98.9292
-100.628
-101.952
-103.008
-103.937
-104.893
-106.031
-107.499
-109.412
-111.799
-114.556
-117.492
-120.383
-123.001
-125.13
-126.589
-127.262
-127.121
-126.226
-124.68
-122.591
-120.066
-117.194
-114.022
-110.485
-106.366
-101.394
-95.3314
-88.0861
-79.9562
-71.6155
240.257
232.423
216.828
198.094
179.287
161.985
146.855
134.085
123.561
114.83
107.355
100.656
94.3412
88.0863
81.6347
74.8213
67.6308
60.1915
52.6697
45.2285
37.987
31.0275
24.3869
18.0691
12.042
6.27013
0.743581
-4.5253
-9.49976
-14.1383
-18.4067
-22.3129
-25.9053
-29.2551
-32.4462
-35.5792
-38.776
-42.1665
-45.8262
-49.6762
-53.5762
-57.3748
-60.9336
-64.1224
-66.8379
-69.0253
-70.732
-72.099
-73.2913
-74.4742
-75.8144
-77.4951
-79.7001
-82.5226
-85.8122
-89.3282
-92.8237
-96.0813
-98.9057
-101.145
-102.719
-103.694
-104.264
-104.659
-105.103
-105.822
-107.066
-109.083
-112
-115.608
-119.572
-123.538
-127.184
-130.193
-132.287
-133.266
-133.12
-132.015
-130.152
-127.714
-124.867
-121.791
-118.657
-115.45
-111.685
-106.803
-100.249
-91.4445
-80.8052
-69.813
288.948
270.762
241.955
212.157
185.52
163.081
144.818
130.487
119.851
111.772
105.226
99.4953
94.0701
88.53
82.4957
75.6592
68.0239
59.9517
51.7496
43.7099
35.98
28.6768
21.821
15.41
9.33544
3.49303
-2.13194
-7.52628
-12.605
-17.285
-21.4567
-25.1266
-28.3857
-31.3406
-34.0927
-36.7687
-39.5568
-42.7459
-46.6037
-50.8719
-55.2721
-59.555
-63.5407
-67.0209
-69.8142
-71.754
-72.9151
-73.6
-74.068
-74.5332
-75.1909
-76.3187
-78.3283
-81.5991
-85.6791
-90.0943
-94.4479
-98.4611
-101.836
-104.316
-105.673
-106.015
-105.773
-105.308
-104.914
-104.857
-105.516
-107.457
-111.205
-116.148
-121.645
-127.154
-132.282
-136.572
-139.59
-140.888
-140.498
-138.894
-136.452
-133.424
-129.995
-126.468
-123.395
-121.218
-118.612
-114.618
-108.405
-97.4442
-82.1615
-66.4718
372.59
324.394
268.502
221.661
185.7
158.16
137.114
121.564
112.455
106.502
101.923
97.8916
93.9622
89.6835
84.5101
77.6456
69.0446
59.8977
50.5948
41.7442
33.358
25.6817
18.6143
12.2667
6.29479
0.403219
-5.33902
-10.981
-16.2838
-21.1625
-25.2283
-28.5309
-31.3029
-33.717
-35.8475
-37.7956
-39.7586
-42.361
-46.7889
-51.8759
-57.1351
-62.1617
-66.8739
-70.9066
-74.0178
-75.6021
-75.7818
-75.4117
-74.8469
-74.313
-73.8888
-73.8709
-75.1384
-79.5086
-85.0614
-90.9474
-96.5605
-101.758
-106.054
-109.101
-110.086
-109.176
-107.602
-105.853
-104.239
-102.858
-102.12
-103.228
-108.685
-115.887
-123.698
-131.319
-138.582
-144.781
-149.367
-150.937
-149.623
-146.978
-143.593
-139.711
-135.263
-130.488
-126.843
-127.602
-127.536
-125.626
-123.397
-109.666
-84.1027
-59.3919
536.166
389.101
282.011
215.496
173.751
143.886
121.495
103.36
100.515
99.25
97.8296
96.1386
94.3554
92.1234
88.9578
82.1309
70.8502
60.0675
48.7879
39.1093
29.7133
21.8098
14.371
8.58254
3.13884
-2.9011
-8.6898
-14.9232
-20.5726
-26.2094
-30.0979
-32.698
-34.7341
-36.5006
-37.8638
-38.7999
-39.0384
-39.3463
-46.0234
-52.6308
-59.3313
-65.2197
-71.1837
-76.1176
-80.4184
-81.4709
-79.4386
-77.5019
-75.5795
-73.9336
-71.9999
-69.5707
-67.4791
-75.7137
-83.9622
-92.1919
-99.2693
-106.352
-112.066
-116.857
-117.223
-113.292
-109.683
-106.198
-103.229
-99.9315
-96.0641
-92.7327
-103.653
-114.749
-126.021
-135.998
-146.414
-155.311
-163.484
-165.14
-160.66
-156.124
-151.45
-146.809
-140.999
-132.88
-123.947
-135.172
-139.112
-137.093
-154.949
-138.924
-84.8152
-42.3823
908.286
396.234
237.087
173.657
144.693
118.844
99.7417
63.1391
86.2971
92.2195
94.1232
94.5164
95.3924
95.9057
98.6758
93.028
71.9372
60.9519
44.6746
36.0672
23.9189
17.2688
7.75122
4.40224
0.841937
-6.56654
-11.3994
-19.7052
-24.8783
-33.7727
-36.8214
-37.6758
-38.5524
-39.8637
-40.4935
-40.8075
-38.2168
-27.1587
-45.3567
-53.2502
-62.6952
-68.1668
-76.975
-82.2381
-91.4947
-91.7797
-82.9559
-79.5698
-75.9122
-73.9667
-70.823
-64.7827
-44.9488
-71.897
-82.8885
-95.0938
-101.968
-112.917
-119.405
-130.98
-130.546
-116.944
-111.583
-105.801
-102.688
-97.8239
-89.235
-61.714
-98.3655
-113.355
-130.206
-140.043
-156.431
-166.881
-186.985
-188.174
-171.777
-165.469
-159.256
-155.59
-150.057
-136.442
-92.0206
-153.233
-159.264
-119.94
-235.288
-223.021
-68.713
1.34314
-71.1828
-67.3573
-63.6866
-60.2237
-57.0099
-54.0746
-51.4366
-49.1052
-47.0829
-45.3673
-43.9527
-42.8323
-41.9993
-41.4476
-41.1729
-71.09
-67.2015
-63.4778
-59.9737
-56.7305
-53.7767
-51.1292
-48.7954
-46.7756
-45.0655
-43.6578
-42.5444
-41.7174
-41.17
-40.8976
-70.8972
-66.8797
-63.0486
-59.4618
-56.1608
-53.1716
-50.5073
-48.1708
-46.1581
-44.4606
-43.068
-41.9695
-41.1551
-40.6169
-40.3493
-70.5892
-66.3704
-62.3743
-58.6634
-55.2784
-52.2408
-49.5568
-47.2218
-45.2245
-43.5502
-42.1835
-41.1097
-40.3161
-39.7927
-39.5328
-70.1402
-65.6373
-61.4139
-57.5381
-54.0477
-50.9556
-48.2566
-45.9343
-43.9672
-42.3317
-41.0056
-39.9692
-39.2062
-38.7045
-38.4557
-69.5094
-64.6239
-60.105
-56.0265
-52.418
-49.2766
-46.5788
-44.2912
-42.3775
-40.8031
-39.5373
-38.5545
-37.8346
-37.3628
-37.1293
-68.6328
-63.2428
-58.355
-54.0441
-50.3206
-47.1532
-44.4901
-42.2735
-40.448
-38.9653
-37.7854
-36.8764
-36.2145
-35.7823
-35.5688
-67.4073
-61.3587
-56.0271
-51.4737
-47.6663
-44.5249
-41.9544
-39.864
-38.1751
-36.8243
-35.7619
-34.9509
-34.3639
-33.9824
-33.7944
-65.6592
-58.7565
-52.9203
-48.1564
-44.3453
-41.3249
-38.9381
-37.0523
-35.5637
-34.3941
-33.4867
-32.8006
-32.3075
-31.9884
-31.8316
-63.0787
-55.0871
-48.7402
-43.8857
-40.233
-37.4908
-35.4202
-33.8431
-32.6326
-31.7014
-30.9896
-30.4569
-30.0767
-29.8317
-29.7115
-59.0781
-49.7722
-43.0668
-38.4125
-35.2095
-32.9844
-31.4084
-30.2665
-29.422
-28.7887
-28.3128
-27.9604
-27.7103
-27.5496
-27.4709
-52.4734
-41.8563
-35.342
-31.4874
-29.2076
-27.8285
-26.9621
-26.3922
-25.9996
-25.7184
-25.5122
-25.3611
-25.254
-25.185
-25.1512
-40.7718
-29.8369
-24.9569
-22.987
-22.3048
-22.1594
-22.2188
-22.3403
-22.4654
-22.5725
-22.6562
-22.7174
-22.7593
-22.785
-22.7973
-18.626
-11.762
-11.6614
-13.1985
-14.8647
-16.2853
-17.4131
-18.2845
-18.9488
-19.4498
-19.8224
-20.0927
-20.2802
-20.3982
-20.4552
25.3129
13.0763
3.27196
-3.28074
-7.67
-10.7036
-12.8635
-14.4355
-15.5952
-16.4553
-17.0904
-17.5507
-17.8704
-18.0722
-18.1698
19.7953
19.6929
19.4774
19.1256
18.5972
17.8253
16.6994
15.0274
12.4524
8.23647
0.60722
-15.6055
-59.0729
-211.305
-881.553
11.8603
11.5822
11.0001
10.0572
8.65478
6.62899
3.70814
-0.57352
-7.05708
-17.3687
-34.9113
-67.378
-132.972
-272.044
-531.187
4.11761
3.68175
2.77232
1.30719
-0.855514
-3.94654
-8.33886
-14.6461
-23.9091
-37.9532
-60.0661
-96.1445
-155.844
-249.4
-360.775
-3.32327
-3.89063
-5.07031
-6.95918
-9.72183
-13.6191
-19.0567
-26.6669
-37.4414
-52.935
-75.5231
-108.508
-155.202
-214.379
-267.705
-10.3709
-11.0385
-12.4211
-14.6194
-17.8008
-22.2225
-28.2663
-36.4907
-47.6967
-62.9898
-83.7598
-111.351
-145.889
-183.419
-211.664
-16.9555
-17.6906
-19.2062
-21.5974
-25.0191
-29.6998
-35.9621
-44.2445
-55.1143
-69.2411
-87.2585
-109.371
-134.499
-158.905
-175.235
-23.0303
-23.8013
-25.3836
-27.8604
-31.3634
-36.079
-42.2554
-50.202
-60.2705
-72.7906
-87.9125
-105.296
-123.611
-139.998
-150.147
-28.5702
-29.3491
-30.9402
-33.4113
-36.8659
-41.4441
-47.3196
-54.686
-63.7247
-74.5333
-86.9954
-100.574
-114.06
-125.422
-132.104
-33.5697
-34.3333
-35.8862
-38.2795
-41.5883
-45.9087
-51.3484
-58.0089
-65.9498
-75.1279
-85.3029
-95.916
-105.982
-114.096
-118.702
-38.0392
-38.7698
-40.2491
-42.5123
-45.6087
-49.596
-54.5295
-60.4426
-67.3159
-75.0303
-83.3058
-91.6373
-99.2606
-105.205
-108.498
-42.0018
-42.6867
-44.0679
-46.1667
-49.0105
-52.6265
-57.0304
-62.2096
-68.0978
-74.5429
-81.2696
-87.8502
-93.704
-98.1567
-100.579
-45.4891
-46.1203
-47.3887
-49.3039
-51.8763
-55.11
-58.9931
-63.4841
-68.4929
-73.8598
-79.3349
-84.5676
-89.12
-92.5176
-94.3416
-48.5382
-49.1118
-50.2604
-51.9851
-54.2832
-57.1426
-60.5338
-64.399
-68.6393
-73.1015
-77.5682
-81.7571
-85.3378
-87.9711
-89.3708
-51.1892
-51.7042
-52.7323
-54.2682
-56.3003
-58.806
-61.7454
-65.0534
-68.6316
-72.3401
-75.9944
-79.3689
-82.2132
-84.281
-85.3717
-53.4828
-53.9405
-54.8517
-56.2069
-57.9887
-60.1684
-62.701
-65.5203
-68.5333
-71.6162
-74.6146
-77.3489
-79.6275
-81.2691
-82.1299
-55.4587
-55.862
-56.663
-57.8495
-59.4009
-61.2857
-63.4576
-65.8528
-68.3863
-70.9509
-73.4183
-75.6452
-77.4841
-78.7993
-79.4858
-57.1547
-57.5074
-58.2066
-59.2387
-60.5818
-62.2036
-64.0592
-66.0892
-68.2178
-70.353
-72.3889
-74.2108
-75.7041
-76.766
-77.3181
-58.6057
-58.9125
-59.5192
-60.4121
-61.5692
-62.9592
-64.5398
-66.2571
-68.0446
-69.824
-71.5081
-73.0045
-74.2237
-75.0865
-75.5338
-59.8439
-60.1092
-60.6331
-61.4021
-62.395
-63.5823
-64.9255
-66.3763
-67.8769
-69.3614
-70.7574
-71.9908
-72.9906
-73.6955
-74.06
-60.898
-61.1264
-61.5769
-62.2366
-63.0858
-64.0973
-65.2365
-66.4608
-67.7206
-68.96
-70.1196
-71.1391
-71.9623
-72.5407
-72.8393
-61.7935
-61.9895
-62.3755
-62.9396
-63.6639
-64.5237
-65.4884
-66.5208
-67.5783
-68.6141
-69.5789
-70.4239
-71.1037
-71.5803
-71.8259
-62.553
-62.7206
-63.0503
-63.5315
-64.1478
-64.8774
-65.6933
-66.5633
-67.4512
-68.3174
-69.1215
-69.8233
-70.3864
-70.7802
-70.9829
-63.1962
-63.3391
-63.6201
-64.0296
-64.553
-65.1712
-65.8606
-66.5934
-67.3389
-68.064
-68.7349
-69.319
-69.7864
-70.1128
-70.2806
-63.7401
-63.8618
-64.1008
-64.4486
-64.8925
-65.4156
-65.9976
-66.6148
-67.2409
-67.8482
-68.4087
-68.8955
-69.2844
-69.5556
-69.6948
-64.1996
-64.303
-64.5059
-64.8009
-65.1769
-65.6192
-66.1103
-66.6299
-67.1559
-67.6649
-68.1337
-68.5401
-68.8642
-69.0899
-69.2057
-64.5874
-64.6751
-64.8471
-65.0971
-65.4152
-65.7889
-66.2031
-66.6406
-67.0826
-67.5096
-67.902
-68.2417
-68.5122
-68.7004
-68.7969
-64.9142
-64.9886
-65.1343
-65.3459
-65.6149
-65.9305
-66.2799
-66.6482
-67.0198
-67.3781
-67.707
-67.9913
-68.2174
-68.3746
-68.4552
-65.1895
-65.2524
-65.3759
-65.5548
-65.7822
-66.0487
-66.3433
-66.6536
-66.9661
-67.2671
-67.543
-67.7812
-67.9705
-68.102
-68.1694
-65.4211
-65.4744
-65.5788
-65.7302
-65.9224
-66.1475
-66.396
-66.6574
-66.9204
-67.1735
-67.4052
-67.6051
-67.7638
-67.874
-67.9304
-65.6156
-65.6608
-65.7492
-65.8773
-66.0397
-66.2299
-66.4396
-66.6601
-66.8817
-67.0947
-67.2895
-67.4574
-67.5907
-67.6832
-67.7305
-65.7789
-65.8171
-65.892
-66.0004
-66.1379
-66.2987
-66.4759
-66.662
-66.8489
-67.0285
-67.1926
-67.3339
-67.446
-67.5237
-67.5635
-65.9156
-65.948
-66.0115
-66.1034
-66.2199
-66.356
-66.506
-66.6634
-66.8213
-66.9729
-67.1114
-67.2306
-67.3251
-67.3906
-67.4241
-66.0299
-66.0574
-66.1113
-66.1894
-66.2882
-66.4037
-66.5309
-66.6643
-66.7981
-66.9265
-67.0436
-67.1445
-67.2243
-67.2797
-67.308
-66.125
-66.1484
-66.1944
-66.2609
-66.345
-66.4434
-66.5516
-66.665
-66.7787
-66.8878
-66.9873
-67.0728
-67.1406
-67.1876
-67.2116
-66.2038
-66.2239
-66.2632
-66.32
-66.3921
-66.4761
-66.5686
-66.6655
-66.7626
-66.8557
-66.9406
-67.0135
-67.0713
-67.1114
-67.1319
-66.2687
-66.2859
-66.3198
-66.3687
-66.4307
-66.503
-66.5825
-66.6658
-66.7493
-66.8292
-66.9021
-66.9648
-67.0144
-67.0487
-67.0663
-66.3215
-66.3365
-66.3659
-66.4084
-66.4622
-66.5249
-66.5939
-66.6661
-66.7384
-66.8077
-66.8708
-66.9251
-66.968
-66.9978
-67.013
-66.364
-66.3772
-66.4029
-66.4402
-66.4874
-66.5424
-66.6029
-66.6662
-66.7296
-66.7903
-66.8457
-66.8932
-66.9308
-66.9569
-66.9702
-66.3973
-66.409
-66.432
-66.4652
-66.5072
-66.5562
-66.61
-66.6664
-66.7228
-66.7768
-66.826
-66.8682
-66.9017
-66.9248
-66.9366
-66.4224
-66.4331
-66.4539
-66.484
-66.5221
-66.5665
-66.6154
-66.6664
-66.7176
-66.7665
-66.8111
-66.8493
-66.8796
-66.9006
-66.9113
-66.4402
-66.4501
-66.4694
-66.4973
-66.5327
-66.5739
-66.6191
-66.6665
-66.7139
-66.7592
-66.8005
-66.836
-66.8641
-66.8835
-66.8935
-66.4511
-66.4605
-66.4789
-66.5055
-66.5392
-66.5784
-66.6215
-66.6665
-66.7116
-66.7548
-66.7941
-66.8278
-66.8545
-66.873
-66.8825
-66.4555
-66.4647
-66.4828
-66.5088
-66.5418
-66.5802
-66.6224
-66.6665
-66.7107
-66.753
-66.7915
-66.8245
-66.8507
-66.8688
-66.8781
-66.4535
-66.4628
-66.481
-66.5073
-66.5406
-66.5794
-66.622
-66.6665
-66.7111
-66.7538
-66.7927
-66.826
-66.8524
-66.8707
-66.8801
-66.4451
-66.4547
-66.4736
-66.501
-66.5356
-66.5759
-66.6202
-66.6665
-66.7129
-66.7573
-66.7977
-66.8324
-66.8598
-66.8788
-66.8885
-66.4299
-66.4402
-66.4604
-66.4896
-66.5266
-66.5697
-66.617
-66.6665
-66.716
-66.7635
-66.8066
-66.8437
-66.8731
-66.8934
-66.9038
-66.4076
-66.4189
-66.441
-66.4729
-66.5133
-66.5605
-66.6122
-66.6664
-66.7207
-66.7726
-66.8199
-66.8605
-66.8926
-66.9148
-66.9262
-66.3774
-66.39
-66.4147
-66.4503
-66.4954
-66.548
-66.6059
-66.6664
-66.7269
-66.7849
-66.8377
-66.8831
-66.919
-66.9438
-66.9565
-66.3384
-66.3527
-66.3807
-66.4211
-66.4723
-66.532
-66.5976
-66.6662
-66.735
-66.8008
-66.8608
-66.9123
-66.953
-66.9813
-66.9957
-66.2896
-66.306
-66.3381
-66.3845
-66.4433
-66.5118
-66.5872
-66.6661
-66.7451
-66.8207
-66.8897
-66.9489
-66.9958
-67.0283
-67.0449
-66.2294
-66.2484
-66.2856
-66.3394
-66.4075
-66.4869
-66.5743
-66.6658
-66.7575
-66.8453
-66.9253
-66.9941
-67.0486
-67.0863
-67.1056
-66.1559
-66.1781
-66.2215
-66.2843
-66.3638
-66.4566
-66.5586
-66.6655
-66.7726
-66.8752
-66.9688
-67.0493
-67.113
-67.1571
-67.1797
-66.0671
-66.0931
-66.144
-66.2176
-66.3109
-66.4197
-66.5395
-66.665
-66.7909
-66.9114
-67.0215
-67.116
-67.191
-67.2429
-67.2694
-65.9602
-65.9908
-66.0507
-66.1374
-66.2471
-66.3753
-66.5164
-66.6644
-66.8127
-66.955
-67.0848
-67.1965
-67.2849
-67.3462
-67.3776
-65.8321
-65.8682
-65.9388
-66.041
-66.1706
-66.3219
-66.4886
-66.6634
-66.8388
-67.0071
-67.1608
-67.293
-67.3978
-67.4704
-67.5076
-65.679
-65.7215
-65.805
-65.9258
-66.0789
-66.2579
-66.4551
-66.6621
-66.8699
-67.0694
-67.2516
-67.4085
-67.5329
-67.6192
-67.6633
-65.4962
-65.5466
-65.6452
-65.7881
-65.9693
-66.1812
-66.4148
-66.6602
-66.9068
-67.1436
-67.3601
-67.5466
-67.6945
-67.7972
-67.8497
-65.2786
-65.3381
-65.4548
-65.6238
-65.8383
-66.0893
-66.3664
-66.6576
-66.9504
-67.2318
-67.4894
-67.7114
-67.8877
-68.0099
-68.0726
-65.0195
-65.0899
-65.2279
-65.428
-65.682
-65.9795
-66.3081
-66.6538
-67.0018
-67.3367
-67.6434
-67.908
-68.1182
-68.2641
-68.3389
-64.7117
-64.7949
-64.958
-65.1947
-65.4954
-65.848
-66.2379
-66.6486
-67.0624
-67.4611
-67.8267
-68.1424
-68.3934
-68.5677
-68.6571
-64.346
-64.4443
-64.6371
-64.917
-65.2729
-65.6907
-66.1532
-66.6411
-67.1334
-67.6085
-68.0446
-68.4217
-68.7218
-68.9304
-69.0373
-63.9121
-64.0281
-64.2558
-64.5865
-65.0075
-65.5023
-66.0509
-66.6306
-67.2165
-67.7828
-68.3036
-68.7544
-69.1136
-69.3636
-69.4918
-63.3978
-63.5345
-63.8029
-64.1932
-64.6908
-65.2765
-65.927
-66.6158
-67.3133
-67.9887
-68.611
-69.1507
-69.5813
-69.8813
-70.0352
-62.7885
-62.9493
-63.2654
-63.7255
-64.3129
-65.0056
-65.7767
-66.5948
-67.4253
-68.2315
-68.9759
-69.6228
-70.1398
-70.5003
-70.6856
-62.0675
-62.2565
-62.628
-63.1695
-63.862
-64.6804
-65.5936
-66.5652
-67.5543
-68.5171
-69.4085
-70.1849
-70.8068
-71.2411
-71.4645
-61.2155
-61.4368
-61.8726
-62.5086
-63.3237
-64.2894
-65.3701
-66.5235
-67.7016
-68.8522
-69.9209
-70.8544
-71.6039
-72.1284
-72.3984
-60.2097
-60.4684
-60.9781
-61.7234
-62.6808
-63.8185
-65.0961
-66.4647
-67.8681
-69.2441
-70.5271
-71.6517
-72.5573
-73.1924
-73.5198
-59.0244
-59.3257
-59.92
-60.7909
-61.9129
-63.2506
-64.7588
-66.3816
-68.0535
-69.7005
-71.2432
-72.6011
-73.6983
-74.47
-74.8684
-57.63
-57.9795
-58.67
-59.6843
-60.9951
-62.5643
-64.3419
-66.2646
-68.2563
-70.2294
-72.0876
-73.7314
-75.0654
-76.0066
-76.4936
-55.9931
-56.3966
-57.1953
-58.3717
-59.8978
-61.7335
-63.8242
-66.0995
-68.472
-70.8379
-73.0807
-75.0768
-76.7051
-77.8586
-78.457
-54.076
-54.5394
-55.4585
-56.8164
-58.5857
-60.7256
-63.1784
-65.8671
-68.6921
-71.532
-74.2452
-76.6776
-78.6744
-80.0959
-80.8357
-51.8372
-52.366
-53.417
-54.9755
-57.0164
-59.5004
-62.369
-65.5398
-68.902
-72.314
-75.6045
-78.5807
-81.043
-82.8066
-83.7279
-49.2314
-49.8302
-51.0232
-52.7997
-55.1396
-58.0082
-61.3497
-65.0796
-69.0774
-73.1801
-77.1819
-80.8407
-83.8966
-86.102
-87.2598
-46.21
-46.8819
-48.2243
-50.2329
-52.8958
-56.1876
-60.0606
-64.4336
-69.1799
-74.1164
-78.9974
-83.5191
-87.3405
-90.1247
-91.5953
-42.7223
-43.4681
-44.9631
-47.2118
-50.2154
-53.9637
-58.4245
-63.5282
-69.1501
-75.0911
-81.0623
-86.6836
-91.5045
-95.0593
-96.9519
-38.717
-39.5344
-41.1787
-43.6669
-47.018
-51.2451
-56.3419
-62.263
-68.8989
-76.0446
-83.3701
-90.4036
-96.5476
-101.148
-103.623
-34.1443
-35.0267
-36.8087
-39.5229
-43.2125
-47.9229
-53.6869
-60.5015
-68.2936
-76.8731
-85.8803
-94.7411
-102.662
-108.712
-112.011
-28.9594
-29.8947
-31.7917
-34.7018
-38.6984
-43.8691
-50.3024
-58.0614
-67.1414
-77.4045
-88.4921
-99.7306
-110.077
-118.185
-122.691
-23.1253
-24.0952
-26.0715
-29.1267
-33.3692
-38.9389
-45.9975
-54.7039
-65.1675
-77.3632
-90.9989
-105.339
-119.044
-130.16
-136.498
-16.6182
-17.5975
-19.6025
-22.7276
-27.1186
-32.9751
-40.5484
-50.1263
-61.9908
-76.3219
-93.0158
-111.389
-129.809
-145.453
-154.706
-9.43163
-10.3882
-12.3562
-15.4498
-19.8507
-25.8195
-33.7075
-43.9611
-57.1011
-73.6395
-93.8659
-117.407
-142.5
-165.183
-179.34
-1.58148
-2.47704
-4.3288
-7.26481
-11.4946
-17.3316
-25.2241
-35.7915
-49.8515
-68.3961
-92.4139
-122.347
-156.863
-190.832
-213.803
6.88981
6.09736
4.45078
1.81796
-2.02296
-7.41674
-14.8836
-25.1969
-39.4877
-59.3518
-86.8539
-124.103
-171.606
-224.116
-264.217
15.9105
15.264
13.9144
11.7389
8.52637
3.9371
-2.56688
-11.8406
-25.2541
-45.0035
-74.5251
-118.738
-182.871
-266.017
-342.476
25.3793
24.918
23.9507
22.3792
20.0309
16.6199
11.6726
4.3898
-6.62102
-23.8693
-51.9942
-99.5381
-180.932
-312.558
-473.828
35.1673
34.9223
34.4057
33.5579
32.2727
30.3686
27.5331
23.2082
16.3428
4.81724
-15.9782
-56.8312
-144.108
-338.511
-717.168
45.1242
45.1142
45.0894
45.0393
44.9431
44.763
44.4267
43.7898
42.5415
39.9401
33.966
18.1142
-32.8884
-236.507
-1223.46
55.0868
55.3149
55.7897
56.5514
57.6707
59.2647
61.5277
64.7946
69.6781
77.4038
90.7685
117.469
184.314
409.477
1418.48
64.8896
65.3431
66.2892
67.8138
70.0674
73.3003
77.9298
84.6749
94.839
110.95
138.308
188.944
291.569
511.121
927.555
74.376
75.0277
76.3857
78.5686
81.7826
86.3644
92.861
102.179
115.868
136.683
169.682
224.312
317.621
476.032
725.851
82.5752
33.6151
13.9801
3.82744
-2.31743
-6.38788
-9.23189
-11.2849
-12.7955
-13.9165
-14.746
-15.3491
-15.7693
-16.0353
-16.1641
52.18
31.9217
17.1298
7.50618
1.10798
-3.31612
-6.47964
-8.79722
-10.5209
-11.8107
-12.7717
-13.4744
-13.9663
-14.2785
-14.4301
35.8524
26.432
16.6901
8.94499
3.16248
-1.11972
-4.31477
-6.7219
-8.54749
-9.93318
-10.9768
-11.7461
-12.2878
-12.6331
-12.8012
26.0665
21.1652
14.8637
9.02076
4.17507
0.321726
-2.69704
-5.05035
-6.87946
-8.29311
-9.37217
-10.1756
-10.7456
-11.1107
-11.2889
19.684
16.8706
12.7186
8.40394
4.49849
1.1836
-1.54142
-3.74278
-5.49989
-6.8853
-7.95886
-8.76729
-9.34544
-9.71791
-9.90034
15.2551
13.5053
10.6863
7.50287
4.41176
1.63582
-0.749418
-2.74369
-4.37838
-5.69398
-6.72959
-7.51876
-8.08806
-8.457
-8.63834
12.0412
10.8824
8.90705
6.53759
4.10611
1.81672
-0.22892
-1.99428
-3.47843
-4.69703
-5.67141
-6.42284
-6.96972
-7.3263
-7.50217
9.63191
8.82647
7.40137
5.61532
3.70175
1.82831
0.0969432
-1.44013
-2.76286
-3.86963
-4.76799
-5.46891
-5.98348
-6.321
-6.48806
7.78184
7.20074
6.14627
4.78154
3.26948
1.74123
0.287877
-1.03482
-2.19723
-3.18692
-4.00162
-4.64435
-5.12012
-5.43401
-5.58991
6.33524
5.90367
5.10657
4.05003
2.84841
1.60213
0.388075
-0.740816
-1.75153
-2.62569
-3.35465
-3.93567
-4.36913
-4.65668
-4.79995
5.18827
4.86037
4.24699
3.41923
2.45834
1.44062
0.429129
-0.528864
-1.40065
-2.16527
-2.81037
-3.32941
-3.71944
-3.97948
-4.10945
4.26896
4.01527
3.53623
2.88085
2.10769
1.27478
0.433024
-0.376774
-1.12417
-1.78783
-2.35361
-2.81272
-3.15997
-3.39258
-3.50915
3.52577
3.32663
2.9479
2.42424
1.79851
1.11507
0.414723
-0.268011
-0.905839
-1.47833
-1.97092
-2.37366
-2.68009
-2.88621
-2.98978
2.92084
2.76266
2.46019
2.03848
1.5294
0.967079
0.384187
-0.190431
-0.732868
-1.22431
-1.65059
-2.00146
-2.26984
-2.45104
-2.5423
2.42572
2.29887
2.05526
1.71337
1.29725
0.833366
0.3479
-0.135196
-0.595303
-1.01553
-1.38261
-1.68654
-1.92009
-2.07831
-2.15815
2.01868
1.91613
1.71855
1.43979
1.09825
0.714631
0.309965
-0.0959238
-0.485427
-0.84364
-1.15847
-1.42048
-1.62264
-1.76
-1.82943
1.68282
1.59939
1.43819
1.20981
0.928467
0.610502
0.272876
-0.0680296
-0.397276
-0.701873
-0.970991
-1.19596
-1.37016
-1.48883
-1.54891
1.40488
1.33662
1.20446
1.01658
0.784106
0.520021
0.238061
-0.0482314
-0.326238
-0.584737
-0.814162
-1.00669
-1.15623
-1.25834
-1.3101
1.17432
1.11823
1.00943
0.854314
0.661689
0.441946
0.206254
-0.0341869
-0.268744
-0.487785
-0.682945
-0.847267
-0.97524
-1.06279
-1.10723
0.982706
0.93643
0.846536
0.718088
0.558098
0.374942
0.177741
-0.0242279
-0.222022
-0.407411
-0.573137
-0.713074
-0.822308
-0.897163
-0.935198
0.823215
0.78491
0.710411
0.603759
0.470588
0.317689
0.152538
-0.017168
-0.183913
-0.340687
-0.481232
-0.600196
-0.693243
-0.757098
-0.789573
0.690317
0.658516
0.596607
0.50784
0.396772
0.268941
0.130496
-0.0121642
-0.152725
-0.285232
-0.404307
-0.50531
-0.584443
-0.638817
-0.666491
0.579496
0.553025
0.501449
0.427401
0.334593
0.22756
0.111381
-0.00861823
-0.127129
-0.2391
-0.339928
-0.425607
-0.49283
-0.539071
-0.562621
0.487052
0.464961
0.42189
0.359987
0.282289
0.19253
0.0949165
-0.00610568
-0.106073
-0.200704
-0.286067
-0.358714
-0.415784
-0.455077
-0.4751
0.409944
0.391461
0.355405
0.303537
0.238357
0.162952
0.0808184
-0.00432551
-0.088722
-0.168742
-0.241033
-0.302635
-0.35108
-0.38446
-0.401478
0.345668
0.330161
0.299897
0.256329
0.201524
0.138045
0.0688099
-0.00306431
-0.0744089
-0.142147
-0.203419
-0.255689
-0.296833
-0.325202
-0.339671
0.292155
0.279105
0.253626
0.216922
0.170712
0.117135
0.0586331
-0.00217084
-0.0625995
-0.12004
-0.172054
-0.216468
-0.251455
-0.275592
-0.287908
0.247703
0.236678
0.215147
0.184113
0.145014
0.0996431
0.0500544
-0.00153791
-0.0528644
-0.101701
-0.145965
-0.183791
-0.213609
-0.23419
-0.244694
0.210904
0.201546
0.183264
0.156903
0.12367
0.0850793
0.0428665
-0.00108958
-0.0448573
-0.0865376
-0.124344
-0.156675
-0.182175
-0.199783
-0.208772
0.1806
0.172608
0.156991
0.134462
0.106047
0.0730297
0.0368889
-0.000772042
-0.0382996
-0.074063
-0.106524
-0.134301
-0.156219
-0.171359
-0.17909
0.155846
0.148964
0.135515
0.116107
0.0916187
0.0631485
0.0319666
-0.00054718
-0.0329664
-0.0638808
-0.0919569
-0.115993
-0.134968
-0.148079
-0.154775
0.135868
0.12988
0.118175
0.10128
0.0799542
0.0551497
0.027969
-0.000388006
-0.0286779
-0.055669
-0.0801941
-0.101199
-0.117787
-0.129252
-0.135109
0.120047
0.114765
0.104438
0.0895296
0.0707045
0.0488005
0.0247879
-0.000275411
-0.0252911
-0.0491691
-0.0708747
-0.0894721
-0.104163
-0.114319
-0.119508
0.107892
0.103152
0.0938826
0.0804977
0.0635921
0.0439152
0.0223361
-0.000195879
-0.022694
-0.0441773
-0.0637131
-0.0804567
-0.0936867
-0.102835
-0.107509
0.0990284
0.0946826
0.086184
0.0739097
0.0584034
0.0403503
0.0205459
-0.000139864
-0.0208015
-0.0405375
-0.0584899
-0.0738805
-0.0860442
-0.0944563
-0.0987548
0.0931816
0.0890963
0.0811065
0.0695655
0.0549828
0.0380012
0.0193676
-0.00010064
-0.0195514
-0.0381359
-0.055045
-0.0695445
-0.0810059
-0.0889334
-0.0929847
0.0901707
0.0862205
0.0784943
0.0673328
0.0532275
0.036799
0.0187685
-7.34979e-05
-0.0189028
-0.0368973
-0.053273
-0.0673174
-0.0784208
-0.0861015
-0.0900269
0.0899021
0.0859659
0.0782669
0.0671436
0.0530851
0.0367088
0.0187329
-5.51805e-05
-0.0188337
-0.0367826
-0.0531192
-0.0671321
-0.0782117
-0.0858766
-0.0897941
0.0923659
0.0883236
0.0804165
0.068992
0.0545517
0.037729
0.0192611
-4.34888e-05
-0.0193405
-0.0377872
-0.0545786
-0.068983
-0.080373
-0.0882532
-0.0922809
0.097636
0.0933641
0.0850079
0.0729341
0.0576722
0.0398912
0.0203701
-3.70194e-05
-0.0204377
-0.0399408
-0.0576951
-0.0729264
-0.0849709
-0.0933042
-0.0975636
0.105871
0.10124
0.0921801
0.0790893
0.0625414
0.0432616
0.022094
-3.49963e-05
-0.022158
-0.0433084
-0.062563
-0.079082
-0.0921451
-0.101183
-0.105803
0.117322
0.11219
0.102151
0.0876444
0.0693071
0.0479423
0.0244854
-3.71769e-05
-0.0245534
-0.0479921
-0.0693301
-0.0876366
-0.102113
-0.11213
-0.11725
0.132336
0.126546
0.115222
0.0988589
0.0781746
0.0540754
0.0276167
-4.38238e-05
-0.0276968
-0.054134
-0.0782016
-0.0988497
-0.115178
-0.126476
-0.13225
0.151368
0.144746
0.131791
0.113073
0.0894125
0.0618465
0.0315822
-5.57357e-05
-0.031684
-0.061921
-0.089447
-0.113061
-0.131735
-0.144655
-0.151259
0.174998
0.16734
0.152361
0.130718
0.103362
0.0714906
0.0365014
-7.43436e-05
-0.0366372
-0.07159
-0.103408
-0.130703
-0.152287
-0.16722
-0.174852
0.203943
0.195017
0.177557
0.15233
0.120445
0.0832992
0.0425218
-0.000101883
-0.042708
-0.0834355
-0.120508
-0.152309
-0.177455
-0.194852
-0.203744
0.239085
0.228618
0.208145
0.178565
0.141179
0.0976289
0.049824
-0.00014166
-0.0500828
-0.0978185
-0.141267
-0.178535
-0.208003
-0.228389
-0.238808
0.281494
0.269166
0.245054
0.210218
0.166193
0.114912
0.0586262
-0.000198453
-0.0589888
-0.115178
-0.166316
-0.210177
-0.244855
-0.268845
-0.281106
0.33246
0.317894
0.289406
0.248252
0.196243
0.13567
0.0691908
-0.000279083
-0.0697007
-0.136043
-0.196416
-0.248193
-0.289127
-0.317443
-0.331914
0.393537
0.376288
0.342552
0.293819
0.23224
0.160527
0.0818317
-0.00039323
-0.0825501
-0.161053
-0.232483
-0.293737
-0.342159
-0.375652
-0.392768
0.466589
0.446127
0.406108
0.348305
0.275272
0.19023
0.096923
-0.000554604
-0.0979363
-0.190972
-0.275614
-0.348189
-0.405553
-0.445229
-0.465504
0.553846
0.529541
0.48201
0.413363
0.326639
0.225672
0.114909
-0.000782581
-0.116339
-0.226719
-0.327123
-0.413199
-0.481228
-0.528274
-0.552315
0.657975
0.629078
0.572571
0.490969
0.387895
0.267913
0.136318
-0.00110454
-0.138336
-0.269391
-0.388578
-0.490738
-0.571467
-0.627291
-0.655814
0.782164
0.747781
0.680554
0.583481
0.460888
0.318215
0.161771
-0.00155913
-0.164619
-0.320302
-0.461852
-0.583155
-0.678994
-0.745259
-0.779114
0.930221
0.889286
0.809253
0.69371
0.54782
0.378078
0.192004
-0.00220094
-0.196025
-0.381023
-0.54918
-0.69325
-0.807052
-0.885725
-0.925916
1.1067
1.05793
0.962604
0.825006
0.651311
0.449277
0.22788
-0.00310704
-0.233557
-0.453435
-0.653231
-0.824356
-0.959497
-1.0529
-1.10062
1.31702
1.2589
1.1453
0.981359
0.774473
0.533919
0.270415
-0.0043862
-0.278429
-0.539789
-0.777184
-0.980442
-1.14091
-1.2518
-1.30844
1.56769
1.49839
1.36294
1.16753
0.921007
0.634492
0.320792
-0.00619202
-0.332105
-0.642779
-0.924834
-1.16623
-1.35675
-1.48837
-1.55558
1.86648
1.78379
1.62221
1.38917
1.09531
0.753937
0.38039
-0.00874128
-0.396361
-0.765636
-1.10071
-1.38734
-1.61347
-1.76964
-1.84938
2.22267
2.12394
1.93109
1.65303
1.30258
0.895721
0.450806
-0.01234
-0.473352
-0.912236
-1.31021
-1.65045
-1.91875
-2.10398
-2.19853
2.6474
2.52945
2.2991
1.96715
1.54902
1.06392
0.533876
-0.0174202
-0.565705
-1.08724
-1.55979
-1.96351
-2.28168
-2.50126
-2.61331
3.154
3.01298
2.73766
2.3411
1.84194
1.26333
0.631699
-0.0245916
-0.676631
-1.29624
-1.85714
-2.33596
-2.71307
-2.97318
-3.10589
3.75851
3.58974
3.26037
2.78628
2.19001
1.49953
0.746641
-0.0347149
-0.81007
-1.546
-2.21147
-2.77903
-3.22566
-3.53356
-3.69058
4.48018
4.27798
3.88357
3.31626
2.60348
1.77907
0.881341
-0.0490046
-0.970881
-1.84466
-2.63378
-3.30603
-3.83456
-4.19867
-4.38428
5.34221
5.09965
4.62678
3.94723
3.09444
2.1095
1.03868
-0.0691751
-1.16508
-2.20211
-3.13723
-3.93279
-4.5576
-4.98769
-5.20682
6.37264
6.08122
5.51347
4.69845
3.67713
2.49956
1.22173
-0.0976451
-1.40015
-2.63029
-3.73756
-4.6781
-5.41582
-5.92315
-6.18148
7.60536
7.2546
6.5718
5.5929
4.36829
2.95921
1.43362
-0.137827
-1.68547
-3.14376
-4.45362
-5.5642
-6.43398
-7.03145
-7.33548
9.08159
8.6585
7.8357
6.6579
5.18751
3.49973
1.67733
-0.194534
-2.03283
-3.76027
-5.30803
-6.61746
-7.64116
-8.34344
-8.70052
10.8515
10.3399
9.34602
7.92603
6.15763
4.13371
1.95537
-0.274554
-2.45713
-4.50152
-6.32789
-7.86908
-9.07147
-9.89507
-10.3134
12.9766
12.356
11.1522
9.43603
7.30514
4.87486
2.26923
-0.387451
-2.97738
-5.39413
-7.5457
-9.3559
-10.7647
-11.728
-12.2168
15.5326
14.777
13.314
11.2339
8.66046
5.73773
2.6185
-0.546699
-3.61784
-6.47084
-9.0005
-11.1213
-12.7673
-13.8903
-14.4594
18.6131
17.6892
15.904
13.3744
10.2582
6.73699
2.99967
-0.77126
-4.40975
-7.77203
-10.7391
-13.2165
-15.1328
-16.4371
-17.0972
22.335
21.1994
19.0108
15.9221
12.1372
7.88624
3.40415
-1.08779
-5.39341
-9.3476
-12.8176
-15.7011
-17.923
-19.4312
-20.193
26.8451
25.4407
22.7423
18.9532
14.3395
9.19594
3.81543
-1.5337
-6.62105
-11.2593
-15.3032
-18.6451
-21.2088
-22.9433
-23.8178
32.3303
30.5802
27.231
22.5568
16.9096
10.6701
4.20487
-2.16137
-8.16051
-13.5836
-18.2762
-22.1293
-25.0701
-27.0524
-28.0495
39.0304
36.83
32.6395
26.8357
19.891
12.3008
4.52554
-3.04397
-10.0999
-16.4151
-21.8318
-26.2469
-29.5968
-31.8452
-32.9734
47.2582
44.4614
39.1681
31.9066
23.3204
14.0599
4.70325
-4.28319
-12.5536
-19.8703
-26.0829
-31.1038
-34.888
-37.4157
-38.6804
57.4278
53.8258
47.0631
37.8969
27.2179
15.8855
4.62383
-6.01965
-15.6693
-24.0922
-31.1611
-36.8191
-41.0513
-43.863
-45.2651
70.0981
65.3846
56.6266
44.9375
31.5688
17.6619
4.11503
-8.44624
-19.6368
-29.2542
-37.2187
-43.5242
-48.2007
-51.2887
-52.8229
86.0409
79.7514
68.2249
53.1439
36.2932
19.188
2.92172
-11.8246
-24.6967
-35.5636
-44.428
-51.3601
-56.4527
-59.7928
-61.4456
106.351
97.7542
82.291
62.5787
41.194
20.1312
0.672904
-16.5045
-31.149
-43.2632
-52.9787
-60.473
-65.921
-69.4679
-71.2153
132.629
120.525
99.3068
73.1744
45.8707
19.96
-3.15984
-22.9433
-39.3581
-52.6283
-63.0712
-71.0061
-76.7088
-80.3918
-82.1977
167.311
149.623
119.735
84.5828
49.5794
17.8506
-9.30939
-31.7212
-49.7507
-63.9564
-74.9049
-83.0887
-88.8983
-92.6184
-94.4333
214.275
187.192
143.816
95.8875
51.0135
12.5681
-18.756
-43.5419
-62.7982
-77.5459
-88.6578
-96.8193
-102.538
-106.167
-107.928
280.043
236.074
171.058
105.07
47.9828
2.33998
-32.7427
-59.2021
-78.9761
-93.6595
-104.459
-112.245
-117.628
-121.011
-122.645
376.344
299.57
198.972
108.07
37.0042
-15.2219
-52.7173
-79.5039
-98.6881
-112.47
-122.351
-129.34
-134.104
-137.07
-138.494
525.955
379.607
220.15
97.2948
12.9422
-43.0135
-80.128
-105.084
-122.151
-133.987
-142.25
-147.979
-151.826
-154.199
-155.331
777.19
468.744
215.909
59.7802
-30.8395
-83.8891
-115.981
-136.142
-149.244
-157.986
-163.909
-167.922
-170.572
-172.187
-172.952
1242.62
519.258
144.507
-23.2276
-100.711
-139.317
-160.119
-172.099
-179.364
-183.94
-186.891
-188.81
-190.035
-190.763
-191.103
2210.36
327.678
-70.658
-168.909
-197.58
-207.108
-210.382
-211.328
-211.35
-211.019
-210.59
-210.178
-209.842
-209.607
-209.488
84.3114
85.1396
86.8598
89.6096
93.6228
99.2701
107.128
118.091
133.555
155.678
187.667
233.666
296.542
367.603
389.406
94.3193
95.2764
97.2543
100.389
104.903
111.136
119.583
130.946
146.187
166.532
193.273
226.985
265.357
298.567
304.483
103.368
104.39
106.49
109.785
114.461
120.785
129.118
139.918
153.712
170.988
191.901
215.641
239.329
256.82
259.675
111.391
112.422
114.528
117.798
122.368
128.422
136.183
145.892
157.752
171.803
187.699
204.342
219.493
229.702
231.481
118.381
119.377
121.399
124.508
128.789
134.348
141.295
149.711
159.597
170.772
182.742
194.531
204.596
211.008
212.158
124.371
125.302
127.182
130.043
133.929
138.883
144.933
152.058
160.148
168.944
177.962
186.439
193.347
197.573
198.29
129.427
130.276
131.98
134.55
137.998
142.321
147.491
153.433
159.99
166.891
173.722
179.911
184.775
187.644
188.05
133.632
134.391
135.908
138.178
141.188
144.907
149.276
154.19
159.482
164.905
170.118
174.703
178.195
180.172
180.351
137.074
137.745
139.08
141.063
143.666
146.84
150.511
154.565
158.841
163.123
167.141
170.582
173.127
174.495
174.505
139.841
140.431
141.6
143.325
145.569
148.275
151.361
154.715
158.19
161.602
164.735
167.355
169.233
170.174
170.054
142.016
142.535
143.56
145.065
147.007
149.326
151.939
154.74
157.598
160.355
162.839
164.868
166.271
166.909
166.692
143.668
144.129
145.038
146.364
148.066
150.08
152.326
154.707
157.102
159.38
161.394
163.003
164.072
164.495
164.205
144.856
145.273
146.093
147.286
148.807
150.597
152.576
154.654
156.722
158.663
160.353
161.673
162.514
162.791
162.449
145.623
146.011
146.772
147.876
149.278
150.92
152.725
154.607
156.466
158.193
159.679
160.818
161.518
161.703
161.327
146
146.372
147.103
148.163
149.506
151.075
152.795
154.581
156.337
157.96
159.348
160.4
161.031
161.173
160.78
296.05
272.781
251.569
204.011
179.875
145.409
121.9
74.5595
101.637
108.903
111.101
112.164
114.265
116.969
125.511
123.044
106.659
98.7092
87.6256
81.3696
71.5473
62.7758
41.3014
59.7971
66.4652
72.5298
76.6491
84.5696
90.8744
105.219
107.178
99.6616
95.869
89.7349
85.9276
78.92
70.8939
48.131
73.6522
84.3333
96.8736
105.435
121.742
133.569
158.638
162.823
152.086
146.741
138.075
132.433
121.749
108.849
72.0206
112.085
127.748
144.446
154.122
170.643
181.237
202.675
201.242
175.385
162.27
142.57
131.038
112.308
96.1209
58.0339
86.3625
94.5659
98.6824
99.8144
101.09
101.39
103.556
98.1124
79.5305
70.2679
59.7641
54.0982
50.7544
40.9091
17.6788
65.5616
38.7123
-77.3775
-185.662
-401.536
-997.934
-2924.37
276.061
253.06
230.324
202.968
179.167
155.455
135.028
116.515
115.502
116.07
116.269
116.33
116.687
117.262
117.865
114.65
107.199
100.008
92.4694
85.7887
78.8311
72.3225
66.3469
69.5362
73.3779
77.4485
81.5317
86.4853
91.4958
96.9659
98.6561
96.741
94.0979
90.6426
87.1796
83.0129
78.6889
74.8636
82.0486
90.0453
98.8629
107.665
118.015
127.977
138.423
142.393
140.368
136.884
131.937
126.625
119.89
112.457
105.334
115.233
125.594
136.028
145.09
154.506
162.143
168.521
166.463
155.814
144.303
131.116
118.647
104.952
91.5905
78.4621
79.8885
81.4035
81.6857
80.5775
78.5474
75.3579
70.7433
62.3744
49.703
37.1224
23.8944
10.5192
-4.50035
-24.124
-49.3667
-74.3016
-133.957
-243.371
-402.055
-656.649
-1078.53
-1674.95
248.141
232.952
215.727
196.803
178.327
160.767
145.398
133.268
127.09
123.765
121.634
120.065
118.796
117.515
115.713
112.355
107.361
101.808
96.0758
90.605
85.4675
81.1003
78.1943
78.3345
79.9602
82.3481
85.1598
88.3178
91.4544
94.1551
95.3242
94.8677
93.495
91.5605
89.4438
87.3314
85.7651
85.7405
89.2755
94.5743
100.873
107.666
114.844
121.689
127.532
130.592
130.749
129.134
126.322
122.867
119.033
115.617
114.135
117.715
123.332
129.584
135.545
140.931
144.859
146.512
144.053
137.483
128.745
118.627
108.02
97.1159
86.7223
77.9303
73.2855
70.0148
66.69
62.6668
57.6731
51.3764
43.3356
32.831
19.744
4.90845
-11.7637
-30.6921
-53.1251
-81.0655
-116.854
-164.166
-234.972
-338.411
-480.331
-670.851
-907.794
-1133.52
225.572
215.771
203.573
189.99
176.165
162.921
151.102
141.447
134.567
129.74
126.186
123.368
120.92
118.515
115.8
112.415
108.329
103.862
99.305
94.94
90.9932
87.7726
85.6539
84.9926
85.4438
86.6364
88.2879
90.1801
92.0393
93.5485
94.3321
94.3124
93.7001
92.7396
91.7009
90.8625
90.6204
91.4906
93.9613
97.6624
102.171
107.11
112.154
116.839
120.649
122.971
123.68
123.107
121.63
119.651
117.576
115.987
115.648
117.263
120.152
123.557
126.826
129.453
130.85
130.421
127.561
122.272
115.173
106.838
97.8187
88.5429
79.5466
71.4251
64.7026
58.703
52.6989
46.1525
38.6742
29.9056
19.475
7.0059
-7.69771
-24.6608
-44.1728
-66.8561
-93.8184
-126.704
-167.747
-220.196
-288.994
-378.033
-488.619
-618.193
-753.184
-859.104
208.594
202.039
193.409
183.52
173.164
163.019
153.685
145.627
139.086
133.881
129.674
126.135
122.98
119.959
116.848
113.484
109.842
106.043
102.257
98.6711
95.4719
92.857
91.0133
90.0477
89.8583
90.2626
91.0682
92.0887
93.127
93.9855
94.4957
94.6093
94.4056
94.0302
93.6686
93.5338
93.8728
94.9349
96.8744
99.5858
102.849
106.404
109.976
113.25
115.907
117.67
118.456
118.381
117.662
116.571
115.418
114.557
114.344
114.974
116.23
117.723
119.03
119.746
119.467
117.828
114.564
109.667
103.38
96.0344
87.985
79.5659
71.11
62.9041
55.0778
47.3965
39.4877
30.9793
21.5327
10.8275
-1.45048
-15.6017
-31.8856
-50.5596
-72.0145
-96.8577
-125.981
-160.592
-202.214
-252.677
-313.864
-386.617
-469.556
-557.722
-640.426
-700.547
195.882
191.29
185.051
177.722
169.854
161.947
154.43
147.619
141.677
136.583
132.199
128.347
124.845
121.529
118.261
114.951
111.58
108.203
104.918
101.844
99.1077
96.8293
95.1071
93.9835
93.4169
93.3095
93.5379
93.9702
94.4727
94.9227
95.2292
95.3619
95.357
95.2997
95.3087
95.5217
96.0828
97.1148
98.6749
100.714
103.104
105.674
108.225
110.55
112.45
113.776
114.47
114.58
114.227
113.58
112.836
112.195
111.824
111.782
111.965
112.156
112.084
111.469
110.041
107.573
103.919
99.0608
93.1077
86.2432
78.6825
70.6407
62.3122
53.8357
45.2435
36.4167
27.1396
17.1568
6.2035
-5.98619
-19.6784
-35.138
-52.6314
-72.453
-94.9763
-120.694
-150.241
-184.38
-223.947
-269.712
-322.08
-380.528
-442.961
-505.108
-560.18
-599.723
186.278
182.909
178.261
172.696
166.595
160.312
154.156
148.355
143.045
138.26
133.957
130.051
126.441
123.029
119.733
116.502
113.325
110.229
107.273
104.531
102.082
99.9993
98.3373
97.1159
96.3129
95.8714
95.7129
95.7494
95.8927
96.0651
96.2116
96.3117
96.3824
96.4727
96.6536
97.0073
97.6137
98.5329
99.7847
101.335
103.101
104.967
106.8
108.46
109.82
110.788
111.324
111.444
111.213
110.729
110.103
109.444
108.827
108.264
107.689
106.965
105.918
104.36
102.112
99.0251
95.0053
90.0301
84.1469
77.4532
70.0716
62.1273
53.7264
44.9333
35.746
26.085
15.8073
4.73134
-7.34539
-20.6362
-35.3608
-51.745
-70.0239
-90.4552
-113.336
-139.015
-167.885
-200.35
-236.75
-277.232
-321.534
-368.697
-416.775
-462.672
-502.284
-531.244
178.953
176.369
172.785
168.439
163.592
158.494
153.365
148.381
143.654
139.24
135.141
131.327
127.75
124.359
121.109
117.975
114.951
112.053
109.319
106.793
104.526
102.562
100.931
99.6444
98.6871
98.0242
97.6055
97.3733
97.2695
97.2436
97.2597
97.3024
97.3784
97.5139
97.7486
98.1277
98.6928
99.4708
100.464
101.643
102.951
104.308
105.622
106.799
107.753
108.423
108.776
108.812
108.563
108.079
107.418
106.631
105.75
104.764
103.624
102.237
100.487
98.2447
95.3891
91.8189
87.4663
82.3057
76.3522
69.6524
62.2699
54.2702
45.7049
36.5974
26.9304
16.6407
5.62431
-6.2531
-19.1459
-33.2211
-48.6532
-65.6227
-84.316
-104.928
-127.666
-152.74
-180.351
-210.649
-243.671
-279.245
-316.862
-355.541
-393.722
-429.279
-459.718
-482.644
173.335
171.264
168.4
164.903
160.948
156.715
152.366
148.032
143.811
139.763
135.912
132.259
128.789
125.482
122.318
119.287
116.391
113.641
111.061
108.682
106.534
104.643
103.029
101.696
100.636
99.8239
99.2284
98.8109
98.5329
98.3602
98.2681
98.2438
98.2875
98.4112
98.6343
98.9791
99.4642
100.098
100.874
101.765
102.73
103.71
104.641
105.456
106.096
106.513
106.681
106.59
106.251
105.683
104.911
103.955
102.819
101.487
99.9132
98.0325
95.7617
93.011
89.6942
85.738
81.0897
75.7218
69.6311
62.8336
55.3563
47.2268
38.4636
29.0668
19.0111
8.24262
-3.31887
-15.7752
-29.2436
-43.8513
-59.7309
-77.0169
-95.8433
-116.34
-138.628
-162.809
-188.945
-217.023
-246.914
-278.311
-310.657
-343.094
-374.441
-403.25
-427.964
-447.185
169.027
167.298
164.926
162.02
158.703
155.102
151.34
147.518
143.718
139.999
136.395
132.924
129.591
126.395
123.333
120.405
117.617
114.981
112.514
110.236
108.167
106.325
104.72
103.355
102.224
101.311
100.593
100.046
99.643
99.3596
99.1777
99.0858
99.0803
99.1639
99.3436
99.6274
100.02
100.52
101.115
101.781
102.485
103.182
103.826
104.365
104.756
104.962
104.957
104.726
104.266
103.578
102.668
101.536
100.172
98.5541
96.6435
94.3883
91.7264
88.5914
84.9189
80.6524
75.7483
70.1777
63.9268
56.9931
49.381
41.0952
32.1342
22.4848
12.1179
0.986441
-10.9734
-23.8395
-37.7002
-52.6493
-68.7822
-86.1918
-104.964
-125.17
-146.863
-170.063
-194.738
-220.783
-247.988
-276.005
-304.315
-332.21
-358.81
-383.114
-404.111
-420.939
165.754
164.253
162.219
159.725
156.861
153.721
150.396
146.968
143.507
140.066
136.685
133.389
130.195
127.114
124.153
121.319
118.623
116.077
113.693
111.487
109.473
107.663
106.064
104.677
103.497
102.514
101.712
101.073
100.579
100.212
99.9562
99.8023
99.7435
99.7769
99.9019
100.118
100.421
100.804
101.251
101.742
102.247
102.732
103.158
103.487
103.683
103.714
103.556
103.191
102.606
101.794
100.745
99.4495
97.8901
96.0415
93.8688
91.3286
88.3713
84.9447
80.9977
76.4842
71.3656
65.6125
59.2047
52.1288
44.3754
35.9354
26.7957
16.9359
6.32544
-5.07679
-17.3224
-30.4713
-44.5887
-59.7415
-75.994
-93.4037
-112.016
-131.857
-152.927
-175.189
-198.555
-222.869
-247.89
-273.275
-298.564
-323.188
-346.48
-367.732
-386.258
-401.492
163.322
161.974
160.169
157.96
155.414
152.603
149.597
146.464
143.263
140.045
136.848
133.704
130.634
127.657
124.786
122.034
119.413
116.935
114.613
112.459
110.484
108.696
107.101
105.698
104.485
103.454
102.594
101.891
101.331
100.901
100.587
100.38
100.272
100.257
100.328
100.48
100.706
100.992
101.325
101.682
102.038
102.364
102.628
102.799
102.845
102.737
102.453
101.971
101.274
100.347
99.1757
97.7414
96.0233
93.9945
91.6222
88.8683
85.6909
82.0463
77.8914
73.1862
67.8955
61.9895
55.444
48.2393
40.358
31.7828
22.494
12.4675
1.67322
-9.92537
-22.3704
-35.7079
-49.9856
-65.249
-81.5381
-98.8825
-117.296
-136.772
-157.272
-178.723
-201.003
-223.933
-247.265
-270.677
-293.77
-316.077
-337.085
-356.269
-373.14
-387.303
161.6
160.35
158.696
156.678
154.347
151.761
148.978
146.054
143.043
139.99
136.934
133.908
130.938
128.044
125.246
122.558
119.994
117.567
115.29
113.172
111.223
109.451
107.858
106.445
105.21
104.147
103.248
102.501
101.895
101.42
101.063
100.815
100.667
100.61
100.637
100.737
100.901
101.114
101.361
101.621
101.871
102.084
102.233
102.289
102.225
102.014
101.633
101.058
100.272
99.2529
97.9831
96.441
94.6028
92.4408
89.9238
87.0168
83.6822
79.8816
75.5765
70.7306
65.3105
59.2864
52.6319
45.3235
37.3392
28.6573
19.2544
9.10476
-1.82081
-13.5549
-26.1327
-39.5902
-53.9621
-69.2785
-85.5613
-102.82
-121.046
-140.208
-160.245
-181.06
-202.513
-224.415
-246.522
-268.534
-290.102
-310.833
-330.312
-348.13
-363.916
-377.374
160.497
159.307
157.744
155.843
153.646
151.2
148.557
145.768
142.88
139.936
136.975
134.03
131.128
128.293
125.545
122.901
120.376
117.983
115.734
113.639
111.707
109.944
108.353
106.934
105.686
104.604
103.68
102.905
102.271
101.766
101.381
101.105
100.929
100.843
100.837
100.901
101.022
101.187
101.377
101.574
101.755
101.895
101.97
101.952
101.816
101.536
101.089
100.451
99.6015
98.5188
97.1813
95.5657
93.6471
91.3973
88.786
85.7797
82.3437
78.4421
74.0392
69.1008
63.5944
57.4902
50.7607
43.3803
35.3246
26.5695
17.0898
6.85928
-4.15051
-15.9693
-28.6277
-42.155
-56.5776
-71.9152
-88.1782
-105.362
-123.446
-142.381
-162.095
-182.475
-203.373
-224.597
-245.909
-267.028
-287.636
-307.386
-325.925
-342.911
-358.039
-371.068
159.958
158.796
157.277
155.431
153.297
150.92
148.345
145.621
142.794
139.904
136.991
134.086
131.219
128.414
125.692
123.07
120.564
118.188
115.954
113.871
111.947
110.188
108.598
107.177
105.922
104.83
103.895
103.107
102.459
101.94
101.54
101.25
101.059
100.958
100.936
100.981
101.081
101.221
101.383
101.549
101.695
101.8
101.838
101.784
101.612
101.298
100.817
100.148
99.266
98.1505
96.7785
95.1258
93.1668
90.8734
88.2154
85.1604
81.6746
77.7234
73.2723
68.2879
62.7384
56.5938
49.8261
42.409
34.3168
25.5246
16.0064
5.73579
-5.31508
-17.1746
-29.8709
-43.4301
-57.8743
-73.2185
-89.4668
-106.609
-124.616
-143.434
-162.981
-183.141
-203.762
-224.649
-245.571
-266.255
-286.398
-305.678
-323.77
-340.361
-355.178
-368.004
-2896.03
-1016.94
-536.569
-382.31
-318.757
-286.452
-267.448
-255.182
-246.801
-240.881
-236.641
-233.623
-231.548
-230.245
-229.617
-1666.42
-1085.07
-718.713
-524.398
-419.699
-359.703
-322.958
-299.135
-283.009
-271.773
-263.836
-258.254
-254.452
-252.082
-250.943
-1143.82
-938.174
-728.81
-576.863
-475.93
-409.697
-365.54
-335.387
-314.322
-299.363
-288.672
-281.1
-275.921
-272.685
-271.127
-875.205
-794.986
-681.48
-578.306
-497.453
-437.607
-394.114
-362.545
-339.526
-322.68
-310.385
-301.548
-295.443
-291.604
-289.749
-717.339
-685.071
-623.808
-557.419
-497.962
-449.159
-410.757
-381.147
-358.551
-341.442
-328.635
-319.259
-312.697
-308.533
-306.512
-615.757
-604.14
-571.251
-529.59
-487.807
-450.301
-418.602
-392.731
-372.084
-355.896
-343.449
-334.151
-327.547
-323.315
-321.249
-546.272
-544.47
-527.457
-501.875
-473.369
-445.631
-420.612
-399.084
-381.152
-366.603
-355.11
-346.343
-340.021
-335.926
-333.915
-496.758
-500.002
-492.223
-477.077
-458.156
-438.235
-419.124
-401.836
-386.833
-374.248
-364.038
-356.087
-350.262
-346.449
-344.564
-460.548
-466.55
-464.35
-456.046
-443.936
-430.022
-415.807
-402.296
-390.09
-379.512
-370.702
-363.698
-358.487
-355.038
-353.323
-433.712
-441.292
-442.573
-438.813
-431.513
-422.105
-411.782
-401.443
-391.714
-383.002
-375.554
-369.51
-364.944
-361.889
-360.36
-413.813
-422.326
-425.83
-425.115
-421.191
-415.095
-407.766
-399.974
-392.315
-385.222
-378.995
-373.839
-369.884
-367.21
-365.862
-399.288
-408.364
-413.3
-414.62
-413.033
-409.313
-404.205
-398.367
-392.345
-386.568
-381.361
-376.962
-373.537
-371.197
-370.012
-389.123
-398.535
-404.379
-407.026
-407.003
-404.912
-401.368
-396.939
-392.124
-387.338
-382.914
-379.104
-376.098
-374.026
-372.97
-382.665
-392.268
-398.649
-402.096
-403.032
-401.96
-399.409
-395.89
-391.868
-387.742
-383.845
-380.437
-377.719
-375.832
-374.867
-379.527
-389.216
-395.848
-399.671
-401.063
-400.48
-398.411
-395.338
-391.708
-387.912
-384.279
-381.076
-378.504
-376.711
-375.792
)
;

boundaryField
{
    hot
    {
        type            calculated;
        value           nonuniform List<scalar> 
120
(
101.632
101.024
99.7955
97.9227
95.3719
92.1035
88.0756
83.2509
77.6039
71.1294
63.8518
55.8329
47.1767
38.03
28.5765
19.8202
11.9283
4.22431
-3.18413
-10.2068
-16.7745
-22.84
-28.3775
-33.3804
-37.8577
-41.8313
-45.3316
-48.3949
-51.0604
-53.3681
-55.3575
-57.0661
-58.5287
-59.7772
-60.8405
-61.7441
-62.5108
-63.1601
-63.7094
-64.1735
-64.5652
-64.8955
-65.1736
-65.4076
-65.6042
-65.7692
-65.9074
-66.0229
-66.119
-66.1987
-66.2643
-66.3177
-66.3606
-66.3943
-66.4198
-66.4377
-66.4488
-66.4532
-66.4512
-66.4426
-66.4273
-66.4047
-66.3742
-66.3348
-66.2855
-66.2246
-66.1503
-66.0605
-65.9525
-65.823
-65.6682
-65.4835
-65.2635
-65.0018
-64.6907
-64.3212
-63.8829
-63.3633
-62.7479
-62.0199
-61.1597
-60.1446
-58.9486
-57.5422
-55.8917
-53.9597
-51.7046
-49.0815
-46.042
-42.5361
-38.5133
-33.9249
-28.7272
-22.8851
-16.3762
-9.19586
-1.36127
7.08421
16.0688
25.4919
35.2269
45.1264
55.0309
64.7786
74.2163
84.1081
94.0839
103.115
111.136
118.133
124.139
129.216
133.442
136.906
139.693
141.885
143.552
144.751
145.526
145.905
)
;
    }
    cold
    {
        type            calculated;
        value           nonuniform List<scalar> 
120
(
-41.1044
-40.8297
-40.2826
-39.468
-38.3938
-37.0712
-35.5158
-33.7478
-31.7928
-29.6818
-27.4514
-25.1428
-22.8002
-20.4692
-18.1938
-16.1959
-14.4675
-12.8427
-11.333
-9.94549
-8.68328
-7.54584
-6.52962
-5.62875
-4.83571
-4.14193
-3.53833
-3.01573
-2.56519
-2.1782
-1.84689
-1.56403
-1.32313
-1.11842
-0.944782
-0.79776
-0.673471
-0.568563
-0.480153
-0.405774
-0.343324
-0.291017
-0.247347
-0.211042
-0.181043
-0.156467
-0.136588
-0.120819
-0.10869
-0.0998411
-0.0940085
-0.091019
-0.0907842
-0.0932988
-0.0986401
-0.106971
-0.118544
-0.13371
-0.152928
-0.176782
-0.205991
-0.241442
-0.284204
-0.335571
-0.397094
-0.470628
-0.55839
-0.663022
-0.787669
-0.936071
-1.11267
-1.32275
-1.57256
-1.86952
-2.22241
-2.64161
-3.1394
-3.73022
-4.43113
-5.26212
-6.24665
-7.41215
-8.79054
-10.4189
-12.3399
-14.6027
-17.2631
-20.3845
-24.0373
-28.2995
-33.2559
-38.9965
-45.6151
-53.2052
-61.8566
-71.6489
-82.6447
-94.8814
-108.362
-123.046
-138.843
-155.607
-173.138
-191.185
-209.457
-229.462
-250.664
-270.745
-289.293
-306.014
-320.738
-333.416
-344.095
-352.895
-359.977
-365.524
-369.714
-372.704
-374.623
-375.559
)
;
    }
    interface_left
    {
        type            calculated;
        value           nonuniform List<scalar> 
90
(
-1431.81
-695.544
-415.819
-288.987
-221.268
-180.227
-153.051
-133.942
-119.938
-109.367
-101.212
-94.8148
-89.732
-85.652
-82.3504
-79.6612
-77.4589
-75.6477
-74.1527
-72.9152
-71.8882
-71.0343
-70.3232
-69.7301
-69.235
-68.8214
-68.4756
-68.1865
-67.9447
-67.7425
-67.5736
-67.4326
-67.3152
-67.2177
-67.137
-67.0708
-67.0168
-66.9736
-66.9396
-66.914
-66.896
-66.8849
-66.8804
-66.8824
-66.891
-66.9064
-66.9291
-66.9598
-66.9993
-67.0491
-67.1105
-67.1854
-67.2761
-67.3855
-67.5169
-67.6745
-67.863
-68.0884
-68.3578
-68.6797
-69.0644
-69.5242
-70.0742
-70.7325
-71.5211
-72.4669
-73.6029
-74.9697
-76.6175
-78.6094
-81.0244
-83.9634
-87.5565
-91.9735
-97.4407
-104.265
-112.875
-123.883
-138.204
-157.261
-183.414
-220.881
-278.006
-373.435
-554.857
-961.355
-2046.14
2251.05
1193.82
876.306
)
;
    }
    interface_right
    {
        type            calculated;
        value           nonuniform List<scalar> 
90
(
118.32
63.4637
39.9507
27.8213
20.5661
15.761
12.3607
9.84793
7.93508
6.44781
5.27316
4.33429
3.57686
2.9613
2.4581
2.0448
1.70404
1.42222
1.18856
0.994445
0.832927
0.698376
0.586201
0.492646
0.414623
0.349592
0.295457
0.250492
0.213271
0.182622
0.157586
0.137382
0.121382
0.109091
0.100127
0.0942143
0.0911693
0.0908971
0.0933877
0.0987158
0.107042
0.11862
0.133799
0.153042
0.176933
0.2062
0.241731
0.28461
0.336142
0.397898
0.471762
0.55999
0.66528
0.790857
0.940571
1.11903
1.33172
1.58522
1.88739
2.24764
2.67724
3.18969
3.80122
4.53136
5.40363
6.44645
7.69425
9.18885
10.9813
13.1342
15.7246
18.8481
22.6242
27.2034
32.7777
39.5945
47.9776
58.3582
71.3226
87.6878
108.627
135.886
172.195
222.067
293.583
402.705
585.05
931.542
1706.78
3771.35
)
;
    }
    interface_top
    {
        type            calculated;
        value           nonuniform List<scalar> 
90
(
296.05
272.781
251.569
204.011
179.875
145.409
121.9
74.5595
101.637
108.903
111.101
112.164
114.265
116.969
125.511
123.044
106.659
98.7092
87.6256
81.3696
71.5473
62.7758
41.3014
59.7971
66.4652
72.5298
76.6491
84.5696
90.8744
105.219
107.178
99.6616
95.869
89.7349
85.9276
78.92
70.8939
48.131
73.6522
84.3333
96.8736
105.435
121.742
133.569
158.638
162.823
152.086
146.741
138.075
132.433
121.749
108.849
72.0206
112.085
127.748
144.446
154.122
170.643
181.237
202.675
201.242
175.385
162.27
142.57
131.038
112.308
96.1209
58.0339
86.3625
94.5659
98.6824
99.8144
101.09
101.39
103.556
98.1124
79.5305
70.2679
59.7641
54.0982
50.7544
40.9091
17.6788
65.5616
38.7123
-77.3775
-185.662
-401.536
-997.934
-2924.37
)
;
    }
    interface_bottom
    {
        type            calculated;
        value           nonuniform List<scalar> 
90
(
908.286
396.234
237.087
173.657
144.693
118.844
99.7417
63.1391
86.2971
92.2195
94.1232
94.5164
95.3924
95.9057
98.6758
93.028
71.9372
60.9519
44.6746
36.0672
23.9189
17.2688
7.75122
4.40224
0.841937
-6.56654
-11.3994
-19.7052
-24.8783
-33.7727
-36.8214
-37.6758
-38.5524
-39.8637
-40.4935
-40.8075
-38.2168
-27.1587
-45.3567
-53.2502
-62.6952
-68.1668
-76.975
-82.2381
-91.4947
-91.7797
-82.9559
-79.5698
-75.9122
-73.9667
-70.823
-64.7827
-44.9488
-71.897
-82.8885
-95.0938
-101.968
-112.917
-119.405
-130.98
-130.546
-116.944
-111.583
-105.801
-102.688
-97.8239
-89.235
-61.714
-98.3655
-113.355
-130.206
-140.043
-156.431
-166.881
-186.985
-188.174
-171.777
-165.469
-159.256
-155.59
-150.057
-136.442
-92.0206
-153.233
-159.264
-119.94
-235.288
-223.021
-68.713
1.34314
)
;
    }
    defaultFaces
    {
        type            empty;
    }
}


// ************************************************************************* //
