/*--------------------------------*- C++ -*----------------------------------*\
| =========                 |                                                 |
| \\      /  F ield         | OpenFOAM: The Open Source CFD Toolbox           |
|  \\    /   O peration     | Version:  5.x                                   |
|   \\  /    A nd           | Web:      www.OpenFOAM.org                      |
|    \\/     M anipulation  |                                                 |
\*---------------------------------------------------------------------------*/
FoamFile
{
    version     2.0;
    format      ascii;
    class       volScalarField;
    location    "17.4";
    object      gradTy;
}
// * * * * * * * * * * * * * * * * * * * * * * * * * * * * * * * * * * * * * //

dimensions      [0 -1 0 1 0 0 0];

internalField   nonuniform List<scalar> 
6300
(
995.571
986.834
978.457
970.677
963.721
957.806
953.132
949.873
948.177
948.152
949.858
953.305
958.445
965.171
973.32
-0.180955
-0.540758
-0.894011
-1.23557
-1.55917
-1.85715
-2.12026
-2.33785
-2.49834
-2.5902
-2.60338
-2.53121
-2.37225
-2.13183
-1.82248
-0.303939
-0.908569
-1.50305
-2.07927
-2.62714
-3.13401
-3.58435
-3.95984
-4.24009
-4.40427
-4.43362
-4.31488
-4.04404
-3.62945
-3.09313
-0.430161
-1.28652
-2.13036
-2.95133
-3.7361
-4.46741
-5.12331
-5.67707
-6.09792
-6.35318
-6.41195
-6.25067
-5.85957
-5.24881
-4.45159
-0.56035
-1.67697
-2.78052
-3.85955
-4.89851
-5.87618
-6.76436
-7.52715
-8.12131
-8.49852
-8.61031
-8.41622
-7.8947
-7.05458
-5.94249
-0.694625
-2.08049
-3.4552
-4.80783
-6.12219
-7.37441
-8.5308
-9.54586
-10.3616
-10.9093
-11.1145
-10.9092
-10.2484
-9.13232
-7.62308
-0.832272
-2.49517
-4.15192
-5.79438
-7.40795
-8.96846
-10.4385
-11.7638
-12.8701
-13.6623
-14.0293
-13.8575
-13.0574
-11.6031
-9.57159
-0.971565
-2.91596
-4.86292
-6.80977
-8.74675
-10.6529
-12.4909
-14.2007
-15.6924
-16.8404
-17.4828
-17.4339
-16.5206
-14.651
-11.9041
-1.10959
-3.3342
-5.57399
-7.835
-10.1163
-12.4055
-14.6715
-16.8557
-18.8584
-20.5241
-21.6276
-21.8746
-20.9401
-18.5762
-14.8085
-1.24216
-3.73724
-6.2638
-8.83989
-11.4781
-14.181
-16.9338
-19.692
-22.3614
-24.7699
-26.6285
-27.4969
-26.7886
-23.9052
-18.6252
-1.36396
-4.10878
-6.90407
-9.78263
-12.775
-15.9066
-19.1908
-22.6168
-26.1254
-29.5653
-32.6195
-34.6958
-34.8122
-31.6307
-24.0666
-1.46887
-4.42982
-7.46103
-10.6115
-13.9328
-17.4794
-21.3058
-25.459
-29.9578
-34.7462
-39.5883
-43.8545
-46.1335
-43.7388
-32.9294
-1.55057
-4.68057
-7.89874
-11.2693
-14.8652
-18.7723
-23.0941
-27.9553
-33.5006
-39.873
-47.1327
-55.0003
-62.1283
-64.2614
-50.8179
-1.60341
-4.84313
-8.18398
-11.7018
-15.4864
-19.6505
-24.3426
-29.7674
-36.216
-44.1124
-54.0691
-66.8854
-83.1175
-100.361
-99.1244
-1.62332
-4.90452
-8.29223
-11.8674
-15.7279
-20.0004
-24.8585
-30.5555
-37.4833
-46.2913
-58.1454
-75.3543
-103.096
-154.938
-273.629
981.904
990.397
999.429
1008.85
1018.5
1028.25
1037.96
1047.51
1056.81
1065.75
1074.27
1082.3
1089.8
1096.72
1103.03
1108.71
1113.73
1118.09
1121.78
1124.78
1127.1
1128.73
1129.68
1129.95
1129.55
1128.49
1126.76
1124.38
1121.36
1117.71
1113.44
1108.55
1103.07
1096.99
1090.33
1083.1
1075.31
1066.96
1058.06
1048.63
1038.67
1028.19
1017.2
1005.72
993.75
981.304
968.392
955.024
941.21
926.959
912.278
897.175
881.659
865.737
849.416
832.706
815.617
798.159
780.345
762.187
743.701
724.901
705.804
686.425
666.783
646.894
626.778
606.456
585.95
565.287
544.496
523.61
502.667
481.707
460.776
439.924
419.202
398.663
378.364
358.359
338.703
319.448
300.645
282.339
264.574
247.384
230.8
214.844
199.531
184.869
-1.49292
-1.1728
-0.845529
-0.523522
-0.217224
0.0655265
0.319673
0.542754
0.734471
0.896148
1.03017
1.13952
1.22735
1.29674
1.35053
1.39119
1.42087
1.44133
1.45405
1.46024
1.46091
1.45687
1.44884
1.43741
1.42312
1.40645
1.38786
1.36782
1.34677
1.32514
1.30334
1.28169
1.26047
1.23983
1.21978
1.20023
1.18097
1.16172
1.14218
1.12209
1.10128
1.0797
1.05748
1.03488
1.01227
0.990087
0.968742
0.948542
0.929633
0.91195
0.895202
0.8789
0.862411
0.845038
0.82612
0.805121
0.781698
0.755734
0.72733
0.696752
0.664341
0.630404
0.595097
0.558331
0.519705
0.478489
0.433662
0.384005
0.32823
0.265138
0.193779
0.113589
0.0244827
-0.0731022
-0.178221
-0.289485
-0.405165
-0.523305
-0.641831
-0.75864
-0.87165
-0.978814
-1.07812
-1.16755
-1.24514
-1.30898
-1.35733
-1.38881
-1.40254
-1.39829
-2.52104
-1.96619
-1.40092
-0.847586
-0.32457
0.154774
0.582313
0.954622
1.27207
1.53774
1.7564
1.9336
2.07507
2.18621
2.27187
2.33624
2.38285
2.41459
2.43385
2.44257
2.44235
2.43451
2.42016
2.40025
2.37564
2.34711
2.31541
2.2813
2.24553
2.20885
2.17195
2.13547
2.09987
2.06541
2.03215
1.9999
1.96824
1.93664
1.9045
1.87129
1.83666
1.80052
1.76306
1.72479
1.68642
1.64881
1.61274
1.57884
1.54744
1.51843
1.49129
1.46513
1.43876
1.41085
1.38018
1.34573
1.30688
1.26345
1.21569
1.16419
1.10969
1.05288
0.994183
0.933551
0.870339
0.803271
0.730504
0.649792
0.55874
0.455098
0.337065
0.203547
0.0543385
-0.109809
-0.287219
-0.475418
-0.67134
-0.871548
-1.07245
-1.27046
-1.46208
-1.64392
-1.81262
-1.96484
-2.0972
-2.20634
-2.28914
-2.34301
-2.36624
-2.35833
-3.59931
-2.77467
-1.93924
-1.12811
-0.36916
0.318486
0.924337
1.44534
1.88407
2.24687
2.54213
2.77896
2.96627
3.11216
3.22367
3.30668
3.36603
3.40562
3.42862
3.43756
3.43455
3.4213
3.39926
3.36966
3.3336
3.29212
3.24623
3.19695
3.14539
3.09263
3.03977
2.98777
2.93738
2.88906
2.84288
2.7985
2.75524
2.71214
2.66815
2.62234
2.57403
2.52302
2.46961
2.41463
2.35931
2.3051
2.25342
2.20538
2.1616
2.12201
2.08581
2.0515
2.01713
1.98049
1.93951
1.89251
1.83849
1.77723
1.70929
1.63579
1.55821
1.47793
1.39592
1.31235
1.2264
1.13614
1.03867
0.930357
0.807272
0.665678
0.502549
0.316008
0.105619
-0.127503
-0.380758
-0.650304
-0.931409
-1.21885
-1.50729
-1.79154
-2.06666
-2.32797
-2.57089
-2.79077
-2.98272
-3.14166
-3.26265
-3.34135
-3.37478
-3.36194
-4.74922
-3.59858
-2.44244
-1.33336
-0.310913
0.60014
1.38871
2.05468
2.60557
3.05341
3.41215
3.6958
3.91728
4.0878
4.21666
4.31136
4.37783
4.42074
4.44379
4.44996
4.44168
4.42094
4.38943
4.34855
4.29957
4.24369
4.1821
4.11611
4.04715
3.97677
3.90655
3.83794
3.77213
3.70984
3.6512
3.59569
3.54219
3.4891
3.43464
3.37717
3.31549
3.24916
3.17861
3.10516
3.0308
2.95795
2.88902
2.82597
2.76992
2.72091
2.67775
2.63814
2.59893
2.55656
2.50767
2.44956
2.38068
2.30081
2.21102
2.11344
2.01075
1.90563
1.80004
1.69473
1.58878
1.47951
1.36256
1.23231
1.08257
0.907378
0.701854
0.462917
0.189736
-0.116104
-0.450741
-0.808451
-1.18226
-1.56463
-1.9481
-2.32567
-2.69103
-3.03841
-3.36228
-3.65684
-3.91568
-4.13159
-4.29697
-4.4048
-4.44991
-4.43025
-5.99393
-4.43041
-2.87784
-1.41386
-0.0922167
1.05822
2.0297
2.82981
3.47554
3.98833
4.39036
4.70223
4.94174
5.12348
5.2589
5.35675
5.42362
5.46452
5.48335
5.48326
5.46682
5.43619
5.39315
5.33919
5.27558
5.20355
5.1244
5.03963
4.95106
4.86079
4.77109
4.68418
4.60191
4.52546
4.45512
4.39011
4.32865
4.26814
4.20559
4.13815
4.06374
3.98148
3.89192
3.79708
3.70022
3.60527
3.51627
3.43657
3.36822
3.31148
3.2647
3.22431
3.18536
3.14214
3.08919
3.02222
2.93881
2.83877
2.72408
2.59852
2.4669
2.33407
2.20386
2.0781
1.95604
1.83404
1.70568
1.56242
1.39461
1.19283
0.949353
0.659218
0.320964
-0.0631576
-0.487422
-0.943338
-1.4207
-1.90876
-2.39731
-2.87733
-3.34123
-3.78266
-4.19578
-4.5743
-4.91041
-5.1942
-5.41412
-5.55853
-5.61824
-5.58915
-7.35731
-5.24635
-3.18554
-1.28924
0.373199
1.7742
2.91771
3.8275
4.53725
5.08306
5.49871
5.81316
6.04973
6.22619
6.35558
6.44708
6.50714
6.54042
6.55053
6.54045
6.51277
6.46969
6.413
6.3441
6.26412
6.17408
6.07518
5.96902
5.85781
5.74438
5.63202
5.52415
5.42371
5.33271
5.25176
5.17982
5.11414
5.05054
4.98397
4.90958
4.82372
4.7247
4.61321
4.49235
4.36726
4.24442
4.13051
4.03122
3.95015
3.88811
3.84278
3.8088
3.77829
3.74207
3.69125
3.61889
3.52123
3.39814
3.25311
3.09265
2.92511
2.75907
2.60155
2.45644
2.32352
2.19798
2.07052
1.92816
1.7558
1.53858
1.26428
0.925047
0.518469
0.0478189
-0.478304
-1.04714
-1.64351
-2.25199
-2.85862
-3.452
-4.02363
-4.5675
-5.07895
-5.55269
-5.98033
-6.34865
-6.63987
-6.83411
-6.91432
-6.8722
-8.86168
-5.98996
-3.25626
-0.827768
1.21518
2.86112
4.14245
5.1135
5.83529
6.3655
6.75307
7.03659
7.24458
7.39705
7.50714
7.58303
7.62958
7.65007
7.64713
7.62336
7.58128
7.52317
7.45082
7.36539
7.26755
7.15779
7.03683
6.90613
6.7682
6.62685
6.48695
6.35385
6.23237
6.12594
6.03587
5.96096
5.89711
5.83764
5.77406
5.69799
5.6031
5.48632
5.34845
5.19413
5.03152
4.87113
4.72414
4.60006
4.50512
4.4411
4.40496
4.38866
4.37986
4.36345
4.32469
4.25241
4.14064
3.98947
3.80473
3.59735
3.38151
3.17217
2.9817
2.81756
2.6807
2.56501
2.45714
2.3374
2.18189
1.96683
1.67298
1.28812
0.808503
0.238937
-0.407427
-1.11103
-1.84864
-2.59766
-3.33877
-4.05778
-4.74576
-5.39882
-6.01623
-6.59729
-7.13549
-7.61395
-8.0051
-8.27375
-8.38643
-8.32601
-10.5185
-6.53481
-2.88748
0.188824
2.62869
4.47291
5.81382
6.75834
7.40913
7.85328
8.15726
8.36874
8.51935
8.6289
8.70796
8.7612
8.78956
8.79342
8.77374
8.73265
8.67288
8.59716
8.50747
8.40456
8.28816
8.15763
8.01255
7.85368
7.68356
7.50728
7.33211
7.16686
7.01938
6.89564
6.79822
6.7262
6.67382
6.6307
6.5822
6.51353
6.41406
6.27837
6.10744
5.90789
5.69265
5.47861
5.28485
5.127
5.01563
4.954
4.93864
4.95782
4.99246
5.01706
5.00647
4.94284
4.81685
4.62922
4.38901
4.11431
3.8286
3.55817
3.32399
3.1395
3.00745
2.92087
2.86093
2.79821
2.69379
2.50859
2.2128
1.78771
1.22812
0.540708
-0.254056
-1.12586
-2.03726
-2.95464
-3.85062
-4.70815
-5.51808
-6.28135
-7.00576
-7.70345
-8.37658
-9.00485
-9.54661
-9.93785
-10.1077
-10.0199
-12.2959
-6.59543
-1.69659
2.12163
4.89949
6.80884
8.05526
8.82541
9.27982
9.54216
9.69394
9.78785
9.85255
9.90393
9.94525
9.97448
9.98407
9.96992
9.93041
9.86805
9.78664
9.69048
9.58237
9.46234
9.32833
9.17764
9.0073
8.81664
8.60696
8.38532
8.1622
7.9535
7.77142
7.62664
7.52322
7.46237
7.43642
7.43074
7.41863
7.37264
7.27642
7.12041
6.90689
6.64351
6.35134
6.05615
5.79314
5.5863
5.45384
5.39962
5.42191
5.50404
5.61888
5.72072
5.76401
5.72244
5.58122
5.34409
5.02237
4.64655
4.25311
3.89144
3.59423
3.3854
3.26824
3.23787
3.2683
3.3186
3.32159
3.20919
2.93839
2.4806
1.83142
0.996701
0.0099166
-1.084
-2.21757
-3.34266
-4.41809
-5.42723
-6.35776
-7.21994
-8.03388
-8.84506
-9.68231
-10.5203
-11.3049
-11.9207
-12.1999
-12.0649
-13.9967
-5.502
1.05
5.55235
8.42059
10.0989
10.9818
11.3463
11.4262
11.3893
11.313
11.248
11.204
11.1925
11.1989
11.215
11.2117
11.1819
11.1189
11.0298
10.9205
10.7999
10.6733
10.5391
10.3914
10.2248
10.0302
9.80584
9.54644
9.26438
8.97037
8.70066
8.46863
8.29694
8.18578
8.14716
8.16873
8.23892
8.30271
8.30298
8.2238
8.04415
7.77707
7.41951
7.01332
6.58631
6.2195
5.93748
5.77837
5.73407
5.81804
6.00221
6.26305
6.50775
6.64283
6.64462
6.4828
6.17991
5.73274
5.20334
4.63107
4.13107
3.7364
3.49855
3.4033
3.46662
3.64634
3.90644
4.11488
4.13726
3.93263
3.44848
2.70134
1.67112
0.427636
-0.985492
-2.41056
-3.80258
-5.08138
-6.25987
-7.29618
-8.22824
-9.06619
-9.94933
-10.987
-12.113
-13.3061
-14.3884
-14.8888
-14.6508
-14.7473
-1.61152
6.74755
11.3361
13.6556
14.5347
14.6554
14.2776
13.7413
13.294
12.9162
12.6789
12.5091
12.4559
12.4394
12.4842
12.4783
12.4424
12.3458
12.2214
12.0716
11.9188
11.776
11.6364
11.4825
11.3133
11.0968
10.8465
10.5195
10.1616
9.74449
9.39451
9.07993
8.88103
8.74487
8.74623
8.83199
9.05728
9.27923
9.34869
9.31681
9.09477
8.77852
8.26651
7.70626
7.03073
6.52474
6.11262
5.93853
5.8847
6.0708
6.39086
6.93133
7.45351
7.7144
7.80325
7.58836
7.22432
6.56236
5.82267
4.90575
4.21984
3.65351
3.40711
3.31074
3.52845
3.9093
4.56929
5.17675
5.39281
5.32996
4.79569
3.97949
2.65324
1.09023
-0.869209
-2.65056
-4.425
-5.88858
-7.29673
-8.38423
-9.37161
-10.033
-10.8306
-12.1643
-13.6087
-15.4663
-17.6937
-18.6405
-18.1212
-10.6115
9.15761
17.8744
20.3866
20.9641
20.0622
19.0466
17.4369
15.928
15.0982
14.317
14.0124
13.646
13.6663
13.5913
13.8264
13.7877
13.7904
13.6123
13.4495
13.227
13.0229
12.8741
12.7541
12.5953
12.4698
12.212
11.9973
11.5368
11.144
10.4218
10.0372
9.52452
9.37466
9.1058
9.22362
9.29421
9.88031
10.4752
10.5402
10.6836
10.2809
10.0617
9.18288
8.56511
7.23091
6.69473
5.9449
5.92545
5.68978
6.1306
6.46203
7.62589
8.77547
9.03363
9.39918
8.90861
8.69767
7.50385
6.69715
4.84773
4.13639
3.10991
3.09958
2.76591
3.35535
3.77026
5.30777
6.80221
7.04997
7.40609
6.54885
5.99207
3.97629
2.32369
-1.00935
-2.90049
-5.495
-6.7755
-8.79524
-9.61635
-10.9843
-10.8034
-10.9399
-13.1819
-14.509
-17.094
-22.8427
-24.5034
-23.1166
17.6906
35.8423
37.9362
32.2227
30.4025
25.7527
24.2928
20.4505
17.1362
16.8318
15.0308
15.4341
14.2257
15.0134
14.2959
15.5621
15.0371
15.3978
14.8563
14.7631
14.355
14.0466
13.9301
13.927
13.6595
13.8159
13.2644
13.5014
12.4561
12.6001
10.6122
10.8638
9.44592
10.039
8.90926
9.76836
9.01344
10.69
12.4337
11.6181
12.8359
11.2023
12.2942
9.72267
10.455
6.28135
7.1718
4.72486
6.22313
4.52017
6.34735
5.33393
8.34048
11.3805
10.1977
12.2274
9.82565
11.5859
7.88735
9.07266
3.1504
4.5063
1.10259
3.25724
0.891372
3.43318
2.01425
6.10789
10.2225
8.5507
11.2291
7.86895
10.1052
4.77603
5.97667
-3.22611
-2.13778
-8.45742
-6.59807
-12.0199
-10.0611
-14.8275
-11.1169
-8.01705
-15.5173
-13.5978
-14.166
-33.8784
-34.7546
-30.8262
172.775
85.6495
69.2398
38.4524
43.9152
26.8497
32.9695
22.7041
14.0102
20.7208
12.5704
19.177
11.9313
18.528
12.1443
19.8773
15.0113
18.3044
15.4549
16.5302
15.3396
14.7943
14.8233
15.4807
14.1135
16.1819
13.1817
16.8525
11.6628
17.1267
7.57778
14.0949
6.4719
13.1844
5.84918
12.6376
5.23172
11.4032
18.0781
9.7682
19.0946
8.19916
19.8025
5.50527
19.4097
-1.96008
12.4551
-2.17587
11.1309
-1.73246
10.6549
-1.58257
9.00717
20.0668
6.73586
21.4372
4.74978
22.3349
1.23844
21.6834
-9.02712
11.7304
-8.90842
9.92475
-8.04987
9.21475
-7.67956
6.87809
21.9753
3.78743
23.7476
1.13042
25.1129
-3.827
24.6108
-20.2618
9.29267
-23.1973
4.06461
-25.8725
-0.821193
-30.8771
-10.5509
10.1701
-31.4166
-9.10414
16.33
-72.0378
-51.9239
-43.7329
169.452
153.551
138.534
124.354
110.955
98.2722
86.2362
74.775
63.816
53.2872
43.1179
33.2392
23.5841
14.0875
4.68537
-1.3744
-1.32514
-1.25603
-1.17117
-1.07485
-0.971132
-0.863479
-0.754634
-0.646564
-0.540513
-0.437105
-0.336462
-0.238325
-0.142158
-0.0472432
-2.31637
-2.23057
-2.11086
-1.96467
-1.79966
-1.62293
-1.44047
-1.25688
-1.07537
-0.897927
-0.725441
-0.55799
-0.395022
-0.235542
-0.0782635
-3.29835
-3.16989
-2.99218
-2.77697
-2.53616
-2.28045
-2.01858
-1.75702
-1.50012
-1.25037
-1.00874
-0.77503
-0.548228
-0.326722
-0.108531
-4.33939
-4.15843
-3.91095
-3.61484
-3.28754
-2.94413
-2.59634
-2.25247
-1.91771
-1.59469
-1.28409
-0.985159
-0.69613
-0.414582
-0.137671
-5.46223
-5.21343
-4.87832
-4.48385
-4.055
-3.61214
-3.17016
-2.7388
-2.32354
-1.92657
-1.54777
-1.18537
-0.836545
-0.4978
-0.165239
-6.69533
-6.35466
-5.90501
-5.38718
-4.83642
-4.27924
-3.73333
-3.20901
-2.71103
-2.24027
-1.79503
-1.37199
-0.966872
-0.574827
-0.190722
-8.07603
-7.60476
-6.99977
-6.32338
-5.62421
-4.93501
-4.27486
-3.65283
-3.07129
-2.52844
-2.02007
-1.54069
-1.08411
-0.643909
-0.213543
-9.65517
-8.98847
-8.16585
-7.28225
-6.40197
-5.56167
-4.77823
-4.05613
-3.39281
-2.78208
-2.21612
-1.68655
-1.18497
-0.703148
-0.233083
-11.503
-10.528
-9.3928
-8.23772
-7.13967
-6.1314
-5.2202
-4.40061
-3.66171
-2.99093
-2.37575
-1.8044
-1.26604
-0.750627
-0.248722
-13.713
-12.2277
-10.6396
-9.13607
-7.78751
-6.60399
-5.5705
-4.66434
-3.86246
-3.14415
-2.49151
-1.88926
-1.32417
-0.784584
-0.259895
-16.385
-14.0302
-11.8015
-9.87941
-8.27025
-6.92647
-5.79342
-4.82373
-3.97961
-3.23165
-2.55687
-1.93692
-1.35677
-0.803637
-0.266167
-19.5175
-15.7063
-12.6568
-10.3097
-8.4875
-7.03812
-5.85294
-4.85749
-4.00054
-3.24595
-2.56735
-1.94476
-1.36236
-0.807015
-0.267301
-22.5347
-16.6206
-12.8094
-10.215
-8.33183
-6.88552
-5.72264
-4.7527
-3.91908
-3.18422
-2.5218
-1.9124
-1.34086
-0.794757
-0.263321
-22.4206
-15.4317
-11.7452
-9.40894
-7.73922
-6.44941
-5.39935
-4.51155
-3.7388
-3.04999
-2.42322
-1.84215
-1.29391
-0.767823
-0.254543
-1.61254
-4.87133
-8.234
-11.7795
-15.6036
-19.8297
-24.6282
-30.2474
-37.0742
-45.7549
-57.4655
-74.5777
-102.491
-155.194
-273.357
-1.57691
-4.76155
-8.04093
-11.4862
-15.1822
-19.2357
-23.7888
-29.0396
-35.2755
-42.9278
-52.6486
-65.3566
-81.8397
-99.508
-93.0582
-1.51988
-4.58597
-7.73259
-11.0188
-14.5125
-18.2946
-22.4649
-27.1475
-32.4931
-38.6641
-45.7568
-53.5134
-60.3644
-60.5707
-37.5274
-1.44457
-4.35444
-7.32726
-10.4074
-13.6424
-17.0838
-20.7851
-24.7949
-29.1374
-33.7601
-38.4041
-42.299
-43.5028
-37.7785
-18.1158
-1.35484
-4.07918
-6.84738
-9.68825
-12.629
-15.6926
-18.8909
-22.2111
-25.5871
-28.8411
-31.5715
-32.9534
-31.4525
-24.6653
-10.2104
-1.25494
-3.77343
-6.31701
-8.8997
-11.5303
-14.2077
-16.9119
-19.5885
-22.1213
-24.2855
-25.6752
-25.6096
-23.0732
-16.8767
-6.44786
-1.14906
-3.45024
-5.75944
-8.07782
-10.3991
-12.7042
-14.952
-17.0657
-18.9114
-20.2677
-20.7892
-19.9814
-17.2355
-12.0273
-4.39841
-1.04105
-3.12147
-5.19546
-7.25385
-9.2792
-11.2404
-13.0851
-14.729
-16.0414
-16.8295
-16.8264
-15.699
-13.1076
-8.85873
-3.16003
-0.934207
-2.79716
-4.64229
-6.45279
-8.20373
-9.85748
-11.3578
-12.6224
-13.5354
-13.9407
-13.6442
-12.4331
-10.1309
-6.69696
-2.35314
-0.831151
-2.4852
-4.11315
-5.69306
-7.19572
-8.58106
-9.79396
-10.76
-11.3818
-11.5394
-11.097
-9.92484
-7.93997
-5.16704
-1.79796
-0.733823
-2.19135
-3.61736
-4.98694
-6.26915
-7.42434
-8.40157
-9.13646
-9.55063
-9.55458
-9.05663
-7.98096
-6.29631
-4.05108
-1.40029
-0.643519
-1.91937
-3.16074
-4.34148
-5.43075
-6.39117
-7.17744
-7.73563
-8.00428
-7.9183
-7.4174
-6.45994
-5.04192
-3.21675
-1.10662
-0.560978
-1.67134
-2.74621
-3.75952
-4.68179
-5.47892
-6.11166
-6.53584
-6.70415
-6.57013
-6.09519
-5.25873
-4.07025
-2.5803
-0.884563
-0.486484
-1.44795
-2.3744
-3.24078
-4.0197
-4.68079
-5.19068
-5.51371
-5.61393
-5.45867
-5.02402
-4.30195
-3.30791
-2.08673
-0.713467
-0.419974
-1.24887
-2.04428
-2.78277
-3.43942
-3.98765
-4.39943
-4.64628
-4.7011
-4.54121
-4.15243
-3.53401
-2.70329
-1.69878
-0.579634
-0.361135
-1.07305
-1.75369
-2.38157
-2.93442
-3.38924
-3.7227
-3.91217
-3.93735
-3.78267
-3.4403
-2.91347
-2.21934
-1.39043
-0.473662
-0.309486
-0.918935
-1.49972
-2.03246
-2.49749
-2.87508
-3.14594
-3.29213
-3.29849
-3.15445
-2.85625
-2.40911
-1.82897
-1.14308
-0.388905
-0.264447
-0.784721
-1.27912
-1.73036
-2.12127
-2.43503
-2.65574
-2.76919
-2.76406
-2.63328
-2.37562
-1.9971
-1.51204
-0.943157
-0.320557
-0.225394
-0.668475
-1.08847
-1.47016
-1.79862
-2.0596
-2.24
-2.32858
-2.31687
-2.20021
-1.97889
-1.65907
-1.25331
-0.780529
-0.265064
-0.191692
-0.568255
-0.924433
-1.2469
-1.52281
-1.74011
-1.88803
-1.95762
-1.94254
-1.83981
-1.65057
-1.3807
-1.04112
-0.64754
-0.219754
-0.162724
-0.482189
-0.783798
-1.05598
-1.2877
-1.46881
-1.59043
-1.64544
-1.62908
-1.53948
-1.37822
-1.15074
-0.866409
-0.538305
-0.182583
-0.137912
-0.408522
-0.663597
-0.893139
-1.08773
-1.23881
-1.33907
-1.38283
-1.36647
-1.28889
-1.15187
-0.960263
-0.722094
-0.448248
-0.151968
-0.116718
-0.34564
-0.561123
-0.754572
-0.917959
-1.0441
-1.12695
-1.16195
-1.14637
-1.07959
-0.9634
-0.802118
-0.602549
-0.373769
-0.126671
-0.0986602
-0.29209
-0.47395
-0.636878
-0.774054
-0.879442
-0.948051
-0.976205
-0.96181
-0.904588
-0.806247
-0.670556
-0.503288
-0.312009
-0.105707
-0.0833037
-0.246572
-0.39992
-0.537065
-0.652222
-0.740324
-0.797241
-0.819999
-0.80699
-0.758139
-0.675028
-0.56092
-0.4207
-0.260678
-0.0882941
-0.0702657
-0.207942
-0.337142
-0.452518
-0.549174
-0.622858
-0.670149
-0.688629
-0.677056
-0.63548
-0.56533
-0.469416
-0.35186
-0.217933
-0.0737999
-0.05921
-0.175196
-0.283963
-0.380968
-0.462076
-0.52372
-0.56306
-0.578127
-0.567953
-0.532661
-0.47352
-0.392938
-0.294388
-0.182273
-0.0617132
-0.0498442
-0.147464
-0.238951
-0.320456
-0.388492
-0.440068
-0.472824
-0.485151
-0.47629
-0.446402
-0.396599
-0.328935
-0.246335
-0.152476
-0.0516171
-0.0419145
-0.12399
-0.200869
-0.269297
-0.326337
-0.369482
-0.396772
-0.406887
-0.399228
-0.373969
-0.33208
-0.275303
-0.206099
-0.12754
-0.0431703
-0.0352024
-0.104124
-0.168654
-0.226046
-0.27383
-0.309906
-0.332646
-0.340964
-0.334385
-0.313085
-0.277897
-0.2303
-0.172358
-0.106639
-0.0360918
-0.0295197
-0.0873087
-0.141394
-0.189467
-0.22945
-0.259591
-0.278533
-0.285383
-0.279765
-0.261842
-0.232331
-0.19248
-0.144018
-0.0890896
-0.0301497
-0.0247053
-0.0730644
-0.11831
-0.158503
-0.191905
-0.217051
-0.232815
-0.238461
-0.233687
-0.218646
-0.193946
-0.160637
-0.120168
-0.0743257
-0.0251515
-0.020621
-0.0609818
-0.0987342
-0.132255
-0.160093
-0.181026
-0.194122
-0.198774
-0.19474
-0.182156
-0.161538
-0.133766
-0.10005
-0.061875
-0.0209369
-0.0171485
-0.0507104
-0.0820962
-0.109954
-0.133074
-0.150444
-0.161291
-0.165118
-0.161729
-0.151243
-0.134097
-0.111023
-0.0830277
-0.0513426
-0.0173722
-0.0141866
-0.0419498
-0.0679082
-0.0909408
-0.110047
-0.124391
-0.133335
-0.136472
-0.133644
-0.124957
-0.110771
-0.0916976
-0.0685672
-0.0423971
-0.0143448
-0.0116481
-0.0344424
-0.0557517
-0.0746541
-0.0903281
-0.102087
-0.109411
-0.111967
-0.109629
-0.102487
-0.0908394
-0.0751888
-0.0562173
-0.0347585
-0.0117599
-0.00945818
-0.0279662
-0.0452662
-0.060609
-0.073327
-0.0828635
-0.0887968
-0.0908592
-0.0889509
-0.0831451
-0.0736873
-0.0609858
-0.0455944
-0.0281889
-0.00953695
-0.00755175
-0.0223287
-0.0361399
-0.0483863
-0.0585349
-0.0661417
-0.0708705
-0.0725089
-0.0709785
-0.0663391
-0.0587876
-0.0486504
-0.0363699
-0.0224849
-0.00760697
-0.00587202
-0.0173619
-0.0280999
-0.0376201
-0.0455079
-0.0514181
-0.0550899
-0.0563589
-0.0551648
-0.051555
-0.0456831
-0.0378033
-0.0282595
-0.0174702
-0.00591033
-0.00436878
-0.0129171
-0.0209056
-0.0279873
-0.0338539
-0.0382486
-0.0409777
-0.0419191
-0.0410285
-0.0383415
-0.0339728
-0.0281117
-0.0210138
-0.0129906
-0.00439478
-0.00299696
-0.00886098
-0.0143408
-0.0191983
-0.023222
-0.0262357
-0.0281067
-0.0287514
-0.0281396
-0.0262958
-0.0232989
-0.0192787
-0.0144108
-0.00890848
-0.00301376
-0.00171533
-0.00507165
-0.00820807
-0.0109883
-0.0132913
-0.0150163
-0.0160871
-0.0164562
-0.016106
-0.0150507
-0.0133354
-0.0110344
-0.00824818
-0.00509888
-0.00172496
-0.000485333
-0.00143502
-0.00232264
-0.00310973
-0.00376201
-0.00425095
-0.00455493
-0.0046603
-0.004562
-0.00426386
-0.00377854
-0.00312701
-0.00233769
-0.00144523
-0.000488945
0.0007301
0.00215852
0.00349296
0.00467527
0.00565386
0.00638593
0.00683935
0.00699412
0.00684321
0.00639297
0.00566287
0.0046847
0.00350117
0.00216409
0.000732072
0.0019676
0.00581731
0.00941418
0.0126017
0.0152409
0.0172162
0.018441
0.0188608
0.0184562
0.0172441
0.0152765
0.012639
0.00944663
0.00583933
0.00197539
0.00326446
0.00965163
0.0156196
0.0209089
0.0252888
0.0285677
0.0306015
0.0312997
0.03063
0.0286197
0.0253553
0.0209784
0.0156802
0.00969275
0.003279
0.00465972
0.013777
0.0222963
0.0298474
0.0361011
0.0407838
0.0436894
0.0446884
0.0437344
0.0408661
0.0362065
0.0299576
0.0223923
0.0138421
0.00468277
0.00619536
0.0183175
0.0296454
0.0396867
0.0480042
0.0542337
0.0581009
0.0594332
0.058168
0.0543563
0.0481611
0.0398508
0.0297883
0.0184145
0.00622967
0.00791747
0.0234096
0.0378876
0.050723
0.0613569
0.0693239
0.0742725
0.0759815
0.0743698
0.0695015
0.0615842
0.0509607
0.0380946
0.0235501
0.00796717
0.00987762
0.0292057
0.0472703
0.0632879
0.0765614
0.0865097
0.0926936
0.0948354
0.0928326
0.0867636
0.0768863
0.0636277
0.0475662
0.0294066
0.00994867
0.0121344
0.0358792
0.0580742
0.0777581
0.0940745
0.106309
0.113921
0.116567
0.114119
0.10667
0.0945362
0.0782408
0.0584946
0.0361645
0.0122353
0.0147548
0.0436287
0.0706217
0.0945663
0.114422
0.129319
0.138597
0.141836
0.138876
0.129829
0.115075
0.0952499
0.071217
0.0440328
0.0148977
0.0178167
0.0526843
0.0852858
0.114214
0.138212
0.156229
0.167465
0.171408
0.16786
0.156951
0.139136
0.11518
0.0861275
0.0532556
0.0180188
0.0214103
0.0633132
0.1025
0.137284
0.166155
0.187848
0.201397
0.206182
0.201956
0.188868
0.167461
0.138649
0.10369
0.0641203
0.0216958
0.0256409
0.0758277
0.122773
0.164459
0.199081
0.225121
0.241416
0.247211
0.242204
0.226562
0.200925
0.166388
0.124452
0.0769676
0.0260441
0.0306319
0.090593
0.146697
0.19654
0.237967
0.269161
0.288723
0.295742
0.289837
0.271195
0.240571
0.199263
0.149068
0.0922025
0.0312012
0.0365274
0.108037
0.174967
0.234463
0.283957
0.321276
0.344741
0.353244
0.346313
0.324149
0.287633
0.238308
0.178315
0.110309
0.0373313
0.0434963
0.128659
0.2084
0.279332
0.3384
0.383011
0.411147
0.421463
0.413367
0.387066
0.34359
0.284759
0.213127
0.131867
0.0446311
0.0517356
0.153046
0.24795
0.332437
0.40288
0.456185
0.489926
0.502467
0.493059
0.46191
0.410207
0.340099
0.254623
0.157575
0.0533378
0.0614755
0.18188
0.294732
0.395293
0.47926
0.542943
0.583425
0.59871
0.587848
0.551025
0.489604
0.40611
0.304153
0.188274
0.0637375
0.0729835
0.215957
0.35005
0.46967
0.569724
0.645811
0.694419
0.713107
0.700662
0.657218
0.584325
0.484941
0.36335
0.224985
0.0761772
0.0865699
0.256201
0.415415
0.557633
0.676828
0.767757
0.826186
0.84912
0.834998
0.783859
0.69744
0.579192
0.434193
0.268948
0.0910791
0.102592
0.303677
0.492582
0.661581
0.803559
0.912268
0.9826
1.01086
0.995037
0.934997
0.832655
0.692017
0.519093
0.321675
0.108959
0.121461
0.359611
0.583568
0.784291
0.95339
1.08342
1.16822
1.20322
1.18578
1.1155
0.994461
0.827258
0.621
0.385025
0.130452
0.143644
0.4254
0.690686
0.928957
1.13034
1.28599
1.38842
1.43198
1.4132
1.33127
1.18832
0.989616
0.743539
0.461288
0.156342
0.169667
0.502623
0.816562
1.09923
1.33905
1.5255
1.64951
1.70401
1.68446
1.58939
1.42088
1.18487
0.891196
0.55331
0.187603
0.20012
0.593048
0.96415
1.29925
1.58483
1.80836
1.95886
2.02747
2.00817
1.89851
1.70032
1.42016
1.06955
0.664648
0.225458
0.235649
0.698628
1.13673
1.53367
1.87368
2.14193
2.32507
2.41196
2.39461
2.2691
2.03666
1.70437
1.28561
0.799792
0.271456
0.276953
0.821479
1.33789
1.8076
2.21235
2.53459
2.75809
2.86884
2.85614
2.71395
2.44233
2.04862
1.54821
0.964463
0.327576
0.324771
0.963846
1.57149
2.12665
2.60831
2.9958
3.26941
3.41144
3.40757
3.24866
2.93276
2.46696
1.86869
1.16603
0.396377
0.379854
1.12804
1.84151
2.49672
3.06965
3.53607
3.8721
4.05535
4.06665
3.89239
3.52729
2.97726
2.26166
1.41411
0.481219
0.442939
1.31633
2.152
2.92391
3.60494
4.16687
4.58085
4.81863
4.85456
4.66861
4.25022
3.60254
2.74624
1.72144
0.586582
0.514689
1.53082
2.50674
3.4142
4.22293
4.90038
5.41195
5.72207
5.79654
5.60623
5.13234
4.37268
3.34782
2.10518
0.718544
0.595639
1.77322
2.90902
3.97302
4.93206
5.74907
6.38291
6.78913
6.92235
6.74075
6.2129
5.32696
4.10063
2.5889
0.885541
0.686098
2.04461
3.36116
4.60471
5.73978
6.72494
7.51191
8.04572
8.26677
8.11568
7.54209
6.51761
5.05161
3.2057
1.09956
0.786056
2.34514
3.86397
5.31172
6.65158
7.8384
8.81666
9.51948
9.86957
9.78397
9.18436
8.01483
6.26638
4.00319
1.37815
0.895054
2.67362
4.41611
6.09362
7.66963
9.09665
10.3127
11.2381
11.7749
11.8092
11.2224
9.91402
7.8386
5.05195
1.74789
1.01206
3.02713
5.01337
6.94596
8.79111
10.5014
12.0104
13.2267
14.0291
14.2656
13.7614
12.3459
9.90469
6.46
2.25074
1.13536
3.40064
5.64785
7.859
10.0062
12.0459
13.9112
15.5025
16.6763
17.2362
16.9334
15.4899
12.6676
8.39897
2.95653
1.26244
3.78667
6.30735
8.8164
11.2959
13.7114
16.0024
18.0683
19.7496
20.8059
20.8973
19.5913
16.435
11.153
3.98913
1.38995
4.17514
6.97491
9.7943
12.6299
15.4633
18.2497
20.901
23.257
25.0456
25.8317
24.9775
21.6784
15.214
5.58722
1.51379
4.55347
7.62879
10.7609
13.9655
17.2476
20.5909
23.9386
27.1583
29.9813
31.905
32.0615
29.1198
21.4709
8.26005
1.62921
4.90703
8.24321
11.677
15.2472
18.9894
22.929
27.065
31.335
35.5415
39.2055
41.2967
39.8301
31.5901
13.2309
1.73116
5.22004
8.78981
12.4984
16.4094
20.5941
25.1306
30.0983
35.5555
41.4783
47.5979
53.0025
55.2437
48.7365
23.8285
1.81465
5.47685
9.23999
13.179
17.3815
21.9542
27.0328
32.7915
39.4527
47.2782
56.4866
66.9049
76.7324
78.6609
50.2238
1.87528
5.66354
9.56796
13.6767
18.0963
22.9631
28.4624
34.8577
42.5412
52.1174
64.5349
81.2171
103.706
129.672
126.626
1.90972
5.76954
9.75398
13.9586
18.5004
23.5327
29.2697
36.0294
44.3151
54.9833
69.6213
91.4965
128.264
200.83
376.783
1.91613
5.78896
9.78704
14.0063
18.5638
23.6128
29.3667
36.1411
44.4343
55.0922
69.6812
91.4337
127.961
200.191
376.083
1.89434
5.72138
9.66648
13.8189
18.2858
23.2034
28.7548
35.1979
42.9113
52.4708
64.7662
81.1099
102.864
127.563
123.514
1.84591
5.57178
9.4019
13.4132
17.6947
22.3537
27.5236
33.3724
40.106
47.9491
57.0396
67.0282
75.7226
74.8975
39.6805
-14.2106
-11.5909
-9.62489
-8.10109
-6.8714
-5.84501
-4.96471
-4.19259
-3.50221
-2.87428
-2.29408
-1.74991
-1.2321
-0.732276
-0.242943
-5.33198
-7.39394
-7.30562
-6.6695
-5.91967
-5.18024
-4.48487
-3.83891
-3.23861
-2.67753
-2.14878
-1.64568
-1.16199
-0.691861
-0.229737
-2.42694
-4.69017
-5.36673
-5.31682
-4.96068
-4.48482
-3.97068
-3.4535
-2.94774
-2.45832
-1.98565
-1.52797
-1.08247
-0.645878
-0.21469
-1.32097
-3.08822
-3.93229
-4.17676
-4.0848
-3.81595
-3.45859
-3.06012
-2.64549
-2.22746
-1.8121
-1.40177
-0.996753
-0.596139
-0.198384
-0.822392
-2.12735
-2.9142
-3.27031
-3.33173
-3.20851
-2.97501
-2.67794
-2.34559
-1.99473
-1.63504
-1.27188
-0.907967
-0.54441
-0.181393
-0.559802
-1.52626
-2.19522
-2.56848
-2.70686
-2.67762
-2.53556
-2.32024
-2.05853
-1.76812
-1.46039
-1.14251
-0.818925
-0.492302
-0.16424
-0.403561
-1.13174
-1.68156
-2.02976
-2.19836
-2.22505
-2.14698
-1.99473
-1.79138
-1.55352
-1.29276
-1.01709
-0.731986
-0.441189
-0.147377
-0.302135
-0.861093
-1.30789
-1.61573
-1.7884
-1.84521
-1.80989
-1.7047
-1.54818
-1.35481
-1.13547
-0.898228
-0.648991
-0.392167
-0.131166
-0.232175
-0.668321
-1.03072
-1.29557
-1.45889
-1.52934
-1.52131
-1.45031
-1.33057
-1.17412
-0.990615
-0.787682
-0.571259
-0.346043
-0.115879
-0.181799
-0.526756
-0.821286
-1.0459
-1.19386
-1.26796
-1.27644
-1.22974
-1.13845
-1.01219
-0.859246
-0.686499
-0.499629
-0.303351
-0.101699
-0.144365
-0.420208
-0.6604
-0.84944
-0.980118
-1.05215
-1.06988
-1.04014
-0.970597
-0.868796
-0.741619
-0.595118
-0.434528
-0.264389
-0.0887313
-0.11588
-0.338413
-0.53503
-0.693508
-0.807094
-0.874027
-0.89628
-0.878162
-0.825141
-0.743015
-0.637407
-0.513518
-0.376053
-0.229258
-0.077016
-0.0938009
-0.274613
-0.436141
-0.568745
-0.666461
-0.726927
-0.750708
-0.740417
-0.69989
-0.633534
-0.545884
-0.44134
-0.324056
-0.197908
-0.066543
-0.0764368
-0.224201
-0.357336
-0.468204
-0.551692
-0.605298
-0.62879
-0.623663
-0.592571
-0.538837
-0.466087
-0.378008
-0.278211
-0.170178
-0.0572649
-0.0626205
-0.183946
-0.293993
-0.386672
-0.45767
-0.504578
-0.526742
-0.524935
-0.50097
-0.457341
-0.396932
-0.322809
-0.238083
-0.145837
-0.0491088
-0.0515225
-0.151522
-0.242707
-0.320195
-0.380372
-0.421035
-0.441337
-0.441591
-0.423021
-0.387493
-0.337298
-0.274972
-0.203174
-0.124609
-0.0419865
-0.042539
-0.125219
-0.200931
-0.265737
-0.316623
-0.351629
-0.369849
-0.371317
-0.356843
-0.327827
-0.286085
-0.233711
-0.172964
-0.106195
-0.0358018
-0.0352204
-0.103753
-0.166725
-0.220945
-0.263899
-0.293878
-0.309991
-0.312111
-0.300763
-0.276996
-0.242254
-0.198263
-0.146934
-0.090299
-0.0304572
-0.0292265
-0.0861485
-0.138598
-0.183973
-0.220184
-0.245753
-0.259849
-0.262255
-0.253303
-0.233783
-0.204844
-0.167908
-0.124588
-0.0766288
-0.025857
-0.0242954
-0.0716491
-0.115381
-0.153363
-0.183856
-0.205594
-0.217822
-0.220284
-0.213181
-0.197109
-0.172987
-0.141985
-0.105462
-0.0649113
-0.021911
-0.0202232
-0.0596642
-0.0961568
-0.127954
-0.153606
-0.172038
-0.182576
-0.184954
-0.179286
-0.166025
-0.145905
-0.119894
-0.0891331
-0.0548942
-0.0185354
-0.0168492
-0.0497264
-0.0801927
-0.106809
-0.12837
-0.143962
-0.152995
-0.15521
-0.150664
-0.139701
-0.122914
-0.1011
-0.0752187
-0.046349
-0.0156542
-0.0140451
-0.0414624
-0.0669015
-0.0891749
-0.107279
-0.12044
-0.128148
-0.130159
-0.126495
-0.117421
-0.103413
-0.0851311
-0.0633787
-0.0390707
-0.013199
-0.0117083
-0.0345718
-0.055808
-0.0744355
-0.0896181
-0.100705
-0.107255
-0.109048
-0.106084
-0.0985655
-0.0868797
-0.0715711
-0.053313
-0.032878
-0.0111091
-0.00975544
-0.028811
-0.0465257
-0.0620878
-0.0748013
-0.0841188
-0.0896637
-0.0912404
-0.0888344
-0.0826033
-0.0728614
-0.0600588
-0.0447585
-0.0276113
-0.00933107
-0.00811874
-0.023981
-0.0387379
-0.0517178
-0.0623421
-0.0701522
-0.0748279
-0.0761977
-0.0742403
-0.0690786
-0.060968
-0.0502806
-0.0374862
-0.0231314
-0.00781818
-0.00674252
-0.0199186
-0.0321837
-0.0429832
-0.0518369
-0.0583616
-0.0622872
-0.063465
-0.0618709
-0.0576011
-0.0508635
-0.0419652
-0.0312971
-0.0193168
-0.00652964
-0.00558082
-0.0164885
-0.0266471
-0.0355995
-0.0429485
-0.0483756
-0.051654
-0.0526568
-0.0513592
-0.0478369
-0.042259
-0.0348784
-0.0260191
-0.0160623
-0.00543005
-0.00459547
-0.0135785
-0.021948
-0.0293289
-0.0353944
-0.0398814
-0.0426008
-0.0434455
-0.042392
-0.0394998
-0.0349061
-0.0288182
-0.0215032
-0.0132766
-0.00448869
-0.00375448
-0.0110943
-0.0179352
-0.0239715
-0.0289364
-0.0326142
-0.0348493
-0.035552
-0.0347014
-0.032344
-0.0285905
-0.0236098
-0.0176203
-0.0108806
-0.00367886
-0.00303088
-0.00895666
-0.014481
-0.0193578
-0.0233719
-0.0263486
-0.0281615
-0.028737
-0.0280568
-0.0261573
-0.0231271
-0.0191018
-0.0142581
-0.00880533
-0.00297736
-0.00240171
-0.00709766
-0.0114764
-0.0153432
-0.0185276
-0.0208911
-0.0223328
-0.0227938
-0.0222587
-0.0207557
-0.0183544
-0.0151621
-0.0113186
-0.0069906
-0.00236383
-0.00184713
-0.00545891
-0.00882715
-0.0118023
-0.0142533
-0.0160735
-0.017185
-0.0175421
-0.0171326
-0.0159778
-0.0141309
-0.0116743
-0.00871568
-0.00538325
-0.00182037
-0.00134982
-0.00398923
-0.00645081
-0.00862533
-0.010417
-0.0117478
-0.0125609
-0.0128226
-0.012524
-0.0116804
-0.0103307
-0.00853509
-0.00637223
-0.0039359
-0.00133095
-0.000894323
-0.00264302
-0.00427376
-0.00571412
-0.00690064
-0.00778164
-0.00831951
-0.00849212
-0.00829361
-0.00773434
-0.0068401
-0.00565081
-0.00421863
-0.0026056
-0.000881087
-0.00046656
-0.00137869
-0.00222887
-0.00297914
-0.00359636
-0.00405368
-0.00433171
-0.00441928
-0.00431372
-0.00402081
-0.0035543
-0.00293517
-0.00219057
-0.0013527
-0.000457365
-5.33679e-05
-0.000157363
-0.00025333
-0.00033653
-0.000403081
-0.000450162
-0.000476129
-0.000480505
-0.000463891
-0.000427802
-0.000374464
-0.000306606
-0.000227271
-0.000139677
-4.71115e-05
0.000357924
0.00105839
0.00171336
0.00229454
0.0027767
0.00313871
0.00336448
0.00344372
0.00337244
0.00315325
0.00279531
0.002314
0.0017303
0.0010699
0.000361993
0.000779895
0.00230575
0.00373128
0.00499437
0.00603991
0.00682219
0.00730685
0.00747246
0.00731148
0.00683066
0.00605075
0.0050057
0.00374115
0.00231245
0.000782265
0.00122543
0.00362278
0.00586198
0.00784524
0.00948593
0.0107123
0.0114707
0.011728
0.0114726
0.0107157
0.0094903
0.00784981
0.00586596
0.00362548
0.00122638
0.0017081
0.00504962
0.00817039
0.010934
0.0132196
0.0149274
0.0159826
0.0163394
0.015982
0.0149261
0.013218
0.0109323
0.00816896
0.00504865
0.00170775
0.00224262
0.00662974
0.0107268
0.0143546
0.0173545
0.0195954
0.0209796
0.0214466
0.0209763
0.0195894
0.0173468
0.0143465
0.0107198
0.00662497
0.00224093
0.00284527
0.00841124
0.013609
0.0182111
0.0220164
0.0248584
0.0266132
0.0272046
0.0266069
0.0248468
0.0220016
0.0181957
0.0135956
0.00840211
0.00284204
0.0035344
0.0104484
0.0169048
0.022621
0.0273469
0.0308762
0.0330548
0.0337881
0.0330447
0.0308577
0.0273233
0.0225963
0.0168833
0.0104338
0.00352924
0.00433101
0.0128033
0.0207145
0.0277184
0.0335084
0.0378317
0.0404998
0.0413969
0.0404847
0.0378041
0.0334731
0.0276815
0.0206824
0.0127814
0.0043233
0.0052594
0.0155476
0.0251543
0.0336585
0.0406883
0.0459365
0.0491744
0.0502618
0.0491525
0.0458965
0.0406371
0.033605
0.0251076
0.0155159
0.0052482
0.00634788
0.0187652
0.0303594
0.0406224
0.0491051
0.055437
0.0593422
0.0606519
0.0593109
0.0553797
0.0490318
0.0405458
0.0302926
0.0187199
0.00633185
0.0076297
0.0225542
0.0364888
0.0488224
0.0590153
0.0666222
0.0713121
0.0728825
0.0712675
0.0665408
0.0589111
0.0487135
0.0363939
0.0224898
0.00760693
0.00914407
0.0270305
0.0437296
0.0585088
0.070721
0.0798327
0.0854479
0.0873246
0.0853848
0.0797174
0.0705734
0.0583545
0.0435952
0.0269393
0.00911181
0.0109374
0.0323311
0.0523035
0.0699776
0.0845792
0.0954708
0.102179
0.104416
0.10209
0.0953077
0.0843705
0.0697594
0.0521134
0.0322021
0.0108917
0.0130646
0.0386186
0.062473
0.0835796
0.101013
0.114013
0.122015
0.124677
0.121889
0.113783
0.100718
0.0832712
0.0622045
0.0384364
0.0130001
0.0155912
0.0460862
0.0745504
0.0997316
0.120526
0.136026
0.145559
0.14872
0.145381
0.1357
0.120109
0.0992961
0.0741711
0.0458288
0.0155001
0.018595
0.0549639
0.088907
0.11893
0.143714
0.16218
0.173528
0.177276
0.173277
0.161721
0.143126
0.118315
0.0883715
0.0546004
0.0184664
0.0221689
0.0655259
0.105986
0.141764
0.17129
0.193277
0.206774
0.211212
0.206419
0.192628
0.17046
0.140896
0.10523
0.0650127
0.0219873
0.0264237
0.0780994
0.126314
0.168939
0.204101
0.230267
0.24631
0.251556
0.245809
0.229351
0.202929
0.167714
0.125247
0.0773749
0.0261674
0.0314919
0.0930756
0.150525
0.201297
0.243158
0.274286
0.293342
0.299533
0.292634
0.272992
0.241503
0.199566
0.149018
0.0920528
0.0311301
0.0375322
0.110923
0.179371
0.23984
0.289668
0.326685
0.349307
0.356599
0.348307
0.324859
0.287332
0.237397
0.177243
0.109479
0.0370214
0.0447346
0.132201
0.213756
0.285772
0.345073
0.389079
0.415914
0.424484
0.414504
0.386502
0.341775
0.282323
0.210753
0.130163
0.0440135
0.0533275
0.157585
0.254765
0.340532
0.411097
0.463394
0.495204
0.505247
0.493213
0.459756
0.406441
0.335662
0.250524
0.154707
0.0523095
0.0635853
0.187882
0.303698
0.405846
0.489806
0.551933
0.589608
0.601339
0.586797
0.546797
0.483233
0.398972
0.297711
0.183818
0.0621481
0.0758387
0.224066
0.36212
0.483788
0.583674
0.657448
0.702024
0.715673
0.698056
0.650198
0.574395
0.474083
0.353669
0.21833
0.0738096
0.0904873
0.267315
0.431919
0.576853
0.695673
0.783236
0.835914
0.851714
0.830312
0.773
0.682573
0.563153
0.419988
0.259217
0.0876226
0.108015
0.319051
0.515375
0.688049
0.829373
0.933245
0.995407
1.01358
0.9875
0.918796
0.81088
0.668708
0.498531
0.307618
0.103971
0.12901
0.381002
0.615251
0.821012
0.989078
1.11221
1.18544
1.20619
1.17428
1.09182
0.962971
0.793708
0.591471
0.36486
0.123299
0.154189
0.455274
0.734906
0.980146
1.17998
1.32583
1.41191
1.43535
1.39615
1.29704
1.14313
0.9416
0.701332
0.432483
0.146126
0.18443
0.544441
0.878438
1.17081
1.40836
1.58095
1.68187
1.70799
1.65963
1.54031
1.35634
1.11639
0.831037
0.512261
0.173046
0.220817
0.651671
1.05087
1.39953
1.68184
1.88582
2.00377
2.03235
1.97239
1.82846
1.60841
1.32271
0.983945
0.606231
0.204741
0.264688
0.780877
1.2584
1.67433
2.00971
2.25042
2.38772
2.41819
2.34343
2.16947
1.90606
1.56588
1.1639
0.716707
0.241984
0.317715
0.936931
1.50868
2.00507
2.4033
2.68683
2.84584
2.87708
2.78335
2.5726
2.257
1.85195
1.37523
0.8463
0.285645
0.381999
1.12594
1.81129
2.40395
2.87653
3.2097
3.39267
3.42275
3.30451
3.04853
2.67004
2.18777
1.62283
0.997917
0.336691
0.460207
1.35564
2.17825
2.8862
3.44654
3.83687
4.04564
4.07139
3.92131
3.6095
3.15514
2.58099
1.91206
1.17475
0.396177
0.555758
1.6359
2.62484
3.47094
4.1346
4.5901
4.82568
4.8421
4.65041
4.26944
3.72342
3.04
2.24877
1.38022
0.465234
0.673094
1.97949
3.17059
4.18235
4.96718
5.49603
5.75789
5.7573
5.51092
5.04397
4.38709
3.57388
2.63914
1.61793
0.545039
0.818063
2.40312
3.84087
5.05134
5.97748
6.58732
6.87233
6.84316
6.52457
5.95036
5.15931
4.19212
3.08956
1.89152
0.636774
0.99849
2.92903
4.66896
6.11775
7.20739
7.90416
8.20489
8.12997
7.71568
7.0073
6.0538
4.90433
3.60626
2.20449
0.741561
1.22505
3.5873
5.6992
7.43354
8.71007
9.49599
9.79826
9.65239
9.11097
8.23442
7.08435
5.71971
4.19496
2.5599
0.860366
1.51261
4.41939
6.99159
9.0672
10.5534
11.4236
11.7028
11.4494
10.7389
9.65143
8.26386
6.64622
4.86025
2.96007
0.993885
1.88241
5.48381
8.6288
11.1101
12.8245
13.7616
13.9771
13.5638
12.6287
11.2767
9.6031
7.68959
5.6048
3.40607
1.14238
2.36567
6.86514
10.7269
13.6855
15.6353
16.6006
16.6878
16.0406
14.8077
13.1253
11.1089
8.85186
6.42843
3.89715
1.30551
3.00995
8.6893
13.452
16.9614
19.1296
20.0493
19.9086
18.9239
17.2989
15.2059
12.7816
10.1296
7.32693
4.43011
1.4821
3.89069
11.1499
17.0475
21.1686
23.4908
24.2342
23.7154
22.2518
20.1149
17.5164
14.6123
11.5121
8.29073
4.99859
1.66993
5.134
14.5562
21.8765
26.625
28.9483
29.2954
28.1782
26.0472
23.2512
20.0391
16.579
12.9785
9.30364
5.59239
1.86553
6.96465
19.4219
28.4914
33.7654
35.778
35.3735
33.3449
30.3044
26.6763
22.734
18.643
14.4966
10.3417
6.19699
2.06405
9.81752
26.6402
37.7419
43.1704
44.286
42.5793
39.2141
34.9694
30.3195
25.5321
20.7455
16.0204
11.3728
6.79334
2.2592
14.6233
37.8314
50.9317
55.5704
54.7537
50.9365
45.6939
39.9156
34.0579
28.3295
22.8051
17.4903
12.3564
7.35821
2.44339
23.6226
56.0415
69.9974
71.7587
67.3046
60.2832
52.5455
44.9167
37.7065
30.9851
24.719
18.8345
13.2456
7.86514
2.6081
42.9176
87.0727
97.5312
92.2629
81.6379
70.1268
59.3212
49.6269
41.0155
33.3243
26.3677
19.9733
13.9901
8.2863
2.74442
91.1569
141.504
135.986
116.486
96.5863
79.4801
65.3246
53.5849
43.6853
35.1532
27.6258
20.8265
14.5405
8.59495
2.8439
231.039
234.73
184.148
140.987
109.594
86.7839
69.6502
56.2647
45.405
36.2842
28.3781
21.3231
14.8543
8.76851
2.89945
689.245
365.644
227.157
157.315
116.641
90.1452
71.3724
57.1902
45.917
36.5714
28.5394
21.4124
14.902
8.79153
2.90625
1.76424
5.32022
8.95974
12.7419
16.7305
20.9949
25.6079
30.6367
36.1166
41.9807
47.8853
52.7932
54.0499
45.6603
16.5647
1.65024
4.97021
8.34849
11.8233
15.4307
19.2007
23.1486
27.2573
31.441
35.474
38.8612
40.6251
39.0578
31.8274
18.009
1.51676
4.56185
7.64066
10.7721
13.9682
17.2283
20.5283
23.8029
26.9157
29.6128
31.4603
31.788
29.7283
24.5823
16.8933
1.37171
4.11975
6.88017
9.65608
12.4417
15.2159
17.9334
20.5103
22.8061
24.601
25.5788
25.3382
23.4856
19.8803
15.0293
1.22205
3.66524
6.10413
8.53034
10.9264
13.2603
15.4789
17.4987
19.1973
20.4064
20.9153
20.5
18.9957
16.424
13.1183
1.07328
3.21501
5.34073
7.4347
9.4731
11.42
13.2229
14.8083
16.0782
16.912
17.1761
16.7502
15.5729
13.7011
11.3462
0.929349
2.78076
4.60906
6.3946
8.11123
9.72357
11.1844
12.4331
13.3953
13.9875
14.1273
13.752
12.8448
11.4617
9.73984
0.792698
2.36962
3.92014
5.42337
6.85359
8.17852
9.35807
10.3441
11.0822
11.5155
11.594
11.2859
10.5929
9.56132
8.28321
0.664521
1.98488
3.27849
4.52513
5.70122
6.77878
7.72508
8.50309
9.07343
9.39821
9.44703
9.20477
8.67949
7.90754
6.95219
0.54502
1.6269
2.6838
3.69746
4.64736
5.51029
6.26032
6.8696
7.31012
7.55665
7.59094
7.40643
7.01257
6.43695
5.72376
0.433679
1.29389
2.13236
2.93353
3.68047
4.35469
4.9363
5.40484
5.74069
5.92721
5.95351
5.81729
5.52722
5.10372
4.57772
0.329478
0.982636
1.6182
2.22382
2.78632
3.29169
3.72535
4.07278
4.32057
4.45796
4.47852
4.38194
4.1752
3.87291
3.49633
0.231072
0.688967
1.134
1.55723
1.94929
2.30041
2.60065
2.84034
3.01085
3.10551
3.12067
3.05672
2.9187
2.71637
2.46359
0.136917
0.408163
0.671587
0.921797
1.1532
1.36002
1.53649
1.6771
1.77699
1.83256
1.84195
1.80558
1.7265
1.61029
1.46479
-1002.12
-1006.46
-1011.07
-1016.13
-1021.81
-1028.25
-1035.6
-1043.98
-1053.47
-1064.15
-1076.06
-1089.19
-1103.52
-1119.01
-1135.56
-8.4906
24.5113
-26.2266
2.87864
-24.6192
-2.62944
-21.1503
-5.73087
8.62755
-7.61191
8.72119
-7.91873
9.32572
-9.08253
9.30585
-16.601
0.965821
-15.1019
-0.217556
-12.7239
-0.0515688
-10.4425
-0.390142
9.60367
-0.667777
11.7075
-0.346279
13.9548
-1.25963
15.4053
-9.09863
8.1217
-9.21332
6.4966
-8.23599
5.95037
-7.05227
4.69383
16.6929
3.49096
19.0535
2.8269
21.5366
0.127577
22.6279
-12.5337
11.1431
-14.4847
7.3437
-14.9815
4.84836
-15.4021
0.932277
17.676
-3.5646
18.3742
-7.79341
18.3031
-14.9635
15.5817
-35.0381
-4.12292
-39.5175
-12.4159
-42.4195
-19.1069
-45.7074
-27.8414
-10.1382
-37.6292
-15.1385
-47.4909
-21.8567
-61.2072
-32.4107
-88.7662
-60.7915
-103.86
-80.4627
-123.607
-104.563
-159.03
-149.283
-141.194
-263.195
-277.493
-320.943
-402.933
-556.9
-872.91
7.68852
7.5674
-3.68901
-3.11563
-8.39822
-6.15593
-8.18338
-4.21389
-0.236437
-1.614
0.804071
-1.33755
0.730296
-2.15911
-0.712564
-5.42555
-3.97101
-6.32944
-4.27092
-5.51307
-3.20615
-3.54397
-0.3204
2.89847
2.57847
4.85814
3.69968
5.72336
3.53691
4.95514
0.519886
1.87969
-0.829135
1.1043
-0.683371
1.60019
0.777576
4.31211
7.89772
7.11958
9.64209
7.67054
9.87104
6.29783
7.63435
0.727894
1.95436
-2.67331
-0.676329
-4.1237
-1.68392
-3.87742
0.322119
4.51809
2.07016
4.49815
0.0524321
1.82731
-4.93828
-4.47703
-15.5575
-15.3125
-22.8831
-21.7415
-27.6854
-26.2705
-30.7494
-27.6315
-24.7452
-29.9654
-29.7193
-37.4867
-38.5343
-49.1337
-52.243
-67.8012
-72.2436
-85.8688
-91.3356
-106.517
-115.168
-135.087
-146.923
-164.687
-207.515
-235.54
-265.469
-299.31
-323.583
-275.923
10.5317
6.65836
1.81388
-0.677194
-3.01284
-3.53389
-3.85194
-2.70836
-1.38923
-1.0818
-0.54717
-0.818031
-0.726768
-1.47953
-1.86133
-3.13131
-3.41721
-3.91735
-3.57136
-3.41296
-2.55239
-1.77392
-0.244006
1.28909
2.081
2.95945
3.16319
3.55422
3.14252
2.93374
1.79334
1.4963
0.870023
1.07021
1.00649
1.72267
2.33293
3.85659
5.38601
5.99499
6.70176
6.50613
6.51924
5.39778
4.51033
2.27784
1.19534
-0.401654
-0.856726
-1.74359
-1.54447
-1.55892
-0.283133
0.927157
0.683341
0.51997
-1.05963
-2.35041
-5.31987
-7.91596
-12.3855
-15.2478
-18.7945
-20.8638
-23.5479
-24.9469
-26.7307
-27.0878
-27.6789
-30.173
-32.7604
-37.1591
-41.4572
-47.8456
-54.1489
-62.8424
-70.4723
-79.6246
-88.2197
-98.8279
-109.547
-122.783
-136.024
-152.088
-173.151
-190.844
-204.358
-209.463
-193.846
-133.374
10.6254
7.14859
3.92869
1.53827
-0.239664
-1.20333
-1.62441
-1.45479
-1.08436
-0.875972
-0.737679
-0.819148
-0.967594
-1.33327
-1.73023
-2.25328
-2.55399
-2.7228
-2.60077
-2.32306
-1.77952
-1.08504
-0.171331
0.747902
1.45978
2.03319
2.35787
2.54187
2.4568
2.25479
1.85325
1.58793
1.38001
1.4171
1.57424
1.99862
2.57395
3.39371
4.20065
4.73054
5.06182
5.0421
4.80222
4.16174
3.32421
2.17288
1.1783
0.226749
-0.414197
-0.926124
-1.09633
-1.09714
-0.792886
-0.568653
-0.8181
-1.41759
-2.58629
-4.10947
-6.23779
-8.65571
-11.5263
-14.1962
-16.8319
-19.0991
-21.2595
-23.0676
-24.7648
-26.2056
-27.8707
-30.2446
-33.1916
-36.9743
-41.3681
-46.6784
-52.611
-59.4131
-66.5067
-74.1808
-82.2026
-90.9767
-100.302
-110.469
-121.057
-132.288
-143.636
-152.163
-155.353
-149.454
-128.699
-87.3107
9.96029
7.26881
4.84892
2.87165
1.36083
0.345762
-0.24763
-0.490552
-0.546326
-0.569403
-0.61194
-0.724046
-0.895846
-1.14219
-1.4178
-1.69568
-1.88097
-1.94731
-1.85464
-1.61624
-1.22432
-0.712162
-0.106962
0.504941
1.03759
1.46469
1.75474
1.91657
1.93907
1.86273
1.71656
1.59649
1.53673
1.59065
1.75671
2.05673
2.46251
2.94881
3.41372
3.75158
3.9268
3.89455
3.66155
3.20892
2.58944
1.84166
1.09876
0.407359
-0.157975
-0.601274
-0.892625
-1.07521
-1.18794
-1.3829
-1.81603
-2.536
-3.60306
-4.99767
-6.73918
-8.74411
-10.9566
-13.1942
-15.4006
-17.4886
-19.4786
-21.3486
-23.1686
-25.0008
-27.0419
-29.4915
-32.4195
-35.91
-39.9595
-44.6151
-49.8213
-55.5642
-61.7054
-68.2363
-75.1025
-82.3321
-89.8426
-97.5481
-105.165
-112.319
-118.183
-121.168
-119.435
-110.837
-93.2645
-66.1316
9.03618
6.99727
5.13116
3.5327
2.24683
1.28701
0.623828
0.203526
-0.0560693
-0.235531
-0.386776
-0.543766
-0.717559
-0.909814
-1.10294
-1.27227
-1.38011
-1.40169
-1.31923
-1.1314
-0.843187
-0.474194
-0.0531928
0.375135
0.766376
1.09253
1.33521
1.49084
1.56257
1.57014
1.54117
1.51706
1.52862
1.60158
1.74514
1.96136
2.23396
2.53349
2.80853
3.00558
3.08925
3.03479
2.83583
2.49504
2.03807
1.50205
0.943709
0.405069
-0.0788471
-0.49659
-0.846922
-1.15523
-1.466
-1.8556
-2.40234
-3.15605
-4.14963
-5.38778
-6.86274
-8.53506
-10.3524
-12.2385
-14.141
-16.0208
-17.8719
-19.703
-21.5562
-23.4964
-25.6265
-28.0506
-30.8389
-34.042
-37.6796
-41.7602
-46.2602
-51.1431
-56.3438
-61.8103
-67.4799
-73.2844
-79.1038
-84.7559
-89.94
-94.2097
-96.8759
-96.9684
-93.4003
-85.1437
-71.5953
-53.2516
8.02473
6.4776
5.02868
3.74439
2.66414
1.80192
1.14639
0.66705
0.319671
0.0585935
-0.152441
-0.33838
-0.511771
-0.675246
-0.821424
-0.936463
-1.0025
-1.00494
-0.934576
-0.790142
-0.577389
-0.310137
-0.00898854
0.299722
0.589887
0.841568
1.04202
1.18695
1.27948
1.3312
1.35981
1.3873
1.43314
1.51191
1.63003
1.78588
1.96773
2.15451
2.31679
2.42394
2.45178
2.38423
2.21555
1.94962
1.60176
1.19579
0.761542
0.325245
-0.0937227
-0.487668
-0.860403
-1.23033
-1.62919
-2.1006
-2.68917
-3.42924
-4.34254
-5.43539
-6.70058
-8.11559
-9.64758
-11.2574
-12.9127
-14.5924
-16.2923
-18.0237
-19.8165
-21.7171
-23.7857
-26.0835
-28.6592
-31.5462
-34.7598
-38.2995
-42.1455
-46.2622
-50.5975
-55.0895
-59.6612
-64.2127
-68.6035
-72.6355
-76.0295
-78.4071
-79.2733
-78.0385
-74.1159
-67.0692
-56.83
-43.9578
6.99651
5.81716
4.68985
3.66299
2.76824
2.01994
1.41604
0.941336
0.571938
0.281469
0.0465828
-0.150222
-0.319408
-0.464719
-0.583866
-0.670325
-0.715565
-0.712131
-0.655673
-0.546353
-0.389161
-0.193975
0.0252417
0.251932
0.469741
0.665305
0.82974
0.959457
1.05614
1.1265
1.18103
1.23214
1.29122
1.36657
1.46157
1.57398
1.6954
1.81186
1.90543
1.95758
1.95274
1.88039
1.7364
1.52331
1.25026
0.931432
0.583505
0.221662
-0.143417
-0.508062
-0.876685
-1.2625
-1.68661
-2.1756
-2.75651
-3.45162
-4.27549
-5.23339
-6.32123
-7.52617
-8.82926
-10.2091
-11.6476
-13.1335
-14.6658
-16.2543
-17.9201
-19.694
-21.6131
-23.7146
-26.0295
-28.5781
-31.3687
-34.3957
-37.6392
-41.0648
-44.6235
-48.2521
-51.8693
-55.3704
-58.6177
-61.4314
-63.5802
-64.7787
-64.694
-62.9774
-59.3292
-53.5911
-45.8553
-36.5557
5.98218
5.08181
4.20644
3.39142
2.66151
2.03009
1.49972
1.06403
0.7106
0.424355
0.190813
-0.00179256
-0.161384
-0.291826
-0.393336
-0.463503
-0.498685
-0.495641
-0.452861
-0.371477
-0.255629
-0.112408
0.0487115
0.216928
0.381619
0.533851
0.667434
0.779517
0.870668
0.944569
1.00717
1.06546
1.12587
1.1929
1.26802
1.34908
1.43017
1.50213
1.55368
1.57323
1.55085
1.47965
1.3567
1.18329
0.964657
0.708935
0.425477
0.122718
-0.193761
-0.522751
-0.868232
-1.23954
-1.65062
-2.11825
-2.65943
-3.28855
-4.01545
-4.84425
-5.7732
-6.79538
-7.90031
-9.07642
-10.314
-11.6077
-12.9583
-14.3735
-15.8679
-17.4616
-19.1775
-21.0385
-23.0627
-25.2616
-27.6369
-30.18
-32.8704
-35.6752
-38.5487
-41.4306
-44.2443
-46.8931
-49.256
-51.184
-52.4989
-52.9973
-52.4638
-50.6969
-47.5512
-42.9894
-37.1324
-30.2891
4.99426
4.31016
3.63582
2.99698
2.41263
1.89438
1.44669
1.06793
0.75213
0.490957
0.275691
0.0986816
-0.0457591
-0.161028
-0.248388
-0.307514
-0.337312
-0.336841
-0.306123
-0.246724
-0.162017
-0.0571294
0.0614345
0.18646
0.31089
0.428688
0.53552
0.629136
0.709451
0.778306
0.838924
0.895116
0.950363
1.00694
1.06526
1.12347
1.17745
1.22113
1.2473
1.24858
1.21858
1.15274
1.04894
0.907667
0.73174
0.52565
0.294508
0.0427913
-0.226835
-0.514441
-0.823339
-1.16009
-1.53396
-1.95578
-2.43648
-2.98548
-3.60947
-4.31166
-5.09172
-5.94621
-6.86964
-7.85599
-8.9004
-10.0007
-11.1585
-12.3795
-13.6736
-15.0537
-16.534
-18.1278
-19.8454
-21.6916
-23.6642
-25.7528
-27.9373
-30.1876
-32.4623
-34.708
-36.8574
-38.8281
-40.5211
-41.8199
-42.5936
-42.7023
-42.0097
-40.4018
-37.8127
-34.2526
-29.83
-24.7593
4.0362
3.52413
3.01381
2.52375
2.06823
1.65673
1.29404
0.980823
0.714618
0.491064
0.305082
0.151845
0.0274348
-0.0708564
-0.144541
-0.194211
-0.219993
-0.22207
-0.201169
-0.158908
-0.0979689
-0.0220584
0.0643286
0.156317
0.249163
0.338763
0.422069
0.497333
0.564152
0.623313
0.676443
0.725522
0.772317
0.81786
0.862029
0.90333
0.938889
0.964699
0.976084
0.968305
0.937213
0.879779
0.794449
0.681234
0.541538
0.377717
0.192435
-0.0120812
-0.234756
-0.476218
-0.739088
-1.02795
-1.34899
-1.70929
-2.11596
-2.57522
-3.09164
-3.66773
-4.30386
-4.99855
-5.74915
-6.55274
-7.40712
-8.31175
-9.26831
-10.281
-11.3564
-12.5024
-13.7277
-15.0397
-16.4436
-17.9403
-19.5254
-21.1881
-22.9103
-24.6655
-26.4186
-28.1247
-29.7285
-31.164
-32.3543
-33.2128
-33.6465
-33.5618
-32.874
-31.5199
-29.4729
-26.7579
-23.4609
-19.7292
3.1065
2.73544
2.36251
2.00068
1.66029
1.34866
1.07002
0.825867
0.615538
0.436915
0.28716
0.163334
0.0628486
-0.0162925
-0.0754536
-0.115491
-0.136995
-0.140581
-0.127169
-0.0981894
-0.0556839
-0.00228249
0.0589431
0.124722
0.191887
0.257674
0.319968
0.377453
0.429638
0.476756
0.519547
0.558961
0.595818
0.630493
0.662664
0.691186
0.714097
0.728767
0.732187
0.721323
0.693498
0.646706
0.579821
0.492642
0.385781
0.260387
0.117758
-0.0411062
-0.215927
-0.40747
-0.617708
-0.849788
-1.10779
-1.39634
-1.72002
-2.08294
-2.48819
-2.93766
-3.43198
-3.97069
-4.55267
-5.17664
-5.84179
-6.54829
-7.2976
-8.09263
-8.93753
-9.83722
-10.7966
-11.8197
-12.9085
-14.0619
-15.2751
-16.5381
-17.8358
-19.1468
-20.4428
-21.6888
-22.8421
-23.8532
-24.6655
-25.2176
-25.446
-25.29
-24.698
-23.6358
-22.0951
-20.1014
-17.7179
-15.0439
2.20077
1.94936
1.69513
1.44664
1.21088
0.993005
0.796248
0.622121
0.470713
0.341106
0.231804
0.141111
0.0674219
0.00939038
-0.034019
-0.0635796
-0.0799236
-0.0836985
-0.0757192
-0.0570838
-0.0292295
0.00608262
0.0468521
0.0909799
0.13644
0.181453
0.224626
0.265036
0.302249
0.336253
0.367333
0.395897
0.422276
0.446541
0.468361
0.486929
0.500972
0.508836
0.508656
0.498561
0.476887
0.442358
0.394203
0.332178
0.256494
0.167658
0.0662421
-0.0473728
-0.173238
-0.312022
-0.465096
-0.634509
-0.822847
-1.03299
-1.26782
-1.52991
-1.82127
-2.14323
-2.49639
-2.88075
-3.29591
-3.74144
-4.21714
-4.72337
-5.26124
-5.83261
-6.44001
-7.08627
-7.77404
-8.50523
-9.28033
-10.0977
-10.9529
-11.8384
-12.7425
-13.6496
-14.5392
-15.3863
-16.1609
-16.8287
-17.3514
-17.6885
-17.7993
-17.6463
-17.1994
-16.4408
-15.3697
-14.0064
-12.3935
-10.5946
1.31304
1.1674
1.01953
0.874303
0.735769
0.606974
0.489935
0.385706
0.294543
0.216109
0.1497
0.0944531
0.0494991
0.0140675
-0.0124771
-0.0306504
-0.0409027
-0.0436934
-0.0395661
-0.029206
-0.0134671
0.00663575
0.0299713
0.0553642
0.081683
0.107928
0.133306
0.157269
0.179524
0.200002
0.218785
0.236022
0.251819
0.26615
0.278781
0.289233
0.296786
0.30053
0.299447
0.292518
0.278832
0.257679
0.228605
0.191429
0.146195
0.0930938
0.0323432
-0.0359462
-0.111894
-0.195941
-0.288896
-0.391916
-0.506435
-0.634035
-0.776296
-0.934643
-1.11022
-1.3038
-1.51581
-1.74635
-1.99536
-2.2627
-2.54842
-2.8528
-3.17652
-3.52062
-3.88644
-4.2754
-4.68881
-5.12743
-5.5912
-6.07878
-6.58722
-7.11162
-7.64485
-8.17729
-8.69666
-9.18793
-9.63343
-10.013
-10.3046
-10.4853
-10.5324
-10.4257
-10.1495
-9.6956
-9.06509
-8.27064
-7.33682
-6.29909
-1151.63
-1166.84
-1182.58
-1198.79
-1215.4
-1232.35
-1249.56
-1267
-1284.6
-1302.33
-1320.16
-1338.04
-1355.96
-1373.89
-1391.83
-1409.74
-1427.63
-1445.49
-1463.33
-1481.13
-1498.91
-1516.68
-1534.44
-1552.2
-1569.97
-1587.78
-1605.62
-1623.52
-1641.47
-1659.5
-1677.61
-1695.81
-1714.11
-1732.52
-1751.03
-1769.67
-1788.42
-1807.3
-1826.31
-1845.44
-1864.7
-1884.08
-1903.56
-1923.14
-1942.79
-1962.5
-1982.24
-2001.98
-2021.69
-2041.33
-2060.87
-2080.27
-2099.47
-2118.42
-2137.07
-2155.34
-2173.17
-2190.47
-2207.16
-2223.13
-2238.28
-2252.49
-2265.64
-2277.6
-2288.22
-2297.36
-2304.86
-2310.54
-2314.24
-2315.74
-2314.87
-2311.39
-2305.08
-2295.71
-2283.03
-2266.8
-2246.77
-2222.69
-2194.34
-2161.51
-2124.02
-2081.73
-2034.56
-1982.48
-1925.54
-1863.88
-1797.69
-1727.28
-1653.02
-1575.33
629.697
336.882
213.497
150.069
112.306
87.3031
69.3921
55.757
44.8574
35.782
27.9555
20.9922
14.6184
8.6275
2.85257
123.646
170.282
147.944
119.689
96.1834
77.808
63.3563
51.7072
42.0404
33.7825
26.5311
19.9957
13.9593
8.25138
2.73025
6.85065
72.6529
88.3055
84.5594
74.9301
64.3886
54.5172
45.6746
37.814
30.7764
24.3903
18.5001
12.9716
7.68839
2.54729
-22.7748
25.1732
48.0652
55.3121
54.5884
50.2984
44.6489
38.6597
32.7641
27.1186
21.7534
16.6428
11.7384
6.98324
2.31778
-29.9451
2.74945
23.4696
34.0353
37.8125
37.5673
35.1199
31.5508
27.4638
23.1804
18.8615
14.5791
10.356
6.1883
2.05835
-30.3333
-7.69974
9.02844
19.5465
25.0588
27.0381
26.7122
24.9594
22.3596
19.2773
15.9331
12.4561
8.91794
5.35558
1.78567
-28.353
-12.2434
0.79732
10.0634
15.8376
18.8138
19.7311
19.2148
17.7378
15.6358
13.1375
10.3941
7.50405
4.53037
1.5144
-25.4586
-13.7181
-3.65927
4.07199
9.41425
12.6481
14.1835
14.4307
13.7409
12.3906
10.5867
8.47882
6.1737
3.74742
1.25598
-22.1986
-13.5112
-5.78843
0.469423
5.09916
8.18058
9.92399
10.5834
10.4043
9.59905
8.33976
6.76069
4.96446
3.02961
1.01804
-18.8
-12.3398
-6.45281
-1.50518
2.33225
5.05094
6.74831
7.57451
7.69379
7.26136
6.41252
5.25965
3.89379
2.38849
0.804612
-15.3609
-10.5951
-6.17801
-2.36971
0.683948
2.9425
4.44368
5.27243
5.53486
5.34
4.78924
3.97154
2.9625
1.8259
0.616508
-11.9221
-8.50166
-5.29443
-2.47962
-0.169277
1.59141
2.81144
3.53666
3.83318
3.77449
3.43289
2.87475
2.15875
1.33611
0.452046
-8.49837
-6.195
-4.01842
-2.0851
-0.472875
0.780935
1.67398
2.22953
2.48666
2.49187
2.29305
1.93578
1.46162
0.907728
0.307622
-5.09116
-3.76158
-2.49917
-1.36949
-0.418079
0.331202
0.873972
1.22079
1.39203
1.41324
1.31161
1.1137
0.844185
0.525546
0.178311
-1486.65
-1386.51
-1283.84
-1179.52
-1074.29
-968.793
-863.532
-758.868
-655.029
-552.13
-450.182
-349.115
-248.795
-149.042
-49.6408
)
;

boundaryField
{
    hot
    {
        type            calculated;
        value           nonuniform List<scalar> 
120
(
995.571
-0.180955
-0.303939
-0.430161
-0.56035
-0.694625
-0.832272
-0.971565
-1.10959
-1.24216
-1.36396
-1.46887
-1.55057
-1.60341
-1.62332
-1.61254
-1.57691
-1.51988
-1.44457
-1.35484
-1.25494
-1.14906
-1.04105
-0.934207
-0.831151
-0.733823
-0.643519
-0.560978
-0.486484
-0.419974
-0.361135
-0.309486
-0.264447
-0.225394
-0.191692
-0.162724
-0.137912
-0.116718
-0.0986602
-0.0833037
-0.0702657
-0.05921
-0.0498442
-0.0419145
-0.0352024
-0.0295197
-0.0247053
-0.020621
-0.0171485
-0.0141866
-0.0116481
-0.00945818
-0.00755175
-0.00587202
-0.00436878
-0.00299696
-0.00171533
-0.000485333
0.0007301
0.0019676
0.00326446
0.00465972
0.00619536
0.00791747
0.00987762
0.0121344
0.0147548
0.0178167
0.0214103
0.0256409
0.0306319
0.0365274
0.0434963
0.0517356
0.0614755
0.0729835
0.0865699
0.102592
0.121461
0.143644
0.169667
0.20012
0.235649
0.276953
0.324771
0.379854
0.442939
0.514689
0.595639
0.686098
0.786056
0.895054
1.01206
1.13536
1.26244
1.38995
1.51379
1.62921
1.73116
1.81465
1.87528
1.90972
1.91613
1.89434
1.84591
1.76424
1.65024
1.51676
1.37171
1.22205
1.07328
0.929349
0.792698
0.664521
0.54502
0.433679
0.329478
0.231072
0.136917
-1002.12
)
;
    }
    cold
    {
        type            calculated;
        value           nonuniform List<scalar> 
120
(
4.68537
-0.0472432
-0.0782635
-0.108531
-0.137671
-0.165239
-0.190722
-0.213543
-0.233083
-0.248722
-0.259895
-0.266167
-0.267301
-0.263321
-0.254543
-0.242943
-0.229737
-0.21469
-0.198384
-0.181393
-0.16424
-0.147377
-0.131166
-0.115879
-0.101699
-0.0887313
-0.077016
-0.066543
-0.0572649
-0.0491088
-0.0419865
-0.0358018
-0.0304572
-0.025857
-0.021911
-0.0185354
-0.0156542
-0.013199
-0.0111091
-0.00933107
-0.00781818
-0.00652964
-0.00543005
-0.00448869
-0.00367886
-0.00297736
-0.00236383
-0.00182037
-0.00133095
-0.000881087
-0.000457365
-4.71115e-05
0.000361993
0.000782265
0.00122638
0.00170775
0.00224093
0.00284204
0.00352924
0.0043233
0.0052482
0.00633185
0.00760693
0.00911181
0.0108917
0.0130001
0.0155001
0.0184664
0.0219873
0.0261674
0.0311301
0.0370214
0.0440135
0.0523095
0.0621481
0.0738096
0.0876226
0.103971
0.123299
0.146126
0.173046
0.204741
0.241984
0.285645
0.336691
0.396177
0.465234
0.545039
0.636774
0.741561
0.860366
0.993885
1.14238
1.30551
1.4821
1.66993
1.86553
2.06405
2.2592
2.44339
2.6081
2.74442
2.8439
2.89945
2.90625
2.85257
2.73025
2.54729
2.31778
2.05835
1.78567
1.5144
1.25598
1.01804
0.804612
0.616508
0.452046
0.307622
0.178311
-49.6408
)
;
    }
    interface_left
    {
        type            calculated;
        value           nonuniform List<scalar> 
90
(
-273.357
-93.0582
-37.5274
-18.1158
-10.2104
-6.44786
-4.39841
-3.16003
-2.35314
-1.79796
-1.40029
-1.10662
-0.884563
-0.713467
-0.579634
-0.473662
-0.388905
-0.320557
-0.265064
-0.219754
-0.182583
-0.151968
-0.126671
-0.105707
-0.0882941
-0.0737999
-0.0617132
-0.0516171
-0.0431703
-0.0360918
-0.0301497
-0.0251515
-0.0209369
-0.0173722
-0.0143448
-0.0117599
-0.00953695
-0.00760697
-0.00591033
-0.00439478
-0.00301376
-0.00172496
-0.000488945
0.000732072
0.00197539
0.003279
0.00468277
0.00622967
0.00796717
0.00994867
0.0122353
0.0148977
0.0180188
0.0216958
0.0260441
0.0312012
0.0373313
0.0446311
0.0533378
0.0637375
0.0761772
0.0910791
0.108959
0.130452
0.156342
0.187603
0.225458
0.271456
0.327576
0.396377
0.481219
0.586582
0.718544
0.885541
1.09956
1.37815
1.74789
2.25074
2.95653
3.98913
5.58722
8.26005
13.2309
23.8285
50.2238
126.626
376.783
376.083
123.514
39.6805
)
;
    }
    interface_right
    {
        type            calculated;
        value           nonuniform List<scalar> 
90
(
-14.2106
-5.33198
-2.42694
-1.32097
-0.822392
-0.559802
-0.403561
-0.302135
-0.232175
-0.181799
-0.144365
-0.11588
-0.0938009
-0.0764368
-0.0626205
-0.0515225
-0.042539
-0.0352204
-0.0292265
-0.0242954
-0.0202232
-0.0168492
-0.0140451
-0.0117083
-0.00975544
-0.00811874
-0.00674252
-0.00558082
-0.00459547
-0.00375448
-0.00303088
-0.00240171
-0.00184713
-0.00134982
-0.000894323
-0.00046656
-5.33679e-05
0.000357924
0.000779895
0.00122543
0.0017081
0.00224262
0.00284527
0.0035344
0.00433101
0.0052594
0.00634788
0.0076297
0.00914407
0.0109374
0.0130646
0.0155912
0.018595
0.0221689
0.0264237
0.0314919
0.0375322
0.0447346
0.0533275
0.0635853
0.0758387
0.0904873
0.108015
0.12901
0.154189
0.18443
0.220817
0.264688
0.317715
0.381999
0.460207
0.555758
0.673094
0.818063
0.99849
1.22505
1.51261
1.88241
2.36567
3.00995
3.89069
5.134
6.96465
9.81752
14.6233
23.6226
42.9176
91.1569
231.039
689.245
)
;
    }
    interface_top
    {
        type            calculated;
        value           nonuniform List<scalar> 
90
(
-22.1573
40.2335
-44.7161
9.9629
-37.2113
2.14121
-31.1737
-6.44163
16.301
-13.148
15.5005
-13.9613
16.701
-15.393
18.193
-26.0393
5.97995
-22.1985
3.99872
-18.5031
3.31378
-16.0289
-0.4211
15.0806
-4.04735
17.2394
-4.47853
20.6545
-6.06591
24.2838
-17.5558
13.9204
-16.276
11.6439
-14.5122
10.2258
-13.5799
4.85442
23.711
-0.555383
26.5076
-2.37337
30.9008
-6.25305
35.258
-24.2954
19.5759
-24.4992
14.9247
-24.0389
11.2286
-25.014
1.22043
28.2266
-9.70279
29.5022
-15.8661
31.7666
-24.8106
32.8071
-51.9162
6.6031
-53.2435
-3.12194
-54.3463
-11.6043
-57.7973
-27.865
1.9679
-45.247
-3.01499
-57.0434
-7.73873
-72.3504
-14.8523
-106.43
-49.2957
-118.222
-69.1194
-136.694
-92.5067
-176.579
-147.722
-114.562
-300.232
-296.047
-343.434
-453.336
-703.28
-1359.87
)
;
    }
    interface_bottom
    {
        type            calculated;
        value           nonuniform List<scalar> 
90
(
303.653
116.604
87.7939
38.2917
52.1922
25.2611
38.765
23.5468
10.6834
23.7305
10.0151
22.1337
9.56297
21.2857
9.82738
23.1559
14.4012
20.3065
15.4518
17.6078
15.7722
15.0617
15.2048
16.4252
14.0628
17.8012
12.615
19.3128
10.4698
20.723
4.65386
16.8101
3.74172
15.8918
3.09931
15.1666
1.88558
11.7177
22.4407
7.47351
23.9749
4.89741
25.8177
1.21857
26.9735
-9.24569
17.3143
-8.05702
15.6956
-7.02835
14.7233
-7.45563
9.31268
26.9441
2.83453
28.7612
-0.535888
31.0802
-5.30323
32.46
-19.6666
18.5025
-17.3424
16.2334
-15.5421
14.768
-15.8434
7.23554
31.3174
-1.5437
33.6989
-5.95757
37.2562
-12.4874
40.4168
-35.2745
19.8472
-35.6771
14.1083
-37.4141
8.22038
-44.0772
-9.98616
25.6768
-45.4614
-5.73176
43.3678
-102.387
-62.4838
-51.9132
)
;
    }
    defaultFaces
    {
        type            empty;
    }
}


// ************************************************************************* //
