/*--------------------------------*- C++ -*----------------------------------*\
| =========                 |                                                 |
| \\      /  F ield         | OpenFOAM: The Open Source CFD Toolbox           |
|  \\    /   O peration     | Version:  5.x                                   |
|   \\  /    A nd           | Web:      www.OpenFOAM.org                      |
|    \\/     M anipulation  |                                                 |
\*---------------------------------------------------------------------------*/
FoamFile
{
    version     2.0;
    format      ascii;
    class       volScalarField;
    location    "8.6";
    object      T;
}
// * * * * * * * * * * * * * * * * * * * * * * * * * * * * * * * * * * * * * //

dimensions      [0 0 0 1 0 0 0];

internalField   nonuniform List<scalar> 
6300
(
10.3182
10.9571
11.6031
12.2609
12.9349
13.6292
14.3472
15.0917
15.8648
16.6674
17.4993
18.3588
19.2431
20.1477
21.067
10.3158
10.9499
11.5912
12.2447
12.9147
13.6054
14.3205
15.063
15.8351
16.638
17.4714
18.3339
19.2226
20.1327
21.0586
10.3109
10.9353
11.5673
12.2118
12.8736
13.5571
14.2663
15.0046
15.7746
16.5778
17.4143
18.2828
19.1802
20.1018
21.0411
10.3035
10.9132
11.5308
12.1616
12.8107
13.483
14.1829
14.9144
15.6808
16.484
17.325
18.2025
19.1136
20.053
21.0134
10.2934
10.883
11.481
12.093
12.7246
13.3811
14.0677
14.7893
15.5498
16.3525
17.1989
18.0885
19.0184
19.9828
20.9733
10.2805
10.8444
11.4172
12.0049
12.6135
13.249
13.9176
14.625
15.3767
16.1772
17.0293
17.9339
18.8884
19.8865
20.9178
10.2646
10.7969
11.3386
11.8958
12.4753
13.0838
13.7284
14.4163
15.1547
15.9499
16.8072
17.7293
18.7146
19.7567
20.8427
10.2457
10.7401
11.2442
11.7645
12.308
12.8824
13.4959
14.1571
14.8756
15.6605
16.5203
17.461
18.484
19.5828
20.7417
10.2235
10.6737
11.1335
11.6098
12.1099
12.642
13.2154
13.8407
14.5298
15.2959
16.1522
17.1105
18.1771
19.3486
20.6057
10.1982
10.5977
11.0064
11.4313
11.8796
12.3601
12.8829
13.4603
14.1071
14.841
15.6821
16.6512
17.7653
19.0286
20.4204
10.1698
10.5122
10.8633
11.2292
11.6172
12.0358
12.4957
13.0103
13.5971
14.2787
15.0838
16.0469
17.204
18.5797
20.1613
10.1386
10.4182
10.7052
11.005
11.324
11.6702
12.0537
12.488
12.9922
13.5928
14.3274
15.2485
16.4239
17.9249
19.78
10.105
10.3168
10.5342
10.7615
11.0037
11.2672
11.5606
11.8959
12.2909
12.7727
13.3843
14.1956
15.3179
16.9157
19.163
10.0695
10.2097
10.3534
10.5031
10.662
10.8343
11.0256
11.244
11.5026
11.8226
12.2416
12.8314
13.7363
15.2567
17.9738
10.033
10.0992
10.1664
10.2354
10.307
10.3824
10.4632
10.552
10.6529
10.7733
10.9281
11.1519
11.5389
12.401
14.9691
21.9171
22.6911
23.4618
24.2251
24.9769
25.7134
26.4312
27.1274
27.7994
28.445
29.0625
29.6505
30.2079
30.7338
31.2276
31.6887
32.1169
32.512
32.8739
33.2025
33.4981
33.7609
33.991
34.1889
34.355
34.4897
34.5935
34.6671
34.7109
34.7256
34.7118
34.6701
34.6011
34.5056
34.384
34.2371
34.0654
33.8695
33.6502
33.4079
33.1434
32.8572
32.55
32.2224
31.8751
31.5085
31.1235
30.7204
30.3
29.8626
29.4088
28.9391
28.4538
27.9536
27.4388
26.9099
26.3673
25.8117
25.2435
24.6633
24.0717
23.4692
22.8565
22.2342
21.603
20.9634
20.3162
19.6621
19.002
18.3366
17.667
16.9942
16.3196
15.6443
14.9699
14.2979
13.63
12.9678
12.313
11.6675
11.0328
10.4108
9.80289
9.21064
8.63537
8.07827
7.54031
7.02224
6.52457
6.04755
21.9153
22.6954
23.4722
24.2414
24.9986
25.74
26.4621
27.1619
27.8369
28.485
29.1046
29.6942
30.2528
30.7796
31.2741
31.7357
32.1642
32.5593
32.9212
33.2497
33.545
33.8073
34.0369
34.2342
34.3996
34.5336
34.6366
34.7093
34.7523
34.7661
34.7514
34.7088
34.6389
34.5425
34.42
34.2722
34.0996
33.9029
33.6826
33.4395
33.1741
32.887
32.5789
32.2504
31.9021
31.5348
31.1489
30.745
30.3238
29.8857
29.4313
28.9609
28.475
27.9741
27.4586
26.929
26.3858
25.8294
25.2604
24.6793
24.0869
23.4835
22.87
22.2468
21.6146
20.974
20.3258
19.6706
19.0091
18.3423
17.6712
16.9967
16.3201
15.6428
14.9662
14.2919
13.6215
12.9568
12.2996
11.6516
11.0145
10.3902
9.78019
9.18602
8.60907
8.05057
7.51153
6.99273
6.49471
6.01773
21.9114
22.7041
23.4934
24.2745
25.0427
25.7939
26.5246
27.2317
27.9128
28.5658
29.1893
29.782
30.343
30.8716
31.3674
31.8298
32.2588
32.6542
33.0159
33.3441
33.6388
33.9003
34.1289
34.3249
34.489
34.6214
34.7229
34.7939
34.8351
34.8471
34.8306
34.7862
34.7145
34.6162
34.492
34.3424
34.168
33.9695
33.7475
33.5026
33.2353
32.9464
32.6365
32.3062
31.9562
31.5871
31.1995
30.7941
30.3714
29.9319
29.4761
29.0045
28.5173
28.0152
27.4984
26.9674
26.4226
25.8647
25.2941
24.7114
24.1173
23.5122
22.8969
22.2719
21.6378
20.9954
20.3451
19.6876
19.0237
18.3541
17.6798
17.0019
16.3215
15.64
14.9589
14.2798
13.6046
12.9349
12.2726
11.6196
10.9778
10.3488
9.73449
9.13642
8.55605
7.99469
7.45345
6.93318
6.43446
5.95755
21.9049
22.7174
23.5263
24.3258
25.1109
25.8771
26.6207
27.3386
28.0286
28.6888
29.3179
29.915
30.4794
31.0105
31.5081
31.9718
32.4015
32.7971
33.1586
33.4861
33.7799
34.0401
34.2671
34.4613
34.6232
34.7534
34.8524
34.9209
34.9594
34.9687
34.9494
34.9022
34.8278
34.7268
34.5999
34.4476
34.2706
34.0695
33.8449
33.5972
33.3273
33.0356
32.723
32.3899
32.0372
31.6655
31.2754
30.8677
30.4427
30.0012
29.5434
29.0698
28.5808
28.0768
27.558
27.025
26.4781
25.9179
25.3449
24.7596
24.1629
23.5552
22.9373
22.3096
21.6729
21.0276
20.3743
19.7136
19.046
18.3723
17.6934
17.0103
16.3241
15.6363
14.9484
14.2621
13.5794
12.902
12.232
11.5714
10.9222
10.2862
9.66525
9.06115
8.47549
7.90971
7.36505
6.84249
6.34267
5.8659
21.8951
22.7358
23.5722
24.3975
25.206
25.9925
26.7534
27.4855
28.1869
28.8561
29.4923
30.0948
30.6632
31.1974
31.6971
32.1622
32.5927
32.9885
33.3497
33.6764
33.9688
34.2272
34.452
34.6437
34.8027
34.9298
35.0254
35.0903
35.1253
35.1309
35.1079
35.057
34.9789
34.8743
34.7437
34.588
34.4075
34.2029
33.9747
33.7235
33.4499
33.1546
32.8382
32.5014
32.1451
31.7698
31.3763
30.9654
30.5375
30.0932
29.6329
29.1569
28.6656
28.1591
27.6379
27.1021
26.5523
25.989
25.4127
24.8241
24.2238
23.6127
22.9912
22.3601
21.7199
21.071
20.4139
19.749
19.0768
18.3978
17.7128
17.0227
16.3288
15.6324
14.9352
14.2391
13.5461
12.8583
12.1777
11.5067
10.8473
10.2016
9.5716
8.95917
8.36615
7.79418
7.24471
6.71891
6.21757
5.74106
21.881
22.7601
23.6337
24.4934
25.3322
26.1447
26.9269
27.6763
28.3911
29.0707
29.7147
30.3231
30.8959
31.4333
31.9354
32.402
32.8333
33.2293
33.59
33.9155
34.2061
34.4622
34.6841
34.8724
35.0278
35.1508
35.2421
35.3025
35.3328
35.3337
35.3059
35.2503
35.1676
35.0584
34.9235
34.7633
34.5785
34.3696
34.1371
33.8815
33.6034
33.3034
32.9823
32.6407
32.2796
31.8997
31.502
31.087
30.6554
30.2078
29.7445
29.2657
28.7716
28.2623
27.7381
27.199
26.6457
26.0784
25.4979
24.9048
24.3001
23.6845
23.0587
22.4233
21.7789
21.1259
20.4644
19.7947
19.117
18.4316
17.7392
17.0405
16.3368
15.6294
14.9203
14.2115
13.5052
12.8037
12.1096
11.4251
10.7526
10.0943
9.45244
8.8291
8.22635
7.64611
7.09016
6.55998
6.0566
5.58051
21.8616
22.7921
23.7148
24.6189
25.496
26.3401
27.1475
27.9163
28.6457
29.3361
29.988
30.6022
31.1793
31.7198
32.2242
32.6923
33.1244
33.5204
33.8804
34.2044
34.4927
34.7458
34.9641
35.1482
35.2989
35.4168
35.5028
35.5576
35.5822
35.5772
35.5436
35.4822
35.3938
35.2792
35.1389
34.9736
34.7838
34.5699
34.3323
34.0714
33.7879
33.4822
33.1551
32.8076
32.4406
32.055
31.6518
31.2319
30.796
30.3445
29.8778
29.396
28.8989
28.3866
27.8591
27.3162
26.7585
26.1864
25.6006
25.002
24.3917
23.7706
23.1395
22.4992
21.8502
21.1925
20.5264
19.8515
19.1678
18.4753
17.7742
17.0653
16.3496
15.6288
14.9048
14.18
13.457
12.7385
12.0273
11.326
10.6371
9.96317
9.30644
8.66926
8.05397
7.46293
6.89839
6.36234
5.85625
5.3808
21.8359
22.8353
23.8223
24.783
25.707
26.5881
27.4235
28.2125
28.9562
29.6565
30.3152
30.9342
31.5148
32.0581
32.5645
33.0342
33.467
33.863
34.222
34.5441
34.8296
35.079
35.2927
35.4717
35.6166
35.7284
35.8078
35.8559
35.8734
35.8614
35.8208
35.7525
35.6574
35.5363
35.3899
35.2187
35.0232
34.8037
34.5604
34.2936
34.0036
33.6912
33.357
33.0022
32.6278
32.2351
31.8253
31.3995
30.9585
30.5028
30.0325
29.5477
29.0478
28.5326
28.0015
27.4545
26.8917
26.3137
25.7213
25.1158
24.4984
23.8705
23.2332
22.5874
21.9334
21.2712
20.6005
19.9207
19.2311
18.531
17.8204
17.0995
16.3696
15.6324
14.8901
14.1456
13.402
12.6626
11.9306
11.2088
10.5001
9.80706
9.13211
8.47773
7.84655
7.24145
6.66546
6.12145
5.61167
5.13721
21.8031
22.8958
23.9677
24.9994
25.9793
26.9016
27.7657
28.5735
29.329
30.0362
30.6991
31.3209
31.9037
32.449
32.9573
33.4285
33.8623
34.2583
34.6163
34.9361
35.2181
35.4628
35.671
35.8436
35.9815
36.0859
36.1575
36.1975
36.2067
36.1863
36.1373
36.0608
35.9578
35.8293
35.676
35.4983
35.2967
35.0712
34.8218
34.5484
34.2513
33.9309
33.5882
33.2243
32.8408
32.4393
32.0214
31.5885
31.1417
30.6814
30.2078
29.7204
29.2184
28.7008
28.1665
27.615
27.0464
26.4612
25.8605
25.2462
24.6199
23.9836
23.3389
22.6869
22.0279
21.3617
20.6875
20.0038
19.3089
18.6016
17.8808
17.1466
16.4
15.6429
14.8783
14.1096
13.3409
12.576
11.8188
11.0726
10.3404
9.62471
8.92801
8.25264
7.60143
6.97794
6.38638
5.83117
5.31612
4.84316
21.7638
22.9862
24.1703
25.2903
26.334
27.2988
28.1884
29.0097
29.7707
30.4793
31.1419
31.7632
32.3463
32.8927
33.4028
33.8761
34.3115
34.708
35.0649
35.3821
35.6598
35.8987
36.1
36.2648
36.3944
36.4898
36.5523
36.5827
36.5822
36.5518
36.4928
36.4066
36.2945
36.1574
35.9964
35.8119
35.6041
35.3727
35.1171
34.8369
34.5318
34.2023
33.8492
33.4742
33.0792
32.6665
32.2385
31.797
31.3436
30.8788
30.4024
29.9137
29.4111
28.8924
28.3557
27.7998
27.2245
26.6304
26.0192
25.3932
24.7553
24.1084
23.4548
22.796
22.1324
21.4635
20.7877
20.1024
19.4046
18.6911
17.9602
17.2112
16.4451
15.6641
14.872
14.0735
13.2738
12.4781
11.6909
10.916
10.1565
9.41491
8.69302
7.9926
7.31625
6.66834
6.05481
5.48295
4.95989
4.48925
21.7226
23.1315
24.465
25.6909
26.8018
27.8038
28.7091
29.5321
30.2875
30.9883
31.6437
32.2601
32.8411
33.3882
33.901
34.3778
34.8161
35.214
35.5702
35.8843
36.1566
36.3884
36.5809
36.7361
36.8557
36.9408
36.9926
37.012
37
36.9578
36.887
36.7893
36.6663
36.5196
36.3501
36.1585
35.9448
35.7083
35.4474
35.1605
34.847
34.5069
34.1414
33.7523
33.3425
32.9153
32.4743
32.0223
31.5614
31.0921
30.6144
30.1267
29.6263
29.1094
28.572
28.0122
27.429
26.8238
26.1985
25.557
24.9033
24.2424
23.5777
22.9115
22.2441
21.5749
20.9012
20.2189
19.5223
18.8055
18.0653
17.3002
16.5112
15.701
14.8748
14.0388
13.2009
12.3677
11.5451
10.737
9.94687
9.17651
8.42696
7.69775
6.98998
6.3091
5.66311
5.06437
4.52806
4.06147
21.6964
23.3849
24.9143
26.2566
27.4263
28.4475
29.348
30.1515
30.8827
31.5621
32.2011
32.8077
33.3843
33.9328
34.4504
34.9344
35.3784
35.7798
36.1356
36.4461
36.7115
36.9339
37.1151
37.2583
37.366
37.4393
37.4792
37.486
37.4607
37.4046
37.3193
37.2078
37.0719
36.914
36.735
36.5364
36.3178
36.0785
35.8146
35.522
35.2
34.8477
34.4671
34.0597
33.6305
33.1833
32.7254
32.2601
31.7907
31.3172
30.8403
30.3573
29.865
29.3553
28.8203
28.2576
27.6651
27.0456
26.4009
25.7378
25.0614
24.3816
23.7025
23.0283
22.3582
21.6924
21.0266
20.3558
19.6686
18.9534
18.2061
17.4233
16.6077
15.7608
14.8913
14.0065
13.121
12.242
11.3782
10.5319
9.70858
8.90799
8.13149
7.37189
6.62489
5.8995
5.20332
4.55577
3.9958
3.53764
21.7473
23.8671
25.6329
27.0703
28.2644
29.2646
30.1261
30.8744
31.552
32.1939
32.8044
33.3979
33.9674
34.5215
35.0475
35.548
36.0017
36.4106
36.7655
37.0722
37.3278
37.538
37.7036
37.831
37.9251
37.9855
38.0125
38.0058
37.9651
37.8926
37.7889
37.6609
37.5087
37.3381
37.1476
36.9425
36.7201
36.4835
36.2223
35.9255
35.596
35.2285
34.8307
34.3981
33.9437
33.4661
32.9868
32.503
32.0254
31.5467
31.0746
30.6006
30.1281
29.6373
29.1081
28.5452
27.9394
27.3033
26.6295
25.9372
25.2237
24.5194
23.8197
23.1388
22.4656
21.8097
21.1586
20.5161
19.8548
19.147
18.3976
17.5933
16.7488
15.8529
14.9296
13.9749
13.0315
12.094
11.1857
10.2936
9.43735
8.60461
7.81153
7.02775
6.22854
5.44775
4.67337
3.921
3.31683
2.88061
22.1284
24.8587
26.8241
28.234
29.3814
30.2809
31.0666
31.699
32.2722
32.8702
33.432
34.022
34.5723
35.15
35.681
36.2284
36.6892
37.1184
37.4645
37.7715
38.0088
38.2057
38.3468
38.4509
38.5322
38.5791
38.5938
38.5742
38.5146
38.4251
38.2929
38.1481
37.9714
37.7903
37.5805
37.373
37.1423
36.9235
36.6808
36.3754
36.0465
35.6522
35.2438
34.7674
34.2897
33.751
33.2541
32.7365
32.2611
31.7663
31.3112
30.8411
30.4172
29.9741
29.444
28.8941
28.2571
27.6147
26.8845
26.1665
25.3725
24.6501
23.9096
23.2378
22.5478
21.9196
21.2777
20.7033
20.1078
19.4002
18.668
17.8207
16.9636
15.9843
15.013
13.9269
12.9331
11.904
10.9697
10.0037
9.13206
8.24397
7.47804
6.70573
5.80555
4.98666
4.11167
3.07275
2.39595
2.02535
24.0164
26.9513
28.8147
29.7753
30.8552
31.4605
32.2277
32.6083
32.9562
33.5982
34.0185
34.7029
35.1374
35.845
36.2904
37.0329
37.4215
37.9456
38.2189
38.5706
38.7475
38.9533
39.0425
39.103
39.1883
39.2185
39.2241
39.1994
39.1065
39.0186
38.8144
38.6808
38.4399
38.2831
38.0096
37.8364
37.5468
37.3974
37.2288
36.8584
36.5906
36.0957
35.7542
35.1381
34.7229
33.9754
33.5505
32.9085
32.5244
31.9281
31.5689
31.0144
30.7335
30.4357
29.8079
29.3681
28.5819
28.0521
27.1213
26.505
25.4176
24.8065
23.9001
23.3626
22.5407
22.049
21.2991
20.9203
20.522
19.6881
19.1041
18.0616
17.3543
16.1038
15.2612
13.7458
12.8853
11.5773
10.799
9.5776
8.85033
7.70728
7.15361
6.56773
5.26538
4.60627
3.78593
1.70299
1.03409
0.855663
5.54553
5.02714
4.53706
4.07386
3.6358
3.22085
2.82682
2.45144
2.09236
1.74727
1.4139
1.09001
0.77341
0.461989
0.153654
5.51615
4.99875
4.51009
4.04866
3.61262
3.19987
2.80814
2.43508
2.07833
1.73553
1.4044
1.08269
0.768223
0.458894
0.152625
5.4569
4.94154
4.4558
3.99799
3.56609
3.15781
2.77073
2.40238
2.0503
1.7121
1.38545
1.0681
0.757889
0.452729
0.150577
5.36675
4.85463
4.37349
3.92135
3.49588
3.09449
2.71454
2.35336
2.00837
1.67709
1.35717
1.04635
0.742494
0.44355
0.147527
5.24409
4.73665
4.26209
3.81798
3.40151
3.00969
2.63952
2.2881
1.95269
1.63071
1.31976
1.01762
0.722174
0.431442
0.143505
5.08664
4.58569
4.12017
3.68691
3.28244
2.90319
2.54571
2.20681
1.88354
1.57325
1.27353
0.982163
0.697132
0.416532
0.138554
4.89127
4.39925
3.94589
3.527
3.13809
2.77485
2.43328
2.10983
1.80138
1.5052
1.21891
0.940362
0.667646
0.398991
0.132733
4.65378
4.17408
3.7371
3.33702
2.96803
2.62479
2.30269
1.99782
1.70691
1.42725
1.15652
0.892714
0.634087
0.379047
0.126117
4.36855
3.9061
3.49132
3.11591
2.77216
2.45355
2.15482
1.8718
1.60118
1.34035
1.08717
0.839875
0.596931
0.356987
0.118802
4.02793
3.59038
3.20613
2.86308
2.55109
2.26239
1.99122
1.73333
1.48563
1.24577
1.01193
0.782668
0.556763
0.333161
0.110906
3.62152
3.22128
2.8797
2.57912
2.30669
2.05367
1.81428
1.58466
1.36222
1.14514
0.9321
0.722087
0.514281
0.307983
0.102565
3.13536
2.79347
2.51223
2.26696
2.04283
1.8313
1.62754
1.42879
1.23342
1.04045
0.849224
0.659285
0.470282
0.28192
0.093932
2.55217
2.30497
2.10872
1.93364
1.76633
1.60111
1.43576
1.2695
1.10221
0.933999
0.765046
0.595537
0.425635
0.255476
0.0851742
1.85785
1.76547
1.68401
1.5925
1.4877
1.37105
1.24485
1.11122
0.971902
0.828272
0.68141
0.53217
0.381237
0.229173
0.0764611
1.07314
1.21504
1.26932
1.26463
1.2209
1.15051
1.06135
0.958611
0.845888
0.725761
0.60014
0.470488
0.337962
0.203512
0.0679574
9.99913
9.99697
9.99346
9.98757
9.97801
9.96308
9.9404
9.90651
9.85598
9.77971
9.66074
9.46258
9.08908
8.21945
5.52128
9.96868
9.90495
9.83785
9.7648
9.68264
9.58723
9.47286
9.33121
9.14937
8.90607
8.56353
8.04857
7.20641
5.68775
2.72705
9.93898
9.81526
9.68637
9.54835
9.39644
9.22451
9.02424
8.78377
8.48538
8.10131
7.586
6.86173
5.79349
4.15742
1.66433
9.91045
9.72916
9.5412
9.34152
9.12413
8.88145
8.60351
8.27653
7.88086
7.38763
6.75355
5.91372
4.77486
3.22221
1.18185
9.88342
9.6477
9.40416
9.14698
8.86935
8.56287
8.21681
7.81696
7.34406
6.77174
6.06396
5.17332
4.04356
2.62567
0.923918
9.85815
9.57166
9.27658
8.96663
8.63458
8.27175
7.86744
7.40808
6.87628
6.24987
5.50134
4.59897
3.5123
2.22626
0.767421
9.83484
9.50157
9.15933
8.80163
8.42116
8.00943
7.55629
7.04949
6.47418
5.81279
5.04551
4.15258
3.11949
1.94683
0.663699
9.81356
9.4377
9.05281
8.65242
8.22944
7.77584
7.28239
6.73845
6.13184
5.44921
4.67694
3.80351
2.82358
1.74411
0.590715
9.79434
9.38011
8.95704
8.51889
8.05897
7.56991
7.04355
6.47091
5.8423
5.14785
4.3786
3.52838
2.59679
1.59272
0.537196
9.77715
9.32866
8.87173
8.40048
7.90873
7.38987
6.83684
6.24222
5.59845
4.89844
4.13647
3.30975
2.42033
1.47706
0.49678
9.7619
9.28308
8.79635
8.29629
7.7773
7.23354
6.65901
6.04765
5.39366
4.69203
3.9393
3.13467
2.28124
1.38709
0.465587
9.74847
9.24299
8.73022
8.20525
7.66306
7.09858
6.50674
5.88267
5.22195
4.5211
3.77816
2.99347
2.17044
1.3161
0.441112
9.73672
9.20795
8.67257
8.12616
7.56429
6.9826
6.37685
5.74313
5.07811
4.37939
3.646
2.87888
2.08137
1.25946
0.42166
9.72649
9.1775
8.62258
8.0578
7.47929
6.88333
6.26638
5.62532
4.95765
4.26175
3.53726
2.7854
2.00924
1.21384
0.406043
9.71764
9.15117
8.57942
7.99896
7.40642
6.79862
6.17264
5.52599
4.85679
4.16396
3.44753
2.70878
1.95047
1.17684
0.393403
9.71001
9.12849
8.54233
7.94851
7.34414
6.72652
6.09325
5.44232
4.77233
4.08257
3.37328
2.64573
1.90234
1.14663
0.383106
9.70346
9.10903
8.51054
7.90538
7.29106
6.6653
6.02611
5.37189
4.70158
4.01474
3.31171
2.59369
1.86276
1.12186
0.374673
9.69786
9.09238
8.48339
7.86861
7.24592
6.6134
5.96939
5.31263
4.64231
3.95815
3.26056
2.55061
1.83009
1.10147
0.367737
9.69307
9.07818
8.46025
7.83733
7.20761
6.56946
5.92154
5.2628
4.59263
3.9109
3.21798
2.51486
1.80305
1.08461
0.362011
9.68899
9.0661
8.44058
7.81078
7.17515
6.53232
5.88118
5.2209
4.55099
3.8714
3.1825
2.48514
1.78062
1.07065
0.357271
9.68553
9.05583
8.42389
7.78827
7.14768
6.50096
5.84718
5.18567
4.51607
3.83836
3.15288
2.46039
1.76197
1.05906
0.353337
9.68259
9.04713
8.40974
7.76922
7.12446
6.47449
5.81854
5.15607
4.48679
3.8107
3.12815
2.43975
1.74644
1.04941
0.350066
9.6801
9.03976
8.39777
7.75312
7.10485
6.45217
5.79444
5.13119
4.46222
3.78755
3.10747
2.42252
1.73349
1.04137
0.347341
9.678
9.03352
8.38765
7.73952
7.08831
6.43337
5.77415
5.11029
4.44161
3.76815
3.09017
2.40812
1.72267
1.03467
0.34507
9.67622
9.02826
8.37911
7.72804
7.07437
6.41754
5.75709
5.09273
4.42432
3.7519
3.07568
2.39608
1.71364
1.02907
0.343173
9.67472
9.02382
8.37191
7.71837
7.06263
6.40421
5.74275
5.07798
4.40981
3.73827
3.06356
2.38601
1.70609
1.02439
0.341588
9.67345
9.02007
8.36584
7.71022
7.05274
6.39301
5.73069
5.0656
4.39764
3.72685
3.0534
2.37758
1.69977
1.02048
0.340263
9.67239
9.01692
8.36073
7.70337
7.04443
6.38359
5.72057
5.05521
4.38743
3.71728
3.0449
2.37052
1.69448
1.01721
0.339156
9.67149
9.01426
8.35643
7.6976
7.03745
6.37567
5.71207
5.04649
4.37888
3.70926
3.03778
2.36461
1.69006
1.01447
0.338229
9.67074
9.01204
8.35282
7.69276
7.03158
6.36903
5.70494
5.03918
4.37171
3.70255
3.03181
2.35967
1.68636
1.01218
0.337455
9.6701
9.01017
8.34979
7.6887
7.02666
6.36347
5.69897
5.03306
4.36571
3.69693
3.02683
2.35554
1.68327
1.01027
0.336807
9.66957
9.0086
8.34725
7.6853
7.02255
6.35882
5.69397
5.02794
4.36069
3.69224
3.02267
2.35209
1.68069
1.00867
0.336267
9.66913
9.00729
8.34513
7.68247
7.01911
6.35493
5.68981
5.02368
4.35651
3.68833
3.0192
2.34922
1.67854
1.00734
0.335817
9.66876
9.0062
8.34337
7.6801
7.01625
6.3517
5.68634
5.02012
4.35303
3.68507
3.01631
2.34683
1.67676
1.00624
0.335443
9.66846
9.0053
8.34191
7.67814
7.01388
6.34902
5.68347
5.01719
4.35015
3.68238
3.01392
2.34485
1.67528
1.00532
0.335134
9.66821
9.00455
8.3407
7.67653
7.01193
6.34681
5.6811
5.01477
4.34778
3.68017
3.01196
2.34323
1.67406
1.00457
0.33488
9.668
9.00395
8.33972
7.67522
7.01034
6.34502
5.67918
5.0128
4.34585
3.67837
3.01036
2.34191
1.67307
1.00396
0.334673
9.66784
9.00346
8.33893
7.67416
7.00907
6.34357
5.67763
5.01121
4.34431
3.67692
3.00908
2.34085
1.67228
1.00347
0.334507
9.66771
9.00308
8.33831
7.67333
7.00806
6.34244
5.67642
5.00997
4.34309
3.67578
3.00807
2.34001
1.67166
1.00309
0.334377
9.66761
9.00279
8.33785
7.67271
7.0073
6.34158
5.6755
5.00903
4.34217
3.67492
3.00731
2.33938
1.67119
1.00279
0.334279
9.66754
9.00258
8.33751
7.67226
7.00677
6.34098
5.67485
5.00837
4.34152
3.67431
3.00677
2.33894
1.67085
1.00259
0.334209
9.6675
9.00246
8.33731
7.67199
7.00644
6.3406
5.67445
5.00796
4.34112
3.67394
3.00644
2.33866
1.67065
1.00246
0.334166
9.66748
9.00241
8.33723
7.67188
7.0063
6.34045
5.67428
5.00779
4.34095
3.67378
3.0063
2.33855
1.67056
1.00241
0.334148
9.66749
9.00243
8.33726
7.67192
7.00635
6.34051
5.67435
5.00785
4.34102
3.67384
3.00636
2.33859
1.6706
1.00243
0.334155
9.66752
9.00252
8.33741
7.67212
7.0066
6.34079
5.67465
5.00816
4.34132
3.67412
3.0066
2.3388
1.67075
1.00252
0.334187
9.66758
9.00269
8.33769
7.67249
7.00705
6.34129
5.67519
5.00871
4.34186
3.67463
3.00705
2.33917
1.67103
1.00269
0.334245
9.66766
9.00294
8.33809
7.67304
7.00771
6.34204
5.67599
5.00953
4.34266
3.67537
3.00771
2.33971
1.67143
1.00295
0.33433
9.66778
9.00328
8.33865
7.67378
7.0086
6.34304
5.67707
5.01064
4.34374
3.67639
3.00861
2.34046
1.67199
1.00329
0.334446
9.66793
9.00372
8.33936
7.67473
7.00975
6.34435
5.67846
5.01206
4.34514
3.67769
3.00977
2.34141
1.67271
1.00373
0.334596
9.66811
9.00428
8.34025
7.67593
7.0112
6.34599
5.68022
5.01386
4.34689
3.67933
3.01122
2.34262
1.67361
1.00429
0.334784
9.66834
9.00496
8.34136
7.67741
7.01299
6.34801
5.68238
5.01607
4.34906
3.68136
3.01302
2.3441
1.67472
1.00498
0.335017
9.66862
9.00579
8.3427
7.67921
7.01517
6.35047
5.68502
5.01878
4.35171
3.68384
3.01521
2.34592
1.67607
1.00581
0.3353
9.66897
9.0068
8.34433
7.68139
7.01781
6.35345
5.68822
5.02205
4.35491
3.68683
3.01787
2.34812
1.67772
1.00683
0.335644
9.66937
9.00801
8.34629
7.68402
7.02099
6.35705
5.69207
5.02599
4.35877
3.69044
3.02107
2.35077
1.6797
1.00806
0.336059
9.66987
9.00946
8.34864
7.68716
7.0248
6.36135
5.69669
5.03072
4.36341
3.69478
3.02491
2.35395
1.68208
1.00953
0.336557
9.67045
9.01119
8.35145
7.69093
7.02935
6.36651
5.70222
5.03638
4.36896
3.69997
3.02951
2.35776
1.68493
1.01129
0.337154
9.67115
9.01326
8.35481
7.69542
7.03479
6.37266
5.70882
5.04315
4.37559
3.70617
3.03502
2.36232
1.68834
1.0134
0.337869
9.67199
9.01573
8.3588
7.70078
7.04128
6.38
5.7167
5.05122
4.38351
3.71359
3.0416
2.36778
1.69243
1.01593
0.338723
9.67298
9.01867
8.36356
7.70715
7.04901
6.38875
5.72609
5.06085
4.39295
3.72244
3.04946
2.37429
1.6973
1.01895
0.339744
9.67416
9.02216
8.36921
7.71473
7.0582
6.39916
5.73728
5.07233
4.40422
3.73299
3.05884
2.38207
1.70312
1.02255
0.340964
9.67556
9.0263
8.37593
7.72374
7.06913
6.41154
5.75059
5.086
4.41764
3.74558
3.07003
2.39135
1.71008
1.02686
0.342423
9.67722
9.03122
8.3839
7.73445
7.08211
6.42627
5.76643
5.10227
4.43364
3.7606
3.08338
2.40244
1.71839
1.032
0.344166
9.67919
9.03705
8.39336
7.74714
7.09753
6.44377
5.78528
5.12165
4.45271
3.77851
3.09933
2.41569
1.72833
1.03816
0.34625
9.68152
9.04396
8.40457
7.7622
7.11583
6.46456
5.80768
5.14472
4.47543
3.79987
3.11837
2.43152
1.74021
1.04552
0.348745
9.68428
9.05213
8.41784
7.78005
7.13754
6.48924
5.83432
5.17217
4.50251
3.82537
3.14111
2.45046
1.75443
1.05434
0.351734
9.68755
9.06179
8.43353
7.80117
7.16325
6.51852
5.86596
5.20484
4.53479
3.8558
3.1683
2.47312
1.77147
1.06492
0.355319
9.6914
9.0732
8.45207
7.82614
7.1937
6.55325
5.90355
5.24371
4.57326
3.89215
3.20083
2.50027
1.7919
1.07761
0.359624
9.69593
9.08665
8.47394
7.85564
7.22971
6.59438
5.94817
5.28996
4.61913
3.93557
3.23977
2.53283
1.81645
1.09288
0.364804
9.70127
9.10247
8.4997
7.89042
7.27225
6.64308
6.00111
5.34497
4.67384
3.9875
3.28645
2.57195
1.84599
1.11127
0.371049
9.70753
9.12105
8.52997
7.93137
7.32244
6.70067
6.06389
5.4104
4.7391
4.04964
3.34248
2.61902
1.88161
1.13348
0.378596
9.71486
9.14281
8.56548
7.97948
7.38154
6.76867
6.13826
5.48818
4.81698
4.12406
3.40981
2.67577
1.92467
1.16038
0.387746
9.72341
9.16823
8.60702
8.03587
7.451
6.84886
6.22629
5.58062
4.90994
4.21329
3.49089
2.74438
1.97689
1.19308
0.398881
9.73337
9.19783
8.65546
8.1018
7.53245
6.94324
6.33034
5.69042
5.02094
4.32039
3.58872
2.82754
2.04044
1.23298
0.412491
9.7449
9.23216
8.71175
8.1786
7.62767
7.05407
6.45315
5.82075
5.15349
4.44911
3.70702
2.92869
2.11812
1.28193
0.429219
9.75821
9.27181
8.77689
8.26775
7.73865
7.18386
6.59781
5.9753
5.3118
4.60402
3.85048
3.05224
2.21358
1.34237
0.44992
9.77349
9.31737
8.8519
8.37076
7.86744
7.33534
6.76779
6.15828
5.50086
4.7907
4.02497
3.20385
2.33163
1.41755
0.475755
9.79092
9.36941
8.9378
8.48915
8.01623
7.51144
6.9669
6.37453
5.72653
5.01596
4.23791
3.39092
2.47877
1.51196
0.508337
9.81066
9.42845
9.03552
8.62439
8.18712
7.71514
7.19919
6.62941
5.99563
5.28807
4.49872
3.62325
2.66384
1.63194
0.549983
9.83287
9.49494
9.14587
8.77778
8.38211
7.94936
7.46886
6.92873
6.31593
5.61698
4.8193
3.91387
2.89924
1.78666
0.604135
9.85762
9.56916
9.26943
8.95032
8.60284
8.21671
7.77993
7.27848
6.69606
6.01444
5.2147
4.28029
3.20266
1.98996
0.676163
9.88494
9.65121
9.40643
9.14254
8.8504
8.51921
8.13591
7.68444
7.14504
6.49389
5.70362
4.74614
3.59988
2.26344
0.774945
9.91477
9.74092
9.55668
9.35437
9.12505
8.85787
8.53919
8.15142
7.67162
7.06994
6.30861
5.34308
4.12914
2.6425
0.91636
9.94695
9.83784
9.71948
9.58494
9.42598
9.23229
8.99044
8.6823
8.28279
7.75682
7.05539
6.1125
4.84774
3.18788
1.13178
9.98121
9.94117
9.89351
9.83246
9.75099
9.64012
9.48769
9.27658
8.98177
8.56551
7.9698
7.10541
5.8407
4.0084
1.49127
10.0172
10.0498
10.0768
10.0941
10.0964
10.0768
10.0257
9.92896
9.76503
9.49877
9.07076
8.37627
7.22778
5.30446
2.17393
10.0544
10.1622
10.2669
10.3662
10.457
10.5353
10.5952
10.628
10.6193
10.5443
10.3567
9.96234
9.15289
7.43881
3.70197
10.0923
10.2767
10.4608
10.6441
10.8263
11.0065
11.1836
11.3558
11.5195
11.668
11.7862
11.8366
11.7061
10.9778
7.77656
10.1303
10.3916
10.6552
10.9229
11.1968
11.4797
11.7754
12.0894
12.4303
12.8126
13.2627
13.8363
14.6745
16.234
20.4288
10.1677
10.5047
10.8467
11.1973
11.5611
11.9441
12.3544
12.8043
13.3123
13.91
14.6533
15.6523
17.1419
19.6599
24.4102
10.2041
10.6145
11.0321
11.4624
11.912
12.3893
12.906
13.4786
14.1321
14.906
15.8662
17.1273
18.895
21.5353
25.6364
0.441196
0.790764
0.943223
0.999858
1.00073
0.965553
0.905571
0.827853
0.737149
0.636817
0.529329
0.416574
0.300051
0.180999
0.0604914
0.236716
0.541933
0.713303
0.797866
0.825603
0.814621
0.776259
0.71799
0.644973
0.560921
0.468606
0.370172
0.267338
0.161541
0.0540336
0.149049
0.386044
0.543657
0.635326
0.677355
0.682691
0.660762
0.61836
0.560452
0.490756
0.412126
0.32682
0.236681
0.14327
0.0479634
0.103815
0.285276
0.419801
0.507249
0.554578
0.569688
0.559474
0.52949
0.484111
0.426789
0.360277
0.28682
0.208293
0.126312
0.0423237
0.0767518
0.217098
0.328631
0.407028
0.454169
0.474265
0.471908
0.451304
0.416059
0.369198
0.313247
0.250338
0.182301
0.110748
0.0371409
0.0588246
0.168927
0.260469
0.328506
0.372535
0.394428
0.397008
0.383278
0.356068
0.317915
0.271046
0.217414
0.158749
0.0966072
0.0324264
0.0461372
0.133644
0.208627
0.266653
0.30627
0.327998
0.33343
0.324609
0.303673
0.27268
0.233536
0.187983
0.137609
0.0838817
0.0281781
0.0367601
0.107056
0.168556
0.217583
0.252422
0.27288
0.279747
0.27435
0.258258
0.233102
0.200476
0.161897
0.118796
0.0725275
0.0243828
0.0296212
0.0865765
0.137146
0.178361
0.208557
0.227198
0.234576
0.231513
0.219135
0.198709
0.171546
0.138948
0.102182
0.062475
0.0210185
0.0240702
0.0705303
0.112229
0.14679
0.172715
0.189336
0.196652
0.195142
0.185598
0.168992
0.146389
0.118893
0.0876096
0.0536366
0.0180569
0.0196858
0.0577901
0.0922667
0.121214
0.143332
0.157932
0.164854
0.164349
0.156963
0.143436
0.124629
0.101465
0.0749037
0.0459132
0.0154662
0.0161813
0.0475684
0.0761435
0.100379
0.119169
0.131859
0.138212
0.138332
0.13259
0.121547
0.105892
0.0863968
0.0638834
0.0392007
0.0132122
0.0133538
0.0392988
0.0630332
0.0833235
0.099239
0.110186
0.115895
0.116383
0.111897
0.102858
0.0898198
0.0734233
0.0543688
0.0333945
0.0112607
0.011056
0.0325638
0.0523139
0.0693054
0.0827586
0.0921482
0.0972041
0.0978887
0.0943627
0.0869456
0.0760791
0.0622946
0.0461867
0.0283932
0.00957839
0.00917746
0.027049
0.0435097
0.0577436
0.0690991
0.077119
0.081547
0.0823168
0.0795297
0.0734275
0.0643638
0.0527784
0.0391748
0.0241007
0.00813338
0.00763453
0.0225135
0.0362514
0.0481798
0.057755
0.0645831
0.0684293
0.0692138
0.066998
0.061965
0.0543988
0.0446633
0.0331834
0.0204281
0.00689626
0.00636238
0.0187702
0.0302491
0.0402497
0.048318
0.0541171
0.0574369
0.0581936
0.0564218
0.0522609
0.0459396
0.037759
0.0280772
0.0172945
0.0058401
0.00531025
0.0156718
0.025273
0.0336609
0.0404563
0.0453723
0.0482236
0.0489285
0.0475039
0.0440566
0.038771
0.0318967
0.0237353
0.0146272
0.00494063
0.00443791
0.0131011
0.0211392
0.0281775
0.0338991
0.0380606
0.0405003
0.0411416
0.0399902
0.0371282
0.032705
0.0269279
0.0200503
0.0123616
0.00417626
0.0037132
0.0109643
0.0176996
0.0236081
0.028425
0.0319441
0.0340255
0.0345992
0.033664
0.0312833
0.027579
0.022723
0.0169284
0.0104407
0.00352794
0.00311019
0.00918552
0.0148338
0.0197965
0.0238518
0.0268255
0.0285972
0.0291041
0.028341
0.0263573
0.0232525
0.0191695
0.0142876
0.00881471
0.002979
0.00260786
0.00770322
0.012444
0.0166146
0.0200295
0.0225413
0.0240468
0.0244907
0.0238653
0.0222096
0.0196049
0.0161705
0.0120571
0.0074406
0.00251495
0.00218908
0.00646708
0.0104498
0.0139575
0.0168342
0.0189555
0.0202335
0.0206194
0.0201049
0.0187205
0.0165334
0.0136429
0.0101758
0.00628108
0.00212328
0.00183982
0.00543589
0.00878553
0.0117382
0.0141632
0.0159552
0.0170393
0.0173732
0.0169482
0.0157888
0.0139501
0.0115154
0.00859145
0.00530415
0.00179321
0.00154856
0.00457577
0.00739677
0.00988535
0.0119315
0.0134463
0.014366
0.0146538
0.0143014
0.0133284
0.0117805
0.00972749
0.00725929
0.00448246
0.00151555
0.00130581
0.00385881
0.00623876
0.0083396
0.0100686
0.0113506
0.0121312
0.0123788
0.0120855
0.0112671
0.00996168
0.00822777
0.00614137
0.00379271
0.00128243
0.00110377
0.00326196
0.00527449
0.00705195
0.00851602
0.00960297
0.0102664
0.0104792
0.010234
0.00954378
0.00844027
0.00697274
0.00520551
0.00321514
0.0010872
0.000935971
0.00276623
0.0044734
0.00598186
0.0072252
0.00814929
0.00871452
0.00889745
0.00869157
0.00810736
0.00717154
0.00592574
0.00442453
0.00273306
0.000924238
0.000797108
0.00235594
0.00381026
0.00509578
0.006156
0.00694471
0.00742799
0.00758561
0.00741173
0.006915
0.00611798
0.00505603
0.00377564
0.00233244
0.000788796
0.000682809
0.0020182
0.00326429
0.00436611
0.00527528
0.00595214
0.00636752
0.00650387
0.006356
0.00593109
0.00524834
0.00433794
0.00323976
0.00200155
0.000676919
0.000589493
0.00174244
0.00281847
0.00377017
0.00455581
0.00514109
0.00550073
0.00561944
0.00549256
0.00512617
0.00453671
0.00375021
0.00280108
0.00173064
0.000585319
0.000514251
0.00152008
0.00245894
0.00328952
0.00397541
0.00448668
0.00480118
0.00490548
0.00479539
0.0044761
0.00396187
0.00327536
0.00244661
0.00151172
0.000511291
0.000454745
0.00134422
0.00217456
0.0029093
0.00351623
0.00396886
0.00424755
0.00434034
0.00424344
0.00396135
0.00350662
0.00289925
0.00216581
0.00133828
0.000452644
0.00040913
0.00120941
0.00195656
0.00261779
0.00316415
0.00357178
0.00382296
0.00390687
0.00382004
0.00356644
0.00315732
0.00261064
0.00195033
0.00120519
0.000407635
0.000375995
0.00111148
0.0017982
0.00240603
0.00290838
0.0032833
0.00351448
0.00359193
0.0035124
0.00327949
0.0029035
0.00240093
0.00179375
0.00110846
0.000374927
0.000354315
0.00104741
0.00169459
0.00226749
0.00274106
0.00309461
0.00331273
0.00338597
0.00331122
0.00309186
0.00273755
0.00226382
0.00169139
0.00104524
0.000353547
0.000343419
0.00101521
0.00164253
0.00219792
0.00265706
0.00299992
0.00321154
0.00328272
0.00321044
0.00299791
0.0026545
0.00219523
0.00164019
0.00101363
0.000342858
0.000342968
0.00101389
0.00164042
0.00219514
0.00265379
0.00299634
0.00320783
0.00327907
0.00320701
0.00299483
0.00265186
0.00219312
0.00163866
0.00101269
0.000342546
0.000352941
0.00104338
0.00168815
0.00225905
0.00273112
0.00308373
0.00330149
0.00337491
0.00330083
0.00308254
0.0027296
0.00225746
0.00168676
0.00104243
0.000352608
0.000373637
0.00110456
0.00178716
0.00239158
0.00289138
0.00326473
0.00349533
0.00357314
0.00349478
0.00326371
0.00289008
0.00239022
0.00178598
0.00110376
0.000373352
0.000405681
0.0011993
0.00194045
0.00259672
0.00313942
0.00354483
0.00379525
0.00387977
0.00379472
0.00354386
0.00313818
0.00259543
0.00193932
0.00119853
0.000405412
0.000450046
0.00133045
0.00215266
0.0028807
0.00348276
0.00393252
0.00421034
0.00430411
0.00420978
0.00393149
0.00348144
0.00287933
0.00215146
0.00132964
0.000449759
0.000508078
0.00150201
0.00243023
0.00325215
0.00393182
0.00443956
0.00475319
0.00485904
0.00475253
0.00443835
0.00393027
0.00325052
0.00242881
0.00150105
0.000507738
0.00058154
0.00171918
0.0027816
0.00372233
0.00450025
0.00508136
0.00544028
0.00556139
0.00543943
0.00507981
0.00449827
0.00372026
0.00277979
0.00171795
0.000581107
0.000672665
0.00198856
0.00321744
0.00430555
0.0052053
0.00587739
0.00629247
0.00643247
0.00629134
0.00587532
0.00520265
0.00430278
0.00321503
0.00198693
0.000672087
0.000784225
0.00231835
0.00375101
0.00501951
0.0060684
0.00685183
0.00733562
0.00749871
0.00733407
0.00684899
0.00606477
0.00501572
0.0037477
0.00231611
0.000783432
0.000919614
0.00271858
0.00439853
0.00588594
0.00711577
0.00803428
0.0086014
0.00879245
0.00859924
0.00803034
0.00711072
0.00588066
0.00439393
0.00271546
0.000918511
0.00108295
0.00320143
0.0051797
0.00693118
0.00837926
0.00946067
0.0101282
0.010353
0.0101252
0.00945514
0.00837219
0.00692379
0.00517327
0.00319706
0.00108141
0.00127922
0.00378161
0.00611832
0.00818705
0.0098973
0.0111743
0.0119625
0.0122276
0.0119583
0.0111666
0.00988735
0.00817665
0.00610927
0.00377546
0.00127705
0.00151439
0.00447679
0.00724298
0.00969178
0.0117161
0.0132274
0.0141599
0.0144732
0.0141539
0.0132164
0.011702
0.00967713
0.00723022
0.00446814
0.00151133
0.00179565
0.0053082
0.00858796
0.0114912
0.0138909
0.0156822
0.0167872
0.0171579
0.0167787
0.0156668
0.0138712
0.0114706
0.00856996
0.00529598
0.00179133
0.00213159
0.0063012
0.0101943
0.0136402
0.0164881
0.0186136
0.0199241
0.0203632
0.0199122
0.0185918
0.0164602
0.0136111
0.0101689
0.00628397
0.00212549
0.00253247
0.00748616
0.0121111
0.0162044
0.0195868
0.0221106
0.0236661
0.0241863
0.0236493
0.0220799
0.0195474
0.0161632
0.0120753
0.00746183
0.00252386
0.00301057
0.00889934
0.0143969
0.019262
0.0232815
0.0262799
0.0281269
0.0287431
0.0281032
0.0262365
0.023226
0.0192039
0.0143463
0.00886501
0.00299842
0.00358056
0.0105841
0.0171219
0.0229067
0.0276851
0.0312484
0.0334421
0.0341721
0.0334086
0.0311872
0.0276067
0.0228247
0.0170505
0.0105356
0.00356342
0.00425996
0.0125921
0.0203695
0.0272501
0.0329322
0.0371678
0.0397734
0.0406378
0.0397261
0.0370813
0.0328214
0.0271343
0.0202687
0.0125237
0.00423576
0.0050697
0.0149853
0.0242397
0.0324254
0.0391834
0.0442187
0.0473136
0.0483364
0.0472467
0.0440966
0.0390271
0.032262
0.0240974
0.0148887
0.00503554
0.00603481
0.0178375
0.0288518
0.0385919
0.0466304
0.0526166
0.0562922
0.0575015
0.0561978
0.0524442
0.0464098
0.0383612
0.0286508
0.0177012
0.00598658
0.00718521
0.0212371
0.0343483
0.0459397
0.0555021
0.0626187
0.0669828
0.0684111
0.0668496
0.0623753
0.0551906
0.045614
0.0340646
0.0210446
0.00711711
0.0085567
0.0252898
0.0408998
0.054696
0.0660718
0.0745314
0.0797116
0.0813961
0.0795235
0.0741878
0.0656321
0.0542362
0.0404994
0.025018
0.00846056
0.0101922
0.0301222
0.0487104
0.0651327
0.0786659
0.0887208
0.094867
0.0968504
0.0946015
0.0882357
0.0780451
0.0644835
0.0481451
0.0297385
0.0100565
0.0121431
0.035886
0.0580247
0.0775749
0.0936747
0.105624
0.112912
0.115243
0.112538
0.104939
0.0927983
0.0766584
0.0572266
0.0353443
0.0119515
0.0144713
0.0427634
0.0691359
0.0924123
0.111565
0.125761
0.1344
0.137131
0.133871
0.124795
0.110328
0.0911186
0.0680092
0.0419987
0.0142008
0.017251
0.0509735
0.0823963
0.110113
0.132896
0.149758
0.159987
0.163178
0.159241
0.148393
0.13115
0.108286
0.0808058
0.0498939
0.0168691
0.0205718
0.0607801
0.0982299
0.131237
0.158338
0.178359
0.190461
0.194175
0.189407
0.176432
0.155873
0.128659
0.0959844
0.0592559
0.0200327
0.0245419
0.0725017
0.117148
0.156461
0.188696
0.212456
0.226758
0.23106
0.22527
0.209737
0.185215
0.152821
0.113978
0.0703498
0.0237807
0.0292924
0.0865238
0.139767
0.1866
0.224936
0.25312
0.269998
0.27495
0.267897
0.249282
0.220023
0.181462
0.135291
0.0834856
0.0282177
0.0349826
0.103314
0.166836
0.222638
0.268224
0.301633
0.321516
0.327173
0.318551
0.296215
0.261288
0.215384
0.160518
0.0990247
0.0334651
0.0418069
0.123444
0.199266
0.265767
0.319964
0.359535
0.38291
0.389309
0.378726
0.351889
0.310175
0.255526
0.190344
0.117387
0.039664
0.0500033
0.147611
0.238165
0.317439
0.381858
0.428681
0.45609
0.463232
0.450186
0.417889
0.36804
0.302981
0.225569
0.139057
0.0469771
0.0598656
0.176673
0.284897
0.379422
0.455969
0.511302
0.543339
0.551171
0.535008
0.496073
0.436466
0.359011
0.267109
0.164593
0.0555912
0.0717577
0.211694
0.341139
0.453886
0.544807
0.610096
0.647392
0.655767
0.635638
0.588608
0.51728
0.425069
0.316019
0.19463
0.0657192
0.0861345
0.253998
0.408973
0.543503
0.651438
0.728324
0.771521
0.780151
0.754944
0.698009
0.61259
0.502818
0.373493
0.22989
0.0776014
0.103569
0.305251
0.490999
0.651583
0.779623
0.86994
0.919647
0.928025
0.896274
0.827184
0.724805
0.59414
0.440877
0.271178
0.0915067
0.124793
0.367565
0.590496
0.782256
0.933995
1.03975
1.09646
1.10376
1.06352
0.979467
0.856657
0.701149
0.519671
0.319389
0.107732
0.150748
0.443654
0.711634
0.940712
1.12029
1.2436
1.30758
1.31248
1.2612
1.15865
1.0112
0.826184
0.611519
0.375496
0.126599
0.182668
0.537046
0.859779
1.13353
1.34566
1.48864
1.55973
1.56021
1.49445
1.369
1.19184
0.971797
0.71819
0.44054
0.148451
0.222194
0.65241
1.04193
1.36913
1.61903
1.78358
1.86088
1.85392
1.76915
1.61525
1.40223
1.14071
0.841551
0.515605
0.173644
0.271561
0.796029
1.26735
1.6584
1.95166
2.13908
2.22053
2.20165
2.09182
1.90254
1.64628
1.33575
0.983504
0.601787
0.202535
0.33388
0.976549
1.54849
2.01556
2.35776
2.56816
2.64984
2.61252
2.46964
2.23632
1.92801
1.55975
1.14591
0.700138
0.235464
0.413618
1.20618
1.90244
2.45941
2.85538
3.0866
3.16176
3.09665
2.91024
2.62217
2.25134
1.81538
1.33048
0.811606
0.272735
0.517435
1.50266
2.3531
3.01505
3.46737
3.71339
3.77106
3.66499
3.42142
3.06545
2.61988
2.10497
1.53864
0.93695
0.314584
0.655721
1.89274
2.93464
3.71624
4.22258
4.47094
4.49402
4.32878
4.01062
3.57092
3.03655
2.43024
1.77134
1.07664
0.361153
0.845685
2.41829
3.69692
4.60853
5.15689
5.3849
5.34771
5.09872
4.68418
4.1421
3.50314
2.792
2.02888
1.23076
0.412452
1.11812
3.14797
4.71403
5.75304
6.31363
6.48298
6.34842
5.98359
5.44627
4.78053
4.01982
3.18982
2.31071
1.39888
0.468327
1.53386
4.19968
6.0971
7.22972
7.742
7.79203
7.50897
6.98818
6.29748
5.48485
4.58458
3.62173
2.61523
1.58
0.528432
2.22867
5.78497
8.01123
9.1371
9.49131
9.3323
8.83454
8.11069
7.23331
6.24999
5.19274
4.0839
2.93968
1.77243
0.59221
3.54917
8.29386
10.6894
11.5803
11.5969
11.1077
10.317
9.33972
8.24265
7.06639
5.83668
4.57061
3.28008
1.97387
0.658896
6.50413
12.434
14.4125
14.6303
14.0538
13.0924
11.929
10.6518
9.30691
7.91984
6.50581
5.07425
3.63134
2.18137
0.727533
14.3746
19.3179
19.3581
18.2319
16.7777
15.2172
13.6198
12.0109
10.4003
8.79194
7.18705
5.58572
3.98747
2.39153
0.797016
10.2422
10.7297
11.2265
11.7394
12.2768
12.849
13.4699
14.1585
14.9417
15.8593
16.9706
18.3628
20.1567
22.4823
25.3318
10.2809
10.8462
11.4222
12.017
12.6397
13.3018
14.0174
14.8053
15.6903
16.7055
17.8941
19.3085
21.0011
22.9912
25.1878
10.316
10.9519
11.5992
12.2666
12.9634
13.7008
14.4925
15.355
16.3087
17.3782
18.5915
19.9759
21.5479
23.2932
25.139
10.3474
11.0459
11.7562
12.4866
13.2463
14.0456
14.8967
15.8132
16.811
17.907
19.1177
20.4555
21.9211
23.4944
25.126
10.3748
11.1283
11.8931
12.6773
13.4894
14.3386
15.2352
16.1901
17.2149
18.3208
19.5167
20.8069
22.1864
23.6369
25.1253
10.3986
11.1992
12.0106
12.8401
13.6952
14.5842
15.5153
16.497
17.5377
18.6442
19.8213
21.0689
22.3805
23.7413
25.1284
10.4187
11.2595
12.11
12.977
13.8672
14.7875
15.7445
16.7449
17.7943
18.8971
20.055
21.2665
22.5251
23.819
25.132
10.4356
11.3098
12.1929
13.0907
14.0091
14.9538
15.9304
16.9435
17.9974
19.0945
20.2351
21.4169
22.6341
23.8775
25.135
10.4496
11.3513
12.261
13.1837
14.1246
15.0883
16.0794
17.1014
18.1572
19.2481
20.3737
21.5315
22.7166
23.9215
25.1371
10.4608
11.3849
12.3159
13.2586
14.2171
15.1955
16.1973
17.2254
18.2816
19.3668
20.48
21.6188
22.7789
23.9545
25.1383
10.4698
11.4114
12.3593
13.3174
14.2895
15.279
16.2888
17.321
18.3771
19.4572
20.5604
21.6844
22.8256
23.979
25.1389
10.4766
11.4317
12.3924
13.3622
14.3445
15.3422
16.3577
17.3927
18.4483
19.5243
20.6198
21.7327
22.8597
23.9967
25.1389
10.4815
11.4463
12.4162
13.3945
14.384
15.3875
16.4069
17.4438
18.4988
19.5718
20.6617
21.7665
22.8835
24.009
25.1387
10.4847
11.4558
12.4317
13.4153
14.4096
15.4167
16.4386
17.4766
18.5311
19.6021
20.6883
21.7881
22.8986
24.0167
25.1385
10.4863
11.4605
12.4393
13.4256
14.4221
15.431
16.4541
17.4926
18.5469
19.6168
20.7013
21.7985
22.906
24.0204
25.1384
27.7708
29.0578
31.0442
32.0928
33.5147
34.2773
35.2893
35.7695
36.2058
37.032
37.5638
38.4236
38.974
39.872
40.4578
41.4555
42.0039
42.78
43.223
43.8556
44.2191
44.7299
44.986
45.2357
45.7192
46.0517
46.6125
46.9972
47.6576
48.1204
48.9572
49.4431
50.1835
50.6219
51.2875
51.6801
52.2622
52.5573
52.8605
53.4757
53.9141
54.6902
55.2383
56.2226
56.9212
58.2238
58.9765
60.1457
60.8326
61.8953
62.5135
63.4465
63.9028
64.3682
65.3403
66.008
67.1961
67.9904
69.397
70.3321
72.0234
72.9446
74.3091
75.0648
76.1807
76.7901
77.6668
78.066
78.4422
79.2253
79.7163
80.5654
81.0795
81.9603
82.489
83.4191
83.8817
84.5646
84.9044
85.4467
85.7101
86.2029
86.3289
86.4901
87.265
87.078
86.316
84.7324
81.2171
72.0434
27.1138
28.6276
30.1279
31.3858
32.5684
33.548
34.4514
35.1896
35.8742
36.609
37.308
38.0518
38.7573
39.5111
40.2256
40.9848
41.6549
42.3144
42.89
43.4523
43.9432
44.4188
44.8297
45.2327
45.6835
46.1347
46.6371
47.1399
47.7045
48.2697
48.9018
49.4873
50.095
50.6479
51.2136
51.7252
52.2416
52.7019
53.1737
53.7264
54.3006
54.9665
55.6538
56.4522
57.267
58.1992
59.066
59.9748
60.7997
61.6486
62.4093
63.1763
63.8456
64.5249
65.324
66.1388
67.0746
68.0092
69.0705
70.108
71.257
72.2729
73.2896
74.1614
75.0121
75.7264
76.4031
76.9468
77.456
78.0261
78.5634
79.1465
79.6786
80.2459
80.7466
81.2643
81.6616
82.0157
82.2493
82.4303
82.4886
82.4715
82.2708
81.9212
81.4041
80.2863
78.3552
75.2032
70.0238
61.4989
26.7979
28.2168
29.56
30.7867
31.9141
32.9277
33.8512
34.6862
35.4698
36.2371
36.9871
37.7345
38.4704
39.2063
39.9284
40.6418
41.3204
41.9688
42.5758
43.151
43.6889
44.2001
44.6842
45.1601
45.6466
46.1435
46.6605
47.1931
47.75
48.3219
48.9126
49.4992
50.0844
50.6547
51.2171
51.7626
52.3008
52.8293
53.3699
53.9451
54.5545
55.2112
55.9082
56.6575
57.443
58.2681
59.0942
59.9235
60.7316
61.5279
62.2951
63.0459
63.7728
64.508
65.2841
66.0944
66.9539
67.8444
68.7771
69.7224
70.681
71.5991
72.4774
73.287
74.0389
74.7153
75.33
75.8758
76.3811
76.8731
77.3432
77.7999
78.2259
78.6262
78.9785
79.2816
79.5027
79.6388
79.6689
79.5894
79.3741
79.0035
78.4258
77.5925
76.4071
74.6644
72.1512
68.5922
63.647
57.0675
26.6099
27.9144
29.1597
30.3302
31.4231
32.4366
33.3781
34.2564
35.0882
35.8899
36.6693
37.4333
38.1831
38.9207
39.6433
40.3484
41.0289
41.6825
42.3066
42.9028
43.4724
44.0198
44.5498
45.0716
45.5942
46.1225
46.6608
47.2104
47.7731
48.3465
48.9285
49.5123
50.0948
50.672
51.2439
51.8099
52.3734
52.9385
53.5153
54.1138
54.7393
55.3968
56.0867
56.8099
57.561
58.3344
59.1171
59.9017
60.6795
61.448
62.2036
62.9488
63.6872
64.4313
65.1937
65.9782
66.7877
67.6177
68.4647
69.3166
70.1622
70.9814
71.763
72.4948
73.1729
73.7923
74.3546
74.8621
75.3242
75.7503
76.1411
76.4962
76.8091
77.0742
77.2801
77.4158
77.4648
77.4135
77.2452
76.9429
76.4823
75.8323
74.9478
73.7696
72.2116
70.151
67.452
63.9766
59.6224
54.424
26.4859
27.6968
28.8668
29.985
31.0461
32.0486
32.9956
33.8929
34.7494
35.5741
36.3733
37.152
37.9126
38.6564
39.3826
40.0898
40.7754
41.438
42.0768
42.6926
43.2872
43.8638
44.4266
44.9812
45.5331
46.0863
46.6441
47.2084
47.7799
48.358
48.9411
49.5265
50.1121
50.6962
51.2786
51.8599
52.4426
53.0303
53.6285
54.2428
54.8773
55.5349
56.2164
56.9212
57.6461
58.3866
59.1361
59.8888
60.6398
61.386
62.1259
62.8604
63.5924
64.3273
65.0706
65.8249
66.5907
67.3653
68.144
68.9188
69.6802
70.4169
71.1191
71.7788
72.3903
72.9502
73.4572
73.9123
74.3181
74.6772
74.9893
75.252
75.46
75.6063
75.6813
75.6738
75.5701
75.3555
75.0131
74.5233
73.8618
72.9977
71.8913
70.4926
68.7388
66.5557
63.8699
60.6255
56.8125
52.5109
26.3991
27.5378
28.6481
29.7216
30.7529
31.7402
32.6841
33.5879
34.4562
35.2942
36.1065
36.8963
37.666
38.4168
39.1488
39.8617
40.5547
41.2272
41.8795
42.5122
43.1272
43.727
44.3148
44.8943
45.4692
46.0428
46.6176
47.1952
47.7766
48.3616
48.9496
49.5397
50.1307
50.7221
51.3141
51.9074
52.5039
53.1062
53.7178
54.342
54.9814
55.6378
56.3117
57.0025
57.708
58.425
59.1495
59.8777
60.606
61.3322
62.0551
62.7747
63.4924
64.2103
64.9306
65.6541
66.3802
67.1062
67.8279
68.5391
69.2328
69.9008
70.5357
71.1309
71.6812
72.1829
72.6337
73.0323
73.3782
73.6706
73.9075
74.0853
74.1985
74.2399
74.2004
74.0693
73.834
73.4804
72.992
72.3501
71.532
70.5109
69.2548
67.7261
65.8831
63.6832
61.0914
58.0922
54.7052
51.0011
26.3359
27.419
28.4822
29.5184
30.523
31.4937
32.43
33.3334
34.2061
35.0511
35.8713
36.669
37.446
38.2035
38.942
39.6617
40.3627
41.0452
41.7095
42.3568
42.9886
43.6069
44.2142
44.8132
45.4066
45.997
46.5863
47.1761
47.7672
48.3601
48.9547
49.5508
50.1481
50.7466
51.3468
51.9494
52.5559
53.1681
53.7882
54.4183
55.06
55.7145
56.382
57.0618
57.7524
58.4517
59.1568
59.8652
60.5744
61.2824
61.988
62.6908
63.391
64.0889
64.7849
65.4786
66.1686
66.8522
67.5256
68.1838
68.8211
69.4313
70.0082
70.5464
71.041
71.4879
71.8841
72.2269
72.514
72.7428
72.9098
73.0106
73.0393
72.9887
72.8502
72.6136
72.2673
71.7981
71.191
70.4292
69.4934
68.3616
67.0096
65.4112
63.5402
61.374
58.8988
56.1167
53.0535
49.7638
26.2884
27.3289
28.3546
29.3602
30.3415
31.2961
32.2231
33.1224
33.9953
34.8433
35.668
36.471
37.2537
38.017
38.7617
39.4882
40.1969
40.8885
41.5636
42.2232
42.8688
43.502
44.1248
44.7394
45.3478
45.9521
46.5538
47.1543
47.7546
48.3553
48.9568
49.5593
50.1629
50.768
51.3751
51.985
52.5988
53.2178
53.8434
54.477
55.1195
55.7718
56.4336
57.1046
57.7836
58.4689
59.1586
59.8507
60.5434
61.2349
61.924
62.6098
63.2917
63.9692
64.6415
65.3075
65.9652
66.6119
67.2442
67.8576
68.4474
69.0085
69.5355
70.0236
70.4681
70.8649
71.2102
71.5007
71.7327
71.9027
72.0063
72.0385
71.9931
71.8631
71.6401
71.3148
70.8764
70.3131
69.6118
68.7579
67.7358
66.5285
65.1182
63.4877
61.6215
59.5089
57.147
54.5451
51.7274
48.7349
26.252
27.2595
28.2559
29.2365
30.1981
31.1381
32.0553
32.9492
33.82
34.6684
35.4954
36.3018
37.0887
37.8569
38.607
39.3396
40.0554
40.755
41.4392
42.1092
42.7661
43.4114
44.0468
44.6738
45.2944
45.91
46.5222
47.1321
47.7407
48.3487
48.9568
49.5654
50.1749
50.7858
51.3987
52.0143
52.6335
53.2571
53.8863
54.5218
55.1644
55.8142
56.4713
57.1351
57.8046
58.4788
59.156
59.8346
60.5131
61.1899
61.8638
62.5335
63.1979
63.8559
64.5062
65.1472
65.7765
66.3914
66.9887
67.5644
68.1142
68.6335
69.1178
69.5624
69.9628
70.3149
70.6144
70.8574
71.0397
71.1571
71.2046
71.1769
71.0677
70.8702
70.5764
70.1776
69.6642
69.0258
68.251
67.3279
66.244
64.9865
63.543
61.9025
60.0568
58.0018
55.7402
53.2833
50.6522
47.8779
26.2239
27.206
28.1793
29.14
30.0852
31.0125
31.9207
32.8088
33.6765
34.524
35.3518
36.1603
36.9503
37.7222
38.4768
39.2147
39.9365
40.643
41.3349
42.0134
42.6795
43.3346
43.9799
44.6171
45.2474
45.8724
46.4932
47.111
47.7268
48.3414
48.9554
49.5695
50.1842
50.8
51.4177
52.0377
52.6608
53.2878
53.9193
54.5558
55.1978
55.8454
56.4984
57.1563
57.8183
58.4835
59.1504
59.8178
60.4843
61.1484
61.8086
62.4638
63.1123
63.7528
64.3836
65.0026
65.6075
66.1954
66.7633
67.3073
67.8237
68.3081
68.7563
69.1638
69.5262
69.8394
70.0988
70.3003
70.4392
70.5109
70.5102
70.4314
70.2686
70.0149
69.6628
69.2044
68.6312
67.9338
67.1029
66.1286
65.0012
63.7113
62.2505
60.6121
58.7924
56.7913
54.6139
52.2716
49.7823
47.1702
26.2022
27.165
28.1205
29.0655
29.9974
30.9143
31.8146
32.6972
33.5616
34.4077
35.2354
36.0451
36.8372
37.612
38.3703
39.1124
39.8392
40.5513
41.2495
41.9348
42.6083
43.2711
43.9243
44.5694
45.2076
45.84
46.4679
47.0923
47.7141
48.3342
48.9533
49.572
50.1911
50.811
51.4324
52.0558
52.6819
53.3112
53.9442
54.5812
55.2225
55.868
56.5176
57.1708
57.8267
58.4846
59.1433
59.8016
60.458
61.1113
61.76
62.4026
63.0374
63.6628
64.2768
64.8773
65.4618
66.0275
66.5711
67.0893
67.5782
68.0339
68.4522
68.8289
69.1597
69.4401
69.6658
69.8322
69.9345
69.9679
69.927
69.8061
69.5993
69.3
68.9013
68.3957
67.7757
67.0332
66.1602
65.1488
63.9914
62.6812
61.2127
59.5821
57.7884
55.8337
53.7243
51.4709
49.0886
46.597
26.1859
27.1342
28.0763
29.0094
29.9311
30.8396
31.7334
32.6114
33.4727
34.3172
35.1445
35.9548
36.7483
37.5253
38.2863
39.0318
39.7625
40.479
41.1821
41.8727
42.5519
43.2206
43.8799
44.5312
45.1753
45.8136
46.447
47.0765
47.7031
48.3277
48.9508
49.5734
50.1959
50.8191
51.4434
52.0694
52.6976
53.3285
53.9625
54.5996
55.2402
55.884
56.5309
57.1803
57.8315
58.4837
59.1359
59.7869
60.4354
61.08
61.7193
62.3515
62.9751
63.5882
64.1886
64.7742
65.3423
65.8901
66.4146
66.9122
67.3795
67.8124
68.207
68.5591
68.8645
69.1187
69.3171
69.4553
69.5282
69.5308
69.4578
69.3036
69.0622
68.7273
68.2925
67.7509
67.0955
66.3195
65.4159
64.3783
63.2007
61.8782
60.4073
58.7861
57.0153
55.0982
53.0414
50.8548
48.5516
46.1481
26.1741
27.1122
28.0447
28.9691
29.8834
30.7857
31.6746
32.5489
33.4078
34.2508
35.0777
35.8882
36.6826
37.4611
38.2241
38.9721
39.7056
40.4253
41.132
41.8265
42.5098
43.1829
43.8467
44.5024
45.1509
45.7934
46.4309
47.0643
47.6945
48.3224
48.9486
49.574
50.1992
50.8247
51.4511
52.079
52.7087
53.3407
53.9752
54.6124
55.2523
55.8948
56.5396
57.1862
57.8339
58.482
59.1294
59.775
60.4175
61.0555
61.6876
62.312
62.927
63.5307
64.1208
64.6951
65.251
65.7855
66.2956
66.778
67.2291
67.645
68.0219
68.3557
68.6419
68.8763
69.0543
69.1711
69.2219
69.2015
69.1045
68.9255
68.6585
68.2976
67.8364
67.2687
66.5882
65.7884
64.8636
63.8083
62.6176
61.288
59.8172
58.2047
56.452
54.5631
52.5446
50.4057
48.1584
45.8165
26.1665
27.098
28.0243
28.9432
29.8526
30.7508
31.6364
32.5082
33.3654
34.2074
35.0337
35.8444
36.6393
37.4188
38.183
38.9326
39.668
40.3898
41.0989
41.796
42.482
43.1578
43.8245
44.4831
45.1346
45.7799
46.42
47.056
47.6886
48.3187
48.947
49.5743
50.2011
50.8282
51.456
52.0851
52.7158
53.3484
53.9832
54.6204
55.2599
55.9014
56.5449
57.1896
57.835
58.4804
59.1246
59.7665
60.4051
61.0387
61.6659
62.2851
62.8943
63.4917
64.0749
64.6417
65.1893
65.715
66.2156
66.6878
67.1281
67.5328
67.898
68.2195
68.493
68.7142
68.8785
68.9811
69.017
68.9813
68.8684
68.6729
68.3891
68.011
67.5327
66.9481
66.2513
65.4365
64.4984
63.4321
62.2337
60.9003
59.4304
57.8243
56.084
54.2138
52.2203
50.1122
47.9005
45.5979
26.1627
27.0911
28.0143
28.9304
29.8374
30.7336
31.6175
32.4881
33.3444
34.1858
35.0119
35.8226
36.6178
37.3977
38.1626
38.9129
39.6492
40.3721
41.0824
41.7807
42.4681
43.1453
43.8135
44.4735
45.1263
45.773
46.4145
47.0518
47.6855
48.3167
48.9461
49.5743
50.2021
50.8299
51.4584
52.0881
52.7192
53.3521
53.9871
54.6242
55.2635
55.9046
56.5473
57.1911
57.8354
58.4794
59.122
59.7622
60.3987
61.0301
61.6549
62.2714
62.8778
63.4719
64.0517
64.6147
65.1582
65.6794
66.1753
66.6425
67.0775
67.4766
67.8358
68.1512
68.4183
68.6329
68.7903
68.8858
68.9144
68.8709
68.7502
68.5465
68.2543
67.8677
67.381
66.7881
66.0833
65.2612
64.3166
63.2451
62.0431
60.7081
59.2389
57.6362
55.9022
54.0413
52.0601
49.9671
47.7727
45.4892
41.2169
30.6356
25.6891
22.4439
19.8552
17.5824
15.4885
13.507
11.6013
9.74849
7.9336
6.14592
4.37739
2.62159
0.873072
47.4511
37.3469
30.8938
26.3821
22.8961
19.9835
17.4142
15.0633
12.8583
10.7539
8.72071
6.73782
4.78998
2.86524
0.953655
48.4638
40.4067
34.1568
29.2941
25.3632
22.0411
19.1214
16.4736
14.0143
11.6882
9.45735
7.29456
5.17938
3.09569
1.02995
48.1471
41.6586
36.0321
31.2739
27.2209
23.6962
20.5562
17.6951
15.0369
12.527
10.1258
7.80357
5.53723
3.30814
1.1004
47.4707
42.0481
37.0384
32.5482
28.55
24.9661
21.7119
18.7135
15.9108
13.2569
10.7152
8.25657
5.85775
3.4992
1.16387
46.7177
42.0238
37.5247
33.3299
29.4645
25.9058
22.6116
19.5358
16.6358
13.8746
11.2212
8.64965
6.13793
3.66698
1.21973
45.9853
41.8042
37.7061
33.7818
30.0718
26.5807
23.2926
20.1822
17.2217
14.3842
11.6452
8.98277
6.37723
3.811
1.2678
45.3112
41.5011
37.7132
34.0189
30.4597
27.0522
23.7954
20.6783
17.6843
14.7952
11.9926
9.25881
6.57714
3.93193
1.30827
44.7116
41.1751
37.6261
34.1203
30.6956
27.3725
24.1584
21.0508
18.0417
15.1195
12.271
9.48258
6.7405
4.03126
1.34159
44.1937
40.8611
37.4952
34.1402
30.8292
27.5836
24.4143
21.3247
18.312
15.3698
12.4891
9.65986
6.87093
4.11095
1.36838
43.7607
40.5798
37.3528
34.1156
30.8971
27.7177
24.5904
21.5213
18.5115
15.5582
12.6557
9.79666
6.97231
4.17318
1.38935
43.4139
40.344
37.2199
34.0719
30.9253
27.7995
24.7078
21.6583
18.6543
15.6955
12.7787
9.89862
7.04835
4.22005
1.40518
43.1538
40.1616
37.1103
34.0264
30.9324
27.8467
24.7827
21.7494
18.7516
15.7906
12.8649
9.97058
7.10231
4.25342
1.41646
42.9804
40.0377
37.033
33.9903
30.9307
27.8716
24.8265
21.8047
18.8119
15.8503
12.9193
10.0164
7.13679
4.2748
1.4237
42.8937
39.975
36.9931
33.9706
30.928
27.8822
24.8466
21.8308
18.8406
15.8789
12.9457
10.0386
7.15357
4.28522
1.42724
)
;

boundaryField
{
    hot
    {
        type            fixedValue;
        value           uniform 10;
    }
    cold
    {
        type            fixedValue;
        value           uniform 0;
    }
    interface_left
    {
        type            fixedValue;
        value           nonuniform List<scalar> 
90
(
0
0
0
0
0
0
0
0
0
0
0
0
0
0
0
0
0
0
0
0
0
0
0
0
0
0
0
0
0
0
0
0
0
0
0
0
0
0
0
0
0
0
0
0
0
0
0
0
0
0
0
0
0
0
0
0
0
0
0
0
0
0
0
0
0
0
0
0
0
0
0
0
0
0
0
0
0
0
0
0
0
0
0
0
0
0
0
28.769
28.769
28.769
)
;
    }
    interface_right
    {
        type            fixedValue;
        value           uniform 0;
    }
    interface_top
    {
        type            fixedValue;
        value           nonuniform List<scalar> 
90
(
28.769
28.769
32.1773
32.1773
34.4623
34.4623
36.0907
36.0907
36.0907
37.4552
37.4552
38.8319
38.8319
40.277
40.277
42.0141
42.0141
43.2525
43.2525
44.2507
44.2507
45.0685
45.0685
45.0685
45.8454
45.8454
46.7268
46.7268
47.7761
47.7761
49.2372
49.2372
50.4449
50.4449
51.5207
51.5207
52.4788
52.4788
52.4788
53.4772
53.4772
54.716
54.716
56.313
56.313
58.6314
58.6314
60.578
60.578
62.3383
62.3383
63.9244
63.9244
63.9244
65.5673
65.5673
67.5397
67.5397
69.8991
69.8991
72.9606
72.9606
75.2567
75.2567
77.1291
77.1291
78.6416
78.6416
78.6416
80.0344
80.0344
81.5153
81.5153
83.0705
83.0705
84.8324
84.8324
86.0854
86.0854
87.1551
87.1551
88.3319
88.3319
88.3319
90.8873
90.8873
90.8873
90.8873
90.8873
90.8873
)
;
    }
    interface_bottom
    {
        type            fixedValue;
        value           nonuniform List<scalar> 
90
(
28.769
28.769
30.4598
30.4598
31.9335
31.9335
33.0862
33.0862
33.0862
34.1215
34.1215
35.2229
35.2229
36.381
36.381
37.6897
37.6897
38.5395
38.5395
39.0957
39.0957
39.4108
39.4108
39.4108
39.5557
39.5557
39.5607
39.5607
39.3987
39.3987
39.0241
39.0241
38.6134
38.6134
38.1515
38.1515
37.6479
37.6479
37.6479
37.0258
37.0258
36.2068
36.2068
35.1786
35.1786
33.8549
33.8549
32.8086
32.8086
31.8381
31.8381
30.9037
30.9037
30.9037
29.8543
29.8543
28.5593
28.5593
27.0131
27.0131
25.097
25.097
23.6295
23.6295
22.2993
22.2993
21.0426
21.0426
21.0426
19.6521
19.6521
17.9406
17.9406
15.8697
15.8697
13.1836
13.1836
11.0325
11.0325
9.00874
9.00874
7.01452
7.01452
7.01452
4.53211
4.53211
4.53211
0
0
0
)
;
    }
    defaultFaces
    {
        type            empty;
    }
}


// ************************************************************************* //
