/*--------------------------------*- C++ -*----------------------------------*\
| =========                 |                                                 |
| \\      /  F ield         | OpenFOAM: The Open Source CFD Toolbox           |
|  \\    /   O peration     | Version:  5.x                                   |
|   \\  /    A nd           | Web:      www.OpenFOAM.org                      |
|    \\/     M anipulation  |                                                 |
\*---------------------------------------------------------------------------*/
FoamFile
{
    version     2.0;
    format      ascii;
    class       volScalarField;
    location    "0.7";
    object      T;
}
// * * * * * * * * * * * * * * * * * * * * * * * * * * * * * * * * * * * * * //

dimensions      [0 0 0 1 0 0 0];

internalField   nonuniform List<scalar> 
6300
(
13.188
19.5763
26.0012
32.4863
39.0535
45.7226
52.5104
59.4298
66.4886
73.6887
81.025
88.4846
96.047
103.684
111.36
13.1756
19.5394
25.9407
32.4036
38.9508
45.6029
52.3777
59.2891
66.3459
73.5509
80.8997
88.3799
95.9705
103.642
111.358
13.1506
19.4648
25.8181
32.236
38.7424
45.3596
52.1075
59.0017
66.0535
73.2676
80.6413
88.1627
95.8106
103.554
111.352
13.1123
19.3508
25.6307
31.9792
38.4223
44.9849
51.6896
58.5555
65.5973
72.8231
80.2331
87.8171
95.5534
103.408
111.335
13.0601
19.1952
25.3744
31.6271
37.982
44.4673
51.1094
57.9322
64.9555
72.1929
79.6492
87.3173
95.1758
103.187
111.297
12.9931
18.9951
25.0442
31.1721
37.4107
43.792
50.3474
57.1071
64.0982
71.3422
78.8516
86.6251
94.6432
102.864
111.224
12.9104
18.7477
24.6348
30.6059
36.6961
42.9416
49.3801
56.0494
62.9866
70.2246
77.788
85.6862
93.9055
102.401
111.093
12.811
18.4501
24.1411
29.9202
35.8253
41.8975
48.1808
54.7227
61.5728
68.7801
76.3879
84.4243
92.8893
101.739
110.875
12.6943
18.1004
23.5591
29.1078
34.7869
40.6413
46.722
53.0867
59.8004
66.9337
74.5575
82.7319
91.486
100.789
110.521
12.5603
17.6977
22.8868
28.1646
33.5724
39.1581
44.9782
51.1005
57.6072
64.5953
72.1748
80.4578
89.5316
99.4086
109.956
12.4092
17.2432
22.1254
27.0907
32.1795
37.4399
42.9311
48.7291
54.9312
61.664
69.0871
77.3912
86.7718
97.3554
109.048
12.2423
16.7405
21.2804
25.893
30.6146
35.4899
40.5766
45.9523
51.7236
58.041
65.117
73.2463
82.8072
94.191
107.533
12.0618
16.1959
20.3625
24.5859
28.8953
33.3277
37.9324
42.7789
47.9688
53.658
60.0922
67.6681
77.0177
89.0661
104.775
11.8707
15.6187
19.3874
23.1924
27.0527
30.9926
35.0458
39.261
43.7139
48.5287
53.9246
60.3145
68.5277
80.2793
98.8657
11.6728
15.0206
18.3757
21.7433
25.1299
28.5438
31.9965
35.5048
39.096
42.8174
46.7616
51.1364
56.4978
64.6557
82.6898
118.395
124.762
131.076
137.311
143.444
149.453
155.319
161.027
166.561
171.912
177.069
182.027
186.781
191.326
195.66
199.781
203.689
207.383
210.864
214.133
217.19
220.036
222.673
225.104
227.328
229.349
231.167
232.784
234.201
235.42
236.439
237.262
237.886
238.314
238.544
238.576
238.411
238.048
237.486
236.726
235.766
234.608
233.251
231.694
229.938
227.985
225.833
223.485
220.942
218.205
215.276
212.158
208.855
205.371
201.71
197.878
193.882
189.729
185.428
180.989
176.421
171.736
166.943
162.055
157.083
152.039
146.935
141.783
136.595
131.383
126.16
120.939
115.733
110.555
105.419
100.338
95.3248
90.3922
85.5527
80.8177
76.1979
71.7031
67.342
63.1222
59.0499
55.1301
51.3663
47.7603
44.3126
41.0219
118.433
124.836
131.186
137.454
143.618
149.655
155.545
161.272
166.822
172.185
177.352
182.318
187.076
191.624
195.961
200.083
203.991
207.685
211.165
214.432
217.486
220.331
222.966
225.393
227.616
229.634
231.45
233.065
234.481
235.698
236.716
237.538
238.162
238.589
238.819
238.852
238.687
238.324
237.762
237.002
236.043
234.884
233.526
231.968
230.212
228.257
226.103
223.753
221.207
218.466
215.533
212.411
209.102
205.61
201.94
198.098
194.091
189.925
185.611
181.157
176.574
171.872
167.063
162.159
157.17
152.109
146.988
141.818
136.612
131.383
126.142
120.902
115.678
110.481
105.326
100.227
95.1956
90.246
85.3903
80.6404
76.0071
71.5004
67.129
62.9007
58.8219
54.8976
51.1315
47.5255
44.0801
40.7939
118.508
124.986
131.409
137.746
143.972
150.064
156.001
161.767
167.348
172.736
177.922
182.901
187.669
192.224
196.564
200.689
204.597
208.29
211.767
215.03
218.081
220.92
223.55
225.973
228.19
230.203
232.015
233.626
235.039
236.253
237.27
238.09
238.714
239.141
239.371
239.403
239.239
238.876
238.315
237.555
236.595
235.436
234.077
232.518
230.759
228.802
226.645
224.29
221.738
218.991
216.05
212.917
209.596
206.089
202.402
198.541
194.511
190.32
185.979
181.495
176.881
172.147
167.305
162.367
157.344
152.249
147.093
141.889
136.648
131.383
126.106
120.829
115.567
110.333
105.14
100.003
94.9362
89.9522
85.0641
80.2841
75.6236
71.0926
66.7005
62.455
58.3629
54.4295
50.6586
47.0526
43.6118
40.3349
118.618
125.214
131.751
138.195
144.517
150.692
156.7
162.523
168.15
173.573
178.785
183.783
188.565
193.128
197.473
201.6
205.508
209.198
212.672
215.93
218.974
221.805
224.427
226.842
229.051
231.057
232.862
234.467
235.875
237.085
238.1
238.918
239.54
239.967
240.197
240.23
240.066
239.704
239.144
238.384
237.425
236.265
234.904
233.344
231.582
229.62
227.458
225.097
222.538
219.781
216.828
213.681
210.341
206.813
203.101
199.209
195.145
190.917
186.533
182.005
177.343
172.56
167.668
162.679
157.605
152.459
147.252
141.997
136.704
131.385
126.053
120.721
115.401
110.11
104.86
99.6665
94.5444
89.5078
84.5703
79.7447
75.0427
70.475
66.0512
61.7794
57.6669
53.7194
49.9412
46.3349
42.9011
39.6386
118.762
125.525
132.222
138.815
145.27
151.558
157.659
163.558
169.243
174.709
179.952
184.973
189.769
194.342
198.693
202.821
206.728
210.414
213.882
217.131
220.166
222.987
225.597
228
230.198
232.193
233.989
235.586
236.988
238.193
239.204
240.02
240.641
241.068
241.298
241.333
241.17
240.81
240.25
239.491
238.532
237.372
236.01
234.446
232.681
230.714
228.546
226.178
223.608
220.839
217.872
214.706
211.344
207.788
204.042
200.111
196.001
191.72
187.28
182.69
177.963
173.113
168.153
163.095
157.954
152.74
147.466
142.142
136.779
131.39
125.985
120.578
115.182
109.812
104.484
99.2138
94.0168
88.9086
83.9039
79.0163
74.2581
69.6405
65.1735
60.8658
56.7251
52.7578
48.969
45.362
41.9378
38.6951
118.937
125.926
132.841
139.632
146.259
152.691
158.908
164.895
170.646
176.16
181.437
186.48
191.291
195.872
200.226
204.355
208.259
211.94
215.399
218.638
221.659
224.465
227.06
229.447
231.63
233.611
235.394
236.982
238.375
239.574
240.581
241.395
242.015
242.442
242.674
242.71
242.55
242.192
241.635
240.877
239.919
238.758
237.395
235.828
234.059
232.086
229.911
227.533
224.953
222.17
219.186
215.999
212.61
209.021
205.234
201.253
197.085
192.739
188.224
183.555
178.744
173.808
168.76
163.616
158.389
153.091
147.733
142.326
136.878
131.401
125.905
120.403
114.91
109.441
104.012
98.6422
93.3486
88.1483
83.0574
78.0905
73.2607
68.5795
64.0572
59.7031
55.5254
51.5316
47.7281
44.1192
40.7071
37.4906
119.14
126.434
133.635
140.681
147.525
154.131
160.482
166.568
172.388
177.949
183.255
188.316
193.137
197.724
202.08
206.208
210.107
213.78
217.228
220.453
223.456
226.243
228.817
231.182
233.345
235.308
237.076
238.65
240.033
241.226
242.228
243.04
243.66
244.088
244.323
244.362
244.206
243.851
243.297
242.543
241.586
240.425
239.061
237.491
235.717
233.738
231.554
229.167
226.575
223.779
220.777
217.567
214.15
210.523
206.689
202.649
198.41
193.981
189.375
184.605
179.689
174.645
169.49
164.24
158.909
153.511
148.055
142.55
137.003
131.422
125.818
120.202
114.588
108.995
103.441
97.9473
92.5331
87.2183
82.0208
76.9565
72.0389
67.2799
62.6897
58.2777
54.0529
50.0241
46.1998
42.5867
39.1888
36.0057
119.371
127.071
134.648
142.02
149.127
155.936
162.433
168.618
174.501
180.098
185.423
190.493
195.317
199.904
204.259
208.382
212.276
215.94
219.374
222.579
225.56
228.32
230.866
233.204
235.34
237.28
239.028
240.587
241.959
243.145
244.143
244.954
245.575
246.006
246.244
246.288
246.137
245.788
245.24
244.49
243.536
242.377
241.011
239.438
237.657
235.671
233.479
231.081
228.479
225.669
222.651
219.421
215.975
212.309
208.422
204.315
199.992
195.463
190.742
185.848
180.801
175.623
170.337
164.96
159.509
153.996
148.43
142.816
137.158
131.46
125.73
119.979
114.222
108.478
102.771
97.1234
91.5611
86.1067
80.7805
75.5998
70.5783
65.7273
61.0563
56.5741
52.29
48.2149
44.3605
40.7381
37.3554
34.214
119.632
127.883
135.955
143.735
151.156
158.188
164.83
171.099
177.022
182.632
187.956
193.017
197.833
202.414
206.764
210.884
214.771
218.425
221.842
225.024
227.975
230.701
233.21
235.511
237.612
239.522
241.246
242.787
244.147
245.325
246.321
247.132
247.756
248.192
248.436
248.488
248.345
248.004
247.464
246.721
245.772
244.615
243.248
241.671
239.884
237.888
235.686
233.278
230.665
227.846
224.817
221.571
218.1
214.398
210.456
206.273
201.852
197.203
192.342
187.293
182.083
176.74
171.294
165.767
160.178
154.539
148.856
143.128
137.352
131.528
125.657
119.748
113.82
107.894
101.998
96.1629
90.4201
84.7976
79.3188
74.0022
68.8614
63.9056
59.1418
54.5765
50.2183
46.0805
42.1806
38.538
35.1689
32.0792
119.936
128.951
137.677
145.964
153.741
160.998
167.759
174.072
179.992
185.574
190.862
195.891
200.683
205.25
209.595
213.714
217.599
221.244
224.643
227.796
230.709
233.389
235.847
238.098
240.154
242.026
243.721
245.241
246.589
247.762
248.758
249.572
250.202
250.645
250.898
250.96
250.828
250.499
249.971
249.238
248.297
247.145
245.778
244.195
242.398
240.391
238.176
235.757
233.136
230.312
227.278
224.027
220.545
216.814
212.821
208.558
204.023
199.229
194.194
188.95
183.535
177.988
172.348
166.645
160.901
155.128
149.326
143.488
137.598
131.643
125.619
119.53
113.398
107.249
101.122
95.0556
89.0927
83.2687
77.6116
72.1406
66.8675
61.7977
56.9327
52.2723
47.8216
43.5967
39.6238
35.9382
32.575
29.5495
120.321
130.432
140.028
148.923
157.073
164.517
171.33
177.607
183.445
188.933
194.136
199.101
203.852
208.401
212.747
216.876
220.769
224.411
227.791
230.91
233.772
236.389
238.778
240.96
242.956
244.78
246.44
247.939
249.276
250.448
251.449
252.271
252.911
253.364
253.628
253.702
253.585
253.273
252.762
252.046
251.118
249.973
248.607
247.017
245.206
243.179
240.946
238.514
235.886
233.063
230.039
226.802
223.33
219.592
215.56
211.214
206.551
201.581
196.329
190.837
185.156
179.351
173.471
167.562
161.646
155.737
149.83
143.904
137.92
131.842
125.654
119.359
112.983
106.56
100.142
93.7856
87.5521
81.4871
75.6251
69.9831
64.5708
59.3859
54.4206
49.6583
45.0927
40.7434
36.6475
32.869
29.4898
26.5467
120.901
132.649
143.388
152.949
161.42
168.938
175.671
181.769
187.397
192.698
197.75
202.613
207.305
211.842
216.204
220.372
224.294
227.948
231.312
234.389
237.183
239.712
242
244.083
245.999
247.763
249.385
250.862
252.195
253.373
254.389
255.227
255.882
256.347
256.624
256.713
256.614
256.326
255.841
255.149
254.243
253.111
251.747
250.145
248.312
246.253
243.992
241.538
238.904
236.089
233.093
229.898
226.481
222.779
218.73
214.311
209.501
204.322
198.789
192.973
186.938
180.798
174.618
168.466
162.358
156.323
150.339
144.382
138.358
132.177
125.824
119.288
112.617
105.845
99.0583
92.3235
85.7546
79.3999
73.3093
67.4832
61.9364
56.6483
51.6072
46.7533
42.045
37.5189
33.2084
29.2193
25.7723
22.9458
122.06
136.317
148.441
158.542
167.137
174.483
180.924
186.602
191.814
196.816
201.632
206.368
210.977
215.53
219.936
224.218
228.199
231.899
235.239
238.272
240.967
243.379
245.509
247.442
249.257
250.944
252.531
253.988
255.331
256.527
257.579
258.441
259.117
259.595
259.884
259.987
259.909
259.654
259.208
258.554
257.684
256.572
255.22
253.598
251.731
249.606
247.303
244.806
242.17
239.358
236.419
233.3
230.024
226.447
222.415
217.95
212.965
207.55
201.638
195.406
188.846
182.284
175.703
169.284
162.944
156.814
150.789
144.935
139.002
132.742
126.236
119.391
112.38
105.134
97.8837
90.6078
83.6346
76.9194
70.6011
64.5704
58.9197
53.5458
48.516
43.6314
38.7281
33.9781
29.3013
24.7845
21.1572
18.5343
125.313
143.055
156.402
166.299
174.651
181.325
187.272
192.102
196.53
201.199
205.621
210.301
214.723
219.426
223.841
228.491
232.506
236.361
239.602
242.637
245.151
247.448
249.298
250.965
252.693
254.265
255.858
257.271
258.673
259.88
261.035
261.917
262.633
263.107
263.406
263.514
263.453
263.247
262.867
262.261
261.463
260.371
259.07
257.392
255.512
253.203
250.88
248.263
245.676
242.798
239.986
236.912
233.986
230.751
226.708
222.32
217.026
211.474
204.926
198.29
190.734
183.774
176.53
169.965
163.207
157.128
150.97
145.58
140.094
133.638
127.116
119.713
112.462
104.413
96.7288
88.4408
81.1291
73.8543
67.4667
61.0997
55.4944
49.9391
45.2076
40.5294
35.1843
30.3264
25.1592
19.065
15.0926
12.9317
137.635
156.12
169.327
176.277
184.574
189.213
195.222
198.179
200.891
205.933
209.235
214.603
218.058
223.729
227.404
233.673
237.035
241.705
244.255
247.746
249.644
252.155
253.343
254.395
256.346
257.553
259.438
260.563
262.29
263.304
264.878
265.625
266.49
266.864
267.196
267.276
267.198
267.085
266.844
266.236
265.658
264.459
263.457
261.466
259.901
256.808
254.869
251.661
249.588
246.127
243.914
240.293
238.376
236.2
231.478
227.975
221.439
216.813
208.316
202.477
191.74
185.65
176.355
170.898
162.468
157.531
150.021
146.339
142.558
134.61
129.241
119.797
113.673
103.146
96.4268
84.8523
78.5559
69.4986
64.2912
56.5215
51.9878
45.1378
41.8147
38.3811
30.9331
27.1153
22.3477
10.2871
6.41699
5.43399
37.5716
34.0229
30.6789
27.5272
24.5531
21.7411
19.0747
16.5373
14.1121
11.7829
9.53378
7.34924
5.21437
3.11466
1.0359
37.351
33.8131
30.4823
27.3454
24.3875
21.5923
18.943
16.4226
14.0141
11.7012
9.46777
7.29849
5.17846
3.09325
1.02878
36.9071
33.3912
30.0872
26.9807
24.0555
21.2944
18.6796
16.1934
13.8185
11.5382
9.33625
7.19743
5.10696
3.05064
1.01463
36.2341
32.7526
29.4902
26.4307
23.556
20.8471
18.2849
15.8507
13.5264
11.295
9.14026
7.04696
5.00059
2.98726
0.993582
35.3234
31.8902
28.6861
25.6921
22.8872
20.25
17.7595
15.3956
13.1394
10.9734
8.88152
6.84855
4.86043
2.90381
0.965871
34.1625
30.7939
27.6677
24.7605
22.0473
19.5033
17.105
14.8305
12.6602
10.5763
8.56251
6.60427
4.68806
2.80124
0.931827
32.7344
29.4508
26.4264
23.6313
21.035
18.6081
16.324
14.1591
12.0929
10.1074
8.18672
6.317
4.48559
2.68087
0.891887
31.0166
27.8441
24.9517
22.3
19.8502
17.5673
15.4214
13.387
11.4431
9.57203
7.75879
5.9905
4.25579
2.54435
0.846611
28.9786
25.953
23.2328
20.7634
18.4954
16.3871
14.4049
12.5225
10.7188
8.97745
7.28477
5.62955
4.00208
2.39377
0.796689
26.5794
23.7528
21.2594
19.0224
16.9782
15.0782
13.2866
11.5772
9.93078
8.33283
6.77223
5.23999
3.72863
2.2316
0.742947
23.7629
21.2158
19.0265
17.0857
15.3143
13.6588
12.0842
10.5673
9.09272
7.64964
6.23031
4.8288
3.44031
2.06072
0.686337
20.4532
18.3175
16.5424
14.9771
13.5321
12.1565
10.8222
9.51363
8.2218
6.94155
5.66965
4.40388
3.14257
1.88434
0.627915
16.5567
15.0561
13.8458
12.7461
11.6784
10.6111
9.53302
8.44171
7.33807
6.2241
5.10201
3.97383
2.8413
1.70587
0.568802
12.0009
11.5023
11.0364
10.4811
9.82262
9.07483
8.25562
7.38089
6.46357
5.51384
4.53972
3.54756
2.5425
1.5288
0.510139
6.92651
7.91391
8.3147
8.31765
8.0547
7.60866
7.03249
6.36156
5.62052
4.82715
3.99478
3.13365
2.25196
1.35646
0.453017
11.4892
14.4657
17.4365
20.3972
23.3419
26.2631
29.1496
31.985
34.7427
37.3769
39.8
41.8178
42.9057
41.2797
29.4462
11.3235
13.9651
16.5897
19.1843
21.7326
24.2134
26.5968
28.8388
30.8705
32.5772
33.7522
33.9916
32.4331
27.1167
13.7222
11.1617
13.4762
15.7637
18.0033
20.17
22.231
24.1417
25.8381
27.2237
28.1461
28.3535
27.4134
24.5698
18.5629
7.75503
11.0059
13.0061
14.9707
16.8729
18.6805
20.3527
21.8353
23.0531
23.8982
24.2111
23.7514
22.1565
18.903
13.3429
5.05309
10.8581
12.5605
14.221
15.808
17.2849
18.6059
19.7124
20.5265
20.9419
20.8124
19.9373
18.0512
14.8376
10.0185
3.61243
10.7198
12.1441
13.5221
14.8196
15.9973
17.0078
17.7925
18.2765
18.3638
17.9311
16.825
14.8676
11.8869
7.79591
2.74033
10.592
11.7599
12.8791
13.9143
14.8256
15.5664
16.0811
16.3018
16.1466
15.5174
14.3037
12.3943
9.70698
6.24311
2.1634
10.4752
11.4094
12.2944
13.0949
13.7721
14.2819
14.5736
14.5882
14.2582
13.5093
12.2653
10.4612
8.06622
5.11791
1.75804
10.3697
11.0932
11.7683
12.3611
12.8347
13.1488
13.2583
13.1136
12.6607
11.8449
10.6157
8.93828
6.80963
4.27844
1.46114
10.2752
10.8104
11.2993
11.7099
12.0081
12.1577
12.1196
11.8528
11.3152
10.4674
9.27717
7.72862
5.8325
3.63759
1.23714
10.1914
10.5597
10.8847
11.1367
11.2847
11.2968
11.1396
10.7798
10.1851
9.32745
8.18743
6.76027
5.06278
3.13945
1.06439
10.1175
10.3391
10.5208
10.6355
10.6556
10.5532
10.3003
9.86992
9.23749
8.38354
7.29702
5.97957
4.44985
2.74665
0.928925
10.0528
10.1463
10.2034
10.2
10.1116
9.91412
9.58423
9.10024
8.44363
7.60105
6.5669
5.34623
3.95735
2.43334
0.821318
9.99649
9.97859
9.9281
9.82341
9.64323
9.36693
8.97507
8.45037
7.77886
6.95154
5.96626
4.82965
3.55865
2.18114
0.734963
9.94774
9.83354
9.69037
9.49922
9.24159
8.89992
8.45812
7.90239
7.22223
6.41167
5.47067
4.40635
3.23388
1.9766
0.665094
9.90571
9.70859
9.48594
9.22116
8.89828
8.50241
8.02025
7.44078
6.75609
5.96234
5.06068
4.05812
2.96797
1.80972
0.608191
9.86961
9.60134
9.31076
8.98342
8.60563
8.16479
7.64991
7.05219
6.36566
5.58791
4.72073
3.7707
2.74932
1.67288
0.561599
9.8387
9.50959
9.16108
8.7807
8.35672
7.87854
7.33707
6.72525
6.03855
5.27554
4.4383
3.53279
2.56891
1.56021
0.523283
9.81231
9.43131
9.03352
8.60823
8.14545
7.63623
7.07306
6.45027
5.76441
5.01468
4.20325
3.3354
2.41959
1.46713
0.49166
9.78984
9.36467
8.92504
8.46179
7.9664
7.43135
6.85043
6.21906
5.53459
4.79666
4.00735
3.17131
2.29572
1.39003
0.465483
9.77074
9.30805
8.83297
8.33765
7.81487
7.25831
6.66283
6.02469
5.34189
4.61431
3.84388
3.03467
2.19275
1.32601
0.443762
9.75454
9.26004
8.75494
8.23256
7.68678
7.11229
6.50482
5.86133
5.18027
4.46168
3.70734
2.92073
2.10701
1.27276
0.425702
9.74081
9.21938
8.68891
8.14372
7.57863
6.98917
6.3718
5.72405
5.04469
4.33388
3.59319
2.82562
2.03551
1.22839
0.410662
9.7292
9.18499
8.6331
8.06868
7.48738
6.88543
6.25988
5.6087
4.93095
4.22682
3.49769
2.74614
1.97583
1.19137
0.398119
9.71938
9.15595
8.58597
8.00537
7.41045
6.79806
6.16573
5.5118
4.83552
4.1371
3.41776
2.67968
1.92596
1.16047
0.387649
9.7111
9.13144
8.54623
7.95201
7.34566
6.72453
6.08658
5.43042
4.75546
4.06191
3.35083
2.62409
1.88427
1.13464
0.378901
9.70412
9.11077
8.51273
7.90705
7.29112
6.66269
6.02006
5.36208
4.68829
3.99889
3.29478
2.57756
1.8494
1.11304
0.371589
9.69824
9.09337
8.48453
7.86923
7.24524
6.61071
5.96418
5.30473
4.63196
3.94607
3.24784
2.53861
1.82023
1.09498
0.365474
9.69329
9.07874
8.46081
7.83742
7.20669
6.56705
5.91728
5.25661
4.58473
3.90182
3.20853
2.50601
1.79582
1.07987
0.36036
9.68913
9.06644
8.44089
7.81071
7.17433
6.53041
5.87795
5.21628
4.54517
3.86476
3.17563
2.47874
1.77541
1.06724
0.356085
9.68564
9.05612
8.42417
7.78831
7.1472
6.49971
5.84499
5.18251
4.51206
3.83376
3.14812
2.45594
1.75835
1.05669
0.352513
9.68272
9.04747
8.41018
7.76956
7.12449
6.47402
5.81743
5.15428
4.48438
3.80786
3.12514
2.43691
1.74411
1.04788
0.349532
9.68028
9.04025
8.39848
7.7539
7.10553
6.45257
5.79443
5.13072
4.4613
3.78627
3.10599
2.42105
1.73224
1.04054
0.347048
9.67825
9.03424
8.38875
7.74086
7.08974
6.43473
5.7753
5.11113
4.44211
3.76832
3.09007
2.40787
1.72238
1.03444
0.344986
9.67656
9.02926
8.38068
7.73005
7.07667
6.41995
5.75945
5.09491
4.42622
3.75346
3.0769
2.39696
1.71423
1.0294
0.34328
9.67518
9.02516
8.37404
7.72116
7.06591
6.40779
5.74642
5.08157
4.41316
3.74125
3.06608
2.388
1.70753
1.02526
0.341878
9.67404
9.02181
8.36863
7.71392
7.05714
6.39788
5.7358
5.07071
4.40252
3.73131
3.05726
2.38071
1.70207
1.02189
0.340737
9.67314
9.01913
8.36429
7.7081
7.0501
6.38993
5.72728
5.06198
4.39398
3.72333
3.05019
2.37485
1.6977
1.01918
0.339822
9.67242
9.01702
8.36088
7.70353
7.04458
6.38369
5.72059
5.05514
4.38729
3.71707
3.04464
2.37026
1.69427
1.01706
0.339104
9.67189
9.01543
8.3583
7.70008
7.04041
6.37897
5.71554
5.04998
4.38223
3.71234
3.04045
2.3668
1.69168
1.01546
0.338562
9.67151
9.0143
8.35648
7.69765
7.03746
6.37564
5.71197
5.04632
4.37865
3.709
3.03749
2.36435
1.68984
1.01433
0.338179
9.67127
9.01361
8.35536
7.69615
7.03565
6.37359
5.70977
5.04408
4.37645
3.70694
3.03567
2.36284
1.68872
1.01363
0.337944
9.67118
9.01333
8.35491
7.69554
7.03491
6.37276
5.70889
5.04317
4.37556
3.70611
3.03494
2.36223
1.68826
1.01335
0.337848
9.67122
9.01346
8.35511
7.69581
7.03523
6.37312
5.70928
5.04357
4.37595
3.70648
3.03526
2.3625
1.68846
1.01347
0.33789
9.6714
9.01399
8.35596
7.69696
7.03663
6.3747
5.71096
5.04529
4.37764
3.70805
3.03665
2.36365
1.68932
1.014
0.33807
9.67172
9.01494
8.35751
7.69902
7.03913
6.37752
5.71399
5.04838
4.38067
3.71088
3.03916
2.36573
1.69087
1.01496
0.338395
9.6722
9.01635
8.35979
7.70207
7.04281
6.38168
5.71845
5.05295
4.38513
3.71505
3.04286
2.36878
1.69316
1.01638
0.338873
9.67284
9.01825
8.36286
7.70619
7.0478
6.38731
5.72448
5.05912
4.39117
3.7207
3.04786
2.37292
1.69625
1.01829
0.339519
9.67367
9.0207
8.36683
7.71151
7.05423
6.39458
5.73226
5.06708
4.39896
3.72798
3.05431
2.37826
1.70024
1.02075
0.340354
9.67471
9.02378
8.37182
7.71818
7.0623
6.4037
5.74203
5.07708
4.40875
3.73712
3.06241
2.38497
1.70526
1.02385
0.341403
9.67599
9.02758
8.37796
7.72641
7.07225
6.41495
5.75409
5.08941
4.42083
3.74841
3.07242
2.39325
1.71145
1.02768
0.342697
9.67756
9.03221
8.38546
7.73644
7.08439
6.42867
5.76879
5.10446
4.43556
3.76218
3.08462
2.40335
1.719
1.03235
0.344278
9.67945
9.03781
8.39452
7.74858
7.09908
6.44528
5.78659
5.12267
4.4534
3.77886
3.09941
2.41559
1.72815
1.03801
0.346192
9.68173
9.04455
8.40543
7.76319
7.11677
6.46526
5.80802
5.14461
4.47488
3.79896
3.11722
2.43034
1.73918
1.04483
0.3485
9.68446
9.05262
8.41851
7.78071
7.13797
6.48924
5.83373
5.17094
4.50067
3.82308
3.13862
2.44805
1.75243
1.05302
0.351272
9.68773
9.06228
8.43414
7.80166
7.16333
6.51792
5.86449
5.20245
4.53155
3.85197
3.16424
2.46928
1.76831
1.06284
0.354596
9.69162
9.0738
8.4528
7.82665
7.1936
6.55217
5.90124
5.2401
4.56846
3.88651
3.19489
2.49467
1.78731
1.0746
0.358573
9.69626
9.08752
8.47503
7.85645
7.22969
6.59301
5.94508
5.28503
4.61253
3.92777
3.23151
2.52502
1.81002
1.08865
0.363329
9.70178
9.10385
8.50148
7.89191
7.27267
6.64167
5.99733
5.33861
4.6651
3.97701
3.27524
2.56127
1.83716
1.10544
0.369013
9.70834
9.12326
8.53293
7.93409
7.3238
6.69959
6.05956
5.40246
4.72778
4.03576
3.32743
2.60455
1.86957
1.12551
0.375805
9.71613
9.14631
8.57029
7.98421
7.38459
6.76849
6.13364
5.47852
4.80249
4.10583
3.38972
2.65624
1.90829
1.14948
0.383922
9.72538
9.17366
8.61464
8.04373
7.45683
6.85042
6.22178
5.56909
4.89154
4.1894
3.46406
2.71797
1.95456
1.17814
0.393626
9.73633
9.20609
8.66723
8.11436
7.54259
6.94777
6.32661
5.67691
4.99764
4.28908
3.55281
2.79171
2.00987
1.2124
0.405233
9.74931
9.2445
8.72955
8.1981
7.64437
7.0634
6.45126
5.80525
5.12409
4.40799
3.65879
2.87985
2.07602
1.25341
0.419126
9.76465
9.28994
8.80333
8.29731
7.76506
7.20066
6.59941
5.95799
5.27477
4.54989
3.78541
2.98526
2.1552
1.30253
0.435771
9.78278
9.34365
8.89057
8.41473
7.90805
7.36351
6.77543
6.13976
5.45437
4.71929
3.93678
3.11144
2.25008
1.36142
0.455737
9.80417
9.40704
8.99361
8.55354
8.07733
7.55659
6.98448
6.35603
5.66848
4.92159
4.11787
3.26263
2.3639
1.43214
0.479721
9.82937
9.48174
9.11513
8.71745
8.27751
7.78533
7.23265
6.61332
5.92376
5.16335
4.33473
3.44401
2.50066
1.51719
0.508582
9.859
9.56961
9.25821
8.91071
8.51393
8.05606
7.52708
6.91937
6.22823
5.45244
4.59471
3.66193
2.66525
1.61968
0.543387
9.89376
9.67276
9.42635
9.13816
8.79278
8.37614
7.87615
7.28332
6.59146
5.79842
4.90676
3.92421
2.86379
1.7435
0.585466
9.93444
9.79354
9.62347
9.40532
9.12107
8.75407
8.28967
7.71601
7.02491
6.21285
5.28192
4.24054
3.10388
1.89352
0.636501
9.9819
9.93457
9.85397
9.71837
9.50681
9.1996
8.77902
8.23021
7.54233
6.7098
5.73373
4.62302
3.39512
2.07593
0.698631
10.0371
10.0987
10.1226
10.0841
9.95893
9.72382
9.35737
8.84096
8.16014
7.3064
6.279
5.08684
3.74974
2.29868
0.774618
10.101
10.2889
10.4347
10.5101
10.4873
10.3392
10.0398
9.56581
8.89799
8.02354
6.93865
5.65129
4.18345
2.57212
0.868077
10.1747
10.5085
10.7955
11.0041
11.1027
11.0596
10.8435
10.4252
9.77927
8.88675
7.73885
6.34102
4.71677
2.90993
0.983824
10.2592
10.7605
11.2106
11.5746
11.8166
11.8999
11.7874
11.4426
10.8317
9.92723
8.71255
7.18794
5.37685
3.33054
1.12841
10.3555
11.0481
11.6855
12.2296
12.6405
12.8762
12.8927
12.6447
12.088
11.1831
9.90139
8.23374
6.20023
3.85931
1.31097
10.4644
11.374
12.2252
12.9771
13.5861
14.0047
14.1814
14.061
13.5859
12.7004
11.3582
9.53352
7.23703
4.53209
1.54463
10.5868
11.7405
12.8338
13.8239
14.6637
15.301
15.6765
15.7235
15.3686
14.5349
13.1499
11.1608
8.55739
5.40102
1.84895
10.7229
12.1489
13.5141
14.7748
15.8819
16.779
17.3995
17.6651
17.4838
16.7519
15.361
13.2147
10.2616
6.54468
2.25452
10.8729
12.5994
14.2669
15.8322
17.2459
18.4488
19.3689
19.9167
19.981
19.4265
18.0965
15.8287
12.4962
8.08633
2.81204
11.0362
13.0907
15.0906
16.995
18.756
20.3149
21.5967
22.5039
22.9078
22.6394
21.483
19.1819
15.4788
10.2282
3.61245
11.2118
13.62
15.9805
18.2571
20.4063
22.3731
24.0844
25.4404
26.3012
26.4688
25.6642
23.5084
19.5359
13.3178
4.83586
11.3982
14.1824
16.9286
19.6075
22.1832
24.6086
26.8187
28.7205
30.1757
30.973
30.7834
29.0963
25.1523
17.9794
6.88543
11.5931
14.771
17.9232
21.0295
24.0644
26.9932
29.7667
32.3104
34.5067
36.162
36.9422
36.2511
33.0105
25.3637
10.7939
11.7937
15.3774
18.9496
22.5009
26.0188
29.4856
32.8741
36.141
39.2131
41.9583
44.1224
45.1758
43.9282
37.5553
19.5757
11.9968
15.9917
19.9904
23.9953
28.0086
32.0319
36.0655
40.1066
44.146
48.1577
52.0732
55.6977
58.4046
57.8067
43.0599
12.199
16.6033
21.0268
25.4837
29.9912
34.5708
39.2511
44.073
49.0975
54.4233
60.2254
66.8562
75.1751
87.8827
116.108
12.3969
17.2015
22.0397
26.9367
31.9234
37.0392
42.3381
47.8981
53.8391
60.3575
67.8012
76.8415
88.8968
107.181
138.837
12.5871
17.7764
23.0115
28.3273
33.7657
39.3802
45.2433
51.4581
58.179
65.6484
74.2674
84.732
98.2917
117.192
145.195
2.86138
5.16121
6.18337
6.57709
6.60083
6.3829
5.99719
5.49059
4.89491
4.23279
3.52106
2.77267
1.99798
1.20558
0.402971
1.54255
3.54546
4.68158
5.25101
5.44627
5.38441
5.13933
4.7601
4.2809
3.72648
3.11551
2.46249
1.77917
1.07537
0.359748
0.975094
2.53127
3.57282
4.18423
4.4697
4.51261
4.3741
4.09855
3.71866
3.25907
2.73882
2.17311
1.57439
0.953276
0.319177
0.681149
1.8742
2.76239
3.34336
3.66111
3.76633
3.70358
3.50904
3.2114
2.83343
2.39343
1.90642
1.385
0.840097
0.281528
0.504669
1.42863
2.16503
2.68492
2.99974
3.13629
3.12419
2.99076
2.75958
2.45056
2.08045
1.66343
1.21177
0.736322
0.246966
0.387429
1.11316
1.71779
2.16863
2.46183
2.60916
2.62875
2.54004
2.36153
2.10988
1.79981
1.44432
1.05494
0.642128
0.215555
0.304265
0.881668
1.37718
1.76157
2.02498
2.17048
2.20823
2.15143
2.01403
1.80954
1.55054
1.24859
0.914276
0.557421
0.187272
0.242685
0.706955
1.11359
1.43836
1.6698
1.8064
1.85313
1.81856
1.71291
1.54686
1.33094
1.0752
0.789169
0.48189
0.16202
0.195731
0.572193
0.906736
1.1798
1.3803
1.50455
1.5543
1.53486
1.45355
1.31866
1.13885
0.922731
0.678738
0.415052
0.139647
0.159175
0.466483
0.742483
0.971507
1.1436
1.25426
1.30337
1.29398
1.23124
1.12152
0.971848
0.789526
0.581909
0.35631
0.119962
0.130269
0.382465
0.610776
0.802647
0.94946
1.0466
1.09292
1.09001
1.04142
0.952003
0.827422
0.673804
0.497509
0.304993
0.102746
0.107141
0.314995
0.504311
0.664992
0.789713
0.874106
0.916536
0.917649
0.879847
0.806806
0.703074
0.57376
0.424319
0.260404
0.0877714
0.0884666
0.260367
0.417677
0.552241
0.657889
0.730665
0.768752
0.772215
0.742652
0.682839
0.596417
0.487633
0.361137
0.22184
0.0748089
0.0732777
0.215843
0.346795
0.459512
0.548825
0.611236
0.644932
0.649636
0.626385
0.577277
0.505227
0.413753
0.306806
0.188624
0.0636347
0.0608522
0.17936
0.28854
0.382987
0.458383
0.511685
0.541177
0.546401
0.528008
0.487586
0.427471
0.350576
0.260243
0.160116
0.0540372
0.0506396
0.149338
0.240484
0.319653
0.383235
0.428613
0.454219
0.459508
0.444874
0.41152
0.361323
0.296694
0.220455
0.135723
0.04582
0.042214
0.124543
0.200721
0.267107
0.320689
0.359228
0.38132
0.386401
0.374692
0.347107
0.305159
0.250844
0.18654
0.114908
0.0388038
0.0352412
0.104008
0.167737
0.223425
0.268557
0.301224
0.320194
0.324915
0.315494
0.292632
0.257551
0.211904
0.157695
0.0971866
0.0328274
0.0294561
0.0869589
0.140319
0.18705
0.225051
0.252702
0.268928
0.273215
0.265596
0.246612
0.217252
0.178889
0.133207
0.082129
0.0277472
0.0246467
0.0727778
0.117489
0.156718
0.188708
0.212087
0.225925
0.229754
0.223563
0.20777
0.183181
0.150936
0.112452
0.0693573
0.0234365
0.0206418
0.0609638
0.0984541
0.131398
0.158324
0.178074
0.189848
0.193228
0.188175
0.175016
0.154408
0.127302
0.0948858
0.0585412
0.0197847
0.0173025
0.0511097
0.0825659
0.110242
0.132907
0.149582
0.159582
0.162537
0.158396
0.147415
0.130133
0.10734
0.0800381
0.0493937
0.0166955
0.0145155
0.0428828
0.0692937
0.0925556
0.111636
0.125709
0.13419
0.136756
0.13335
0.124173
0.10967
0.0904997
0.067503
0.0416673
0.0140855
0.0121878
0.0360101
0.0582008
0.077763
0.0938303
0.105706
0.112892
0.115109
0.112297
0.104618
0.0924375
0.0763064
0.0569322
0.035149
0.0118832
0.010243
0.0302668
0.048927
0.0653892
0.0789255
0.0889481
0.0950341
0.0969407
0.0946122
0.0881772
0.0779387
0.0643572
0.0480283
0.0296567
0.0100272
0.008618
0.0254672
0.0411745
0.0550403
0.0664524
0.0749148
0.0800681
0.0817036
0.0797692
0.0743686
0.0657533
0.0543091
0.0405378
0.025035
0.00846513
0.00726076
0.0214578
0.0346967
0.0463895
0.0560208
0.0631717
0.0675368
0.068937
0.0673249
0.0627846
0.0555255
0.0458715
0.0342456
0.0211516
0.00715245
0.00612812
0.0181115
0.0292889
0.0391653
0.047306
0.0533564
0.0570573
0.0582551
0.0569072
0.0530822
0.046955
0.0387983
0.0289693
0.0178945
0.00605138
0.00518435
0.0153229
0.0247816
0.0331424
0.0400378
0.0451672
0.0483101
0.0493349
0.0482037
0.0449729
0.0397891
0.0328824
0.0245552
0.0151692
0.00512998
0.00439988
0.0130048
0.0210342
0.0281338
0.0339919
0.0383529
0.0410288
0.0419068
0.0409534
0.0382152
0.0338157
0.0279496
0.0208738
0.0128959
0.00436135
0.00375025
0.0110851
0.0179303
0.0239846
0.028982
0.0327048
0.0349919
0.0357463
0.0349385
0.0326072
0.0288572
0.023854
0.0178166
0.0110079
0.00372295
0.00321531
0.00950414
0.015374
0.0205667
0.0248545
0.0280504
0.0300158
0.030667
0.0299779
0.0279812
0.024766
0.0204741
0.0152934
0.00944942
0.00319596
0.00277851
0.00821321
0.0132864
0.0177752
0.0214829
0.0242476
0.0259494
0.0265154
0.0259226
0.0241986
0.0214201
0.0177096
0.0132292
0.0081744
0.00276479
0.0024264
0.00717253
0.0116034
0.0155245
0.0187641
0.0211807
0.0226693
0.023166
0.0226503
0.0211458
0.0187195
0.0154779
0.0115628
0.00714498
0.00241666
0.00214815
0.00635012
0.0102733
0.0137456
0.016615
0.0187562
0.020076
0.0205176
0.0200625
0.0187314
0.0165833
0.0137124
0.0102444
0.00633052
0.00214122
0.00193522
0.00572077
0.00925538
0.0123841
0.0149701
0.0169004
0.0180909
0.0184901
0.0180812
0.0168827
0.0149475
0.0123604
0.00923474
0.00570676
0.00193027
0.00178109
0.0052652
0.00851854
0.0113986
0.0137794
0.0155569
0.0166537
0.0170222
0.0166467
0.0155442
0.0137631
0.0113815
0.00850368
0.00525511
0.00177752
0.00168105
0.0049695
0.00804028
0.010759
0.0130066
0.014685
0.0157211
0.0160697
0.0157159
0.0146757
0.0129947
0.0107465
0.0080294
0.00496211
0.00167843
0.00163202
0.00482461
0.00780599
0.0104457
0.0126282
0.0142583
0.0152647
0.0156038
0.0152609
0.0142512
0.0126192
0.0104363
0.0077978
0.00481905
0.00163006
0.00163253
0.00482613
0.00780852
0.0104492
0.0126328
0.0142637
0.0152709
0.0156105
0.0152679
0.0142582
0.0126256
0.0104418
0.00780203
0.00482172
0.00163097
0.00168256
0.00497407
0.00804794
0.0107697
0.0130204
0.0147016
0.01574
0.0160903
0.0157374
0.0146969
0.0130143
0.0107633
0.00804238
0.0049703
0.00168123
0.00178366
0.00527294
0.00853154
0.0114169
0.0138029
0.0155853
0.0166863
0.0170578
0.0166838
0.0155808
0.0137971
0.0114108
0.00852625
0.00526935
0.00178239
0.00193889
0.00573184
0.00927403
0.0124105
0.0150042
0.0169418
0.0181385
0.0185424
0.0181359
0.0169369
0.014998
0.012404
0.00926836
0.00572799
0.00193753
0.00215297
0.00636472
0.010298
0.0137808
0.0166608
0.0188121
0.0201409
0.0205893
0.0201378
0.0188064
0.0166534
0.0137731
0.0102913
0.00636016
0.00215136
0.00243243
0.00719084
0.0116346
0.0155693
0.018823
0.0212533
0.0227543
0.0232606
0.0227503
0.021246
0.0188135
0.0155595
0.011626
0.00718502
0.00243037
0.00278576
0.00823536
0.0133245
0.0178306
0.0215565
0.0243396
0.0260582
0.0266376
0.0260528
0.0243297
0.021544
0.0178174
0.0133131
0.00822757
0.00278301
0.00322373
0.00953006
0.0154192
0.0206334
0.0249447
0.0281646
0.0301528
0.0308226
0.0301454
0.0281511
0.0249274
0.0206153
0.0154035
0.00951938
0.00321996
0.00375968
0.0111144
0.0179824
0.024063
0.0290904
0.0328448
0.0351626
0.0359429
0.0351523
0.032826
0.0290664
0.0240379
0.0179605
0.0110995
0.00375443
0.00440995
0.0130366
0.0210922
0.0282239
0.0341199
0.0385225
0.0412397
0.0421537
0.0412253
0.0384961
0.0340862
0.0281887
0.0210615
0.0130158
0.00440258
0.00519435
0.0153554
0.0248434
0.0332428
0.0401862
0.0453702
0.0485689
0.0496436
0.0485486
0.0453332
0.0401388
0.0331933
0.0248003
0.0153261
0.005184
0.00613685
0.0181414
0.0293504
0.0392727
0.0474741
0.0535963
0.0573728
0.0586399
0.0573442
0.0535442
0.0474073
0.0392029
0.0292896
0.0181001
0.00612226
0.00726623
0.0214798
0.0347508
0.0464975
0.0562056
0.0634512
0.0679189
0.0694157
0.0678787
0.0633776
0.0561115
0.046399
0.0346651
0.0214216
0.00724565
0.00861704
0.0254726
0.0412096
0.0551377
0.066647
0.0752349
0.0805279
0.0822979
0.0804711
0.0751311
0.0665141
0.0549987
0.0410886
0.0253905
0.008588
0.0102307
0.0302422
0.0489244
0.0654573
0.0791168
0.0893063
0.0955832
0.0976776
0.095503
0.0891598
0.0789293
0.0652613
0.0487537
0.0301263
0.0101897
0.0121566
0.0359347
0.0581316
0.0777723
0.0939959
0.106094
0.113543
0.116021
0.11343
0.105888
0.0937313
0.0774955
0.0578906
0.0357711
0.0120987
0.014454
0.0427251
0.0691138
0.0924598
0.111739
0.126111
0.134953
0.137886
0.134793
0.125819
0.111366
0.0920691
0.0687736
0.0424942
0.0143724
0.0171938
0.0508225
0.0822088
0.109971
0.132891
0.149969
0.160466
0.163935
0.16024
0.149556
0.132363
0.109419
0.0817285
0.0504966
0.0170785
0.0204606
0.060477
0.0978202
0.130844
0.158099
0.178395
0.190858
0.194959
0.190539
0.177814
0.157354
0.130065
0.0971423
0.0600169
0.0202979
0.0243558
0.0719878
0.116431
0.155723
0.188138
0.212262
0.227056
0.231899
0.226607
0.211441
0.187087
0.154624
0.115474
0.0713381
0.024126
0.0290005
0.0857126
0.138619
0.185378
0.223934
0.252607
0.270165
0.275876
0.26953
0.251447
0.22245
0.183826
0.137267
0.0847955
0.0286761
0.0345401
0.10208
0.165074
0.220728
0.266592
0.300669
0.3215
0.328224
0.320604
0.299032
0.264498
0.218538
0.163167
0.100786
0.0340821
0.0411488
0.121605
0.196626
0.262877
0.317436
0.357929
0.382631
0.390531
0.381366
0.355618
0.314478
0.259784
0.193933
0.119778
0.0405023
0.0490361
0.144904
0.234269
0.313143
0.378045
0.426154
0.455429
0.464688
0.453643
0.422892
0.373871
0.308778
0.230467
0.142324
0.0481233
0.0584535
0.17272
0.279195
0.373112
0.450316
0.507457
0.542124
0.552943
0.539604
0.502852
0.444423
0.366949
0.273828
0.169077
0.0571649
0.0697047
0.205945
0.332841
0.444685
0.536519
0.604364
0.64538
0.657972
0.641823
0.597864
0.5282
0.435984
0.325264
0.200802
0.0678854
0.0831561
0.24566
0.396938
0.530151
0.639381
0.7199
0.768372
0.782959
0.763351
0.710725
0.627637
0.517869
0.386241
0.238399
0.0805875
0.0992519
0.29317
0.473579
0.632272
0.762177
0.857689
0.914893
0.931688
0.907806
0.844738
0.745599
0.614932
0.458476
0.282918
0.0956252
0.118532
0.350061
0.565298
0.754381
0.908856
1.02208
1.08947
1.10866
1.07947
1.0038
0.885454
0.729902
0.543976
0.335586
0.113411
0.141653
0.418265
0.675179
0.900521
1.08418
1.21829
1.29752
1.31924
1.28341
1.19249
1.05115
0.865962
0.645073
0.397826
0.134422
0.169425
0.500147
0.806982
1.0756
1.29391
1.4526
1.54552
1.56977
1.52559
1.41618
1.24728
1.02682
0.764474
0.471283
0.159212
0.202839
0.598614
0.96532
1.28563
1.54504
1.73258
1.8412
1.8678
1.81308
1.68119
1.47922
1.21675
0.905294
0.557849
0.188415
0.243129
0.717267
1.15588
1.53793
1.84606
2.06737
2.19383
2.2223
2.15417
1.99485
1.75317
1.44069
1.07111
0.659685
0.222752
0.291836
0.860591
1.3857
1.84158
2.20738
2.46801
2.61451
2.64387
2.55856
2.36571
2.07628
1.70428
1.26597
0.779234
0.26304
0.350899
1.03422
1.6636
2.20776
2.64172
2.9479
3.11651
3.14508
3.03763
2.80362
2.45673
2.01391
1.49445
0.919239
0.310192
0.422793
1.24531
2.00066
2.65048
3.16478
3.52333
3.71575
3.74072
3.6046
3.3199
2.90378
2.37677
1.76165
1.08273
0.365217
0.510705
1.50304
2.41101
3.18729
3.79599
4.21411
4.43128
4.44822
4.27472
3.92743
3.42785
2.8008
2.07315
1.27303
0.42921
0.618808
1.81935
2.9128
3.84048
4.55954
5.04444
5.28582
5.28795
5.06554
4.64069
4.04042
3.29467
2.43498
1.49367
0.503339
0.752654
2.21002
3.5297
4.63852
5.48569
6.04385
6.30651
6.28361
5.9969
5.47577
4.75401
3.86765
2.85348
1.74835
0.588816
0.919793
2.69629
4.29303
5.61824
6.61251
7.24846
7.52547
7.46244
7.09105
6.45014
5.5819
4.52937
3.33515
2.0408
0.686858
1.13074
3.3074
5.24492
6.82777
7.98814
8.70233
8.98053
8.85541
8.37233
7.58236
6.53774
5.28949
3.88634
2.37462
0.798631
1.40058
4.08455
6.44308
8.33066
9.6736
10.4589
10.7156
10.4969
9.86672
8.8914
7.63497
6.15715
4.51292
2.75307
0.925175
1.75179
5.08771
7.96827
10.2117
11.7463
12.5826
12.7809
12.4241
11.6008
10.3956
8.88593
7.14035
5.21977
3.17876
1.06731
2.21943
6.40706
9.93585
12.5851
14.3037
15.1493
15.2316
14.6753
13.5999
12.1113
10.3007
8.24505
6.01024
3.65335
1.22554
2.86152
8.18393
12.5142
15.6048
17.4675
18.2459
18.1258
17.287
15.8858
14.0506
11.8855
9.47418
6.88547
4.17718
1.39991
3.78184
10.6498
15.9532
19.4772
21.384
21.9666
21.5189
20.2893
18.473
16.2191
13.6412
10.8265
7.84371
4.74891
1.58994
5.18528
14.202
20.628
24.4725
26.2202
26.4026
25.4549
23.6989
21.364
18.6126
15.5613
12.2954
8.87972
5.3652
1.79448
7.52886
19.5534
27.0955
30.9239
32.1432
31.6232
29.9522
27.5105
24.5441
21.2143
17.6303
13.8685
9.98431
6.02049
2.01168
11.9788
28.0175
36.1418
39.1871
39.2741
37.6432
34.9844
31.6865
27.9765
23.9925
19.8229
15.5263
11.1442
6.70701
2.23898
21.928
41.9775
48.7152
49.5044
47.5978
44.3768
40.4604
36.1487
31.5989
26.8996
22.1034
17.2436
12.3423
7.41491
2.47316
48.4093
65.1816
65.4194
61.6937
56.834
51.5931
46.2108
40.776
35.3252
29.8738
24.4281
18.9898
13.5585
8.13275
2.71052
12.785
18.3735
24.0186
29.763
35.6572
41.7648
48.1697
54.9869
62.3803
70.5891
79.9694
91.046
104.545
121.249
141.106
12.9824
18.9681
25.0178
31.1789
37.5067
44.0684
50.949
58.2595
66.1468
74.8064
84.492
95.5101
108.158
122.52
137.973
13.1588
19.4984
25.9051
32.4279
39.1219
46.0522
53.2975
60.9541
69.1399
77.9962
87.6806
98.3422
110.056
122.697
135.76
13.3132
19.9615
26.6763
33.505
40.5
47.7204
55.2339
63.1184
71.4615
80.3564
89.8904
100.12
111.025
122.451
134.051
13.4457
20.3578
27.3331
34.4155
41.6523
49.0947
56.7984
64.8231
73.23
82.0761
91.4033
101.219
111.473
122.026
132.648
13.5573
20.6909
27.8823
35.1711
42.5983
50.2069
58.0409
66.1444
74.5579
83.3135
92.4257
101.88
111.618
121.53
131.456
13.6497
20.9661
28.3339
35.7877
43.3624
51.0929
59.0132
67.1545
75.5425
84.1927
93.1047
102.254
111.588
121.018
130.431
13.7249
21.1896
28.6991
36.2829
43.97
51.7883
59.7634
67.9167
76.2635
84.8089
93.5444
102.443
111.459
120.521
129.547
13.7851
21.3683
28.9897
36.6743
44.4459
52.3263
60.3344
68.4845
76.7845
85.2335
93.8188
102.515
111.28
120.06
128.789
13.8325
21.5084
29.2167
36.9782
44.8123
52.7357
60.7624
68.9013
77.1555
85.5202
93.9814
102.515
111.085
119.646
128.149
13.8689
21.6158
29.3902
37.2092
45.0885
53.0412
61.0772
69.2017
77.4146
85.709
94.0704
102.476
110.895
119.291
127.62
13.8959
21.6956
29.5186
37.3794
45.2907
53.2627
61.3025
69.4127
77.591
85.8295
94.1136
102.422
110.728
119
127.2
13.915
21.7518
29.6089
37.4986
45.4315
53.4157
61.4564
69.5544
77.7061
85.903
94.1306
102.369
110.595
118.777
126.886
13.9271
21.7876
29.6662
37.574
45.5202
53.5116
61.5519
69.6412
77.775
85.9443
94.1351
102.329
110.502
118.628
126.677
13.933
21.805
29.694
37.6105
45.563
53.5577
61.5976
69.6823
77.8071
85.9626
94.1352
102.306
110.454
118.552
126.573
158.087
166.623
178.97
185.561
194.479
199.311
205.752
208.824
211.632
216.969
220.405
225.99
229.521
235.261
238.913
245.038
248.292
252.727
255.156
258.454
260.272
262.682
263.853
264.917
266.89
268.162
270.188
271.47
273.516
274.819
276.975
278.119
279.649
280.483
281.588
282.191
282.966
283.34
283.667
284.246
284.605
285.146
285.47
285.95
286.233
286.658
286.863
287.092
287.194
287.284
287.311
287.301
287.28
287.231
287.107
286.99
286.756
286.565
286.201
285.921
285.395
285.074
284.589
284.285
283.838
283.556
283.164
282.938
282.715
282.347
282.087
281.739
281.51
281.276
281.143
281.161
281.215
281.677
282.01
283.087
283.788
285.72
286.367
287.481
291.962
291.911
289.549
284.312
272.566
241.864
151.294
161.48
171.253
179.388
186.985
193.283
199.088
203.834
208.234
212.952
217.426
222.171
226.626
231.34
235.726
240.302
244.23
247.976
251.127
254.08
256.551
258.831
260.708
262.441
264.27
265.99
267.786
269.459
271.204
272.816
274.477
275.894
277.228
278.34
279.364
280.21
280.972
281.587
282.135
282.688
283.186
283.678
284.11
284.53
284.889
285.227
285.486
285.695
285.838
285.932
285.975
285.974
285.937
285.858
285.73
285.561
285.333
285.067
284.734
284.368
283.934
283.506
283.045
282.599
282.129
281.678
281.212
280.768
280.313
279.816
279.316
278.792
278.283
277.781
277.311
276.891
276.514
276.233
275.975
275.835
275.629
275.47
274.887
274.056
272.958
269.604
263.329
252.855
235.537
206.995
147.269
156.926
165.893
173.986
181.361
187.959
193.945
199.338
204.376
209.285
214.051
218.765
223.356
227.889
232.262
236.498
240.429
244.077
247.38
250.396
253.101
255.557
257.769
259.823
261.803
263.704
265.558
267.343
269.082
270.741
272.328
273.787
275.125
276.321
277.397
278.346
279.189
279.929
280.594
281.209
281.773
282.294
282.767
283.197
283.576
283.907
284.179
284.393
284.55
284.651
284.7
284.7
284.652
284.556
284.41
284.214
283.965
283.665
283.312
282.912
282.464
281.986
281.477
280.947
280.393
279.821
279.227
278.614
277.971
277.29
276.575
275.825
275.045
274.238
273.408
272.556
271.674
270.756
269.768
268.68
267.398
265.831
263.764
261.012
257.203
251.501
243.154
231.251
214.672
192.602
144.403
153.361
161.788
169.614
176.852
183.512
189.656
195.348
200.7
205.818
210.749
215.531
220.168
224.663
228.99
233.129
237.03
240.674
244.045
247.154
250.008
252.632
255.053
257.311
259.448
261.482
263.429
265.291
267.072
268.765
270.363
271.851
273.223
274.474
275.61
276.633
277.552
278.378
279.124
279.802
280.419
280.979
281.484
281.935
282.331
282.671
282.952
283.175
283.339
283.445
283.496
283.493
283.436
283.325
283.161
282.942
282.669
282.34
281.957
281.522
281.037
280.508
279.938
279.329
278.681
277.995
277.269
276.501
275.684
274.813
273.885
272.897
271.846
270.728
269.537
268.262
266.884
265.38
263.705
261.801
259.578
256.912
253.625
249.49
244.173
237.206
228.099
216.382
201.711
184.208
142.187
150.559
158.544
166.087
173.172
179.804
186.013
191.845
197.36
202.616
207.656
212.506
217.178
221.675
225.988
230.101
233.996
237.66
241.086
244.277
247.242
249.999
252.566
254.971
257.237
259.382
261.418
263.352
265.188
266.923
268.556
270.08
271.492
272.792
273.982
275.066
276.049
276.941
277.749
278.481
279.144
279.742
280.277
280.751
281.164
281.517
281.809
282.039
282.209
282.319
282.369
282.361
282.295
282.171
281.989
281.749
281.45
281.092
280.676
280.203
279.673
279.09
278.454
277.765
277.023
276.226
275.372
274.456
273.473
272.417
271.281
270.059
268.743
267.323
265.786
264.113
262.278
260.247
257.97
255.382
252.394
248.887
244.708
239.666
233.52
225.989
216.804
205.763
192.828
178.264
140.401
148.312
155.933
163.217
170.141
176.701
182.91
188.794
194.388
199.724
204.833
209.733
214.438
218.95
223.268
227.385
231.293
234.985
238.46
241.721
244.775
247.633
250.312
252.828
255.198
257.436
259.552
261.553
263.445
265.227
266.902
268.466
269.921
271.266
272.505
273.64
274.677
275.622
276.48
277.258
277.961
278.593
279.156
279.653
280.084
280.45
280.752
280.99
281.164
281.276
281.324
281.311
281.236
281.099
280.9
280.638
280.314
279.927
279.477
278.963
278.386
277.747
277.044
276.276
275.442
274.539
273.562
272.507
271.366
270.133
268.8
267.355
265.789
264.087
262.23
260.195
257.954
255.467
252.683
249.54
245.954
241.827
237.034
231.432
224.859
217.154
208.18
197.872
186.289
173.662
138.929
146.481
153.805
160.864
167.632
174.1
180.272
186.16
191.782
197.158
202.306
207.24
211.971
216.502
220.834
224.967
228.896
232.621
236.141
239.46
242.585
245.524
248.29
250.893
253.347
255.662
257.848
259.91
261.855
263.686
265.403
267.009
268.505
269.893
271.175
272.354
273.436
274.425
275.325
276.142
276.88
277.541
278.13
278.647
279.095
279.474
279.786
280.031
280.209
280.321
280.368
280.349
280.265
280.115
279.899
279.617
279.268
278.852
278.367
277.813
277.189
276.494
275.726
274.883
273.961
272.957
271.865
270.679
269.392
267.995
266.477
264.827
263.03
261.071
258.928
256.576
253.983
251.112
247.914
244.332
240.295
235.724
230.523
224.593
217.83
210.144
201.474
191.817
181.252
169.954
137.703
144.974
152.059
158.925
165.551
171.924
178.041
183.906
189.527
194.916
200.083
205.038
209.788
214.336
218.686
222.838
226.791
230.547
234.108
237.477
240.66
243.663
246.497
249.17
251.692
254.072
256.318
258.435
260.429
262.304
264.063
265.709
267.243
268.669
269.989
271.208
272.328
273.353
274.289
275.139
275.905
276.593
277.204
277.74
278.203
278.594
278.915
279.166
279.348
279.46
279.504
279.48
279.387
279.225
278.993
278.691
278.318
277.874
277.355
276.762
276.093
275.345
274.515
273.601
272.597
271.5
270.302
268.997
267.576
266.028
264.343
262.508
260.506
258.319
255.926
253.301
250.413
247.226
243.697
239.776
235.407
230.525
225.063
218.953
212.131
204.549
196.189
187.071
177.269
166.914
136.682
143.732
150.624
157.33
163.831
170.113
176.169
181.999
187.604
192.991
198.164
203.129
207.891
212.454
216.82
220.991
224.968
228.753
232.348
235.759
238.989
242.045
244.933
247.663
250.24
252.674
254.97
257.134
259.172
261.087
262.884
264.565
266.135
267.595
268.949
270.2
271.353
272.41
273.375
274.252
275.044
275.753
276.383
276.936
277.413
277.815
278.144
278.4
278.584
278.697
278.738
278.708
278.607
278.433
278.186
277.866
277.471
277
276.451
275.821
275.109
274.312
273.425
272.446
271.368
270.186
268.893
267.481
265.939
264.259
262.426
260.427
258.246
255.863
253.257
250.404
247.273
243.832
240.044
235.867
231.255
226.161
220.536
214.336
207.523
200.076
191.994
183.308
174.081
164.411
135.838
142.716
149.454
156.029
162.424
168.624
174.622
180.412
185.994
191.369
196.54
201.509
206.279
210.853
215.232
219.42
223.417
227.227
230.853
234.297
237.566
240.663
243.596
246.371
248.993
251.471
253.809
256.013
258.088
260.038
261.868
263.582
265.181
266.671
268.054
269.334
270.513
271.596
272.586
273.486
274.299
275.027
275.673
276.24
276.728
277.139
277.475
277.736
277.922
278.035
278.073
278.038
277.929
277.745
277.485
277.148
276.733
276.237
275.66
274.998
274.247
273.406
272.469
271.432
270.288
269.032
267.655
266.149
264.503
262.707
260.747
258.609
256.275
253.728
250.945
247.904
244.578
240.937
236.95
232.581
227.797
222.56
216.837
210.6
203.828
196.515
188.669
180.323
171.529
162.365
135.154
141.898
148.516
154.987
161.294
167.425
173.369
179.122
184.679
190.04
195.204
200.172
204.946
209.528
213.918
218.12
222.135
225.965
229.615
233.087
236.386
239.517
242.484
245.294
247.953
250.466
252.838
255.074
257.181
259.161
261.019
262.759
264.385
265.899
267.306
268.609
269.811
270.915
271.925
272.843
273.673
274.417
275.077
275.654
276.152
276.571
276.912
277.177
277.365
277.477
277.514
277.474
277.358
277.164
276.893
276.541
276.108
275.592
274.99
274.299
273.516
272.636
271.656
270.569
269.369
268.05
266.602
265.017
263.283
261.39
259.324
257.07
254.611
251.93
249.005
245.815
242.335
238.54
234.403
229.895
224.989
219.658
213.879
207.634
200.913
193.719
186.065
177.981
169.512
160.72
134.617
141.261
147.787
154.177
160.416
166.49
172.391
178.111
183.645
188.991
194.147
199.113
203.888
208.474
212.873
217.086
221.114
224.961
228.63
232.123
235.446
238.602
241.596
244.434
247.12
249.66
252.059
254.322
256.453
258.457
260.337
262.099
263.745
265.28
266.706
268.027
269.247
270.368
271.394
272.327
273.17
273.926
274.596
275.183
275.688
276.113
276.459
276.726
276.916
277.028
277.062
277.018
276.897
276.695
276.414
276.05
275.603
275.07
274.447
273.733
272.922
272.011
270.995
269.867
268.622
267.251
265.746
264.097
262.293
260.322
258.171
255.825
253.267
250.481
247.445
244.141
240.545
236.636
232.389
227.781
222.792
217.4
211.59
205.351
198.68
191.584
184.078
176.191
167.962
159.44
134.22
140.793
147.253
153.583
159.771
165.803
171.67
177.364
182.88
188.213
193.362
198.324
203.099
207.689
212.093
216.314
220.352
224.211
227.894
231.403
234.743
237.918
240.932
243.789
246.496
249.056
251.474
253.756
255.906
257.927
259.825
261.603
263.265
264.814
266.255
267.59
268.823
269.956
270.994
271.938
272.791
273.555
274.234
274.827
275.338
275.768
276.117
276.386
276.577
276.688
276.721
276.674
276.548
276.341
276.052
275.679
275.22
274.674
274.036
273.303
272.472
271.537
270.493
269.335
268.054
266.644
265.096
263.398
261.541
259.512
257.298
254.883
252.253
249.389
246.273
242.885
239.207
235.216
230.893
226.218
221.173
215.743
209.917
203.689
197.06
190.038
182.641
174.894
166.832
158.498
133.958
140.484
146.901
153.194
159.348
165.352
171.196
176.872
182.375
187.699
192.841
197.801
202.576
207.167
211.575
215.801
219.846
223.713
227.405
230.924
234.275
237.462
240.489
243.36
246.079
248.653
251.084
253.379
255.541
257.574
259.483
261.272
262.944
264.504
265.954
267.298
268.54
269.681
270.726
271.678
272.537
273.308
273.991
274.59
275.104
275.537
275.888
276.159
276.35
276.461
276.492
276.444
276.314
276.103
275.809
275.43
274.964
274.408
273.759
273.014
272.169
271.218
270.156
268.977
267.673
266.237
264.659
262.929
261.036
258.969
256.712
254.252
251.573
248.658
245.49
242.049
238.316
234.274
229.903
225.186
220.107
214.656
208.822
202.604
196.004
189.032
181.705
174.049
166.094
157.88
133.828
140.331
146.727
153
159.138
165.128
170.96
176.628
182.123
187.443
192.582
197.54
202.315
206.907
211.317
215.545
219.593
223.464
227.16
230.685
234.042
237.235
240.267
243.145
245.871
248.451
250.889
253.19
255.358
257.397
259.312
261.106
262.784
264.348
265.803
267.152
268.398
269.544
270.593
271.547
272.41
273.184
273.87
274.47
274.987
275.421
275.773
276.045
276.236
276.347
276.378
276.328
276.197
275.984
275.687
275.305
274.835
274.274
273.62
272.869
272.017
271.058
269.986
268.797
267.481
266.032
264.439
262.693
260.783
258.696
256.418
253.936
251.233
248.293
245.098
241.631
237.872
233.804
229.41
224.673
219.579
214.117
208.281
202.069
195.484
188.536
181.244
173.632
165.729
157.573
138.685
103.337
86.8215
75.9681
67.2849
59.639
52.5762
45.8781
39.4243
33.141
26.9794
20.905
14.892
8.91968
2.9707
159.956
126.126
104.507
89.3694
77.6484
67.833
59.1552
51.1997
43.7255
36.5834
29.6754
22.933
16.3059
9.75479
3.24692
163.742
136.704
115.711
99.3534
86.106
74.889
65.0117
56.0396
47.6943
39.7917
32.2056
24.8456
17.6438
10.5466
3.50907
163.081
141.237
122.279
106.227
92.5327
80.6048
69.9629
60.2526
51.22
42.6833
34.5096
26.5999
18.877
11.2787
3.75182
161.217
142.884
125.94
110.741
97.193
85.0344
73.9821
63.7875
54.2498
45.2115
36.5496
28.1671
19.9856
11.9394
3.97129
159.09
143.14
127.857
113.604
100.463
88.3574
77.1431
66.6652
56.78
47.3631
38.3101
29.5333
20.9587
12.5219
4.16521
157.015
142.729
128.742
115.354
102.699
90.7883
79.5675
68.9501
58.8415
49.1506
39.794
30.6973
21.794
13.0243
4.33282
155.112
142.018
129.027
116.372
104.188
92.5291
81.3881
70.7257
60.4852
50.6037
41.018
31.6676
22.4956
13.4483
4.47463
153.426
141.205
128.975
116.917
105.154
93.7512
82.7297
72.0791
61.7697
51.7607
42.0065
32.4595
23.0724
13.7985
4.59203
151.976
140.4
128.75
117.167
105.759
94.5918
83.7001
73.0911
62.7533
52.6627
42.7875
33.0915
23.536
14.0812
4.68701
150.769
139.669
128.456
117.243
106.121
95.1566
84.3875
73.8316
63.4895
53.3491
43.3892
33.5827
23.8986
14.3033
4.76178
149.805
139.052
128.161
117.226
106.327
95.5254
84.8613
74.3581
64.0238
53.8546
43.8373
33.9515
24.1724
14.4716
4.81852
149.085
138.573
127.908
117.172
106.436
95.7562
85.1739
74.7151
64.3928
54.2082
44.1535
34.2135
24.3679
14.5921
4.8592
148.605
138.246
127.726
117.118
106.488
95.8891
85.3624
74.9355
64.6237
54.4316
44.3547
34.3811
24.4933
14.6696
4.88541
148.365
138.081
127.631
117.086
106.508
95.9494
85.4509
75.0405
64.7347
54.5397
44.4524
34.4627
24.5545
14.7075
4.89822
)
;

boundaryField
{
    hot
    {
        type            fixedValue;
        value           uniform 10;
    }
    cold
    {
        type            fixedValue;
        value           uniform 0;
    }
    interface_left
    {
        type            fixedValue;
        value           nonuniform List<scalar> 
90
(
0
0
0
0
0
0
0
0
0
0
0
0
0
0
0
0
0
0
0
0
0
0
0
0
0
0
0
0
0
0
0
0
0
0
0
0
0
0
0
0
0
0
0
0
0
0
0
0
0
0
0
0
0
0
0
0
0
0
0
0
0
0
0
0
0
0
0
0
0
0
0
0
0
0
0
0
0
0
0
0
0
0
0
0
0
0
0
166.45
166.45
166.45
)
;
    }
    interface_right
    {
        type            fixedValue;
        value           uniform 0;
    }
    interface_top
    {
        type            fixedValue;
        value           nonuniform List<scalar> 
90
(
166.45
166.45
186.971
186.971
201.165
201.165
211.508
211.508
211.508
220.345
220.345
229.376
229.376
238.723
238.723
249.47
249.47
256.544
256.544
261.704
261.704
265.5
265.5
265.5
268.704
268.704
271.923
271.923
275.205
275.205
278.951
278.951
281.36
281.36
283.058
283.058
284.25
284.25
284.25
285.183
285.183
286.036
286.036
286.801
286.801
287.533
287.533
287.881
287.881
288.005
288.005
287.971
287.971
287.971
287.789
287.789
287.437
287.437
286.875
286.875
285.976
285.976
285.231
285.231
284.573
284.573
284.02
284.02
284.02
283.535
283.535
283.127
283.127
282.95
282.95
283.271
283.271
284.491
284.491
286.982
286.982
291.769
291.769
291.769
304.727
304.727
304.727
304.727
304.727
304.727
)
;
    }
    interface_bottom
    {
        type            fixedValue;
        value           nonuniform List<scalar> 
90
(
166.45
166.45
180.294
180.294
192.168
192.168
201.391
201.391
201.391
209.551
209.551
218.128
218.128
227.315
227.315
238.355
238.355
245.9
245.9
251.446
251.446
255.46
255.46
255.46
258.705
258.705
261.773
261.773
264.61
264.61
267.392
267.392
268.769
268.769
269.269
269.269
269.092
269.092
269.092
268.199
268.199
266.357
266.357
263.191
263.191
257.773
257.773
252.536
252.536
246.885
246.885
240.749
240.749
240.749
232.975
232.975
222.26
222.26
208.085
208.085
188.884
188.884
173.491
173.491
159.571
159.571
146.778
146.778
146.778
133.226
133.226
117.438
117.438
99.7624
99.7624
79.25
79.25
64.5425
64.5425
51.8975
51.8975
40.1941
40.1941
40.1941
26.1912
26.1912
26.1912
0
0
0
)
;
    }
    defaultFaces
    {
        type            empty;
    }
}


// ************************************************************************* //
