/*--------------------------------*- C++ -*----------------------------------*\
| =========                 |                                                 |
| \\      /  F ield         | OpenFOAM: The Open Source CFD Toolbox           |
|  \\    /   O peration     | Version:  5.x                                   |
|   \\  /    A nd           | Web:      www.OpenFOAM.org                      |
|    \\/     M anipulation  |                                                 |
\*---------------------------------------------------------------------------*/
FoamFile
{
    version     2.0;
    format      ascii;
    class       volScalarField;
    location    "18.6";
    object      gradTx;
}
// * * * * * * * * * * * * * * * * * * * * * * * * * * * * * * * * * * * * * //

dimensions      [0 -1 0 1 0 0 0];

internalField   nonuniform List<scalar> 
6300
(
-12.4056
-12.1787
-11.7274
-11.0575
-10.178
-9.1023
-7.84882
-6.44209
-4.9133
-3.30053
-1.64827
-0.00598259
1.57451
3.04247
4.35229
-12.6329
-12.4033
-11.9464
-11.2674
-10.3746
-9.28035
-8.00238
-6.56447
-4.99759
-3.34033
-1.63865
0.0554779
1.68671
3.20027
4.5467
-13.09
-12.8553
-12.3878
-11.6914
-10.7727
-9.64245
-8.31617
-6.81614
-5.17259
-3.42488
-1.62179
0.179494
1.91623
3.5249
4.94748
-13.782
-13.5406
-13.0585
-12.3379
-11.3829
-10.2008
-8.80403
-7.21163
-5.45207
-3.56514
-1.60348
0.367709
2.27346
4.0352
5.57988
-14.7158
-14.4667
-13.9679
-13.219
-12.2203
-10.9743
-9.48777
-7.7746
-5.85922
-3.78047
-1.59502
0.621032
2.77435
4.76222
6.48636
-15.8991
-15.6427
-15.1278
-14.3503
-13.3054
-11.9886
-10.3985
-8.5401
-6.43008
-4.10283
-1.6175
0.936739
3.44034
5.7526
7.73299
-17.3389
-17.0775
-16.5504
-15.7493
-14.6625
-13.2764
-11.5777
-9.55757
-7.21847
-4.5836
-1.70921
1.30273
4.29733
7.07449
9.42132
-19.0405
-18.7783
-18.2473
-17.4342
-16.3193
-14.8773
-13.0786
-10.8943
-8.30295
-5.3042
-1.93881
1.68573
5.3714
8.82635
11.7096
-21.0044
-20.7481
-20.2265
-19.4212
-18.3036
-16.8349
-14.9656
-12.6384
-9.79511
-6.39178
-2.42789
2.00727
6.67583
11.1496
14.853
-23.2249
-22.9836
-22.4898
-21.7206
-20.6394
-19.1933
-17.3106
-14.8989
-11.8476
-8.04023
-3.38855
2.09507
8.17471
14.2428
19.285
-25.687
-25.4716
-25.0286
-24.3323
-23.3403
-21.9886
-20.1848
-17.7993
-14.6565
-10.5333
-5.18149
1.5865
9.68481
18.3613
25.7958
-28.3647
-28.1875
-27.8211
-27.24
-26.4011
-25.2362
-23.6411
-21.4573
-18.4461
-14.2551
-8.39096
-0.25277
10.6163
23.7215
35.9694
-31.22
-31.0927
-30.8284
-30.4059
-29.7881
-28.9143
-27.6862
-25.9428
-23.4158
-19.6504
-13.8748
-4.82328
9.31099
29.9384
53.4018
-34.2026
-34.1351
-33.9942
-33.7672
-33.4312
-32.9469
-32.2469
-31.2123
-29.6239
-27.0562
-22.6348
-14.477
1.51209
33.3185
87.6688
-37.2531
-37.2509
-37.2462
-37.2377
-37.2227
-37.1953
-37.1424
-37.0357
-36.8117
-36.3159
-35.1315
-31.9623
-22.1047
14.1539
169.616
5.39046
6.16791
6.78568
7.24214
7.54129
7.69175
7.70552
7.59671
7.38034
7.07146
6.6844
6.23232
5.72699
5.17869
4.59628
3.98726
3.35797
2.71372
2.05896
1.39743
0.732269
0.0661425
-0.5987
-1.26034
-1.91716
-2.56778
-3.21109
-3.84619
-4.47242
-5.08933
-5.69672
-6.29456
-6.88296
-7.46219
-8.03253
-8.59428
-9.14765
-9.69276
-10.2296
-10.758
-11.2776
-11.7883
-12.2895
-12.7813
-13.2633
-13.7358
-14.1989
-14.6532
-15.0992
-15.5373
-15.9681
-16.3919
-16.8086
-17.2179
-17.6193
-18.0118
-18.3943
-18.7656
-19.1245
-19.4697
-19.8003
-20.1152
-20.4138
-20.6952
-20.9584
-21.2022
-21.425
-21.6246
-21.7984
-21.9429
-22.0545
-22.1289
-22.1619
-22.1493
-22.0872
-21.9724
-21.8023
-21.5753
-21.2907
-20.9489
-20.5511
-20.0998
-19.5984
-19.0513
-18.4637
-17.842
-17.1932
-16.5252
-15.8463
-15.1652
5.60854
6.39745
7.01763
7.46833
7.75507
7.88826
7.88174
7.75128
7.51327
7.18377
6.77776
6.30875
5.78862
5.22761
4.63439
4.01627
3.37933
2.72868
2.06855
1.4025
0.733534
0.0641737
-0.603416
-1.26739
-1.92616
-2.57839
-3.22297
-3.85901
-4.48586
-5.10308
-5.7105
-6.30813
-6.89618
-7.47497
-8.04488
-8.6063
-9.1595
-9.70464
-10.2417
-10.7704
-11.2906
-11.8016
-12.3032
-12.7951
-13.277
-13.749
-14.2116
-14.6651
-15.1102
-15.5477
-15.9782
-16.4019
-16.819
-17.2293
-17.6319
-18.026
-18.4103
-18.7834
-19.1439
-19.4906
-19.8225
-20.1386
-20.4384
-20.7211
-20.9861
-21.2322
-21.4581
-21.6617
-21.8402
-21.9902
-22.1077
-22.1883
-22.2273
-22.2202
-22.1629
-22.0518
-21.8841
-21.658
-21.3729
-21.0291
-20.6279
-20.1718
-19.6641
-19.1093
-18.5127
-17.8807
-17.2206
-16.5406
-15.8494
-15.156
6.05802
6.86964
7.49328
7.93031
8.18963
8.28562
8.23612
8.06041
7.77769
7.406
6.96158
6.45855
5.90891
5.32268
4.70817
4.07216
3.42028
2.75712
2.08652
1.41165
0.735232
0.0595412
-0.613444
-1.28201
-1.94466
-2.60009
-3.24721
-3.88513
-4.51318
-5.13098
-5.73839
-6.33552
-6.92272
-7.5005
-8.06945
-8.63011
-9.18293
-9.72813
-10.2657
-10.7953
-11.3164
-11.8285
-12.3309
-12.8231
-13.3047
-13.7759
-14.2371
-14.6889
-15.1322
-15.5682
-15.9977
-16.4213
-16.8392
-17.2513
-17.6567
-18.0542
-18.4422
-18.819
-19.183
-19.5327
-19.8671
-20.1855
-20.4873
-20.7724
-21.0406
-21.2912
-21.5232
-21.7346
-21.9228
-22.0841
-22.2139
-22.3073
-22.3589
-22.3634
-22.3159
-22.2124
-22.0496
-21.8256
-21.5395
-21.1917
-20.7837
-20.3178
-19.7975
-19.2272
-18.6125
-17.9597
-17.2767
-16.572
-15.8554
-15.1369
6.76704
7.61216
8.23727
8.64786
8.85901
8.89217
8.77192
8.52331
8.16991
7.73269
7.22954
6.67522
6.08164
5.45828
4.81266
4.15074
3.47727
2.79612
2.11045
1.42291
0.735745
0.0508923
-0.629947
-1.30525
-1.97362
-2.63383
-3.28476
-3.92548
-4.55532
-5.17388
-5.78108
-6.3772
-6.96282
-7.53875
-8.10591
-8.66519
-9.21728
-9.76257
-10.301
-10.8322
-11.3553
-11.8693
-12.3732
-12.8661
-13.3474
-13.8172
-14.2759
-14.7246
-15.1648
-15.5979
-16.0254
-16.4486
-16.8678
-17.2828
-17.6927
-18.0958
-18.4899
-18.8729
-19.2424
-19.5967
-19.9347
-20.2558
-20.56
-20.848
-21.1202
-21.3768
-21.6176
-21.8408
-22.044
-22.2229
-22.3724
-22.4863
-22.558
-22.5811
-22.5494
-22.458
-22.3031
-22.0823
-21.7948
-21.4409
-21.0224
-20.5418
-20.0026
-19.4091
-18.7667
-18.0822
-17.3636
-16.6205
-15.864
-15.1058
7.78305
8.67112
9.28983
9.65227
9.78438
9.71928
9.49223
9.13678
8.68253
8.15406
7.57094
6.94818
6.297
5.62572
4.94044
4.24575
3.54516
2.84145
2.13692
1.43348
0.7328
0.0363462
-0.65453
-1.33854
-2.01444
-2.681
-3.33705
-3.98156
-4.61374
-5.23314
-5.83974
-6.43401
-7.01687
-7.58961
-8.15371
-8.71058
-9.26139
-9.80679
-10.3468
-10.8807
-11.4072
-11.9247
-12.4313
-12.9256
-13.4066
-13.8742
-14.329
-14.7726
-15.2072
-15.6354
-16.0595
-16.4814
-16.9021
-17.3215
-17.7383
-18.1501
-18.5537
-18.9459
-19.3235
-19.6841
-20.0264
-20.3501
-20.6561
-20.946
-21.2218
-21.4852
-21.7368
-21.9759
-22.1998
-22.4039
-22.5818
-22.7257
-22.827
-22.8773
-22.8687
-22.7949
-22.6511
-22.4348
-22.1452
-21.7831
-21.3504
-20.8501
-20.2856
-19.661
-18.9815
-18.2535
-17.4855
-16.6882
-15.8749
-15.06
9.18022
10.1176
10.7111
10.988
10.9934
10.7793
10.3971
9.89224
9.3017
8.65384
7.96916
7.26179
6.5411
5.81309
5.08158
4.34907
3.61735
2.88782
2.16166
1.43995
0.723639
0.013652
-0.689098
-1.38362
-2.06879
-2.74337
-3.40602
-4.05545
-4.69061
-5.31086
-5.91617
-6.50724
-7.08549
-7.65292
-8.21187
-8.76466
-9.31324
-9.85873
-10.4012
-10.9397
-11.472
-11.9955
-12.507
-13.0042
-13.4851
-13.9494
-14.3981
-14.8334
-15.2589
-15.6786
-16.0965
-16.5157
-16.9382
-17.3639
-17.791
-18.2159
-18.6338
-19.0397
-19.4289
-19.7978
-20.1447
-20.4697
-20.775
-21.0642
-21.3413
-21.6103
-21.8738
-22.1325
-22.3838
-22.6224
-22.84
-23.0262
-23.1694
-23.258
-23.2817
-23.2321
-23.1034
-22.8928
-22.5999
-22.2266
-21.7756
-21.2505
-20.6548
-19.992
-19.266
-18.4823
-17.6492
-16.779
-15.8878
-14.9948
11.0732
12.059
12.5877
12.7146
12.5181
12.081
11.4784
10.7707
10.0031
9.20635
8.39977
7.59435
6.79552
6.00528
5.22394
4.45107
3.68622
2.92916
2.17986
1.43849
0.705254
-0.0195749
-0.735615
-1.44224
-2.13849
-2.82298
-3.49406
-4.14993
-4.78898
-5.41011
-6.01313
-6.59895
-7.16968
-7.72841
-8.27885
-8.82479
-9.36947
-9.91493
-10.4615
-11.0075
-11.5496
-12.0832
-12.6035
-13.1059
-13.5875
-14.0471
-14.4862
-14.9082
-15.3188
-15.7244
-16.1314
-16.5453
-16.9694
-17.4041
-17.8467
-18.2914
-18.731
-19.1574
-19.5632
-19.943
-20.2942
-20.6175
-20.9171
-21.1994
-21.4721
-21.743
-22.0178
-22.2994
-22.586
-22.871
-23.1433
-23.3883
-23.59
-23.7321
-23.8002
-23.7829
-23.6734
-23.4689
-23.1704
-22.7815
-22.3073
-21.7523
-21.1204
-20.4136
-19.6333
-18.782
-17.8663
-16.8997
-15.9031
-14.9035
13.6422
14.6585
15.0426
14.9065
14.3888
13.6211
12.7106
11.7353
10.7463
9.77272
8.82843
7.91721
7.03731
6.18448
5.35389
4.54134
3.74373
2.95915
2.18652
1.42518
0.67465
-0.0655607
-0.795777
-1.51591
-2.22517
-2.92198
-3.60406
-4.26868
-4.91317
-5.53547
-6.13485
-6.71238
-7.27113
-7.81583
-8.3523
-8.8867
-9.42452
-9.96948
-10.5224
-11.0809
-11.6393
-12.1902
-12.7254
-13.2376
-13.7214
-14.1744
-14.5986
-14.9995
-15.3858
-15.7678
-16.1562
-16.56
-16.9852
-17.4329
-17.8989
-18.3743
-18.8471
-19.3045
-19.7348
-20.1291
-20.4835
-20.7994
-21.0839
-21.3482
-21.6056
-21.8697
-22.1518
-22.4588
-22.7902
-23.1376
-23.4854
-23.8128
-24.0962
-24.3126
-24.4411
-24.4665
-24.38
-24.1801
-23.8707
-23.4594
-22.9549
-22.3649
-21.6937
-20.9411
-20.1026
-19.1741
-18.1567
-17.0634
-15.9227
-14.7755
17.1806
18.1678
18.2463
17.6477
16.6193
15.3665
14.0358
12.7195
11.4668
10.2967
9.20925
8.19473
7.23992
6.33143
5.45769
4.6099
3.78233
2.97181
2.17676
1.39621
0.629075
-0.126033
-0.870549
-1.6053
-2.32984
-3.04225
-3.73923
-4.41647
-5.06934
-5.69387
-6.28803
-6.85287
-7.39281
-7.91506
-8.42871
-8.94365
-9.46926
-10.0125
-10.5754
-11.1543
-11.7397
-12.3196
-12.8806
-13.4103
-13.8993
-14.3432
-14.7443
-15.1116
-15.4588
-15.8021
-16.1587
-16.5438
-16.9683
-17.4352
-17.9376
-18.4608
-18.9853
-19.4906
-19.9579
-20.3727
-20.728
-21.0264
-21.2797
-21.5066
-21.7291
-21.9701
-22.25
-22.5828
-22.9711
-23.4036
-23.8569
-24.3001
-24.6989
-25.0192
-25.2305
-25.3109
-25.2498
-25.0487
-24.7176
-24.2712
-23.7254
-23.094
-22.3841
-21.5919
-20.7017
-19.6939
-18.5561
-17.2952
-15.9514
-14.5934
22.1945
22.9856
22.4244
21.0073
19.1725
17.2237
15.3403
13.6118
12.0683
10.7016
9.48475
8.38606
7.37561
6.42814
5.52392
4.6492
3.7962
2.96202
2.146
1.3478
0.566071
-0.201853
-0.959465
-1.70946
-2.45205
-3.1848
-3.90285
-4.5994
-5.26634
-5.89601
-6.48343
-7.0292
-7.53994
-8.02666
-8.50323
-8.98521
-9.4886
-10.0269
-10.6056
-11.218
-11.8481
-12.4761
-13.0806
-13.6414
-14.142
-14.5734
-14.9387
-15.2526
-15.537
-15.8173
-16.1199
-16.4707
-16.8902
-17.3862
-17.9463
-18.545
-19.1508
-19.7314
-20.2564
-20.7017
-21.0542
-21.318
-21.5135
-21.6711
-21.8259
-22.0143
-22.2718
-22.6265
-23.0883
-23.6394
-24.2426
-24.8511
-25.4146
-25.8823
-26.2083
-26.3586
-26.321
-26.1043
-25.7302
-25.2258
-24.6191
-23.936
-23.1928
-22.3835
-21.4697
-20.4009
-19.1324
-17.6464
-16.0005
-14.3248
29.6244
29.75
27.8345
24.9678
21.8894
18.9861
16.4213
14.2374
12.4151
10.8903
9.58991
8.45011
7.42037
6.46236
5.54747
4.65701
3.78279
2.92593
2.0894
1.27555
0.483062
-0.292631
-1.05944
-1.82438
-2.58847
-3.34859
-4.0975
-4.82498
-5.51703
-6.159
-6.73882
-7.25597
-7.72163
-8.15287
-8.56991
-8.9959
-9.45769
-9.98286
-10.5874
-11.2559
-11.9596
-12.6661
-13.3435
-13.9591
-14.4841
-14.8987
-15.207
-15.436
-15.6212
-15.8001
-16.0117
-16.2984
-16.7018
-17.2445
-17.8993
-18.619
-19.3525
-20.0518
-20.6695
-21.164
-21.5081
-21.7077
-21.8016
-21.8394
-21.8738
-21.959
-22.1536
-22.5156
-23.0766
-23.7998
-24.6204
-25.4668
-26.268
-26.9493
-27.4386
-27.6768
-27.6497
-27.3863
-26.9303
-26.3275
-25.6226
-24.8641
-24.0965
-23.3255
-22.4608
-21.3953
-20.0218
-18.2276
-16.0922
-13.9019
41.398
39.453
34.6142
29.2329
24.3532
20.2607
16.9533
14.3421
12.333
10.7558
9.46354
8.3554
7.36164
6.43424
5.53563
4.64121
3.74421
2.86037
2
1.17238
0.375734
-0.396327
-1.16218
-1.94063
-2.73066
-3.52859
-4.32304
-5.10161
-5.83987
-6.51149
-7.08445
-7.55689
-7.95288
-8.2995
-8.62366
-8.95499
-9.33545
-9.82451
-10.477
-11.243
-12.0671
-12.898
-13.6952
-14.4074
-14.985
-15.3768
-15.5891
-15.6826
-15.7141
-15.7356
-15.7951
-15.9579
-16.3127
-16.9413
-17.7587
-18.6727
-19.6033
-20.4897
-21.2595
-21.8429
-22.1696
-22.2496
-22.1703
-22.0123
-21.8485
-21.7456
-21.7943
-22.1179
-22.831
-23.8198
-24.961
-26.1471
-27.2937
-28.2928
-29.03
-29.3768
-29.3183
-28.9454
-28.3415
-27.5757
-26.7032
-25.8051
-25.005
-24.4019
-23.7407
-22.8329
-21.5166
-19.2999
-16.2628
-13.1621
61.9578
53.322
42.1752
32.7758
25.6834
20.4044
16.4828
13.5793
11.6289
10.2106
9.07184
8.09579
7.20716
6.36448
5.51758
4.62898
3.68655
2.7609
1.86332
1.02453
0.232923
-0.509029
-1.24684
-2.04027
-2.86153
-3.71364
-4.57149
-5.43631
-6.25866
-7.00607
-7.57484
-7.96787
-8.2552
-8.47843
-8.66705
-8.84331
-9.05676
-9.43078
-10.203
-11.1463
-12.1648
-13.1785
-14.169
-15.0494
-15.7532
-16.1133
-16.1424
-16.0182
-15.8211
-15.6162
-15.4299
-15.3405
-15.5294
-16.3662
-17.4786
-18.7022
-19.9177
-21.0953
-22.1179
-22.8913
-23.1861
-23.0205
-22.6522
-22.1932
-21.7355
-21.3138
-21.0387
-21.1593
-22.1881
-23.6201
-25.2364
-26.8844
-28.5313
-30.013
-31.1834
-31.6602
-31.4396
-30.8368
-29.9857
-28.9773
-27.8203
-26.6046
-25.6295
-25.562
-25.3753
-24.8587
-24.3079
-21.5535
-16.5249
-11.6747
102.907
70.8058
47.219
32.9958
24.4017
18.593
14.546
11.4436
10.1583
9.26288
8.44555
7.71006
6.9863
6.30056
5.55935
4.69405
3.60453
2.62084
1.64181
0.808581
0.0184918
-0.627801
-1.25149
-2.09989
-2.94806
-3.89046
-4.80994
-5.83218
-6.78541
-7.75788
-8.31828
-8.53105
-8.64981
-8.70716
-8.72821
-8.678
-8.5468
-8.46352
-9.68271
-10.9412
-12.2692
-13.4922
-14.8013
-15.9455
-17.0163
-17.3264
-16.9161
-16.4587
-15.9393
-15.4699
-14.9248
-14.3225
-13.8127
-15.3941
-17.0382
-18.7433
-20.2866
-21.9238
-23.3348
-24.6285
-24.8656
-24.0829
-23.2646
-22.3718
-21.5704
-20.6704
-19.7133
-18.8926
-20.9644
-23.1549
-25.4659
-27.6229
-30.0067
-32.181
-34.3355
-34.9473
-34.111
-33.0854
-31.856
-30.5926
-29.0216
-27.0575
-24.9469
-26.8935
-27.4845
-26.9335
-30.272
-27.0818
-16.5299
-8.23277
198.083
76.0286
38.7787
25.1094
19.1089
14.2444
11.2487
6.69104
8.12607
8.20247
7.70121
7.30723
6.7105
6.31631
5.77963
5.08181
3.36994
2.47393
1.21022
0.530414
-0.403096
-0.779197
-0.93261
-2.1599
-2.89893
-4.10034
-4.90042
-6.32747
-7.28445
-9.10309
-9.56229
-9.22956
-9.13284
-8.98813
-8.89194
-8.62925
-7.9678
-5.62066
-9.10577
-10.6358
-12.5245
-13.6821
-15.6708
-16.947
-19.3749
-19.5767
-17.7574
-16.9885
-15.9854
-15.4322
-14.5022
-13.1711
-9.08443
-14.3314
-16.51
-19.017
-20.5199
-23.0781
-24.7202
-27.887
-28.0131
-25.1964
-23.9841
-22.4187
-21.547
-20.1093
-18.1911
-12.4606
-19.5696
-22.516
-25.9168
-28.0346
-31.7835
-34.3772
-39.7089
-40.3192
-37.0546
-35.6271
-33.775
-32.6506
-30.7886
-27.7211
-18.4217
-30.1766
-31.238
-23.4072
-45.6372
-43.2107
-13.2879
0.430986
-14.4239
-13.6358
-12.8818
-12.1722
-11.5151
-10.9161
-10.3785
-9.90396
-9.49278
-9.14423
-8.85704
-8.6297
-8.46074
-8.34886
-8.29317
-14.4021
-13.6015
-12.8371
-12.1197
-11.457
-10.8545
-10.3153
-9.84053
-9.43005
-9.08277
-8.79709
-8.57125
-8.40355
-8.2926
-8.23739
-14.3568
-13.5308
-12.7455
-12.0121
-11.3385
-10.7296
-10.1875
-9.7127
-9.30403
-8.95962
-8.67722
-8.45455
-8.28954
-8.18052
-8.12631
-14.2848
-13.4193
-12.6019
-11.8447
-11.1553
-10.5376
-9.99244
-9.51863
-9.11364
-8.77437
-8.49754
-8.28011
-8.11947
-8.01354
-7.96094
-14.1806
-13.2594
-12.398
-11.6093
-10.9002
-10.2729
-9.72591
-9.25562
-8.85746
-8.52657
-8.25837
-8.04881
-7.89458
-7.79316
-7.74288
-14.0355
-13.0396
-12.1213
-11.2941
-10.5634
-9.92788
-9.38256
-8.92039
-8.5339
-8.21601
-7.96047
-7.7621
-7.6168
-7.52158
-7.47445
-13.8361
-12.7423
-11.7532
-10.8824
-10.1311
-9.49257
-8.95594
-8.50938
-8.14166
-7.84301
-7.60533
-7.42223
-7.28888
-7.20181
-7.15882
-13.5613
-12.3402
-11.2666
-10.351
-9.58607
-8.95524
-8.43916
-8.01943
-7.68028
-7.40895
-7.19552
-7.03255
-6.91459
-6.8379
-6.80012
-13.1759
-11.7906
-10.6218
-9.66879
-8.90685
-8.30309
-7.82593
-7.44881
-7.15099
-6.91691
-6.7352
-6.59777
-6.49897
-6.43501
-6.40358
-12.618
-11.0244
-9.76097
-8.79551
-8.06936
-7.52426
-7.11256
-6.79883
-6.5579
-6.37241
-6.23053
-6.1243
-6.04843
-5.99952
-5.97553
-11.7711
-9.92802
-8.60209
-7.68282
-7.05077
-6.61194
-6.30118
-6.07597
-5.9093
-5.78423
-5.69015
-5.62041
-5.57088
-5.53904
-5.52344
-10.4027
-8.31432
-7.03642
-6.28281
-5.83888
-5.57148
-5.40418
-5.29449
-5.21904
-5.16501
-5.12537
-5.09625
-5.07558
-5.06225
-5.0557
-8.02478
-5.89009
-4.94639
-4.57307
-4.45041
-4.43088
-4.44953
-4.47872
-4.50731
-4.53135
-4.54999
-4.5636
-4.5729
-4.57864
-4.58136
-3.58967
-2.2748
-2.28594
-2.6126
-2.95877
-3.25204
-3.48428
-3.66351
-3.80008
-3.90305
-3.97962
-4.03519
-4.07373
-4.09799
-4.10969
5.13563
2.66654
0.690082
-0.632616
-1.52001
-2.1342
-2.572
-2.89093
-3.1264
-3.30113
-3.43019
-3.52378
-3.5888
-3.62984
-3.6497
-40.0515
-40.1097
-40.2308
-40.4251
-40.7099
-41.1132
-41.6792
-42.4816
-43.6497
-45.4355
-48.4065
-54.1218
-67.9543
-112.684
-300.947
-42.5552
-42.6649
-42.8934
-43.2599
-43.798
-44.5619
-45.6396
-47.1785
-49.4373
-52.903
-58.5691
-68.63
-88.1789
-128.317
-201.414
-44.9828
-45.1379
-45.4601
-45.9757
-46.7293
-47.7927
-49.2799
-51.3755
-54.3867
-58.8426
-65.6798
-76.5493
-94.1059
-121.06
-152.642
-47.3028
-47.4948
-47.8927
-48.5263
-49.4456
-50.7292
-52.4978
-54.9368
-58.3328
-63.1286
-69.9901
-79.8247
-93.507
-110.589
-125.802
-49.4895
-49.7089
-50.1618
-50.8785
-51.909
-53.329
-55.2501
-57.8335
-61.3069
-65.9803
-72.2357
-80.4279
-90.547
-101.417
-109.525
-51.524
-51.7607
-52.2477
-53.013
-54.1019
-55.5808
-57.5427
-60.112
-63.4477
-67.7335
-73.1363
-79.6928
-87.0656
-94.1623
-98.879
-53.394
-53.6389
-54.1405
-54.9228
-56.0239
-57.4974
-59.4133
-61.8584
-64.9287
-68.7109
-73.236
-78.3906
-83.7759
-88.5604
-91.5083
-55.0941
-55.339
-55.8382
-56.6113
-57.6875
-59.1066
-60.9166
-63.1705
-65.9154
-69.1724
-72.8985
-76.9281
-80.9033
-84.2338
-86.1848
-56.6242
-56.8624
-57.3459
-58.0892
-59.1131
-60.4443
-62.1117
-64.1415
-66.5465
-69.3082
-72.3501
-75.5036
-78.4782
-80.8651
-82.216
-57.989
-58.2154
-58.6733
-59.3722
-60.3255
-61.5485
-63.0551
-64.8521
-66.9299
-69.2493
-71.7241
-74.2031
-76.4613
-78.2159
-79.1852
-59.1966
-59.4078
-59.8332
-60.4785
-61.3506
-62.4559
-63.797
-65.3676
-67.1454
-69.0825
-71.0953
-73.0561
-74.7939
-76.112
-76.8276
-60.2575
-60.4514
-60.8406
-61.4274
-62.2137
-63.1994
-64.3794
-65.7393
-67.2503
-68.8632
-70.5025
-72.0638
-73.4181
-74.4264
-74.9669
-61.1838
-61.3595
-61.7108
-62.2377
-62.9383
-63.8081
-64.8369
-66.006
-67.2845
-68.6256
-69.9639
-71.2153
-72.2824
-73.0656
-73.4815
-61.9882
-62.1455
-62.4592
-62.9273
-63.5456
-64.3065
-65.197
-66.1967
-67.2752
-68.3899
-69.4855
-70.4948
-71.3438
-71.96
-72.2848
-62.6834
-62.8229
-63.1003
-63.5126
-64.0538
-64.7148
-65.4813
-66.3328
-67.2407
-68.1675
-69.0671
-69.8857
-70.5668
-71.0568
-71.3136
-63.2818
-63.4045
-63.6479
-64.0083
-64.4789
-65.0498
-65.7066
-66.4296
-67.1929
-67.9642
-68.7048
-69.3721
-69.9224
-70.3156
-70.5206
-63.795
-63.9021
-64.1144
-64.4274
-64.8344
-65.3252
-65.886
-66.4985
-67.1397
-67.782
-68.3934
-68.9398
-69.3871
-69.7049
-69.8701
-64.2338
-64.3269
-64.5108
-64.7813
-65.1316
-65.5519
-66.0294
-66.5474
-67.0859
-67.6212
-68.1272
-68.5763
-68.9418
-69.2003
-69.3343
-64.6081
-64.6884
-64.8471
-65.0799
-65.3802
-65.7391
-66.1446
-66.5821
-67.0342
-67.4808
-67.9004
-68.2708
-68.5708
-68.7821
-68.8914
-64.9265
-64.9957
-65.132
-65.3315
-65.5882
-65.8938
-66.2376
-66.6067
-66.9862
-67.3592
-67.7079
-68.0142
-68.2613
-68.4349
-68.5244
-65.197
-65.2562
-65.3729
-65.5435
-65.7623
-66.0219
-66.313
-66.6242
-66.9427
-67.2545
-67.5447
-67.7986
-68.0029
-68.146
-68.2197
-65.4262
-65.4769
-65.5766
-65.7219
-65.908
-66.1282
-66.3743
-66.6366
-66.904
-67.1648
-67.4067
-67.6177
-67.7869
-67.9052
-67.9661
-65.6204
-65.6635
-65.7484
-65.8721
-66.0301
-66.2166
-66.4245
-66.6453
-66.8699
-67.0882
-67.2901
-67.4657
-67.6062
-67.7043
-67.7547
-65.7845
-65.8212
-65.8934
-65.9984
-66.1323
-66.2901
-66.4656
-66.6516
-66.8401
-67.023
-67.1917
-67.3381
-67.4551
-67.5366
-67.5784
-65.9231
-65.9543
-66.0156
-66.1046
-66.218
-66.3514
-66.4994
-66.656
-66.8144
-66.9676
-67.1087
-67.231
-67.3285
-67.3963
-67.4312
-66.0401
-66.0665
-66.1185
-66.1938
-66.2898
-66.4024
-66.5273
-66.6591
-66.7922
-66.9207
-67.0389
-67.1411
-67.2225
-67.2791
-67.3081
-66.1387
-66.1611
-66.205
-66.2688
-66.3499
-66.4451
-66.5503
-66.6613
-66.7732
-66.8811
-66.9801
-67.0656
-67.1337
-67.1809
-67.2052
-66.2217
-66.2407
-66.2779
-66.3318
-66.4004
-66.4807
-66.5694
-66.6629
-66.757
-66.8476
-66.9306
-67.0023
-67.0593
-67.0988
-67.1191
-66.2915
-66.3076
-66.3391
-66.3847
-66.4426
-66.5104
-66.5852
-66.664
-66.7432
-66.8193
-66.8891
-66.9492
-66.997
-67.0301
-67.0471
-66.3502
-66.3638
-66.3905
-66.429
-66.478
-66.5352
-66.5984
-66.6648
-66.7315
-66.7955
-66.8542
-66.9047
-66.9448
-66.9726
-66.9868
-66.3995
-66.411
-66.4335
-66.4662
-66.5076
-66.556
-66.6093
-66.6653
-66.7216
-66.7756
-66.8249
-66.8674
-66.9011
-66.9245
-66.9365
-66.4408
-66.4505
-66.4696
-66.4973
-66.5323
-66.5733
-66.6184
-66.6657
-66.7132
-66.7588
-66.8004
-66.8363
-66.8647
-66.8844
-66.8945
-66.4752
-66.4835
-66.4997
-66.5232
-66.5529
-66.5877
-66.6259
-66.666
-66.7062
-66.7448
-66.78
-66.8103
-66.8343
-66.8509
-66.8594
-66.504
-66.511
-66.5248
-66.5448
-66.5701
-66.5996
-66.6321
-66.6662
-66.7003
-66.7331
-66.7629
-66.7886
-66.809
-66.8231
-66.8303
-66.5278
-66.5339
-66.5457
-66.5627
-66.5843
-66.6095
-66.6373
-66.6663
-66.6954
-66.7234
-66.7488
-66.7707
-66.788
-66.8
-66.8062
-66.5475
-66.5527
-66.5628
-66.5775
-66.596
-66.6177
-66.6415
-66.6664
-66.6914
-66.7153
-66.7372
-66.7559
-66.7708
-66.781
-66.7863
-66.5636
-66.5681
-66.5768
-66.5895
-66.6056
-66.6243
-66.6449
-66.6665
-66.6881
-66.7088
-66.7276
-66.7438
-66.7567
-66.7656
-66.7701
-66.5765
-66.5805
-66.5881
-66.5992
-66.6133
-66.6297
-66.6477
-66.6665
-66.6854
-66.7035
-66.72
-66.7341
-66.7453
-66.7531
-66.757
-66.5868
-66.5902
-66.5971
-66.6069
-66.6194
-66.6339
-66.6499
-66.6666
-66.6833
-66.6993
-66.7139
-66.7265
-66.7364
-66.7432
-66.7467
-66.5946
-66.5977
-66.6039
-66.6128
-66.624
-66.6371
-66.6515
-66.6666
-66.6817
-66.6961
-66.7093
-66.7206
-66.7295
-66.7357
-66.7389
-66.6002
-66.6031
-66.6088
-66.617
-66.6273
-66.6394
-66.6527
-66.6666
-66.6805
-66.6938
-66.706
-66.7164
-66.7246
-66.7303
-66.7332
-66.6038
-66.6066
-66.6119
-66.6197
-66.6295
-66.6409
-66.6535
-66.6666
-66.6798
-66.6924
-66.7038
-66.7137
-66.7214
-66.7268
-66.7296
-66.6055
-66.6082
-66.6134
-66.621
-66.6305
-66.6416
-66.6538
-66.6666
-66.6794
-66.6917
-66.7028
-66.7124
-66.7199
-66.7252
-66.7279
-66.6054
-66.6081
-66.6133
-66.6209
-66.6304
-66.6416
-66.6538
-66.6666
-66.6794
-66.6917
-66.7029
-66.7125
-66.7201
-66.7253
-66.728
-66.6034
-66.6062
-66.6116
-66.6194
-66.6293
-66.6408
-66.6534
-66.6666
-66.6799
-66.6925
-66.7041
-66.714
-66.7218
-66.7272
-66.73
-66.5995
-66.6024
-66.6082
-66.6165
-66.6269
-66.6392
-66.6526
-66.6666
-66.6807
-66.6941
-66.7064
-66.7169
-66.7252
-66.731
-66.7339
-66.5936
-66.5968
-66.603
-66.612
-66.6234
-66.6367
-66.6513
-66.6666
-66.6819
-66.6965
-66.7099
-66.7213
-66.7304
-66.7367
-66.7399
-66.5854
-66.589
-66.5959
-66.6059
-66.6186
-66.6334
-66.6496
-66.6666
-66.6836
-66.6999
-66.7147
-66.7274
-66.7375
-66.7445
-66.7481
-66.5748
-66.5788
-66.5866
-66.598
-66.6123
-66.629
-66.6473
-66.6666
-66.6858
-66.7042
-66.721
-66.7354
-66.7468
-66.7547
-66.7587
-66.5614
-66.566
-66.575
-66.5879
-66.6043
-66.6235
-66.6445
-66.6665
-66.6886
-66.7097
-66.7289
-66.7454
-66.7585
-66.7676
-66.7722
-66.5448
-66.5501
-66.5605
-66.5755
-66.5945
-66.6166
-66.641
-66.6664
-66.692
-66.7164
-66.7387
-66.7579
-66.773
-66.7835
-66.7889
-66.5246
-66.5308
-66.5428
-66.5603
-66.5824
-66.6082
-66.6366
-66.6664
-66.6962
-66.7247
-66.7507
-66.7731
-66.7908
-66.8031
-66.8093
-66.5001
-66.5073
-66.5214
-66.5419
-66.5678
-66.5981
-66.6314
-66.6662
-66.7012
-66.7347
-66.7652
-66.7915
-66.8123
-66.8267
-66.8341
-66.4705
-66.479
-66.4956
-66.5197
-66.5502
-66.5858
-66.625
-66.6661
-66.7072
-66.7467
-66.7828
-66.8138
-66.8383
-66.8553
-66.864
-66.4351
-66.4451
-66.4647
-66.4931
-66.529
-66.571
-66.6173
-66.6658
-66.7145
-66.7612
-66.8038
-66.8404
-66.8695
-66.8897
-66.9
-66.3926
-66.4045
-66.4276
-66.4612
-66.5037
-66.5533
-66.608
-66.6655
-66.7231
-66.7784
-66.8289
-66.8724
-66.9069
-66.9308
-66.9431
-66.342
-66.356
-66.3834
-66.423
-66.4733
-66.5321
-66.5969
-66.665
-66.7333
-66.799
-66.859
-66.9107
-66.9517
-66.9801
-66.9946
-66.2817
-66.2982
-66.3306
-66.3775
-66.437
-66.5067
-66.5835
-66.6643
-66.7454
-66.8234
-66.8948
-66.9563
-67.0051
-67.039
-67.0563
-66.2099
-66.2295
-66.2678
-66.3233
-66.3937
-66.4763
-66.5674
-66.6633
-66.7597
-66.8525
-66.9375
-67.0108
-67.069
-67.1094
-67.1301
-66.1246
-66.1477
-66.1929
-66.2586
-66.3421
-66.4399
-66.548
-66.6619
-66.7766
-66.887
-66.9883
-67.0757
-67.1452
-67.1935
-67.2182
-66.0232
-66.0504
-66.104
-66.1817
-66.2804
-66.3963
-66.5246
-66.6599
-66.7963
-66.9279
-67.0487
-67.1531
-67.2361
-67.2939
-67.3235
-65.9028
-65.935
-65.9982
-66.09
-66.2069
-66.3442
-66.4964
-66.6571
-66.8195
-66.9763
-67.1205
-67.2453
-67.3447
-67.4138
-67.4493
-65.7601
-65.7981
-65.8726
-65.981
-66.1192
-66.2817
-66.4622
-66.6532
-66.8464
-67.0335
-67.2058
-67.3551
-67.4742
-67.5572
-67.5997
-65.591
-65.6357
-65.7236
-65.8514
-66.0145
-66.2068
-66.4208
-66.6476
-66.8777
-67.101
-67.307
-67.4859
-67.6289
-67.7285
-67.7797
-65.3908
-65.4434
-65.5467
-65.6972
-65.8896
-66.1169
-66.3703
-66.6397
-66.9138
-67.1804
-67.427
-67.6417
-67.8136
-67.9336
-67.9952
-65.1542
-65.2158
-65.3371
-65.514
-65.7406
-66.0088
-66.3088
-66.6287
-66.9551
-67.2736
-67.5692
-67.8272
-68.0343
-68.1791
-68.2536
-64.8748
-64.9468
-65.0888
-65.2962
-65.5626
-65.8787
-66.2334
-66.613
-67.0019
-67.3827
-67.7375
-68.0482
-68.2982
-68.4734
-68.5637
-64.5453
-64.6293
-64.795
-65.0376
-65.3499
-65.7219
-66.1408
-66.591
-67.0542
-67.51
-67.9364
-68.3113
-68.614
-68.8267
-68.9365
-64.1576
-64.2551
-64.4478
-64.7306
-65.0958
-65.5325
-66.0264
-66.5599
-67.1117
-67.6576
-68.171
-68.6246
-68.9923
-69.2515
-69.3856
-63.7021
-63.8149
-64.0381
-64.3665
-64.7921
-65.3033
-65.8846
-66.5161
-67.1734
-67.8278
-68.4471
-68.9975
-69.4458
-69.7632
-69.9277
-63.1682
-63.298
-63.5552
-63.9349
-64.4289
-65.0254
-65.7078
-66.4544
-67.2371
-68.0224
-68.7711
-69.4412
-69.9904
-70.381
-70.5841
-62.5443
-62.6927
-62.9874
-63.4239
-63.9946
-64.6878
-65.4866
-66.3674
-67.2991
-68.2423
-69.1497
-69.9687
-70.6451
-71.129
-71.3815
-61.8173
-61.9857
-62.321
-62.8197
-63.4752
-64.2769
-65.2084
-66.2452
-67.3532
-68.4869
-69.5897
-70.5954
-71.4336
-72.0375
-72.3542
-60.9734
-61.1629
-61.5413
-62.1065
-62.8542
-63.776
-64.8571
-66.0736
-67.3894
-68.7531
-70.097
-71.3383
-72.3846
-73.1455
-73.5469
-59.9978
-60.2091
-60.6319
-61.2667
-62.1124
-63.1644
-64.4117
-65.8331
-67.3922
-69.0331
-70.6757
-72.2165
-73.534
-74.5031
-75.0183
-58.8757
-59.1082
-59.5753
-60.2805
-61.2273
-62.4171
-63.8454
-65.4968
-67.3384
-69.3117
-71.3251
-73.2499
-74.9251
-76.1759
-76.8475
-57.592
-57.8445
-58.3535
-59.1265
-60.1736
-61.5043
-63.1242
-65.0285
-67.1932
-69.5625
-72.0359
-74.4565
-76.611
-78.2507
-79.1431
-56.1331
-56.4027
-56.9482
-57.7824
-58.9229
-60.3906
-62.2054
-64.3795
-66.9057
-69.741
-72.7834
-75.848
-78.6542
-80.8445
-82.0583
-54.4871
-54.7692
-55.3425
-56.2255
-57.4451
-59.036
-61.0373
-63.4858
-66.4037
-69.7758
-73.5153
-77.4188
-81.1252
-84.1165
-85.8163
-52.6453
-52.9335
-53.5219
-54.4348
-55.7094
-57.3964
-59.5585
-62.2663
-65.5863
-69.5554
-74.1333
-79.1263
-84.0928
-88.2851
-90.7547
-50.6034
-50.8895
-51.476
-52.3929
-53.6875
-55.4269
-57.7008
-60.6216
-64.318
-68.9121
-74.463
-80.8523
-87.598
-93.65
-97.4079
-48.363
-48.6368
-49.2008
-50.0889
-51.3567
-53.0863
-55.3939
-58.4384
-62.4264
-67.6045
-74.2103
-82.3307
-91.5849
-100.608
-106.671
-45.9324
-46.1828
-46.7005
-47.5214
-48.7053
-50.3442
-52.5753
-55.5999
-59.7084
-65.3053
-72.9059
-83.0216
-95.7322
-109.621
-120.144
-43.328
-43.5433
-43.9897
-44.7018
-45.738
-47.1911
-49.2058
-52.0087
-55.9567
-61.6147
-69.855
-81.9104
-99.0612
-120.972
-140.923
-40.5743
-40.7433
-41.0946
-41.6572
-42.4812
-43.6479
-45.2891
-47.6222
-51.0177
-56.1309
-64.1547
-77.2607
-99.0843
-133.684
-175.558
-37.7033
-37.8168
-38.0529
-38.4313
-38.9865
-39.7754
-40.892
-42.498
-44.8858
-48.6258
-54.925
-66.5573
-90.2349
-141.344
-239.271
-34.7537
-34.8054
-34.9124
-35.0827
-35.3297
-35.6753
-36.1553
-36.8308
-37.8151
-39.3436
-41.992
-47.489
-62.3357
-116.491
-370.988
-31.7682
-31.7556
-31.7282
-31.6809
-31.6045
-31.4819
-31.2828
-30.9494
-30.3667
-29.284
-27.0809
-21.9281
-7.13851
47.487
302.923
-28.7918
-28.7163
-28.5579
-28.2996
-27.9114
-27.3419
-26.5036
-25.2412
-23.2658
-20.0026
-14.2184
-3.05961
20.3947
72.0131
171.862
-25.8678
-25.7348
-25.4571
-25.0087
-24.3442
-23.3888
-22.0191
-20.0284
-17.0594
-12.4722
-5.08854
7.27019
28.3689
63.0449
110.145
16.5084
6.74448
2.81882
0.783351
-0.451567
-1.27117
-1.8447
-2.25921
-2.5645
-2.79119
-2.95904
-3.08113
-3.16623
-3.22009
-3.2462
10.4391
6.39733
3.44137
1.51465
0.231335
-0.657486
-1.29394
-1.76074
-2.10824
-2.36847
-2.56247
-2.70439
-2.80375
-2.86684
-2.89748
7.17659
5.29609
3.34914
1.79914
0.64028
-0.219049
-0.860981
-1.3451
-1.71259
-1.99172
-2.20205
-2.35717
-2.46644
-2.53611
-2.57003
5.21991
4.24096
2.98123
1.81198
0.841214
0.0684191
-0.537607
-1.01046
-1.37827
-1.66272
-1.87996
-2.04178
-2.15661
-2.23018
-2.26611
3.94303
3.38077
2.55048
1.68696
0.904664
0.240075
-0.30671
-0.74876
-1.10184
-1.38039
-1.59634
-1.75902
-1.8754
-1.95039
-1.98713
3.05657
2.7067
2.14277
1.50554
0.886363
0.32992
-0.148542
-0.548839
-0.877152
-1.14151
-1.3497
-1.5084
-1.62292
-1.69715
-1.73364
2.41306
2.18125
1.78596
1.31157
0.824491
0.365608
-0.044655
-0.398903
-0.696872
-0.941636
-1.13742
-1.28846
-1.39841
-1.4701
-1.50547
1.93051
1.76932
1.48405
1.1264
0.743034
0.36753
0.0203328
-0.288046
-0.553536
-0.775766
-0.956209
-1.09704
-1.20044
-1.26828
-1.30186
1.55987
1.44354
1.23241
0.959071
0.656113
0.349791
0.0583632
-0.206971
-0.440237
-0.638908
-0.802501
-0.931591
-1.02717
-1.09023
-1.12156
1.27002
1.1836
1.02396
0.812306
0.571523
0.321708
0.0782719
-0.148163
-0.350959
-0.526405
-0.672746
-0.789413
-0.876467
-0.934221
-0.963001
1.04016
0.974484
0.851613
0.685767
0.4932
0.289192
0.086374
-0.105771
-0.280672
-0.434111
-0.563594
-0.667794
-0.746105
-0.798323
-0.824423
0.855907
0.805085
0.709108
0.57778
0.42282
0.255848
0.0870632
-0.0753518
-0.225286
-0.358449
-0.471996
-0.564147
-0.633858
-0.680557
-0.703963
0.706939
0.667037
0.591146
0.486199
0.360777
0.22376
0.0833285
-0.0535995
-0.181546
-0.296407
-0.395252
-0.476081
-0.537586
-0.578962
-0.599752
0.585676
0.553977
0.493358
0.408833
0.306783
0.194043
0.0771598
-0.0380838
-0.146891
-0.245485
-0.331018
-0.401429
-0.455289
-0.491659
-0.509974
0.486421
0.460996
0.412167
0.343634
0.260212
0.167202
0.0698517
-0.0270372
-0.119328
-0.203631
-0.277281
-0.338268
-0.385135
-0.416889
-0.432912
0.404819
0.384264
0.344656
0.288772
0.220296
0.143374
0.0622228
-0.0191832
-0.0973124
-0.169173
-0.232337
-0.284909
-0.325475
-0.35304
-0.366974
0.337488
0.320762
0.288444
0.242654
0.186243
0.122481
0.0547707
-0.0136048
-0.0796485
-0.140754
-0.194746
-0.239886
-0.27484
-0.298653
-0.31071
0.281769
0.268084
0.241585
0.203911
0.157292
0.104331
0.0477798
-0.00964541
-0.0654135
-0.117273
-0.163303
-0.201933
-0.23194
-0.252429
-0.262816
0.235552
0.224304
0.202485
0.171378
0.132746
0.0886718
0.0413956
-0.00683673
-0.0538924
-0.0978386
-0.136996
-0.169968
-0.195648
-0.213217
-0.222134
0.197144
0.187863
0.169833
0.144069
0.111977
0.0752361
0.0356751
-0.0048451
-0.0445304
-0.0817291
-0.114984
-0.143066
-0.164988
-0.18001
-0.187644
0.165181
0.157496
0.14255
0.121154
0.0944357
0.0637582
0.0306205
-0.00343324
-0.0368948
-0.0683574
-0.0965643
-0.120441
-0.139117
-0.151934
-0.158453
0.138552
0.13217
0.119747
0.101933
0.0796434
0.0539883
0.0262017
-0.00243258
-0.030647
-0.0572461
-0.0811502
-0.101427
-0.117314
-0.128231
-0.133787
0.116354
0.11104
0.100686
0.0858201
0.0671875
0.0456983
0.0223714
-0.00172346
-0.0255207
-0.0480059
-0.0682544
-0.0854612
-0.0989622
-0.108249
-0.112979
0.0978452
0.0934079
0.0847567
0.0723223
0.0567149
0.038684
0.0190744
-0.001221
-0.0213054
-0.0403186
-0.0574704
-0.0720678
-0.0835357
-0.0914314
-0.095455
0.0824172
0.0787019
0.0714541
0.0610276
0.0479247
0.0327658
0.0162534
-0.000865008
-0.0178339
-0.0339237
-0.0484598
-0.0608472
-0.0705891
-0.0773018
-0.0807242
0.0695688
0.0664485
0.0603586
0.0515911
0.0405621
0.0277872
0.013853
-0.000612798
-0.0149727
-0.0286074
-0.0409411
-0.0514632
-0.0597458
-0.0654567
-0.0683695
0.0588866
0.0562567
0.0511219
0.0437248
0.0344116
0.0236133
0.0118219
-0.000434126
-0.0126151
-0.0241944
-0.0346801
-0.0436341
-0.0506878
-0.0555542
-0.0580371
0.0500304
0.0478041
0.0434559
0.0371886
0.0292923
0.020129
0.0101133
-0.000307558
-0.0106753
-0.0205406
-0.0294825
-0.0371243
-0.0431483
-0.0473064
-0.0494286
0.0427198
0.0408247
0.0371223
0.0317834
0.0250527
0.0172364
0.00868603
-0.000217906
-0.00908417
-0.017528
-0.0251874
-0.0317378
-0.0369044
-0.0404721
-0.0422935
0.036725
0.0351001
0.0319249
0.0273444
0.0215669
0.0148533
0.00750424
-0.00015441
-0.00778637
-0.01506
-0.0216624
-0.0273121
-0.0317704
-0.0348502
-0.0364229
0.0318582
0.0304519
0.0277031
0.0237364
0.018731
0.0129115
0.00653738
-0.00010945
-0.00673735
-0.013058
-0.0187987
-0.0237135
-0.0275936
-0.0302748
-0.0316441
0.0279679
0.0267357
0.0243268
0.0208496
0.0164603
0.0113548
0.00575983
-7.7629e-05
-0.00590167
-0.0114587
-0.0165083
-0.0208334
-0.0242491
-0.0266101
-0.0278161
0.0249331
0.0238364
0.0216921
0.0185962
0.0146868
0.0101379
0.00515065
-5.51272e-05
-0.00525137
-0.0102116
-0.0147209
-0.0185847
-0.021637
-0.0237472
-0.0248253
0.0226598
0.0216644
0.0197181
0.0169075
0.0133575
0.00922521
0.00469321
-3.92432e-05
-0.00476492
-0.00927773
-0.0133817
-0.0168993
-0.0196789
-0.0216009
-0.022583
0.0210775
0.0201527
0.0183442
0.0157322
0.0124323
0.0085901
0.00437495
-2.80703e-05
-0.00442624
-0.00862766
-0.0124496
-0.0157264
-0.0183162
-0.0201073
-0.0210226
0.0201372
0.0192546
0.0175283
0.0150346
0.0118835
0.00821394
0.00418713
-2.02674e-05
-0.00422416
-0.00824106
-0.011896
-0.0150303
-0.017508
-0.0192218
-0.0200976
0.0198098
0.0189421
0.017245
0.0147933
0.0116948
0.0080858
0.0041247
-1.48976e-05
-0.00415192
-0.00810573
-0.011704
-0.0147902
-0.0172301
-0.018918
-0.0197807
0.0200848
0.0192056
0.0174858
0.015001
0.0118605
0.00820211
0.0041862
-1.13165e-05
-0.00420688
-0.00821725
-0.0118675
-0.0149987
-0.0174745
-0.0191873
-0.0200627
0.0209703
0.0200526
0.0182576
0.0156641
0.0123858
0.00856662
0.00437381
-9.0942e-06
-0.00439042
-0.00857879
-0.0123914
-0.0156622
-0.0182485
-0.0200379
-0.0209525
0.0224929
0.0215088
0.0195839
0.0168025
0.0132867
0.00919054
0.00469338
-7.96407e-06
-0.00470793
-0.0092012
-0.0132916
-0.0168009
-0.0195759
-0.0214959
-0.0224773
0.0246987
0.0236182
0.0215048
0.0184509
0.0145906
0.0100929
0.00515472
-7.79059e-06
-0.00516895
-0.0101033
-0.0145954
-0.0184493
-0.021497
-0.0236056
-0.0246834
0.0276547
0.0264449
0.0240785
0.0206593
0.0163369
0.011301
0.00577183
-8.55311e-06
-0.00578746
-0.0113124
-0.0163422
-0.0206575
-0.02407
-0.0264311
-0.0276379
0.0314506
0.0300747
0.0273834
0.0234946
0.0185788
0.0128515
0.00656339
-1.03434e-05
-0.00658229
-0.0128653
-0.0185852
-0.0234924
-0.027373
-0.030058
-0.0314303
0.0362017
0.0346179
0.0315196
0.0270429
0.0213842
0.0147914
0.00755326
-1.33766e-05
-0.0075777
-0.0148093
-0.0213924
-0.0270401
-0.0315062
-0.0345962
-0.0361756
0.0420526
0.0402124
0.0366129
0.031412
0.0248381
0.0171793
0.00877124
-1.80171e-05
-0.00880416
-0.0172034
-0.0248492
-0.0314083
-0.0365949
-0.0401833
-0.0420174
0.0491812
0.0470286
0.042818
0.0367345
0.0290452
0.0200874
0.0102539
-2.48226e-05
-0.0102993
-0.0201206
-0.0290605
-0.0367293
-0.0427932
-0.0469884
-0.0491326
0.0578043
0.0552736
0.0503235
0.0431719
0.0341329
0.0236036
0.0120457
-3.46104e-05
-0.0121089
-0.0236499
-0.0341543
-0.0431646
-0.0502889
-0.0552176
-0.0577366
0.0681845
0.0651984
0.0593577
0.0509196
0.0402555
0.0278339
0.0142001
-4.85561e-05
-0.0142888
-0.0278989
-0.0402855
-0.0509095
-0.0593091
-0.0651198
-0.0680896
0.0806381
0.0771052
0.0701952
0.060213
0.0475983
0.032906
0.0167815
-6.83346e-05
-0.0169064
-0.0329974
-0.0476405
-0.0601987
-0.0701269
-0.0769946
-0.0805045
0.0955447
0.0913567
0.0831659
0.0713342
0.0563835
0.0389724
0.0198665
-9.63213e-05
-0.0200425
-0.0391013
-0.056443
-0.071314
-0.0830696
-0.0912009
-0.0953563
0.113359
0.108387
0.0986646
0.0846208
0.0668769
0.0462157
0.0235464
-0.000135877
-0.0237947
-0.0463975
-0.0669609
-0.0845924
-0.0985287
-0.108168
-0.113093
0.134625
0.128717
0.117163
0.100477
0.079396
0.0548532
0.0279297
-0.000191752
-0.02828
-0.0551098
-0.0795145
-0.100436
-0.116972
-0.128407
-0.13425
0.159993
0.152967
0.139226
0.119383
0.0943189
0.0651436
0.0331447
-0.000270657
-0.0336392
-0.0655058
-0.0944862
-0.119326
-0.138955
-0.152529
-0.159464
0.190241
0.181878
0.165526
0.141915
0.112096
0.0773944
0.0393432
-0.000382064
-0.0400413
-0.0779057
-0.112332
-0.141835
-0.165144
-0.181259
-0.189493
0.226294
0.216336
0.196865
0.168756
0.133264
0.0919705
0.0467042
-0.000539354
-0.0476897
-0.0926923
-0.133598
-0.168643
-0.196326
-0.215463
-0.225239
0.269263
0.257398
0.234203
0.200723
0.158461
0.109305
0.055438
-0.000761411
-0.0568291
-0.110324
-0.158932
-0.200564
-0.233442
-0.256166
-0.267773
0.320469
0.306326
0.278682
0.238788
0.188445
0.12991
0.0657912
-0.0010749
-0.0677552
-0.131348
-0.189109
-0.238563
-0.277607
-0.304587
-0.318367
0.381496
0.364629
0.331665
0.284109
0.224116
0.154391
0.0780522
-0.00151745
-0.0808248
-0.156422
-0.225054
-0.283791
-0.330148
-0.362173
-0.378527
0.454234
0.434107
0.394781
0.338064
0.266544
0.183465
0.0925564
-0.00214221
-0.0964704
-0.186332
-0.267868
-0.337616
-0.392639
-0.430641
-0.450043
0.540946
0.516915
0.469973
0.402295
0.316999
0.217975
0.109692
-0.00302418
-0.115217
-0.222022
-0.318868
-0.401663
-0.466949
-0.512022
-0.535029
0.644343
0.615632
0.559562
0.478761
0.376984
0.258913
0.129906
-0.00426923
-0.137706
-0.264627
-0.379624
-0.477869
-0.555293
-0.608723
-0.63599
0.767674
0.733344
0.666322
0.569789
0.448284
0.307444
0.153707
-0.00602682
-0.164719
-0.315511
-0.45201
-0.56853
-0.660295
-0.723591
-0.755882
0.914842
0.873754
0.793572
0.678157
0.533007
0.364931
0.181671
-0.00850788
-0.197216
-0.376319
-0.538268
-0.67638
-0.785064
-0.859986
-0.898194
1.09054
1.04131
0.945284
0.80717
0.633648
0.432961
0.214438
-0.0120101
-0.236383
-0.449037
-0.641076
-0.804663
-0.933274
-1.02187
-1.06703
1.30042
1.24136
1.12622
0.960768
0.75315
0.513374
0.252708
-0.0169537
-0.283686
-0.53607
-0.763638
-0.957232
-1.10927
-1.21391
-1.26723
1.5513
1.48034
1.34209
1.14364
0.894979
0.608292
0.297223
-0.0239315
-0.340953
-0.640332
-0.909788
-1.13866
-1.31816
-1.4416
-1.50445
1.85145
1.76603
1.59976
1.36139
1.06321
0.720139
0.348741
-0.03378
-0.410468
-0.765371
-1.08412
-1.35435
-1.56598
-1.71134
-1.78531
2.21092
2.10787
1.90748
1.62066
1.2626
0.851655
0.407981
-0.0476789
-0.49511
-0.915512
-1.29214
-1.61074
-1.8598
-2.03066
-2.11752
2.64193
2.5173
2.27522
1.92938
1.49872
1.00589
0.475542
-0.0672917
-0.598521
-1.09604
-1.54045
-1.91542
-2.20793
-2.40828
-2.51005
3.15947
3.00828
2.71501
2.29699
1.778
1.18619
0.551769
-0.0949629
-0.725335
-1.31346
-1.83697
-2.27735
-2.62005
-2.85435
-2.97323
3.782
3.5979
3.24142
2.7347
2.10785
1.39605
0.636546
-0.133995
-0.881483
-1.57574
-2.1912
-2.70711
-3.10743
-3.38056
-3.51896
4.53235
4.3072
3.87216
3.25582
2.49668
1.63904
0.728984
-0.189036
-1.07459
-1.89273
-2.61454
-3.21711
-3.68313
-4.0003
-4.16078
5.43902
5.16223
4.62878
3.87609
2.95389
1.91843
0.826946
-0.266619
-1.31452
-2.27661
-3.12068
-3.82193
-4.36218
-4.72882
-4.91402
6.53789
6.19546
5.53762
4.61405
3.48975
2.2367
0.926349
-0.375912
-1.61402
-2.74244
-3.72597
-4.53855
-5.16175
-5.58333
-5.79585
7.87452
7.4477
6.63097
5.49138
4.115
2.59475
1.02013
-0.529757
-1.98967
-3.30888
-4.44997
-5.38663
-6.10132
-6.58297
-6.82523
9.50751
8.97067
7.94848
6.53312
4.84013
2.99055
1.09673
-0.746079
-2.46302
-3.99901
-5.31589
-6.38884
-7.20269
-7.74883
-8.02281
11.5133
10.8306
9.53898
7.76761
5.67399
3.41704
1.13791
-1.0498
-3.06203
-4.84126
-6.35118
-7.57095
-8.48994
-9.10363
-9.41061
13.993
13.1135
11.4626
9.22584
6.62124
3.85891
1.11559
-1.47539
-3.82283
-5.87049
-7.58794
-8.96188
-9.98915
-10.6714
-11.0115
17.0834
15.9319
13.7929
10.9395
7.67799
4.28755
0.98746
-2.07008
-4.79178
-7.12901
-9.06319
-10.5935
-11.7279
-12.4767
-12.8486
20.9734
19.436
16.6194
12.9364
8.82422
4.65343
0.690882
-2.89798
-6.02769
-8.66739
-10.8188
-12.5001
-13.7344
-14.5436
-14.9439
25.9309
23.8282
20.0475
15.2314
10.0111
4.87468
0.134782
-4.04473
-7.60385
-10.5448
-12.901
-14.7169
-16.036
-16.8943
-17.317
32.3485
29.3856
24.1947
17.8068
11.1397
4.82052
-0.810492
-5.62228
-9.60927
-12.8282
-15.3582
-17.2786
-18.6575
-19.5475
-19.9837
40.8234
36.49
29.1729
20.5761
12.0266
4.28845
-2.32469
-7.77261
-12.148
-15.59
-18.2388
-20.2162
-21.6184
-22.5156
-22.9531
52.3075
45.6664
35.0395
23.3124
12.35
2.97512
-4.64807
-10.6677
-15.335
-18.9024
-21.5855
-23.5531
-24.93
-25.8029
-26.2262
68.4031
57.6105
41.6701
25.5174
11.5709
0.445349
-8.085
-14.5021
-19.2856
-22.8289
-25.4291
-27.3001
-28.5913
-29.4021
-29.7932
91.9932
73.1292
48.4478
26.1903
8.83284
-3.8866
-12.9894
-19.4708
-24.0973
-27.4104
-29.7788
-31.4497
-32.5861
-33.2927
-33.6315
128.683
92.6874
53.542
23.4603
2.87374
-10.73
-19.7142
-25.7276
-29.8211
-32.6477
-34.6128
-35.9702
-36.8792
-37.4385
-37.705
190.369
114.433
52.3418
14.1363
-7.93471
-20.7812
-28.5018
-33.3175
-36.4247
-38.4831
-39.8686
-40.8019
-41.4151
-41.7873
-41.9633
304.787
126.562
34.5544
-6.39208
-25.1491
-34.3921
-39.3064
-42.0937
-43.7564
-44.7857
-45.4383
-45.8555
-46.1181
-46.2723
-46.3437
542.971
78.8182
-18.6926
-42.3297
-48.9702
-51.0089
-51.5879
-51.6507
-51.5279
-51.3497
-51.1712
-51.0164
-50.896
-50.8144
-50.7733
-22.7533
-22.566
-22.1768
-21.5539
-20.6428
-19.357
-17.5607
-15.0419
-11.4687
-6.32553
1.15355
11.9563
26.7685
43.6883
50.8939
-19.5431
-19.3113
-18.8323
-18.0733
-16.98
-15.4693
-13.4197
-10.657
-6.94002
-1.9564
4.63916
13.0584
22.9142
32.2855
36.9605
-16.565
-16.3041
-15.7681
-14.9274
-13.7346
-12.1209
-9.99224
-7.22668
-3.67859
0.800362
6.30097
12.7232
19.5437
25.5783
29.212
-13.8482
-13.5723
-13.0088
-12.1339
-10.9104
-9.28779
-7.20189
-4.57936
-1.34861
2.53495
7.0411
11.9889
16.9583
21.2717
24.2195
-11.4075
-11.1284
-10.5614
-9.68916
-8.48578
-6.91812
-4.94846
-2.54067
0.327932
3.64632
7.3396
11.2331
15.0281
18.3302
20.7799
-9.24631
-8.97268
-8.41961
-7.57587
-6.4257
-4.95073
-3.13341
-0.963162
1.55408
4.382
7.43735
10.5756
13.5901
16.2407
18.3225
-7.35911
-7.09676
-6.56883
-5.76934
-4.69075
-3.32594
-1.67155
0.267106
2.46912
4.88961
7.45153
10.0415
12.5154
14.7194
16.5259
-5.73461
-5.48679
-4.98996
-4.24228
-3.24236
-1.99107
-0.494218
1.23377
3.16539
5.25537
7.43717
9.62302
11.7102
13.5951
15.1927
-4.3583
-4.12618
-3.6623
-2.96783
-2.04572
-0.902108
0.451653
1.99651
3.70303
5.52899
7.41836
9.30282
11.107
12.7576
14.1949
-3.21448
-2.9977
-2.56559
-1.92141
-1.07096
-0.0236707
1.20606
2.59726
4.12088
5.73885
7.40411
9.06253
10.6569
12.1331
13.4468
-2.28779
-2.08491
-1.68131
-1.08163
-0.293443
0.671939
1.79862
3.06519
4.44403
5.90104
7.39632
8.88587
10.3247
11.6708
12.8897
-1.56436
-1.3732
-0.993495
-0.430718
0.306497
1.20586
2.25089
3.42047
4.6886
6.02459
7.39386
8.75953
10.0847
11.3354
12.4832
-1.03247
-0.850385
-0.489121
0.0453795
0.743912
1.59372
2.57821
3.67679
4.8649
6.11444
7.39461
8.67328
9.91884
11.1023
12.1993
-0.683029
-0.507118
-0.158352
0.357074
1.02967
1.84651
2.79105
3.84317
4.97937
6.17327
7.39645
8.61973
9.81467
10.9552
12.0195
-0.509869
-0.337076
0.00538922
0.511222
1.17083
1.97121
2.89591
3.92507
5.03575
6.2024
7.39779
8.59412
9.76445
10.8841
11.9323
40.4889
42.9059
41.1665
32.8499
28.8714
23.2428
19.51
11.9428
16.8139
18.3133
19.1983
19.7305
20.7071
21.4814
23.3459
22.9789
19.8902
18.4393
16.4424
15.3516
13.6598
12.0799
8.05836
12.0175
13.5519
15.1533
16.1912
18.0994
19.4966
22.4975
22.8091
20.8641
19.9385
18.545
17.7193
16.2607
14.6023
9.91066
15.2238
17.4235
19.9592
21.6301
24.7227
26.9318
31.565
32.2005
29.7184
28.538
26.7364
25.6402
23.6631
21.2594
14.3223
22.4259
25.7404
29.5348
31.8633
35.995
38.7696
44.4452
44.7616
40.2129
37.9963
34.7335
32.7841
29.5047
26.0223
16.736
26.2191
29.7943
33.4976
35.6405
39.4867
42.0068
47.4264
47.4828
42.7381
40.5437
38.2574
36.914
36.101
31.6714
18.6501
41.2878
33.2102
-10.7667
-42.4768
-97.9741
-247.289
-727.568
35.9543
35.5487
33.8167
30.2495
26.9363
23.4952
20.5484
17.9169
18.195
18.7226
19.2201
19.6688
20.1826
20.6446
21.0475
20.6527
19.4048
18.1967
16.9282
15.8256
14.6849
13.6226
12.6829
13.5748
14.59
15.6743
16.7227
17.9293
19.0756
20.2496
20.5611
20.0439
19.4083
18.6284
17.88
17.0067
16.1117
15.325
16.8125
18.4443
20.2114
21.9315
23.9065
25.7707
27.68
28.3187
27.7643
26.9922
25.9889
24.9847
23.7708
22.4737
21.3083
23.5199
25.8756
28.3528
30.6303
33.1218
35.3138
37.3853
37.6227
36.0765
34.2918
32.1833
30.142
27.8191
25.4371
23.1799
25.0941
27.1275
29.1601
30.8894
32.7363
34.2118
35.4889
34.8485
32.3527
29.574
26.4513
23.0146
18.789
12.6636
4.6014
-0.664965
-17.4324
-49.964
-93.1763
-158.824
-265.278
-414.75
30.1903
30.1011
29.1092
27.2826
25.1852
23.0355
21.1323
19.701
19.2167
19.1751
19.3117
19.513
19.7327
19.8924
19.8974
19.5547
18.8619
18.0406
17.175
16.3541
15.5972
14.9884
14.6697
14.9546
15.5284
16.2468
17.0264
17.8457
18.6145
19.2436
19.5063
19.3938
19.0856
18.6664
18.2203
17.7839
17.4649
17.4644
18.193
19.2702
20.531
21.8656
23.2495
24.5447
25.6242
26.1546
26.1235
25.7789
25.2425
24.6309
23.9981
23.4982
23.4313
24.4061
25.8358
27.4581
29.0891
30.6795
32.0311
32.9665
33.0518
32.2833
31.0534
29.5363
27.9051
26.2185
24.6721
23.617
23.7972
24.4618
25.2592
25.9687
26.5208
26.7023
26.3127
24.8859
22.3745
19.0996
15.0975
10.2512
4.21268
-3.55493
-13.4732
-26.056
-45.3741
-73.7807
-111.568
-160.912
-221.317
-278.562
25.6069
25.9527
25.6032
24.7054
23.509
22.2203
21.0366
20.121
19.6006
19.3705
19.3098
19.3304
19.3689
19.3627
19.2477
18.9607
18.5038
17.948
17.357
16.7904
16.2961
15.9364
15.7871
15.9181
16.2584
16.731
17.2729
17.8345
18.3543
18.7651
18.9917
19.0254
18.9227
18.7428
18.5463
18.3917
18.3595
18.5536
19.0713
19.8317
20.744
21.7287
22.7199
23.6291
24.3591
24.7988
24.9339
24.8415
24.6044
24.3074
24.0337
23.8989
24.0539
24.6373
25.5183
26.5507
27.606
28.581
29.3474
29.7716
29.71
29.1544
28.2284
27.0534
25.7476
24.4161
23.1995
22.2751
21.8028
21.6048
21.4847
21.2747
20.8387
20.0152
18.63
16.4851
13.4959
9.6723
4.95968
-0.795572
-7.87358
-16.6763
-27.7107
-41.7479
-60.2276
-84.0876
-113.318
-147.071
-181.907
-209.253
22.1984
22.8053
22.8865
22.5575
21.9652
21.2536
20.5543
19.9717
19.5663
19.3218
19.1906
19.1217
19.069
18.9896
18.8456
18.611
18.2878
17.9058
17.5036
17.1222
16.8011
16.5812
16.5005
16.5799
16.7978
17.1153
17.4907
17.8833
18.2507
18.5519
18.7545
18.8531
18.8708
18.843
18.8119
18.8232
18.9279
19.1768
19.6
20.1742
20.8526
21.5823
22.3083
22.9712
23.5116
23.8816
24.0717
24.1123
24.0522
23.95
23.8693
23.8822
24.0593
24.44
24.9824
25.6102
26.2384
26.7828
27.1562
27.2761
27.0795
26.5588
25.7618
24.7586
23.6272
22.4479
21.3061
20.2819
19.4134
18.6357
17.8397
16.9061
15.7145
14.137
12.0414
9.30017
5.81876
1.52536
-3.67669
-9.93736
-17.476
-26.5841
-37.6237
-51.0423
-67.3335
-86.6612
-108.555
-131.668
-153.281
-169.11
19.6757
20.4144
20.7599
20.7885
20.5928
20.2686
19.9036
19.5669
19.2999
19.1097
18.9812
18.8894
18.8073
18.7091
18.5735
18.3886
18.1564
17.8923
17.6202
17.3669
17.1601
17.0254
16.9833
17.0423
17.1934
17.4159
17.6835
17.9683
18.2422
18.4806
18.6667
18.7973
18.884
18.9479
19.0164
19.1198
19.2887
19.5486
19.9112
20.3662
20.8875
21.4407
21.9877
22.4892
22.9095
23.2233
23.4246
23.5276
23.5608
23.5612
23.5701
23.6289
23.7712
24.0096
24.3234
24.669
24.9912
25.2309
25.3296
25.2362
24.9156
24.3608
23.5921
22.6481
21.5759
20.4253
19.2434
18.0643
16.8934
15.6926
14.393
12.9089
11.1462
9.00479
6.38267
3.18114
-0.688998
-5.31299
-10.7885
-17.2387
-24.8183
-33.71
-44.1103
-56.1996
-70.0653
-85.5388
-102.035
-118.426
-132.981
-143.569
17.7933
18.5891
19.0895
19.3418
19.4051
19.3422
19.2117
19.0613
18.9224
18.8085
18.7185
18.643
18.5686
18.4819
18.3722
18.2342
18.0704
17.8903
17.7092
17.5447
17.4149
17.3362
17.3202
17.3716
17.4859
17.6513
17.8516
18.0686
18.2846
18.4844
18.6584
18.8047
18.9297
19.0459
19.1704
19.3219
19.5181
19.7723
20.0893
20.4625
20.8761
21.3078
21.7323
22.1239
22.4605
22.7269
22.9188
23.0433
23.1163
23.1601
23.1987
23.255
23.3446
23.4704
23.6185
23.7614
23.8624
23.8816
23.7797
23.5231
23.0891
22.4704
21.6748
20.7219
19.6373
18.448
17.1765
15.8348
14.4164
12.8918
11.2118
9.313
7.12321
4.56487
1.55835
-1.975
-6.11104
-10.925
-16.4965
-22.9134
-30.2709
-38.6631
-48.1647
-58.7985
-70.4807
-82.943
-95.6625
-107.829
-118.391
-126.239
16.3762
17.1885
17.7759
18.1669
18.3988
18.5127
18.5482
18.5388
18.5088
18.4724
18.4347
18.3946
18.3474
18.2877
18.2113
18.1169
18.0074
17.8897
17.774
17.6721
17.596
17.5562
17.56
17.6103
17.7047
17.8363
17.9953
18.1703
18.35
18.5251
18.6898
18.8428
18.9877
19.1318
19.2853
19.4594
19.6639
19.9056
20.186
20.5005
20.8385
21.1852
21.5239
21.8377
22.1123
22.3376
22.51
22.6327
22.714
22.766
22.8019
22.833
22.8658
22.8988
22.9211
22.9137
22.8514
22.7067
22.4524
22.0652
21.5284
20.8344
19.9841
18.9853
17.8496
16.5887
15.2107
13.7158
12.0923
10.3149
8.34567
6.13616
3.63101
0.770412
-2.5072
-6.26307
-10.5567
-15.4459
-20.9868
-27.2335
-34.2335
-42.0184
-50.5883
-59.8874
-69.7723
-79.9762
-90.0851
-99.5433
-107.707
-113.964
15.3032
16.1114
16.745
17.2207
17.562
17.7959
17.9491
18.0456
18.1042
18.1379
18.1541
18.1559
18.1439
18.1174
18.076
18.0211
17.9559
17.8859
17.8186
17.7621
17.7247
17.7132
17.7327
17.7852
17.8695
17.9818
18.1159
18.2649
18.4217
18.5806
18.7379
18.8926
19.0465
19.2039
19.3706
19.5528
19.7559
19.9828
20.2337
20.5045
20.788
21.074
21.3512
21.608
21.8347
22.0241
22.1729
22.2815
22.3536
22.395
22.4117
22.4085
22.3866
22.3423
22.2665
22.1447
21.9591
21.6895
21.3164
20.8224
20.1942
19.4235
18.5071
17.4457
16.2419
14.898
13.4134
11.7819
9.9897
8.01446
5.82549
3.38513
0.65072
-2.42341
-5.88392
-9.77656
-14.1447
-19.0279
-24.4604
-30.4685
-37.0653
-44.2431
-51.9615
-60.1326
-68.6041
-77.1456
-85.4442
-93.1203
-99.7692
-105.03
14.4909
15.2852
15.941
16.4676
16.8796
17.1947
17.4313
17.6065
17.7351
17.8282
17.8938
17.937
17.961
17.968
17.96
17.9397
17.9109
17.8782
17.8474
17.8246
17.8156
17.8254
17.8577
17.914
17.994
18.0954
18.2149
18.3479
18.4903
18.6383
18.7895
18.9432
19.1001
19.2624
19.4334
19.6161
19.8131
20.0255
20.2524
20.4902
20.7337
20.9755
21.2075
21.4216
21.6107
21.769
21.8934
21.9826
22.0373
22.0592
22.0502
22.0108
21.9394
21.8311
21.6777
21.4678
21.1874
20.8212
20.3543
19.7727
19.065
18.2223
17.2389
16.1111
14.8359
13.41
11.8276
10.0793
8.1507
6.0218
3.66735
1.05762
-1.84026
-5.06074
-8.63818
-12.6051
-16.9907
-21.8186
-27.1049
-32.8552
-39.0601
-45.6888
-52.6823
-59.9446
-67.3349
-74.6644
-81.6991
-88.1758
-93.83
-98.4353
13.8809
14.6582
15.3227
15.8791
16.3364
16.7063
17.0014
17.2344
17.4167
17.5578
17.6654
17.7455
17.8024
17.8399
17.8615
17.8705
17.8711
17.8674
17.8644
17.8668
17.8791
17.9052
17.9478
18.0084
18.0872
18.1831
18.294
18.4174
18.5505
18.6911
18.8375
18.9889
19.1455
19.3084
19.479
19.6586
19.8481
20.0473
20.2549
20.4677
20.6815
20.8908
21.0894
21.2712
21.4305
21.5628
21.6644
21.7332
21.768
21.7679
21.7323
21.6591
21.545
21.3847
21.1703
20.8922
20.5389
20.098
19.5572
18.9047
18.1298
17.2237
16.1787
14.9885
13.647
12.1472
10.4807
8.63643
6.60013
4.35398
1.87689
-0.854861
-3.86657
-7.1839
-10.8314
-14.8308
-19.1995
-23.9487
-29.0809
-34.5872
-40.4439
-46.6087
-53.0157
-59.5715
-66.1529
-72.6069
-78.757
-84.4151
-89.4003
-93.5621
13.4325
14.1935
14.8595
15.4329
15.9188
16.3251
16.6607
16.935
17.1572
17.3353
17.4765
17.5868
17.6714
17.7346
17.7806
17.8133
17.8369
17.8556
17.8734
17.8945
17.9226
17.9609
18.0117
18.0764
18.1556
18.2488
18.355
18.4726
18.5999
18.7354
18.8779
19.0268
19.1818
19.3432
19.5114
19.6866
19.8687
20.057
20.2495
20.4437
20.6357
20.8212
20.9952
21.1529
21.2893
21.4003
21.4824
21.5326
21.5485
21.5279
21.4681
21.366
21.2172
21.0158
20.7546
20.4247
20.0163
19.5187
18.921
18.2127
17.3837
16.4248
15.3276
14.084
12.6858
11.1243
9.38968
7.4701
5.35178
3.01876
0.45319
-2.3641
-5.45269
-8.83152
-12.5175
-16.5243
-20.8603
-25.5271
-30.5178
-35.8139
-41.3838
-47.1794
-53.134
-59.1611
-65.1535
-70.9865
-76.5228
-81.6226
-86.1556
-90.0152
13.1177
13.8649
14.5296
15.112
15.6155
16.0452
16.4077
16.7104
16.9607
17.1656
17.3317
17.465
17.5707
17.6537
17.7184
17.769
17.8097
17.8445
17.8773
17.9118
17.9512
17.9983
18.0552
18.1234
18.2036
18.2957
18.3993
18.5135
18.6372
18.7693
18.909
19.0556
19.2087
19.3681
19.5334
19.7044
19.8804
20.0602
20.2417
20.4224
20.5991
20.7679
20.9246
21.0648
21.1845
21.2795
21.3462
21.3813
21.3816
21.3439
21.2647
21.14
20.9648
20.733
20.4376
20.0703
19.622
19.0832
18.4439
17.6942
16.8244
15.8251
14.6873
13.4018
11.9596
10.3509
8.56499
6.58997
4.41264
2.01848
-0.607961
-3.48254
-6.62074
-10.0366
-13.7417
-17.7435
-22.0442
-26.639
-31.5144
-36.6462
-41.9982
-47.5204
-53.1476
-58.7999
-64.3832
-69.7924
-74.9165
-79.6456
-83.8798
-87.5382
12.9174
13.655
14.3175
14.9046
15.418
15.8617
16.2406
16.561
16.8291
17.0514
17.2339
17.3825
17.5025
17.5989
17.6761
17.7387
17.7907
17.8361
17.8787
17.9217
17.9684
18.0212
18.0823
18.1529
18.234
18.3258
18.4281
18.5405
18.6621
18.7922
18.93
19.0749
19.2264
19.384
19.5471
19.7149
19.8866
20.0605
20.2348
20.4069
20.5737
20.7318
20.8773
21.0063
21.1149
21.1991
21.2553
21.2798
21.2691
21.2194
21.1268
20.9867
20.7937
20.5418
20.2239
19.8322
19.358
18.7924
18.1258
17.3487
16.4515
15.4249
14.2593
12.9454
11.4732
9.83264
8.01259
6.0012
3.78575
1.35273
-1.3117
-4.22128
-7.38878
-10.8251
-14.5383
-18.532
-22.8045
-27.3467
-32.1413
-37.161
-42.3673
-47.7095
-53.1246
-58.5375
-63.8629
-69.0083
-73.8783
-78.3805
-82.4324
-85.9673
12.82
13.5526
14.2138
14.8028
15.3207
15.7708
16.1576
16.4864
16.7632
16.994
17.1847
17.341
17.4681
17.5712
17.6548
17.7233
17.781
17.8316
17.8789
17.9262
17.9765
18.0322
18.0952
18.1672
18.2488
18.3405
18.4423
18.5538
18.6745
18.8036
18.9405
19.0846
19.2352
19.3918
19.5536
19.7198
19.8892
20.0602
20.2309
20.3987
20.5607
20.7136
20.8536
20.9771
21.0802
21.159
21.2098
21.2289
21.2125
21.1567
21.0572
20.9092
20.7073
20.4454
20.1164
19.7126
19.2257
18.6467
17.9666
17.1759
16.265
15.2246
14.0451
12.7167
11.2294
9.57278
7.73569
5.70632
3.47218
1.02031
-1.66236
-4.58848
-7.76953
-11.2149
-14.9308
-18.919
-23.1759
-27.6905
-32.4437
-37.4067
-42.5401
-47.7932
-53.1041
-58.4005
-63.6013
-68.6201
-73.3688
-77.7633
-81.7287
-85.2048
-721.349
-253.774
-133.696
-94.8444
-78.6884
-70.402
-65.4916
-62.3049
-60.1186
-58.5701
-57.4589
-56.6669
-56.1218
-55.7795
-55.6142
-413.409
-269.104
-177.925
-129.438
-103.238
-88.1814
-78.9352
-72.9268
-68.8521
-66.0091
-63.9986
-62.5837
-61.6196
-61.0184
-60.7295
-281.942
-231.308
-179.46
-141.742
-116.643
-100.15
-89.1403
-81.6147
-76.3534
-72.615
-69.9424
-68.049
-66.7541
-65.9447
-65.5552
-214.068
-194.723
-166.866
-141.425
-121.443
-106.633
-95.8609
-88.0376
-82.3313
-78.1547
-75.1063
-72.9156
-71.4024
-70.4506
-69.991
-174.047
-166.648
-151.853
-135.648
-121.07
-109.079
-99.6317
-92.3428
-86.7788
-82.5656
-79.4122
-77.1039
-75.4887
-74.4639
-73.9666
-148.248
-145.966
-138.252
-128.241
-118.111
-108.979
-101.244
-94.9226
-89.8749
-85.9162
-82.8723
-80.5985
-78.9839
-77.9493
-77.4442
-130.594
-130.715
-126.946
-120.951
-114.152
-107.482
-101.44
-96.2285
-91.8813
-88.3512
-85.5616
-83.4335
-81.8986
-80.9044
-80.4161
-118.023
-119.354
-117.864
-114.466
-110.064
-105.357
-100.806
-96.6693
-93.0698
-90.0452
-87.5888
-85.6745
-84.2718
-83.3532
-82.899
-108.841
-110.815
-110.688
-108.984
-106.278
-103.076
-99.7551
-96.5725
-93.6828
-91.1702
-89.0731
-87.4035
-86.1602
-85.3369
-84.9271
-102.049
-104.374
-105.088
-104.502
-102.99
-100.911
-98.5661
-96.1819
-93.9181
-91.879
-90.1291
-88.7055
-87.628
-86.9064
-86.5448
-97.0214
-99.5446
-100.788
-100.946
-100.268
-99.0125
-97.4152
-95.6702
-93.9278
-92.298
-90.8583
-89.6607
-88.7393
-88.1151
-87.8003
-93.3582
-95.9934
-97.5737
-98.2251
-98.1215
-97.4549
-96.4112
-95.1552
-93.8241
-92.5263
-91.3445
-90.339
-89.5525
-89.0138
-88.7403
-90.7984
-93.4963
-95.2871
-96.2582
-96.5375
-96.2737
-95.6187
-94.7146
-93.6862
-92.638
-91.6536
-90.7975
-90.1174
-89.6466
-89.4062
-89.1741
-91.9055
-93.8194
-94.9823
-95.4958
-95.483
-95.0745
-94.3974
-93.5675
-92.6852
-91.8337
-91.0793
-90.4722
-90.0484
-89.8309
-88.3854
-91.1313
-93.1021
-94.3549
-94.9795
-95.0872
-94.7983
-94.2323
-93.5005
-92.7008
-91.9161
-91.2131
-90.6431
-90.2432
-90.0374
)
;

boundaryField
{
    hot
    {
        type            calculated;
        value           nonuniform List<scalar> 
120
(
-12.4625
-12.6904
-13.1488
-13.8425
-14.7781
-15.963
-17.404
-19.1056
-21.0679
-23.2846
-25.7401
-28.4083
-31.2512
-34.2192
-37.2536
-40.0372
-42.5283
-44.9448
-47.2556
-49.4355
-51.4656
-53.3335
-55.0335
-56.5652
-57.9327
-59.144
-60.2092
-61.14
-61.9489
-62.6485
-63.251
-63.7681
-64.2105
-64.5879
-64.9091
-65.182
-65.4135
-65.6095
-65.7752
-65.9152
-66.0334
-66.133
-66.2169
-66.2875
-66.3468
-66.3966
-66.4383
-66.4732
-66.5022
-66.5263
-66.5462
-66.5624
-66.5755
-66.5859
-66.5938
-66.5995
-66.6031
-66.6049
-66.6047
-66.6027
-66.5988
-66.5928
-66.5845
-66.5738
-66.5603
-66.5435
-66.523
-66.4982
-66.4684
-66.4325
-66.3897
-66.3385
-66.2775
-66.205
-66.1187
-66.0163
-65.8947
-65.7505
-65.5797
-65.3776
-65.1387
-64.8566
-64.5242
-64.133
-63.6737
-63.1356
-62.5071
-61.7751
-60.926
-59.9451
-58.8177
-57.5292
-56.0662
-54.4172
-52.574
-50.5328
-48.2955
-45.8708
-43.2752
-40.5328
-37.6755
-34.741
-31.7713
-28.8102
-25.9004
-22.7992
-19.6001
-16.6294
-13.9164
-11.4767
-9.31436
-7.42449
-5.79649
-4.41635
-3.26876
-2.33865
-1.61232
-1.07817
-0.727197
-0.553261
)
;
    }
    cold
    {
        type            calculated;
        value           nonuniform List<scalar> 
120
(
-8.27927
-8.22362
-8.11279
-7.94783
-7.73036
-7.46273
-7.14814
-6.79075
-6.39578
-5.96959
-5.51958
-5.05408
-4.58202
-4.11257
-3.65458
-3.25262
-2.90503
-2.5784
-2.27499
-1.99622
-1.74268
-1.51426
-1.31021
-1.12936
-0.970183
-0.830946
-0.709821
-0.604962
-0.514569
-0.436936
-0.370476
-0.313743
-0.265431
-0.22438
-0.189567
-0.160096
-0.135189
-0.114172
-0.0964704
-0.0815881
-0.069105
-0.0586642
-0.0499646
-0.0427536
-0.0368202
-0.0319901
-0.0281208
-0.0250977
-0.0228312
-0.0212539
-0.0203189
-0.0199987
-0.0202839
-0.0211836
-0.0227253
-0.0249559
-0.027943
-0.0317772
-0.0365748
-0.0424809
-0.0496746
-0.0583733
-0.0688401
-0.0813915
-0.0964065
-0.114338
-0.135727
-0.161217
-0.191574
-0.22771
-0.270706
-0.321848
-0.382659
-0.454944
-0.54084
-0.642876
-0.764036
-0.90784
-1.07843
-1.28069
-1.52031
-1.80396
-2.13942
-2.53569
-3.00317
-3.55379
-4.20113
-4.96055
-5.84919
-6.88597
-8.09141
-9.48735
-11.0964
-12.9412
-15.0434
-17.4219
-20.0916
-23.0611
-26.3305
-29.8892
-33.7145
-37.7701
-42.0061
-46.3608
-50.763
-55.5736
-60.6586
-65.4597
-69.878
-73.844
-77.3194
-80.2951
-82.7861
-84.8249
-86.4544
-87.7213
-88.6715
-89.3454
-89.7758
-89.9852
)
;
    }
    interface_left
    {
        type            calculated;
        value           nonuniform List<scalar> 
90
(
-454.478
-247.412
-168.121
-131.826
-112.265
-100.314
-92.3492
-86.7201
-82.5779
-79.441
-77.0145
-75.107
-73.5887
-72.3682
-71.3793
-70.573
-69.9122
-69.3683
-68.9192
-68.5472
-68.2384
-67.9815
-67.7675
-67.589
-67.44
-67.3154
-67.2113
-67.1242
-67.0514
-66.9904
-66.9395
-66.897
-66.8616
-66.8321
-66.8077
-66.7876
-66.7712
-66.758
-66.7476
-66.7397
-66.734
-66.7303
-66.7285
-66.7287
-66.7307
-66.7347
-66.7407
-66.749
-66.7598
-66.7734
-66.7903
-66.8109
-66.836
-66.8662
-66.9026
-66.9461
-66.9983
-67.0607
-67.1353
-67.2244
-67.3309
-67.4583
-67.6105
-67.7927
-68.0109
-68.2725
-68.5866
-68.9644
-69.4197
-69.9696
-70.6359
-71.446
-72.4354
-73.6501
-75.1513
-77.0218
-79.3764
-82.3791
-86.2728
-91.4348
-98.4858
-108.531
-123.744
-148.956
-196.482
-302.13
-582.386
514.863
236.123
135.892
)
;
    }
    interface_right
    {
        type            calculated;
        value           nonuniform List<scalar> 
90
(
23.6325
12.6888
7.99409
5.57019
4.11923
3.15768
2.47696
1.97373
1.59055
1.29255
1.05716
0.868995
0.717175
0.593783
0.492909
0.410055
0.341743
0.285247
0.238408
0.199499
0.167129
0.140169
0.1177
0.0989687
0.0833577
0.0703584
0.0595521
0.0505936
0.0431992
0.0371359
0.0322139
0.0282795
0.0252104
0.0229114
0.0213113
0.0203604
0.0200292
0.0203071
0.0212022
0.0227416
0.0249718
0.0279604
0.0317983
0.0366021
0.0425178
0.0497253
0.058444
0.0689394
0.0815312
0.0966034
0.114616
0.136119
0.16177
0.192355
0.228812
0.272263
0.324046
0.385761
0.459324
0.547024
0.651606
0.776361
0.925241
1.103
1.31537
1.56927
1.8731
2.23704
2.67355
3.19786
3.82878
4.58962
5.50953
6.62526
7.98365
9.64513
11.6888
14.2202
17.3826
21.376
26.4878
33.1462
42.0204
54.2194
71.729
98.477
143.235
228.415
419.278
928.17
)
;
    }
    interface_top
    {
        type            calculated;
        value           nonuniform List<scalar> 
90
(
40.4889
42.9059
41.1665
32.8499
28.8714
23.2428
19.51
11.9428
16.8139
18.3133
19.1983
19.7305
20.7071
21.4814
23.3459
22.9789
19.8902
18.4393
16.4424
15.3516
13.6598
12.0799
8.05836
12.0175
13.5519
15.1533
16.1912
18.0994
19.4966
22.4975
22.8091
20.8641
19.9385
18.545
17.7193
16.2607
14.6023
9.91066
15.2238
17.4235
19.9592
21.6301
24.7227
26.9318
31.565
32.2005
29.7184
28.538
26.7364
25.6402
23.6631
21.2594
14.3223
22.4259
25.7404
29.5348
31.8633
35.995
38.7696
44.4452
44.7616
40.2129
37.9963
34.7335
32.7841
29.5047
26.0223
16.736
26.2191
29.7943
33.4976
35.6405
39.4867
42.0068
47.4264
47.4828
42.7381
40.5437
38.2574
36.914
36.101
31.6714
18.6501
41.2878
33.2102
-10.7667
-42.4768
-97.9741
-247.289
-727.568
)
;
    }
    interface_bottom
    {
        type            calculated;
        value           nonuniform List<scalar> 
90
(
198.083
76.0286
38.7787
25.1094
19.1089
14.2444
11.2487
6.69104
8.12607
8.20247
7.70121
7.30723
6.7105
6.31631
5.77963
5.08181
3.36994
2.47393
1.21022
0.530414
-0.403096
-0.779197
-0.93261
-2.1599
-2.89893
-4.10034
-4.90042
-6.32747
-7.28445
-9.10309
-9.56229
-9.22956
-9.13284
-8.98813
-8.89194
-8.62925
-7.9678
-5.62066
-9.10577
-10.6358
-12.5245
-13.6821
-15.6708
-16.947
-19.3749
-19.5767
-17.7574
-16.9885
-15.9854
-15.4322
-14.5022
-13.1711
-9.08443
-14.3314
-16.51
-19.017
-20.5199
-23.0781
-24.7202
-27.887
-28.0131
-25.1964
-23.9841
-22.4187
-21.547
-20.1093
-18.1911
-12.4606
-19.5696
-22.516
-25.9168
-28.0346
-31.7835
-34.3772
-39.7089
-40.3192
-37.0546
-35.6271
-33.775
-32.6506
-30.7886
-27.7211
-18.4217
-30.1766
-31.238
-23.4072
-45.6372
-43.2107
-13.2879
0.430986
)
;
    }
    defaultFaces
    {
        type            empty;
    }
}


// ************************************************************************* //
