/*--------------------------------*- C++ -*----------------------------------*\
| =========                 |                                                 |
| \\      /  F ield         | OpenFOAM: The Open Source CFD Toolbox           |
|  \\    /   O peration     | Version:  5.x                                   |
|   \\  /    A nd           | Web:      www.OpenFOAM.org                      |
|    \\/     M anipulation  |                                                 |
\*---------------------------------------------------------------------------*/
FoamFile
{
    version     2.0;
    format      ascii;
    class       volScalarField;
    location    "2.6";
    object      gradTy;
}
// * * * * * * * * * * * * * * * * * * * * * * * * * * * * * * * * * * * * * //

dimensions      [0 -1 0 1 0 0 0];

internalField   nonuniform List<scalar> 
3200
(
-5.36783e-06
2.04726e-06
-8.34911e-06
7.48379e-06
-5.6389e-06
6.58428e-06
-3.6338e-06
4.55376e-06
-2.82048e-06
1.18726e-06
2.76984e-06
-1.13698e-06
1.61288e-06
-9.34019e-07
1.16211e-06
-7.05792e-07
8.63371e-07
-5.3259e-07
6.47862e-07
-4.0278e-07
4.88616e-07
-3.049e-07
3.69432e-07
-2.30748e-07
2.7954e-07
-1.74422e-07
2.1143e-07
-1.31587e-07
1.59697e-07
-9.90109e-08
1.20366e-07
-7.42547e-08
9.0467e-08
-5.54677e-08
6.7759e-08
-4.12382e-08
5.05387e-08
-3.04864e-08
3.75065e-08
-2.23861e-08
2.76692e-08
-1.63048e-08
2.02662e-08
-1.17588e-08
1.47157e-08
-8.38044e-09
1.05664e-08
-5.91547e-09
7.36246e-09
-4.66263e-09
2.07505e-09
4.51905e-09
-1.58612e-09
2.45439e-09
-1.13612e-09
1.5705e-09
-7.08164e-10
9.92159e-10
-4.22855e-10
6.07852e-10
-2.43961e-10
3.60503e-10
-1.36381e-10
2.07188e-10
-7.40176e-11
1.15592e-10
-3.89655e-11
6.26548e-11
-1.97302e-11
3.29086e-11
-9.32077e-12
1.66856e-11
-3.07893e-12
7.21604e-12
1.04501e-13
1.76559e-12
3.63397e-13
8.42728e-14
2.00649e-14
5.69152e-15
-3.92423e-06
1.01671e-06
-5.63442e-06
4.87542e-06
-3.56809e-06
4.39514e-06
-2.23341e-06
3.03805e-06
-1.81588e-06
8.47605e-07
1.96468e-06
-6.64643e-07
1.0855e-06
-5.75981e-07
7.76449e-07
-4.37772e-07
5.76127e-07
-3.30908e-07
4.32109e-07
-2.50463e-07
3.25818e-07
-1.8967e-07
2.46323e-07
-1.43556e-07
1.86389e-07
-1.08501e-07
1.40989e-07
-8.18325e-08
1.06508e-07
-6.15479e-08
8.02938e-08
-4.61336e-08
6.03649e-08
-3.44382e-08
4.52273e-08
-2.55825e-08
3.37461e-08
-1.88938e-08
2.50557e-08
-1.3857e-08
1.8494e-08
-1.00779e-08
1.35548e-08
-7.25497e-09
9.85004e-09
-5.15949e-09
7.07771e-09
-3.64073e-09
4.90729e-09
-3.00385e-09
1.47889e-09
3.21777e-09
-8.98677e-10
1.66572e-09
-6.79804e-10
1.06132e-09
-4.22338e-10
6.71559e-10
-2.49971e-10
4.12306e-10
-1.42771e-10
2.4504e-10
-7.89692e-11
1.41107e-10
-4.23883e-11
7.88747e-11
-2.20477e-11
4.28386e-11
-1.09936e-11
2.25602e-11
-5.04955e-12
1.15133e-11
-1.42792e-12
5.05803e-12
3.59995e-13
1.28148e-12
3.18452e-13
7.56786e-14
1.80848e-14
5.1346e-15
-2.67956e-06
4.48338e-07
-3.60754e-06
3.02393e-06
-2.15464e-06
2.78872e-06
-1.30981e-06
1.92667e-06
-1.11255e-06
5.69335e-07
1.30898e-06
-3.67812e-07
6.94314e-07
-3.38736e-07
4.9325e-07
-2.59052e-07
3.65569e-07
-1.96161e-07
2.74064e-07
-1.48598e-07
2.06605e-07
-1.12575e-07
1.56184e-07
-8.52127e-08
1.18184e-07
-6.43972e-08
8.94038e-08
-4.85553e-08
6.75484e-08
-3.65041e-08
5.09326e-08
-2.73467e-08
3.83002e-08
-2.04e-08
2.87039e-08
-1.51416e-08
2.14245e-08
-1.11715e-08
1.59136e-08
-8.18329e-09
1.17518e-08
-5.94259e-09
8.61819e-09
-4.2701e-09
6.267e-09
-3.03006e-09
4.50586e-09
-2.13776e-09
3.10957e-09
-1.84156e-09
9.91907e-10
2.15026e-09
-4.78801e-10
1.07318e-09
-3.87152e-10
6.80987e-10
-2.39733e-10
4.31483e-10
-1.40509e-10
2.654e-10
-7.93373e-11
1.58019e-10
-4.33435e-11
9.11526e-11
-2.29614e-11
5.10357e-11
-1.17686e-11
2.77669e-11
-5.7554e-12
1.46562e-11
-2.54658e-12
7.52041e-12
-5.54513e-13
3.34708e-12
3.90563e-13
8.72696e-13
2.44679e-13
5.96816e-14
1.43329e-14
4.07523e-15
-1.56116e-06
1.66028e-07
-2.00932e-06
1.6438e-06
-1.14698e-06
1.54319e-06
-6.80298e-07
1.06575e-06
-5.9854e-07
3.28358e-07
7.49608e-07
-1.80812e-07
3.86701e-07
-1.76291e-07
2.73251e-07
-1.35557e-07
2.02336e-07
-1.02802e-07
1.51639e-07
-7.79323e-08
1.14295e-07
-5.90594e-08
8.63961e-08
-4.47083e-08
6.53762e-08
-3.37838e-08
4.9459e-08
-2.54669e-08
3.73722e-08
-1.91392e-08
2.81833e-08
-1.43313e-08
2.11969e-08
-1.06846e-08
1.58893e-08
-7.92487e-09
1.18628e-08
-5.84194e-09
8.81407e-09
-4.27484e-09
6.51133e-09
-3.10035e-09
4.77717e-09
-2.22424e-09
3.47567e-09
-1.57533e-09
2.50005e-09
-1.11137e-09
1.71904e-09
-9.9125e-10
5.71459e-10
1.23389e-09
-2.26447e-10
6.00917e-10
-1.95806e-10
3.80075e-10
-1.20906e-10
2.41059e-10
-7.02217e-11
1.48476e-10
-3.92206e-11
8.85224e-11
-2.11706e-11
5.11288e-11
-1.10689e-11
2.86616e-11
-5.58809e-12
1.56138e-11
-2.67704e-12
8.25524e-12
-1.13548e-12
4.25249e-12
-1.60567e-13
1.91024e-12
2.83474e-13
5.08272e-13
1.53175e-13
3.81039e-14
9.19006e-15
2.61731e-15
-5.12666e-07
3.89999e-08
-6.44988e-07
5.20749e-07
-3.59151e-07
4.93701e-07
-2.0999e-07
3.40887e-07
-1.88479e-07
1.07356e-07
2.44094e-07
-5.39045e-08
1.24161e-07
-5.44742e-08
8.74776e-08
-4.20237e-08
6.47434e-08
-3.1898e-08
4.85123e-08
-2.41914e-08
3.6562e-08
-1.83366e-08
2.76364e-08
-1.38816e-08
2.09127e-08
-1.0489e-08
1.58215e-08
-7.90573e-09
1.19557e-08
-5.94022e-09
9.01676e-09
-4.44678e-09
6.78223e-09
-3.31415e-09
5.08457e-09
-2.45712e-09
3.7966e-09
-1.8104e-09
2.82133e-09
-1.32395e-09
2.08464e-09
-9.59477e-10
1.52979e-09
-6.87704e-10
1.11332e-09
-4.86525e-10
8.00996e-10
-3.43241e-10
5.49656e-10
-3.12244e-10
1.86724e-10
4.02196e-10
-6.57762e-11
1.93484e-10
-5.94681e-11
1.22157e-10
-3.66585e-11
7.75175e-11
-2.11702e-11
4.77805e-11
-1.17424e-11
2.85074e-11
-6.289e-12
1.64765e-11
-3.25966e-12
9.2423e-12
-1.62883e-12
5.03827e-12
-7.69134e-13
2.66615e-12
-3.16198e-13
1.3762e-12
-2.62203e-14
6.21174e-13
1.02257e-13
1.67016e-13
5.20639e-14
1.30841e-14
3.16218e-15
9.03513e-16
5.13409e-07
-3.88773e-08
6.45095e-07
-5.20701e-07
3.59175e-07
-4.93692e-07
2.09992e-07
-3.40889e-07
1.88474e-07
-1.07364e-07
-2.44099e-07
5.3903e-08
-1.2416e-07
5.4477e-08
-8.74742e-08
4.2027e-08
-6.47404e-08
3.19007e-08
-4.85099e-08
2.41935e-08
-3.65603e-08
1.83381e-08
-2.76352e-08
1.38827e-08
-2.09117e-08
1.04898e-08
-1.58209e-08
7.90625e-09
-1.19553e-08
5.94056e-09
-9.01649e-09
4.447e-09
-6.78207e-09
3.31428e-09
-5.08448e-09
2.45718e-09
-3.79656e-09
1.81042e-09
-2.82132e-09
1.32395e-09
-2.08465e-09
9.5946e-10
-1.52981e-09
6.87679e-10
-1.11334e-09
4.86497e-10
-8.01025e-10
3.4321e-10
-5.49691e-10
3.12205e-10
-1.86764e-10
-4.02231e-10
6.57499e-11
-1.93503e-10
5.94536e-11
-1.22169e-10
3.66495e-11
-7.75249e-11
2.11643e-11
-4.77853e-11
1.17385e-11
-2.85105e-11
6.28656e-12
-1.64784e-11
3.25816e-12
-9.24345e-12
1.62794e-12
-5.03895e-12
7.68616e-13
-2.66654e-12
3.15905e-13
-1.37642e-12
2.60675e-14
-6.21278e-13
-1.02323e-13
-1.67056e-13
-5.20858e-14
-1.30956e-14
-3.16865e-15
-8.98852e-16
1.56171e-06
-1.65923e-07
2.00941e-06
-1.64375e-06
1.14701e-06
-1.54317e-06
6.80309e-07
-1.06575e-06
5.98543e-07
-3.28357e-07
-7.49606e-07
1.80815e-07
-3.86697e-07
1.76296e-07
-2.73246e-07
1.35561e-07
-2.02332e-07
1.02806e-07
-1.51635e-07
7.79351e-08
-1.14293e-07
5.90615e-08
-8.63943e-08
4.47098e-08
-6.5375e-08
3.37849e-08
-4.94581e-08
2.54676e-08
-3.73716e-08
1.91398e-08
-2.81828e-08
1.43317e-08
-2.11966e-08
1.06849e-08
-1.58891e-08
7.92503e-09
-1.18627e-08
5.84204e-09
-8.81399e-09
4.2749e-09
-6.51129e-09
3.10038e-09
-4.77715e-09
2.22426e-09
-3.47566e-09
1.57533e-09
-2.50006e-09
1.11136e-09
-1.71905e-09
9.91232e-10
-5.7148e-10
-1.23391e-09
2.26432e-10
-6.00927e-10
1.95798e-10
-3.80081e-10
1.20901e-10
-2.41063e-10
7.02184e-11
-1.48479e-10
3.92183e-11
-8.85243e-11
2.11691e-11
-5.113e-11
1.1068e-11
-2.86623e-11
5.58753e-12
-1.56143e-11
2.67671e-12
-8.2555e-12
1.13529e-12
-4.25264e-12
1.60464e-13
-1.91032e-12
-2.83519e-13
-5.08299e-13
-1.5319e-13
-3.81121e-14
-9.19491e-15
-2.61402e-15
2.6797e-06
-4.48286e-07
3.60759e-06
-3.0239e-06
2.15467e-06
-2.7887e-06
1.30983e-06
-1.92666e-06
1.11256e-06
-5.69325e-07
-1.30897e-06
3.67819e-07
-6.94307e-07
3.38742e-07
-4.93245e-07
2.59056e-07
-3.65565e-07
1.96164e-07
-2.74061e-07
1.48601e-07
-2.06603e-07
1.12577e-07
-1.56182e-07
8.52141e-08
-1.18182e-07
6.43983e-08
-8.94029e-08
4.85561e-08
-6.75477e-08
3.65046e-08
-5.09321e-08
2.73472e-08
-3.82998e-08
2.04004e-08
-2.87036e-08
1.51418e-08
-2.14243e-08
1.11716e-08
-1.59135e-08
8.1834e-09
-1.17517e-08
5.94266e-09
-8.61812e-09
4.27015e-09
-6.26696e-09
3.03009e-09
-4.50583e-09
2.13778e-09
-3.10956e-09
1.84157e-09
-9.91901e-10
-2.15026e-09
4.78805e-10
-1.07318e-09
3.87155e-10
-6.80985e-10
2.39735e-10
-4.31482e-10
1.4051e-10
-2.654e-10
7.93376e-11
-1.58019e-10
4.33436e-11
-9.11525e-11
2.29615e-11
-5.10357e-11
1.17686e-11
-2.77669e-11
5.75538e-12
-1.46563e-11
2.54656e-12
-7.52043e-12
5.54499e-13
-3.3471e-12
-3.9057e-13
-8.72702e-13
-2.44683e-13
-5.96836e-14
-1.43344e-14
-4.07454e-15
3.92381e-06
-1.01677e-06
5.63438e-06
-4.87543e-06
3.56809e-06
-4.39513e-06
2.23341e-06
-3.03804e-06
1.81589e-06
-8.47594e-07
-1.96467e-06
6.64648e-07
-1.0855e-06
5.75982e-07
-7.76448e-07
4.37772e-07
-5.76127e-07
3.30908e-07
-4.32109e-07
2.50463e-07
-3.25818e-07
1.8967e-07
-2.46323e-07
1.43556e-07
-1.86389e-07
1.08501e-07
-1.40989e-07
8.18326e-08
-1.06508e-07
6.1548e-08
-8.02937e-08
4.61337e-08
-6.03648e-08
3.44383e-08
-4.52272e-08
2.55826e-08
-3.37461e-08
1.88939e-08
-2.50556e-08
1.38571e-08
-1.8494e-08
1.00779e-08
-1.35547e-08
7.25502e-09
-9.85e-09
5.15952e-09
-7.07768e-09
3.64076e-09
-4.90726e-09
3.00388e-09
-1.47886e-09
-3.21774e-09
8.98697e-10
-1.6657e-09
6.79815e-10
-1.06132e-09
4.22344e-10
-6.71553e-10
2.49975e-10
-4.12303e-10
1.42774e-10
-2.45038e-10
7.89709e-11
-1.41106e-10
4.23893e-11
-7.88739e-11
2.20483e-11
-4.28382e-11
1.09939e-11
-2.25599e-11
5.04974e-12
-1.15132e-11
1.42802e-12
-5.05796e-12
-3.59954e-13
-1.28146e-12
-3.18439e-13
-7.56719e-14
-1.80812e-14
-5.13743e-15
5.36682e-06
-2.04748e-06
8.34891e-06
-7.48392e-06
5.63882e-06
-6.58434e-06
3.63376e-06
-4.55379e-06
2.82046e-06
-1.18727e-06
-2.76986e-06
1.13697e-06
-1.61289e-06
9.34003e-07
-1.16212e-06
7.05779e-07
-8.63382e-07
5.3258e-07
-6.47871e-07
4.02773e-07
-4.88622e-07
3.04894e-07
-3.69437e-07
2.30744e-07
-2.79544e-07
1.74419e-07
-2.11432e-07
1.31585e-07
-1.59699e-07
9.90094e-08
-1.20367e-07
7.42536e-08
-9.04679e-08
5.5467e-08
-6.77596e-08
4.12376e-08
-5.05391e-08
3.0486e-08
-3.75068e-08
2.23859e-08
-2.76694e-08
1.63046e-08
-2.02663e-08
1.17587e-08
-1.47157e-08
8.38039e-09
-1.05665e-08
5.91545e-09
-7.36246e-09
4.66265e-09
-2.07502e-09
-4.51902e-09
1.58614e-09
-2.45438e-09
1.13613e-09
-1.57049e-09
7.0817e-10
-9.92154e-10
4.2286e-10
-6.07849e-10
2.43964e-10
-3.60501e-10
1.36383e-10
-2.07186e-10
7.4019e-11
-1.15591e-10
3.89663e-11
-6.26541e-11
1.97307e-11
-3.29081e-11
9.32109e-12
-1.66853e-11
3.07911e-12
-7.21592e-12
-1.04423e-13
-1.76554e-12
-3.63369e-13
-8.42578e-14
-2.00557e-14
-5.69733e-15
-0.00222974
0.00176447
0.000299889
0.000126827
2.13144e-05
1.28876e-05
-1.05548e-06
3.75093e-06
-3.05514e-06
4.79659e-07
3.18123e-06
-1.93352e-06
2.32033e-06
-1.72688e-06
1.95375e-06
-1.43659e-06
1.63416e-06
-1.17772e-06
1.3495e-06
-9.57516e-07
1.1034e-06
-7.73925e-07
8.95586e-07
-6.22875e-07
7.23018e-07
-4.99746e-07
5.81413e-07
-4.00034e-07
4.66193e-07
-3.1966e-07
3.73002e-07
-2.5509e-07
2.97951e-07
-2.03338e-07
2.37694e-07
-1.61934e-07
1.89421e-07
-1.28856e-07
1.50815e-07
-1.02461e-07
1.19982e-07
-8.14246e-08
9.53873e-08
-6.46838e-08
7.57905e-08
-5.1398e-08
6.014e-08
-4.11266e-08
4.66032e-08
-3.78731e-08
1.00056e-08
3.72137e-08
-1.91678e-08
2.45624e-08
-1.66257e-08
1.94219e-08
-1.35638e-08
1.56622e-08
-1.11338e-08
1.27542e-08
-9.26368e-09
1.05097e-08
-7.83641e-09
8.79246e-09
-6.73778e-09
7.51332e-09
-5.72696e-09
6.47153e-09
-4.54538e-09
5.33344e-09
-3.29935e-09
4.04874e-09
-2.31032e-09
3.16341e-09
-5.81443e-10
1.42562e-09
2.88748e-10
6.69234e-11
1.60954e-11
4.71487e-12
-0.00159216
0.00118544
0.000268864
0.000103472
2.04241e-05
1.01092e-05
-1.53728e-07
2.56099e-06
-2.02326e-06
3.49355e-07
2.20934e-06
-1.19599e-06
1.53878e-06
-1.09252e-06
1.29204e-06
-9.08105e-07
1.08166e-06
-7.43132e-07
8.94021e-07
-6.03321e-07
7.31455e-07
-4.8712e-07
5.93972e-07
-3.91734e-07
4.79686e-07
-3.14112e-07
3.85836e-07
-2.51329e-07
3.09432e-07
-2.00767e-07
2.47613e-07
-1.60171e-07
1.97813e-07
-1.27651e-07
1.57822e-07
-1.01641e-07
1.2578e-07
-8.08669e-08
1.00152e-07
-6.42937e-08
7.96813e-08
-5.10882e-08
6.33503e-08
-4.05817e-08
5.03356e-08
-3.22499e-08
3.99253e-08
-2.58826e-08
3.06639e-08
-2.50285e-08
7.13912e-09
2.60857e-08
-1.16138e-08
1.63882e-08
-1.04272e-08
1.28857e-08
-8.53582e-09
1.0379e-08
-7.01929e-09
8.4425e-09
-5.85271e-09
6.94713e-09
-4.96333e-09
5.80314e-09
-4.2768e-09
4.95804e-09
-3.63097e-09
4.28469e-09
-2.85942e-09
3.55083e-09
-2.04995e-09
2.70763e-09
-1.41307e-09
2.1612e-09
-2.68137e-10
1.00784e-09
2.52115e-10
6.00666e-11
1.45075e-11
4.2523e-12
-0.00106569
0.000754158
0.000207781
7.68181e-05
1.6621e-05
7.32664e-06
2.27495e-07
1.66188e-06
-1.27061e-06
2.3872e-07
1.44732e-06
-7.0473e-07
9.71277e-07
-6.5932e-07
8.1323e-07
-5.47649e-07
6.81361e-07
-4.47375e-07
5.63601e-07
-3.62696e-07
4.61387e-07
-2.92529e-07
3.74825e-07
-2.35063e-07
3.02799e-07
-1.88375e-07
2.43613e-07
-1.50658e-07
1.95405e-07
-1.20309e-07
1.56387e-07
-9.59584e-08
1.24947e-07
-7.64598e-08
9.96953e-08
-6.08705e-08
7.94604e-08
-4.84222e-08
6.32738e-08
-3.84935e-08
5.03435e-08
-3.05839e-08
4.0027e-08
-2.42926e-08
3.18039e-08
-1.93074e-08
2.52164e-08
-1.55447e-08
1.92035e-08
-1.57077e-08
4.79334e-09
1.72165e-08
-6.69404e-09
1.04013e-08
-6.23865e-09
8.13443e-09
-5.12517e-09
6.54492e-09
-4.22221e-09
5.31841e-09
-3.52792e-09
4.37089e-09
-2.99918e-09
3.64607e-09
-2.58979e-09
3.11454e-09
-2.19616e-09
2.69942e-09
-1.7163e-09
2.24814e-09
-1.21529e-09
1.72135e-09
-8.23834e-10
1.399e-09
-1.03131e-10
6.71271e-10
1.92907e-10
4.73351e-11
1.14983e-11
3.37324e-12
-0.000612033
0.000417512
0.000130073
4.73284e-05
1.07791e-05
4.4546e-06
2.662e-07
9.36505e-07
-6.96437e-07
1.39406e-07
8.19102e-07
-3.67152e-07
5.35531e-07
-3.50703e-07
4.47351e-07
-2.91159e-07
3.75036e-07
-2.37506e-07
3.10403e-07
-1.92326e-07
2.54222e-07
-1.54983e-07
2.06595e-07
-1.24455e-07
1.66936e-07
-9.9688e-08
1.34329e-07
-7.96995e-08
1.07761e-07
-6.36274e-08
8.62519e-08
-5.07384e-08
6.89173e-08
-4.04216e-08
5.49926e-08
-3.21756e-08
4.38332e-08
-2.55924e-08
3.49058e-08
-2.03426e-08
2.77737e-08
-1.61612e-08
2.20829e-08
-1.2836e-08
1.75463e-08
-1.0203e-08
1.39076e-08
-8.23728e-09
1.05206e-08
-8.61117e-09
2.76377e-09
9.79463e-09
-3.41981e-09
5.75915e-09
-3.29476e-09
4.48484e-09
-2.71497e-09
3.60544e-09
-2.24002e-09
2.92752e-09
-1.87495e-09
2.40364e-09
-1.59718e-09
2.00291e-09
-1.38154e-09
1.71066e-09
-1.17043e-09
1.48592e-09
-9.08944e-10
1.24213e-09
-6.36977e-10
9.54092e-10
-4.25494e-10
7.85674e-10
-2.92571e-11
3.84776e-10
1.20365e-10
3.0202e-11
7.37296e-12
2.16448e-12
-0.000199566
0.000133538
4.41732e-05
1.59881e-05
3.72661e-06
1.49608e-06
1.09818e-07
3.02667e-07
-2.21526e-07
4.58876e-08
2.65119e-07
-1.13491e-07
1.7102e-07
-1.0975e-07
1.42673e-07
-9.10918e-08
1.19648e-07
-7.4245e-08
9.90598e-08
-6.00817e-08
8.11502e-08
-4.83915e-08
6.59585e-08
-3.88451e-08
5.33036e-08
-3.1106e-08
4.28961e-08
-2.48637e-08
3.44144e-08
-1.98467e-08
2.75468e-08
-1.58244e-08
2.20114e-08
-1.26055e-08
1.75646e-08
-1.00332e-08
1.40007e-08
-7.97982e-09
1.11495e-08
-6.34253e-09
8.8716e-09
-5.03858e-09
7.05394e-09
-4.00174e-09
5.60481e-09
-3.18106e-09
4.44171e-09
-2.57241e-09
3.34754e-09
-2.73998e-09
9.03573e-10
3.17872e-09
-1.04467e-09
1.84334e-09
-1.02684e-09
1.43209e-09
-8.4766e-10
1.15075e-09
-6.99985e-10
9.33978e-10
-5.86499e-10
7.66432e-10
-5.00198e-10
6.38279e-10
-4.33101e-10
5.45091e-10
-3.66722e-10
4.74032e-10
-2.83772e-10
3.97055e-10
-1.97677e-10
3.05506e-10
-1.30891e-10
2.53326e-10
-4.58473e-12
1.25395e-10
4.08408e-11
1.03683e-11
2.53807e-12
7.44636e-13
0.000199573
-0.00013354
-4.41754e-05
-1.59899e-05
-3.72759e-06
-1.49651e-06
-1.09959e-07
-3.02686e-07
2.21549e-07
-4.58563e-08
-2.65087e-07
1.13523e-07
-1.7099e-07
1.09778e-07
-1.42647e-07
9.11145e-08
-1.19628e-07
7.42628e-08
-9.90441e-08
6.00956e-08
-8.11379e-08
4.84023e-08
-6.59489e-08
3.88536e-08
-5.3296e-08
3.11127e-08
-4.28901e-08
2.48691e-08
-3.44097e-08
1.98509e-08
-2.7543e-08
1.58277e-08
-2.20085e-08
1.26082e-08
-1.75623e-08
1.00353e-08
-1.39989e-08
7.98148e-09
-1.1148e-08
6.34385e-09
-8.87042e-09
5.03963e-09
-7.053e-09
4.00258e-09
-5.60407e-09
3.18173e-09
-4.44113e-09
2.57291e-09
-3.34715e-09
2.74027e-09
-9.03362e-10
-3.17853e-09
1.04487e-09
-1.84314e-09
1.02703e-09
-1.43191e-09
8.47822e-10
-1.15061e-09
7.00106e-10
-9.33877e-10
5.86581e-10
-7.66368e-10
5.00245e-10
-6.38248e-10
4.33116e-10
-5.4509e-10
3.66711e-10
-4.74053e-10
2.83743e-10
-3.97089e-10
1.9764e-10
-3.05544e-10
1.30855e-10
-2.53357e-10
4.56025e-12
-1.25412e-10
-4.08506e-11
-1.03731e-11
-2.53973e-12
-7.4756e-13
0.000612038
-0.000417513
-0.000130075
-4.73296e-05
-1.07798e-05
-4.45488e-06
-2.66281e-07
-9.36503e-07
6.96466e-07
-1.39373e-07
-8.19069e-07
3.67183e-07
-5.35502e-07
3.50731e-07
-4.47326e-07
2.9118e-07
-3.75016e-07
2.37523e-07
-3.10388e-07
1.9234e-07
-2.5421e-07
1.54994e-07
-2.06585e-07
1.24464e-07
-1.66928e-07
9.96947e-08
-1.34323e-07
7.97048e-08
-1.07756e-07
6.36317e-08
-8.62481e-08
5.07417e-08
-6.89143e-08
4.04243e-08
-5.49902e-08
3.21777e-08
-4.38314e-08
2.55941e-08
-3.49043e-08
2.0344e-08
-2.77725e-08
1.61623e-08
-2.2082e-08
1.28369e-08
-1.75455e-08
1.02036e-08
-1.3907e-08
8.23778e-09
-1.05202e-08
8.61149e-09
-2.76352e-09
-9.7944e-09
3.42003e-09
-5.75894e-09
3.29496e-09
-4.48465e-09
2.71514e-09
-3.6053e-09
2.24014e-09
-2.92741e-09
1.87504e-09
-2.40356e-09
1.59723e-09
-2.00287e-09
1.38157e-09
-1.71065e-09
1.17043e-09
-1.48592e-09
9.08932e-10
-1.24215e-09
6.36955e-10
-9.54115e-10
4.2547e-10
-7.85695e-10
2.92406e-11
-3.84788e-10
-1.20372e-10
-3.02053e-11
-7.37399e-12
-2.16652e-12
0.00106569
-0.000754158
-0.000207781
-7.68183e-05
-1.66211e-05
-7.32666e-06
-2.27483e-07
-1.66185e-06
1.27064e-06
-2.38695e-07
-1.4473e-06
7.04751e-07
-9.71258e-07
6.59337e-07
-8.13214e-07
5.47663e-07
-6.81349e-07
4.47386e-07
-5.63591e-07
3.62705e-07
-4.61379e-07
2.92536e-07
-3.74819e-07
2.35068e-07
-3.02794e-07
1.88379e-07
-2.43609e-07
1.50662e-07
-1.95402e-07
1.20312e-07
-1.56384e-07
9.59607e-08
-1.24945e-07
7.64616e-08
-9.96937e-08
6.08719e-08
-7.94591e-08
4.84233e-08
-6.32728e-08
3.84944e-08
-5.03427e-08
3.05846e-08
-4.00263e-08
2.42931e-08
-3.18034e-08
1.93078e-08
-2.5216e-08
1.55451e-08
-1.92032e-08
1.57079e-08
-4.79311e-09
-1.72163e-08
6.69421e-09
-1.04011e-08
6.23879e-09
-8.1343e-09
5.12529e-09
-6.54482e-09
4.2223e-09
-5.31833e-09
3.52799e-09
-4.37083e-09
2.99923e-09
-3.64603e-09
2.58983e-09
-3.11452e-09
2.19618e-09
-2.6994e-09
1.71631e-09
-2.24814e-09
1.2153e-09
-1.72135e-09
8.23832e-10
-1.399e-09
1.03129e-10
-6.71273e-10
-1.92908e-10
-4.73355e-11
-1.14983e-11
-3.37363e-12
0.00159215
-0.00118544
-0.000268862
-0.000103471
-2.04235e-05
-1.01089e-05
1.5383e-07
-2.56096e-06
2.02326e-06
-3.49363e-07
-2.20935e-06
1.19598e-06
-1.53879e-06
1.09251e-06
-1.29204e-06
9.08097e-07
-1.08167e-06
7.43126e-07
-8.94027e-07
6.03317e-07
-7.31459e-07
4.87116e-07
-5.93975e-07
3.91732e-07
-4.79689e-07
3.1411e-07
-3.85838e-07
2.51327e-07
-3.09433e-07
2.00765e-07
-2.47614e-07
1.6017e-07
-1.97814e-07
1.2765e-07
-1.57823e-07
1.0164e-07
-1.25781e-07
8.08664e-08
-1.00152e-07
6.42933e-08
-7.96816e-08
5.10879e-08
-6.33506e-08
4.05815e-08
-5.03358e-08
3.22497e-08
-3.99254e-08
2.58825e-08
-3.0664e-08
2.50285e-08
-7.13914e-09
-2.60858e-08
1.16137e-08
-1.63883e-08
1.04271e-08
-1.28857e-08
8.53577e-09
-1.0379e-08
7.01926e-09
-8.44252e-09
5.85269e-09
-6.94714e-09
4.96333e-09
-5.80313e-09
4.27681e-09
-4.95803e-09
3.63099e-09
-4.28466e-09
2.85945e-09
-3.55081e-09
2.04998e-09
-2.70761e-09
1.41309e-09
-2.16118e-09
2.68152e-10
-1.00783e-09
-2.52109e-10
-6.00636e-11
-1.45064e-11
-4.25053e-12
0.00222973
-0.00176447
-0.000299887
-0.000126825
-2.13134e-05
-1.28872e-05
1.05559e-06
-3.75097e-06
3.05506e-06
-4.7974e-07
-3.1813e-06
1.93345e-06
-2.3204e-06
1.72682e-06
-1.9538e-06
1.43654e-06
-1.6342e-06
1.17768e-06
-1.34954e-06
9.57484e-07
-1.10343e-06
7.739e-07
-8.95609e-07
6.22855e-07
-7.23036e-07
4.9973e-07
-5.81427e-07
4.00021e-07
-4.66204e-07
3.1965e-07
-3.73011e-07
2.55082e-07
-2.97958e-07
2.03332e-07
-2.37699e-07
1.61929e-07
-1.89426e-07
1.28852e-07
-1.50819e-07
1.02457e-07
-1.19985e-07
8.14221e-08
-9.53896e-08
6.46818e-08
-7.57923e-08
5.13964e-08
-6.01414e-08
4.11254e-08
-4.66042e-08
3.78723e-08
-1.00062e-08
-3.72143e-08
1.91673e-08
-2.45629e-08
1.66252e-08
-1.94224e-08
1.35634e-08
-1.56625e-08
1.11335e-08
-1.27544e-08
9.26346e-09
-1.05099e-08
7.83626e-09
-8.79257e-09
6.7377e-09
-7.51337e-09
5.72692e-09
-6.47154e-09
4.54539e-09
-5.33342e-09
3.29938e-09
-4.04871e-09
2.31035e-09
-3.16337e-09
5.81471e-10
-1.4256e-09
-2.88737e-10
-6.69179e-11
-1.60938e-11
-4.71129e-12
-0.00223056
0.00176512
0.00030001
0.000126874
2.13679e-05
1.28567e-05
-1.01415e-06
3.71284e-06
-3.01158e-06
4.75092e-07
3.13824e-06
-1.90618e-06
2.28812e-06
-1.70212e-06
1.92608e-06
-1.41563e-06
1.61059e-06
-1.16024e-06
1.3297e-06
-9.43079e-07
1.08694e-06
-7.62084e-07
8.8202e-07
-6.13215e-07
7.11909e-07
-4.919e-07
5.72362e-07
-3.93685e-07
4.5885e-07
-3.14539e-07
3.67066e-07
-2.50969e-07
2.93166e-07
-2.00031e-07
2.33847e-07
-1.59286e-07
1.86336e-07
-1.26739e-07
1.48346e-07
-1.00773e-07
1.1801e-07
-8.00805e-08
9.38154e-08
-6.36151e-08
7.45396e-08
-5.05488e-08
5.91469e-08
-4.04478e-08
4.58338e-08
-3.72493e-08
9.83937e-09
3.66011e-08
-1.8854e-08
2.41592e-08
-1.63545e-08
1.91044e-08
-1.33438e-08
1.54073e-08
-1.09547e-08
1.25479e-08
-9.1165e-09
1.03413e-08
-7.7143e-09
8.65358e-09
-6.63601e-09
7.39726e-09
-5.64502e-09
6.37596e-09
-4.48403e-09
5.25902e-09
-3.25651e-09
3.99426e-09
-2.28301e-09
3.12438e-09
-5.74585e-10
1.40835e-09
2.8525e-10
6.61126e-11
1.59004e-11
4.65778e-12
-0.00159274
0.00118588
0.00026897
0.000103512
2.04629e-05
1.00903e-05
-1.26454e-07
2.53661e-06
-1.99376e-06
3.46098e-07
2.17959e-06
-1.17899e-06
1.51746e-06
-1.07681e-06
1.27377e-06
-8.94819e-07
1.06609e-06
-7.32075e-07
8.80923e-07
-5.94202e-07
7.2056e-07
-4.79648e-07
5.84986e-07
-3.85645e-07
4.72324e-07
-3.0917e-07
3.79836e-07
-2.47332e-07
3.04563e-07
-1.97544e-07
2.43675e-07
-1.5758e-07
1.94639e-07
-1.25572e-07
1.55269e-07
-9.9977e-08
1.23733e-07
-7.95374e-08
9.8513e-08
-6.32337e-08
7.83721e-08
-5.02445e-08
6.23066e-08
-3.9911e-08
4.95049e-08
-3.1717e-08
3.9266e-08
-2.54554e-08
3.01576e-08
-2.46163e-08
7.02058e-09
2.56562e-08
-1.14237e-08
1.61192e-08
-1.02572e-08
1.26749e-08
-8.3975e-09
1.021e-08
-6.90651e-09
8.30587e-09
-5.75988e-09
6.83568e-09
-4.8862e-09
5.71128e-09
-4.21248e-09
4.88118e-09
-3.57939e-09
4.22114e-09
-2.82117e-09
3.50112e-09
-2.02356e-09
2.67102e-09
-1.39662e-09
2.13448e-09
-2.65044e-10
9.95623e-10
2.4906e-10
5.93389e-11
1.43318e-11
4.20081e-12
-0.00106608
0.000754435
0.000207862
7.68484e-05
1.66474e-05
7.31569e-06
2.44633e-07
1.64702e-06
-1.25169e-06
2.36533e-07
1.42789e-06
-6.94657e-07
9.57843e-07
-6.49812e-07
8.01751e-07
-5.39616e-07
6.71565e-07
-4.40701e-07
5.55355e-07
-3.572e-07
4.54523e-07
-2.88032e-07
3.69161e-07
-2.314e-07
2.98157e-07
-1.85405e-07
2.39828e-07
-1.48258e-07
1.92333e-07
-1.18375e-07
1.53902e-07
-9.44037e-08
1.22943e-07
-7.5213e-08
9.80836e-08
-5.98728e-08
7.81673e-08
-4.76255e-08
6.22387e-08
-3.78584e-08
4.95165e-08
-3.00786e-08
3.93676e-08
-2.38909e-08
3.12791e-08
-1.89883e-08
2.48e-08
-1.52881e-08
1.88865e-08
-1.5449e-08
4.71376e-09
1.6933e-08
-6.58459e-09
1.02305e-08
-6.137e-09
8.00133e-09
-5.04218e-09
6.43831e-09
-4.15445e-09
5.23228e-09
-3.47205e-09
4.30069e-09
-2.95269e-09
3.58825e-09
-2.551e-09
3.0661e-09
-2.16518e-09
2.65923e-09
-1.69354e-09
2.21657e-09
-1.19979e-09
1.69798e-09
-8.14405e-10
1.38167e-09
-1.01999e-10
6.63132e-10
1.90569e-10
4.67615e-11
1.1359e-11
3.33239e-12
-0.000612256
0.000417665
0.000130124
4.73474e-05
1.07945e-05
4.44898e-06
2.75617e-07
9.28536e-07
-6.85897e-07
1.38146e-07
8.08129e-07
-3.61879e-07
5.28135e-07
-3.45634e-07
4.41044e-07
-2.86878e-07
3.6965e-07
-2.33955e-07
3.05866e-07
-1.89406e-07
2.50444e-07
-1.52595e-07
2.03475e-07
-1.22513e-07
1.64378e-07
-9.81138e-08
1.32243e-07
-7.84278e-08
1.06068e-07
-6.26031e-08
8.48821e-08
-4.99153e-08
6.78126e-08
-3.97618e-08
5.4104e-08
-3.16477e-08
4.31202e-08
-2.5171e-08
3.43349e-08
-2.00068e-08
2.73176e-08
-1.58941e-08
2.17192e-08
-1.26237e-08
1.72568e-08
-1.00343e-08
1.36779e-08
-8.10133e-09
1.03469e-08
-8.46939e-09
2.7179e-09
9.63333e-09
-3.36393e-09
5.66457e-09
-3.2411e-09
4.41144e-09
-2.67104e-09
3.54669e-09
-2.2041e-09
2.88008e-09
-1.8453e-09
2.365e-09
-1.57247e-09
1.9711e-09
-1.36092e-09
1.68399e-09
-1.15401e-09
1.46373e-09
-8.96977e-10
1.22465e-09
-6.28911e-10
9.411e-10
-4.20695e-10
7.75929e-10
-2.89754e-11
3.80109e-10
1.18907e-10
2.98361e-11
7.28364e-12
2.13827e-12
-0.000199639
0.000133587
4.41904e-05
1.59946e-05
3.73167e-06
1.49436e-06
1.1282e-07
3.00161e-07
-2.18143e-07
4.54752e-08
2.61571e-07
-1.11857e-07
1.6866e-07
-1.08161e-07
1.40662e-07
-8.9751e-08
1.1793e-07
-7.31337e-08
9.76127e-08
-5.91683e-08
7.99446e-08
-4.76451e-08
6.49631e-08
-3.82381e-08
5.24874e-08
-3.06143e-08
4.22304e-08
-2.44667e-08
3.38739e-08
-1.95269e-08
2.71094e-08
-1.55675e-08
2.16587e-08
-1.23997e-08
1.72809e-08
-9.86851e-09
1.3773e-08
-7.84837e-09
1.09672e-08
-6.2378e-09
8.72592e-09
-4.95527e-09
6.93777e-09
-3.93555e-09
5.51234e-09
-3.12848e-09
4.36837e-09
-2.52996e-09
3.29227e-09
-2.69487e-09
8.88577e-10
3.12637e-09
-1.02761e-09
1.81307e-09
-1.01012e-09
1.40865e-09
-8.33947e-10
1.13199e-09
-6.88766e-10
9.1884e-10
-5.77231e-10
7.54106e-10
-4.92471e-10
6.28133e-10
-4.26649e-10
5.36581e-10
-3.61595e-10
4.66943e-10
-2.80051e-10
3.91457e-10
-1.95185e-10
3.01339e-10
-1.29428e-10
2.50181e-10
-4.5538e-12
1.23874e-10
4.03458e-11
1.02426e-11
2.50733e-12
7.35618e-13
0.000199646
-0.000133589
-4.41926e-05
-1.59963e-05
-3.73265e-06
-1.49479e-06
-1.12962e-07
-3.00181e-07
2.18164e-07
-4.54446e-08
-2.6154e-07
1.11888e-07
-1.6863e-07
1.08189e-07
-1.40637e-07
8.97733e-08
-1.1791e-07
7.31512e-08
-9.75972e-08
5.91819e-08
-7.99325e-08
4.76558e-08
-6.49536e-08
3.82465e-08
-5.24799e-08
3.06209e-08
-4.22245e-08
2.44719e-08
-3.38692e-08
1.9531e-08
-2.71057e-08
1.55708e-08
-2.16558e-08
1.24022e-08
-1.72786e-08
9.87057e-09
-1.37712e-08
7.85001e-09
-1.09657e-08
6.2391e-09
-8.72476e-09
4.95631e-09
-6.93684e-09
3.93638e-09
-5.5116e-09
3.12914e-09
-4.3678e-09
2.53044e-09
-3.29188e-09
2.69516e-09
-8.88368e-10
-3.12618e-09
1.02781e-09
-1.81287e-09
1.01031e-09
-1.40847e-09
8.34107e-10
-1.13185e-09
6.88885e-10
-9.18741e-10
5.77312e-10
-7.54043e-10
4.92517e-10
-6.28102e-10
4.26665e-10
-5.36579e-10
3.61584e-10
-4.66964e-10
2.80023e-10
-3.91491e-10
1.95149e-10
-3.01377e-10
1.29392e-10
-2.50212e-10
4.52961e-12
-1.2389e-10
-4.03555e-11
-1.02474e-11
-2.50896e-12
-7.38508e-13
0.000612261
-0.000417667
-0.000130125
-4.73486e-05
-1.07952e-05
-4.44926e-06
-2.75699e-07
-9.28535e-07
6.85924e-07
-1.38113e-07
-8.08097e-07
3.6191e-07
-5.28106e-07
3.45661e-07
-4.4102e-07
2.869e-07
-3.69631e-07
2.33972e-07
-3.05851e-07
1.89419e-07
-2.50432e-07
1.52606e-07
-2.03466e-07
1.22521e-07
-1.64371e-07
9.81204e-08
-1.32238e-07
7.8433e-08
-1.06063e-07
6.26072e-08
-8.48784e-08
4.99186e-08
-6.78096e-08
3.97644e-08
-5.41016e-08
3.16498e-08
-4.31183e-08
2.51726e-08
-3.43334e-08
2.00081e-08
-2.73164e-08
1.58951e-08
-2.17183e-08
1.26246e-08
-1.7256e-08
1.0035e-08
-1.36773e-08
8.10183e-09
-1.03465e-08
8.46971e-09
-2.71764e-09
-9.6331e-09
3.36415e-09
-5.66436e-09
3.2413e-09
-4.41126e-09
2.6712e-09
-3.54655e-09
2.20422e-09
-2.87998e-09
1.84538e-09
-2.36493e-09
1.57253e-09
-1.97106e-09
1.36095e-09
-1.68398e-09
1.15402e-09
-1.46374e-09
8.96965e-10
-1.22466e-09
6.2889e-10
-9.41123e-10
4.20672e-10
-7.7595e-10
2.89591e-11
-3.8012e-10
-1.18913e-10
-2.98393e-11
-7.28466e-12
-2.14029e-12
0.00106608
-0.000754435
-0.000207862
-7.68486e-05
-1.66475e-05
-7.31571e-06
-2.44621e-07
-1.64699e-06
1.25172e-06
-2.36509e-07
-1.42787e-06
6.94677e-07
-9.57824e-07
6.49829e-07
-8.01736e-07
5.3963e-07
-6.71553e-07
4.40712e-07
-5.55345e-07
3.57208e-07
-4.54515e-07
2.88039e-07
-3.69155e-07
2.31406e-07
-2.98152e-07
1.8541e-07
-2.39824e-07
1.48261e-07
-1.9233e-07
1.18378e-07
-1.53899e-07
9.4406e-08
-1.22941e-07
7.52148e-08
-9.8082e-08
5.98742e-08
-7.81661e-08
4.76266e-08
-6.22377e-08
3.78593e-08
-4.95157e-08
3.00793e-08
-3.9367e-08
2.38915e-08
-3.12786e-08
1.89888e-08
-2.47996e-08
1.52885e-08
-1.88862e-08
1.54493e-08
-4.71354e-09
-1.69328e-08
6.58476e-09
-1.02304e-08
6.13715e-09
-8.0012e-09
5.0423e-09
-6.4382e-09
4.15454e-09
-5.2322e-09
3.47212e-09
-4.30063e-09
2.95274e-09
-3.58821e-09
2.55104e-09
-3.06608e-09
2.1652e-09
-2.65922e-09
1.69355e-09
-2.21656e-09
1.19979e-09
-1.69798e-09
8.14403e-10
-1.38167e-09
1.01997e-10
-6.63134e-10
-1.9057e-10
-4.6762e-11
-1.1359e-11
-3.33278e-12
0.00159273
-0.00118587
-0.000268968
-0.000103511
-2.04623e-05
-1.009e-05
1.26557e-07
-2.53659e-06
1.99376e-06
-3.46106e-07
-2.1796e-06
1.17898e-06
-1.51747e-06
1.0768e-06
-1.27378e-06
8.94812e-07
-1.0661e-06
7.32069e-07
-8.80928e-07
5.94197e-07
-7.20564e-07
4.79645e-07
-5.84989e-07
3.85643e-07
-4.72327e-07
3.09168e-07
-3.79838e-07
2.47331e-07
-3.04564e-07
1.97543e-07
-2.43676e-07
1.57579e-07
-1.9464e-07
1.25571e-07
-1.5527e-07
9.99763e-08
-1.23733e-07
7.95369e-08
-9.85135e-08
6.32333e-08
-7.83725e-08
5.02442e-08
-6.23069e-08
3.99108e-08
-4.95051e-08
3.17168e-08
-3.92661e-08
2.54553e-08
-3.01577e-08
2.46163e-08
-7.0206e-09
-2.56563e-08
1.14237e-08
-1.61193e-08
1.02571e-08
-1.26749e-08
8.39745e-09
-1.021e-08
6.90648e-09
-8.3059e-09
5.75986e-09
-6.83569e-09
4.88619e-09
-5.71128e-09
4.21249e-09
-4.88116e-09
3.5794e-09
-4.22112e-09
2.82119e-09
-3.50109e-09
2.02359e-09
-2.671e-09
1.39665e-09
-2.13446e-09
2.65059e-10
-9.95612e-10
-2.49054e-10
-5.93358e-11
-1.43307e-11
-4.19905e-12
0.00223055
-0.00176512
-0.000300007
-0.000126872
-2.13668e-05
-1.28562e-05
1.01426e-06
-3.71287e-06
3.01151e-06
-4.75172e-07
-3.13831e-06
1.90611e-06
-2.28818e-06
1.70206e-06
-1.92614e-06
1.41558e-06
-1.61064e-06
1.1602e-06
-1.32974e-06
9.43048e-07
-1.08697e-06
7.62059e-07
-8.82042e-07
6.13195e-07
-7.11926e-07
4.91884e-07
-5.72376e-07
3.93672e-07
-4.58861e-07
3.14529e-07
-3.67075e-07
2.50961e-07
-2.93173e-07
2.00024e-07
-2.33852e-07
1.59281e-07
-1.8634e-07
1.26735e-07
-1.4835e-07
1.00769e-07
-1.18013e-07
8.0078e-08
-9.38177e-08
6.36131e-08
-7.45414e-08
5.05472e-08
-5.91483e-08
4.04466e-08
-4.58348e-08
3.72484e-08
-9.84003e-09
-3.66017e-08
1.88534e-08
-2.41598e-08
1.6354e-08
-1.91048e-08
1.33434e-08
-1.54076e-08
1.09544e-08
-1.25482e-08
9.11628e-09
-1.03415e-08
7.71415e-09
-8.6537e-09
6.63593e-09
-7.39732e-09
5.64498e-09
-6.37597e-09
4.48404e-09
-5.25901e-09
3.25653e-09
-3.99422e-09
2.28304e-09
-3.12435e-09
5.74612e-10
-1.40833e-09
-2.85239e-10
-6.61072e-11
-1.58989e-11
-4.65424e-12
-5.32298e-06
2.03263e-06
-8.26919e-06
7.41381e-06
-5.58303e-06
6.52039e-06
-3.59642e-06
4.50809e-06
-2.79059e-06
1.17562e-06
2.74054e-06
-1.12441e-06
1.5954e-06
-9.23617e-07
1.14931e-06
-6.97852e-07
8.53741e-07
-5.26544e-07
6.4056e-07
-3.98171e-07
4.83059e-07
-3.01385e-07
3.65198e-07
-2.2807e-07
2.76313e-07
-1.72385e-07
2.08972e-07
-1.30041e-07
1.57829e-07
-9.78403e-08
1.18949e-07
-7.33715e-08
8.93958e-08
-5.4804e-08
6.69518e-08
-4.07417e-08
4.9933e-08
-3.01172e-08
3.70544e-08
-2.21134e-08
2.73336e-08
-1.6105e-08
2.0019e-08
-1.16139e-08
1.45351e-08
-8.27664e-09
1.04361e-08
-5.84184e-09
7.27119e-09
-4.60431e-09
2.04943e-09
4.46253e-09
-1.56605e-09
2.42353e-09
-1.12167e-09
1.55063e-09
-6.99076e-10
9.79514e-10
-4.17365e-10
6.0003e-10
-2.40751e-10
3.55809e-10
-1.34562e-10
2.04456e-10
-7.30188e-11
1.1405e-10
-3.84342e-11
6.18093e-11
-1.94596e-11
3.24604e-11
-9.19404e-12
1.64585e-11
-3.03741e-12
7.11834e-12
1.03617e-13
1.74112e-12
3.58365e-13
8.31057e-14
1.97865e-14
5.61212e-15
-3.89135e-06
1.01029e-06
-5.58028e-06
4.82999e-06
-3.53256e-06
4.3526e-06
-2.21027e-06
3.00767e-06
-1.79652e-06
8.39302e-07
1.94394e-06
-6.57236e-07
1.07376e-06
-5.69545e-07
7.67907e-07
-4.32835e-07
5.69707e-07
-3.27145e-07
4.27242e-07
-2.47592e-07
3.22115e-07
-1.87481e-07
2.43501e-07
-1.41888e-07
1.84239e-07
-1.07232e-07
1.39351e-07
-8.08697e-08
1.05263e-07
-6.08194e-08
7.93493e-08
-4.55842e-08
5.96505e-08
-3.40256e-08
4.46888e-08
-2.52742e-08
3.33419e-08
-1.86647e-08
2.47537e-08
-1.3688e-08
1.82698e-08
-9.95426e-09
1.33895e-08
-7.16548e-09
9.72925e-09
-5.09551e-09
6.99044e-09
-3.59536e-09
4.84648e-09
-2.96624e-09
1.46063e-09
3.17754e-09
-8.87277e-10
1.64478e-09
-6.71142e-10
1.04791e-09
-4.16905e-10
6.63005e-10
-2.46715e-10
4.07004e-10
-1.40885e-10
2.41852e-10
-7.79115e-11
1.39248e-10
-4.18137e-11
7.7823e-11
-2.17457e-11
4.22609e-11
-1.08422e-11
2.2253e-11
-4.98092e-12
1.13566e-11
-1.40874e-12
4.98955e-12
3.55478e-13
1.26375e-12
3.14043e-13
7.46306e-14
1.78339e-14
5.06298e-15
-2.65704e-06
4.46132e-07
-3.57277e-06
2.99585e-06
-2.13308e-06
2.76179e-06
-1.29615e-06
1.90745e-06
-1.10063e-06
5.6376e-07
1.29519e-06
-3.63675e-07
6.86815e-07
-3.34938e-07
4.87829e-07
-2.56123e-07
3.61498e-07
-1.93925e-07
2.7098e-07
-1.46892e-07
2.04259e-07
-1.11273e-07
1.54395e-07
-8.42211e-08
1.16821e-07
-6.36432e-08
8.83658e-08
-4.79833e-08
6.67591e-08
-3.60714e-08
5.03338e-08
-2.70207e-08
3.78471e-08
-2.01554e-08
2.83623e-08
-1.49589e-08
2.1168e-08
-1.10358e-08
1.57219e-08
-8.08336e-09
1.16094e-08
-5.8696e-09
8.51314e-09
-4.21737e-09
6.19018e-09
-2.99244e-09
4.45032e-09
-2.11109e-09
3.07106e-09
-1.81848e-09
9.79665e-10
2.12339e-09
-4.72708e-10
1.05969e-09
-3.8221e-10
6.72381e-10
-2.36642e-10
4.2599e-10
-1.38673e-10
2.6199e-10
-7.82848e-11
1.55965e-10
-4.27599e-11
8.99525e-11
-2.26485e-11
5.03556e-11
-1.16065e-11
2.73926e-11
-5.67581e-12
1.44567e-11
-2.51198e-12
7.41804e-12
-5.47123e-13
3.30178e-12
3.85503e-13
8.60633e-13
2.41293e-13
5.88551e-14
1.41341e-14
4.01839e-15
-1.54802e-06
1.65586e-07
-1.98991e-06
1.62857e-06
-1.13546e-06
1.52831e-06
-6.73157e-07
1.05514e-06
-5.92096e-07
3.25144e-07
7.4172e-07
-1.7876e-07
3.82529e-07
-1.74309e-07
2.7025e-07
-1.34021e-07
2.00085e-07
-1.01629e-07
1.49933e-07
-7.70363e-08
1.12997e-07
-5.83758e-08
8.54074e-08
-4.41875e-08
6.46226e-08
-3.33878e-08
4.8885e-08
-2.51665e-08
3.69357e-08
-1.89122e-08
2.7852e-08
-1.41603e-08
2.09463e-08
-1.05563e-08
1.57003e-08
-7.82914e-09
1.17208e-08
-5.77094e-09
8.70794e-09
-4.22259e-09
6.43246e-09
-3.06223e-09
4.71896e-09
-2.19675e-09
3.43308e-09
-1.55575e-09
2.46925e-09
-1.09749e-09
1.69776e-09
-9.78817e-10
5.64406e-10
1.21847e-09
-2.23555e-10
5.93369e-10
-1.93302e-10
3.75274e-10
-1.19343e-10
2.37992e-10
-6.93012e-11
1.46569e-10
-3.86981e-11
8.73722e-11
-2.08841e-11
5.04561e-11
-1.09172e-11
2.82799e-11
-5.51068e-12
1.54034e-11
-2.63984e-12
8.14289e-12
-1.12006e-12
4.1946e-12
-1.58468e-13
1.88439e-12
2.79762e-13
5.01251e-13
1.51055e-13
3.75762e-14
9.06255e-15
2.58081e-15
-5.08347e-07
3.89922e-08
-6.38749e-07
5.15933e-07
-3.55535e-07
4.88947e-07
-2.07778e-07
3.37496e-07
-1.86445e-07
1.06305e-07
2.41527e-07
-5.32893e-08
1.22822e-07
-5.38607e-08
8.65174e-08
-4.15471e-08
6.40232e-08
-3.15335e-08
4.79668e-08
-2.3913e-08
3.61471e-08
-1.81242e-08
2.73202e-08
-1.37198e-08
2.06716e-08
-1.0366e-08
1.56379e-08
-7.81245e-09
1.18161e-08
-5.8697e-09
8.9108e-09
-4.39368e-09
6.70205e-09
-3.27434e-09
5.02409e-09
-2.42742e-09
3.75117e-09
-1.78838e-09
2.78737e-09
-1.30776e-09
2.05939e-09
-9.47673e-10
1.51115e-09
-6.79197e-10
1.09968e-09
-4.80475e-10
7.91127e-10
-3.38952e-10
5.42851e-10
-3.08326e-10
1.8442e-10
3.97172e-10
-6.49343e-11
1.91054e-10
-5.87067e-11
1.20614e-10
-3.6184e-11
7.65314e-11
-2.08921e-11
4.71669e-11
-1.15855e-11
2.81371e-11
-6.20362e-12
1.62597e-11
-3.21481e-12
9.11923e-12
-1.60618e-12
4.9704e-12
-7.58406e-13
2.62987e-12
-3.11906e-13
1.35747e-12
-2.58909e-14
6.12766e-13
1.00913e-13
1.6471e-13
5.13434e-14
1.29029e-14
3.11831e-15
8.9092e-16
5.09083e-07
-3.88708e-08
6.38855e-07
-5.15885e-07
3.55558e-07
-4.88937e-07
2.0778e-07
-3.37499e-07
1.86439e-07
-1.06313e-07
-2.41532e-07
5.32878e-08
-1.22821e-07
5.38635e-08
-8.6514e-08
4.15504e-08
-6.40202e-08
3.15362e-08
-4.79644e-08
2.39151e-08
-3.61453e-08
1.81257e-08
-2.7319e-08
1.37208e-08
-2.06707e-08
1.03668e-08
-1.56373e-08
7.81296e-09
-1.18157e-08
5.87004e-09
-8.91054e-09
4.39389e-09
-6.70188e-09
3.27446e-09
-5.024e-09
2.42748e-09
-3.75113e-09
1.78841e-09
-2.78736e-09
1.30775e-09
-2.0594e-09
9.47656e-10
-1.51118e-09
6.79172e-10
-1.0997e-09
4.80447e-10
-7.91157e-10
3.38921e-10
-5.42886e-10
3.08287e-10
-1.8446e-10
-3.97206e-10
6.49082e-11
-1.91073e-10
5.86924e-11
-1.20625e-10
3.61752e-11
-7.65386e-11
2.08863e-11
-4.71716e-11
1.15816e-11
-2.81402e-11
6.2012e-12
-1.62616e-11
3.21334e-12
-9.12037e-12
1.6053e-12
-4.97107e-12
7.57895e-13
-2.63025e-12
3.11617e-13
-1.35768e-12
2.574e-14
-6.12869e-13
-1.00978e-13
-1.64749e-13
-5.13651e-14
-1.29142e-14
-3.1247e-15
-8.86304e-16
1.54856e-06
-1.65482e-07
1.99e-06
-1.62852e-06
1.13549e-06
-1.5283e-06
6.73169e-07
-1.05514e-06
5.92099e-07
-3.25143e-07
-7.41719e-07
1.78764e-07
-3.82525e-07
1.74314e-07
-2.70246e-07
1.34026e-07
-2.00081e-07
1.01633e-07
-1.4993e-07
7.7039e-08
-1.12995e-07
5.83778e-08
-8.54057e-08
4.4189e-08
-6.46213e-08
3.33889e-08
-4.88841e-08
2.51673e-08
-3.69351e-08
1.89127e-08
-2.78516e-08
1.41606e-08
-2.0946e-08
1.05566e-08
-1.57001e-08
7.8293e-09
-1.17207e-08
5.77104e-09
-8.70786e-09
4.22265e-09
-6.43241e-09
3.06226e-09
-4.71894e-09
2.19676e-09
-3.43307e-09
1.55575e-09
-2.46925e-09
1.09748e-09
-1.69777e-09
9.78798e-10
-5.64427e-10
-1.21849e-09
2.23541e-10
-5.93379e-10
1.93294e-10
-3.7528e-10
1.19338e-10
-2.37996e-10
6.92979e-11
-1.46572e-10
3.86958e-11
-8.7374e-11
2.08827e-11
-5.04572e-11
1.09163e-11
-2.82806e-11
5.51013e-12
-1.54039e-11
2.63951e-12
-8.14315e-12
1.11987e-12
-4.19475e-12
1.58366e-13
-1.88446e-12
-2.79807e-13
-5.01278e-13
-1.51071e-13
-3.75844e-14
-9.06735e-15
-2.57755e-15
2.65718e-06
-4.4608e-07
3.57282e-06
-2.99581e-06
2.13311e-06
-2.76177e-06
1.29617e-06
-1.90744e-06
1.10064e-06
-5.6375e-07
-1.29518e-06
3.63682e-07
-6.86808e-07
3.34944e-07
-4.87824e-07
2.56128e-07
-3.61494e-07
1.93929e-07
-2.70977e-07
1.46895e-07
-2.04256e-07
1.11275e-07
-1.54394e-07
8.42226e-08
-1.16819e-07
6.36443e-08
-8.83649e-08
4.79841e-08
-6.67584e-08
3.6072e-08
-5.03333e-08
2.70211e-08
-3.78467e-08
2.01557e-08
-2.8362e-08
1.49591e-08
-2.11678e-08
1.1036e-08
-1.57218e-08
8.08347e-09
-1.16093e-08
5.86967e-09
-8.51308e-09
4.21742e-09
-6.19014e-09
2.99247e-09
-4.4503e-09
2.11111e-09
-3.07104e-09
1.81849e-09
-9.79659e-10
-2.12339e-09
4.72711e-10
-1.05969e-09
3.82212e-10
-6.72379e-10
2.36643e-10
-4.25989e-10
1.38674e-10
-2.61989e-10
7.8285e-11
-1.55965e-10
4.276e-11
-8.99525e-11
2.26485e-11
-5.03556e-11
1.16065e-11
-2.73926e-11
5.67579e-12
-1.44568e-11
2.51196e-12
-7.41806e-12
5.47109e-13
-3.30179e-12
-3.85511e-13
-8.60638e-13
-2.41296e-13
-5.88571e-14
-1.41355e-14
-4.01771e-15
3.89092e-06
-1.01034e-06
5.58024e-06
-4.83e-06
3.53256e-06
-4.35259e-06
2.21028e-06
-3.00766e-06
1.79654e-06
-8.39292e-07
-1.94394e-06
6.57241e-07
-1.07376e-06
5.69547e-07
-7.67907e-07
4.32835e-07
-5.69707e-07
3.27145e-07
-4.27242e-07
2.47592e-07
-3.22115e-07
1.87481e-07
-2.43501e-07
1.41888e-07
-1.84239e-07
1.07232e-07
-1.39351e-07
8.08698e-08
-1.05263e-07
6.08195e-08
-7.93492e-08
4.55843e-08
-5.96504e-08
3.40257e-08
-4.46887e-08
2.52743e-08
-3.33418e-08
1.86648e-08
-2.47537e-08
1.36881e-08
-1.82698e-08
9.95431e-09
-1.33895e-08
7.16553e-09
-9.72921e-09
5.09555e-09
-6.99041e-09
3.59539e-09
-4.84645e-09
2.96627e-09
-1.4606e-09
-3.17752e-09
8.87296e-10
-1.64476e-09
6.71152e-10
-1.0479e-09
4.16912e-10
-6.63e-10
2.4672e-10
-4.07001e-10
1.40888e-10
-2.4185e-10
7.79132e-11
-1.39247e-10
4.18147e-11
-7.78222e-11
2.17463e-11
-4.22605e-11
1.08426e-11
-2.22528e-11
4.98111e-12
-1.13565e-11
1.40884e-12
-4.98949e-12
-3.55438e-13
-1.26372e-12
-3.1403e-13
-7.46239e-14
-1.78304e-14
-5.06578e-15
5.32199e-06
-2.03285e-06
8.269e-06
-7.41393e-06
5.58295e-06
-6.52045e-06
3.59638e-06
-4.50812e-06
2.79057e-06
-1.17564e-06
-2.74056e-06
1.12439e-06
-1.59542e-06
9.23602e-07
-1.14933e-06
6.97839e-07
-8.53752e-07
5.26534e-07
-6.40569e-07
3.98164e-07
-4.83065e-07
3.0138e-07
-3.65202e-07
2.28066e-07
-2.76316e-07
1.72382e-07
-2.08975e-07
1.30039e-07
-1.57831e-07
9.78388e-08
-1.1895e-07
7.33704e-08
-8.93967e-08
5.48033e-08
-6.69525e-08
4.07412e-08
-4.99334e-08
3.01169e-08
-3.70546e-08
2.21132e-08
-2.73338e-08
1.61048e-08
-2.00191e-08
1.16139e-08
-1.45352e-08
8.2766e-09
-1.04361e-08
5.84182e-09
-7.27119e-09
4.60432e-09
-2.04941e-09
-4.46251e-09
1.56607e-09
-2.42351e-09
1.12168e-09
-1.55062e-09
6.99082e-10
-9.79509e-10
4.17369e-10
-6.00026e-10
2.40754e-10
-3.55807e-10
1.34564e-10
-2.04455e-10
7.30202e-11
-1.14049e-10
3.8435e-11
-6.18086e-11
1.94601e-11
-3.246e-11
9.19436e-12
-1.64582e-11
3.03758e-12
-7.11822e-12
-1.03539e-13
-1.74107e-12
-3.58338e-13
-8.30909e-14
-1.97774e-14
-5.61788e-15
)
;

boundaryField
{
    F1_1
    {
        type            calculated;
        value           nonuniform List<scalar> 
80
(
-6.1497e-06
2.70364e-06
-9.91586e-06
9.0185e-06
-6.87525e-06
7.85675e-06
-4.4798e-06
5.43504e-06
-3.41417e-06
1.37598e-06
3.21726e-06
-1.42648e-06
1.9183e-06
-1.14991e-06
1.38627e-06
-8.6708e-07
1.03044e-06
-6.53877e-07
7.73382e-07
-4.94351e-07
5.83339e-07
-3.74163e-07
4.41066e-07
-2.83156e-07
3.33741e-07
-2.14047e-07
2.52414e-07
-1.61498e-07
1.90641e-07
-1.21536e-07
1.43676e-07
-9.11666e-08
1.07975e-07
-6.81182e-08
8.08616e-08
-5.0659e-08
6.03017e-08
-3.7465e-08
4.47435e-08
-2.75229e-08
3.30005e-08
-2.00572e-08
2.41645e-08
-1.44748e-08
1.75406e-08
-1.03244e-08
1.25911e-08
-7.28873e-09
8.79074e-09
-5.64264e-09
2.40669e-09
5.23972e-09
-2.01114e-09
2.90885e-09
-1.41426e-09
1.86449e-09
-8.8262e-10
1.17709e-09
-5.28681e-10
7.20504e-10
-3.06096e-10
4.26937e-10
-1.71746e-10
2.45163e-10
-9.35622e-11
1.36669e-10
-4.94536e-11
7.40153e-11
-2.5168e-11
3.88313e-11
-1.19969e-11
1.96328e-11
-4.14227e-12
8.43212e-12
-9.22592e-14
2.03111e-12
3.77038e-13
8.6518e-14
2.05736e-14
5.83421e-15
)
;
    }
    F1_2
    {
        type            calculated;
        value           nonuniform List<scalar> 
80
(
0.00258161
-0.00209843
-0.000305811
-0.000137664
-2.0917e-05
-1.42929e-05
1.66128e-06
-4.43607e-06
3.65504e-06
-5.51125e-07
-3.73056e-06
2.3771e-06
-2.77672e-06
2.10538e-06
-2.3406e-06
1.75207e-06
-1.95699e-06
1.43735e-06
-1.61553e-06
1.16925e-06
-1.32056e-06
9.45453e-07
-1.07164e-06
7.61158e-07
-8.65023e-07
6.10831e-07
-6.95533e-07
4.89037e-07
-5.57654e-07
3.90831e-07
-4.46154e-07
3.11914e-07
-3.56368e-07
2.48654e-07
-2.84285e-07
1.98036e-07
-2.26543e-07
1.57592e-07
-1.80367e-07
1.25316e-07
-1.43489e-07
9.95918e-08
-1.14073e-07
7.9118e-08
-9.06372e-08
6.28648e-08
-7.19325e-08
5.0246e-08
-5.59411e-08
4.53609e-08
-1.16002e-08
-4.3458e-08
2.37451e-08
-2.932e-08
2.03378e-08
-2.32365e-08
1.65711e-08
-1.87473e-08
1.3593e-08
-1.52734e-08
1.13006e-08
-1.25927e-08
9.55031e-09
-1.05417e-08
8.2045e-09
-9.00861e-09
6.97679e-09
-7.7488e-09
5.55415e-09
-6.37135e-09
4.05078e-09
-4.82774e-09
2.85297e-09
-3.73769e-09
7.83548e-10
-1.65933e-09
-3.00024e-10
-6.87128e-11
-1.6502e-11
-4.82929e-12
)
;
    }
    F1_3
    {
        type            calculated;
        value           nonuniform List<scalar> 
80
(
-0.00258256
0.00209921
0.000305938
0.000137715
2.09798e-05
1.42551e-05
-1.61163e-06
4.38975e-06
-3.60353e-06
5.45699e-07
3.67995e-06
-2.34366e-06
2.73804e-06
-2.07533e-06
2.30735e-06
-1.72661e-06
1.92869e-06
-1.4161e-06
1.59176e-06
-1.15169e-06
1.30081e-06
-9.31039e-07
1.05536e-06
-7.49394e-07
8.51697e-07
-6.01274e-07
6.84679e-07
-4.81301e-07
5.4885e-07
-3.84588e-07
4.39037e-07
-3.06891e-07
3.50632e-07
-2.44621e-07
2.79674e-07
-1.94806e-07
2.22846e-07
-1.5501e-07
1.77408e-07
-1.23257e-07
1.41126e-07
-9.7952e-08
1.1219e-07
-7.7814e-08
8.91384e-08
-6.18288e-08
7.07424e-08
-4.94186e-08
5.50159e-08
-4.4615e-08
1.14064e-08
4.27417e-08
-2.33571e-08
2.8838e-08
-2.00068e-08
2.28559e-08
-1.63029e-08
1.84417e-08
-1.33747e-08
1.50261e-08
-1.11213e-08
1.23908e-08
-9.40159e-09
1.03752e-08
-8.08053e-09
8.86955e-09
-6.87677e-09
7.63453e-09
-5.47895e-09
6.28259e-09
-3.99799e-09
4.76292e-09
-2.81902e-09
3.69166e-09
-7.74223e-10
1.63926e-09
2.96401e-10
6.78862e-11
1.63035e-11
4.77497e-12
)
;
    }
    F1_4
    {
        type            calculated;
        value           nonuniform List<scalar> 
80
(
6.09715e-06
-2.68403e-06
9.8208e-06
-8.93423e-06
6.80712e-06
-7.78054e-06
4.43376e-06
-5.38053e-06
3.37803e-06
-1.36252e-06
-3.18322e-06
1.41072e-06
-1.89753e-06
1.1371e-06
-1.37102e-06
8.57312e-07
-1.01896e-06
6.46443e-07
-7.64677e-07
4.88685e-07
-5.76714e-07
3.69843e-07
-4.36017e-07
2.79865e-07
-3.29893e-07
2.11543e-07
-2.49485e-07
1.59598e-07
-1.88414e-07
1.20097e-07
-1.41987e-07
9.00808e-08
-1.06698e-07
6.73021e-08
-7.98993e-08
5.00485e-08
-5.95797e-08
3.70108e-08
-4.42045e-08
2.71873e-08
-3.26005e-08
1.98112e-08
-2.38699e-08
1.42964e-08
-1.73255e-08
1.01965e-08
-1.24358e-08
7.19799e-09
-8.68178e-09
5.57207e-09
-2.37697e-09
-5.17416e-09
1.98572e-09
-2.87226e-09
1.39628e-09
-1.8409e-09
8.71305e-10
-1.16208e-09
5.21827e-10
-7.11226e-10
3.02076e-10
-4.21374e-10
1.6946e-10
-2.41928e-10
9.23028e-11
-1.34844e-10
4.87811e-11
-7.30156e-11
2.48237e-11
-3.8302e-11
1.18341e-11
-1.93654e-11
4.08653e-12
-8.31781e-12
9.04695e-14
-2.0029e-12
-3.71785e-13
-8.53018e-14
-2.02764e-14
-5.75961e-15
)
;
    }
    F2_1
    {
        type            calculated;
        value           nonuniform List<scalar> 
80
(
6.14844e-06
-2.70398e-06
9.91556e-06
-9.01869e-06
6.87511e-06
-7.85686e-06
4.47972e-06
-5.4351e-06
3.41412e-06
-1.37601e-06
-3.21729e-06
1.42645e-06
-1.91833e-06
1.14989e-06
-1.3863e-06
8.67058e-07
-1.03046e-06
6.5386e-07
-7.73397e-07
4.94338e-07
-5.8335e-07
3.74153e-07
-4.41074e-07
2.83149e-07
-3.33747e-07
2.14042e-07
-2.52419e-07
1.61495e-07
-1.90644e-07
1.21533e-07
-1.43678e-07
9.11646e-08
-1.07977e-07
6.81168e-08
-8.08628e-08
5.0658e-08
-6.03025e-08
3.74643e-08
-4.47441e-08
2.75224e-08
-3.30009e-08
2.00569e-08
-2.41648e-08
1.44746e-08
-1.75407e-08
1.03243e-08
-1.25911e-08
7.28867e-09
-8.79077e-09
5.64263e-09
-2.40668e-09
-5.23971e-09
2.01115e-09
-2.90885e-09
1.41426e-09
-1.86449e-09
8.82623e-10
-1.17708e-09
5.28683e-10
-7.20502e-10
3.06098e-10
-4.26935e-10
1.71747e-10
-2.45162e-10
9.35633e-11
-1.36668e-10
4.94544e-11
-7.40147e-11
2.51685e-11
-3.88309e-11
1.19972e-11
-1.96326e-11
4.14246e-12
-8.43198e-12
9.23494e-14
-2.03106e-12
-3.77006e-13
-8.64997e-14
-2.05617e-14
-5.84106e-15
)
;
    }
    F2_2
    {
        type            calculated;
        value           nonuniform List<scalar> 
80
(
-0.00258162
0.00209844
0.000305814
0.000137666
2.09182e-05
1.42933e-05
-1.6612e-06
4.43599e-06
-3.65517e-06
5.50994e-07
3.73043e-06
-2.37721e-06
2.77662e-06
-2.10548e-06
2.34051e-06
-1.75215e-06
1.95692e-06
-1.43741e-06
1.61547e-06
-1.1693e-06
1.32052e-06
-9.45492e-07
1.0716e-06
-7.61189e-07
8.64995e-07
-6.10856e-07
6.95511e-07
-4.89057e-07
5.57636e-07
-3.90847e-07
4.4614e-07
-3.11927e-07
3.56356e-07
-2.48664e-07
2.84276e-07
-1.98044e-07
2.26536e-07
-1.57598e-07
1.80361e-07
-1.25321e-07
1.43484e-07
-9.95958e-08
1.14069e-07
-7.91211e-08
9.06343e-08
-6.28674e-08
7.19303e-08
-5.0248e-08
5.59394e-08
-4.53623e-08
1.1599e-08
4.3457e-08
-2.3746e-08
2.93191e-08
-2.03386e-08
2.32358e-08
-1.65717e-08
1.87467e-08
-1.35935e-08
1.5273e-08
-1.13009e-08
1.25924e-08
-9.55056e-09
1.05415e-08
-8.20466e-09
9.00849e-09
-6.97687e-09
7.74876e-09
-5.55417e-09
6.37136e-09
-4.05076e-09
4.82777e-09
-2.85294e-09
3.73773e-09
-7.83517e-10
1.65935e-09
3.00036e-10
6.87188e-11
1.65034e-11
4.8335e-12
)
;
    }
    F2_3
    {
        type            calculated;
        value           nonuniform List<scalar> 
80
(
0.00258255
-0.0020992
-0.000305936
-0.000137713
-2.09786e-05
-1.42546e-05
1.61171e-06
-4.38984e-06
3.6034e-06
-5.45828e-07
-3.68007e-06
2.34355e-06
-2.73814e-06
2.07523e-06
-2.30743e-06
1.72654e-06
-1.92876e-06
1.41604e-06
-1.59181e-06
1.15164e-06
-1.30085e-06
9.31e-07
-1.0554e-06
7.49363e-07
-8.51725e-07
6.01249e-07
-6.84701e-07
4.81281e-07
-5.48867e-07
3.84573e-07
-4.39051e-07
3.06878e-07
-3.50643e-07
2.44611e-07
-2.79683e-07
1.94798e-07
-2.22853e-07
1.55004e-07
-1.77413e-07
1.23252e-07
-1.4113e-07
9.79481e-08
-1.12193e-07
7.78109e-08
-8.91411e-08
6.18263e-08
-7.07446e-08
4.94167e-08
-5.50175e-08
4.46137e-08
-1.14075e-08
-4.27427e-08
2.33562e-08
-2.88388e-08
2.0006e-08
-2.28566e-08
1.63023e-08
-1.84423e-08
1.33742e-08
-1.50266e-08
1.11209e-08
-1.23911e-08
9.40134e-09
-1.03754e-08
8.08037e-09
-8.86967e-09
6.87669e-09
-7.63458e-09
5.47893e-09
-6.28259e-09
3.99801e-09
-4.76289e-09
2.81906e-09
-3.69162e-09
7.74253e-10
-1.63924e-09
-2.96389e-10
-6.78803e-11
-1.63021e-11
-4.77081e-12
)
;
    }
    F2_4
    {
        type            calculated;
        value           nonuniform List<scalar> 
80
(
-6.0984e-06
2.6837e-06
-9.82109e-06
8.93404e-06
-6.80726e-06
7.78044e-06
-4.43384e-06
5.38047e-06
-3.37807e-06
1.36249e-06
3.18319e-06
-1.41075e-06
1.8975e-06
-1.13712e-06
1.371e-06
-8.57334e-07
1.01894e-06
-6.4646e-07
7.64662e-07
-4.88698e-07
5.76703e-07
-3.69853e-07
4.36009e-07
-2.79872e-07
3.29887e-07
-2.11548e-07
2.4948e-07
-1.59602e-07
1.8841e-07
-1.201e-07
1.41985e-07
-9.00828e-08
1.06696e-07
-6.73035e-08
7.98981e-08
-5.00495e-08
5.95788e-08
-3.70115e-08
4.4204e-08
-2.71878e-08
3.26002e-08
-1.98115e-08
2.38697e-08
-1.42965e-08
1.73253e-08
-1.01966e-08
1.24357e-08
-7.19804e-09
8.68175e-09
-5.57208e-09
2.37698e-09
5.17417e-09
-1.98571e-09
2.87226e-09
-1.39628e-09
1.8409e-09
-8.71302e-10
1.16208e-09
-5.21824e-10
7.11229e-10
-3.02074e-10
4.21376e-10
-1.69459e-10
2.4193e-10
-9.23016e-11
1.34845e-10
-4.87803e-11
7.30163e-11
-2.48232e-11
3.83025e-11
-1.18337e-11
1.93656e-11
-4.08634e-12
8.31795e-12
-9.03804e-14
2.00295e-12
3.71818e-13
8.53199e-14
2.02882e-14
5.75282e-15
)
;
    }
    defaultFaces
    {
        type            empty;
    }
}


// ************************************************************************* //
