/*--------------------------------*- C++ -*----------------------------------*\
| =========                 |                                                 |
| \\      /  F ield         | OpenFOAM: The Open Source CFD Toolbox           |
|  \\    /   O peration     | Version:  5.x                                   |
|   \\  /    A nd           | Web:      www.OpenFOAM.org                      |
|    \\/     M anipulation  |                                                 |
\*---------------------------------------------------------------------------*/
FoamFile
{
    version     2.0;
    format      ascii;
    class       volScalarField;
    location    "14.8";
    object      gradTy;
}
// * * * * * * * * * * * * * * * * * * * * * * * * * * * * * * * * * * * * * //

dimensions      [0 -1 0 1 0 0 0];

internalField   nonuniform List<scalar> 
6300
(
1001.07
1003.34
1006.04
1009.42
1013.74
1019.26
1026.19
1034.74
1045.04
1057.22
1071.31
1087.31
1105.13
1124.6
1145.5
-0.20868
-0.623234
-1.02909
-1.41952
-1.78646
-2.12013
-2.40898
-2.63978
-2.79838
-2.87087
-2.8455
-2.71487
-2.47838
-2.14391
-1.72834
-0.350927
-1.04842
-1.73235
-2.39203
-3.01442
-3.5834
-4.07946
-4.47983
-4.75953
-4.89336
-4.85918
-4.64212
-4.23919
-3.66309
-2.94347
-0.497519
-1.48716
-2.45984
-3.40183
-4.29578
-5.1196
-5.84562
-6.44056
-6.86655
-7.08387
-7.05576
-6.75524
-6.1732
-5.32579
-4.25792
-0.649512
-1.94283
-3.21801
-4.45962
-5.64723
-6.75353
-7.74282
-8.57018
-9.18216
-9.51975
-9.5247
-9.1498
-8.37249
-7.20886
-5.72239
-0.80722
-2.41664
-4.00975
-5.5714
-7.07996
-8.50446
-9.80192
-10.9152
-11.7721
-12.2882
-12.3735
-11.9468
-10.9581
-9.41478
-7.40237
-0.969936
-2.90674
-4.83289
-6.73624
-8.5967
-10.3824
-12.0452
-13.5163
-14.7029
-15.4875
-15.734
-15.3056
-14.0982
-12.0897
-9.38799
-1.13571
-3.40749
-5.6788
-7.94391
-10.1882
-12.3831
-14.4799
-16.4019
-18.0357
-19.2248
-19.7694
-19.4431
-18.0394
-15.4576
-11.8143
-1.3011
-3.90867
-6.53089
-9.17237
-11.8289
-14.4819
-17.0895
-19.5755
-21.813
-23.6064
-24.6755
-24.658
-23.1585
-19.8871
-14.9027
-1.46112
-4.39519
-7.36368
-10.3857
-13.4733
-16.6259
-19.8206
-22.9974
-26.0343
-28.7121
-30.6682
-31.3546
-30.0494
-26.0292
-19.0594
-1.60931
-4.84727
-8.14289
-11.5333
-15.0526
-18.7275
-22.5696
-26.559
-30.6145
-34.5393
-37.9301
-40.0427
-39.655
-35.1209
-25.1466
-1.73817
-5.24164
-8.82725
-12.5521
-16.4761
-20.6619
-25.1711
-30.0543
-35.325
-40.9003
-46.4701
-51.2308
-53.407
-49.6528
-35.3687
-1.83988
-5.55384
-9.37233
-13.3715
-17.6377
-22.2727
-27.3985
-33.1618
-39.7308
-47.2665
-55.8188
-65.0031
-73.0889
-74.7147
-56.682
-1.90737
-5.76149
-9.73667
-13.9238
-18.4305
-23.3924
-28.988
-35.4635
-43.1695
-52.6156
-64.5352
-79.8733
-99.2306
-119.435
-115.869
-1.93545
-5.84802
-9.88903
-14.1562
-18.7681
-23.8781
-29.6975
-36.5345
-44.8677
-55.491
-69.8325
-90.7239
-124.525
-187.923
-333.557
1165.71
1184.68
1204.05
1223.63
1243.22
1262.65
1281.76
1300.39
1318.42
1335.76
1352.3
1367.97
1382.73
1396.52
1409.31
1421.08
1431.8
1441.46
1450.05
1457.58
1464.04
1469.43
1473.77
1477.06
1479.31
1480.54
1480.76
1479.98
1478.22
1475.5
1471.83
1467.24
1461.73
1455.33
1448.05
1439.91
1430.91
1421.09
1410.45
1399.02
1386.8
1373.81
1360.07
1345.6
1330.41
1314.53
1297.96
1280.73
1262.85
1244.33
1225.19
1205.45
1185.1
1164.18
1142.68
1120.62
1098.02
1074.9
1051.26
1027.14
1002.54
977.502
952.035
926.164
899.916
873.313
846.383
819.154
791.658
763.931
736.013
707.949
679.79
651.592
623.418
595.335
567.412
539.723
512.344
485.348
458.812
432.806
407.399
382.655
358.63
335.376
312.933
291.334
270.599
250.738
-1.29545
-0.880855
-0.462045
-0.054465
0.329144
0.679481
0.990861
1.26092
1.49002
1.68051
1.83595
1.96055
2.05858
2.13408
2.19066
2.23138
2.2588
2.275
2.28168
2.28022
2.27178
2.25736
2.23782
2.21394
2.18643
2.15593
2.12308
2.08847
2.05266
2.01618
1.97951
1.94306
1.9071
1.87181
1.8372
1.80314
1.76939
1.7356
1.70144
1.66662
1.63098
1.59451
1.55744
1.52014
1.48315
1.44704
1.41237
1.37952
1.34869
1.31977
1.29237
1.26581
1.23925
1.21176
1.18248
1.15068
1.11592
1.07805
1.03717
0.993647
0.947893
0.900285
0.850989
0.79984
0.746253
0.689211
0.627316
0.558911
0.482257
0.395745
0.298106
0.188587
0.0670808
-0.0658256
-0.208871
-0.36021
-0.517543
-0.678273
-0.839643
-0.998853
-1.15312
-1.29969
-1.43583
-1.55881
-1.66592
-1.75452
-1.82221
-1.86704
-1.88776
-1.884
-2.19282
-1.47494
-0.752292
-0.0526608
0.601541
1.19454
1.71731
2.16688
2.54502
2.8568
3.10922
3.31006
3.46699
3.58708
3.67646
3.74025
3.78261
3.80689
3.81579
3.81149
3.79584
3.77042
3.73662
3.69569
3.64877
3.59696
3.54126
3.48267
3.42214
3.36058
3.29883
3.2376
3.17742
3.11858
3.06111
3.00475
2.94901
2.89324
2.83677
2.779
2.71957
2.65847
2.59606
2.53307
2.47049
2.40945
2.35101
2.296
2.24478
2.19722
2.15259
2.10967
2.06688
2.02247
1.97479
1.92252
1.86484
1.80151
1.73286
1.65964
1.5828
1.5032
1.42131
1.337
1.24931
1.15647
1.05595
0.944708
0.819512
0.677347
0.515808
0.333448
0.13
-0.0935197
-0.334873
-0.590769
-0.857137
-1.12942
-1.40284
-1.67264
-1.93415
-2.18279
-2.41406
-2.62338
-2.8061
-2.95759
-3.0735
-3.15021
-3.18529
-3.17798
-3.14139
-2.07603
-1.00957
0.0143694
0.961875
1.81049
2.54895
3.17547
3.69533
4.11831
4.45651
4.72249
4.92816
5.084
5.1988
5.27966
5.33214
5.36063
5.36858
5.3588
5.33366
5.29523
5.24535
5.18571
5.11786
5.04324
4.96328
4.87933
4.79277
4.70493
4.61708
4.53032
4.44548
4.36306
4.28309
4.20513
4.12834
4.05159
3.97365
3.89344
3.81027
3.72401
3.63523
3.5451
3.45531
3.36781
3.28446
3.20671
3.13533
3.07015
3.01008
2.9531
2.89659
2.83763
2.77347
2.70191
2.62165
2.53241
2.4349
2.33063
2.22147
2.10918
1.99492
1.87881
1.75959
1.6346
1.49985
1.35042
1.18104
0.986687
0.763344
0.508529
0.221689
-0.0956623
-0.440051
-0.806363
-1.18832
-1.57901
-1.97135
-2.35846
-2.73376
-3.09099
-3.42396
-3.72629
-3.99128
-4.21191
-4.38128
-4.49335
-4.5439
-4.53141
-4.16226
-2.67851
-1.20543
0.191692
1.46485
2.58531
3.54203
4.33791
4.98537
5.50218
5.90801
6.22202
6.46133
6.64028
6.7703
6.86017
6.91649
6.94421
6.94717
6.9285
6.8909
6.83681
6.76844
6.68786
6.59696
6.49754
6.39132
6.28006
6.16554
6.04961
5.93406
5.82055
5.71038
5.60433
5.50247
5.40413
5.30793
5.21196
5.11411
5.01245
4.9057
4.7935
4.67662
4.55692
4.43714
4.32049
4.21011
4.10855
4.01721
3.93603
3.86337
3.79612
3.73008
3.66054
3.58305
3.49408
3.39163
3.27543
3.14692
3.00889
2.86486
2.71821
2.57142
2.42528
2.27839
2.12696
1.96505
1.78507
1.57869
1.33794
1.05636
0.729889
0.357472
-0.05872
-0.513512
-0.999285
-1.50679
-2.02608
-2.54727
-3.06114
-3.55929
-4.03402
-4.47785
-4.88288
-5.24024
-5.53995
-5.77148
-5.92499
-5.99321
-5.97315
-5.27736
-3.26565
-1.29189
0.547559
2.18774
3.596
4.76682
5.71418
6.46367
7.04595
7.49184
7.82923
8.08151
8.26709
8.39969
8.48911
8.54212
8.56354
8.55701
8.52556
8.47202
8.39906
8.30926
8.20499
8.08847
7.96174
7.82678
7.68562
7.54051
7.39386
7.24825
7.10612
6.96952
6.83971
6.71693
6.6002
6.48734
6.3752
6.26019
6.13897
6.00914
5.8699
5.72224
5.56902
5.41463
5.26428
5.12324
4.99583
4.8846
4.78978
4.70903
4.63757
4.56876
4.49506
4.40929
4.30583
4.18156
4.03632
3.87279
3.69596
3.51214
3.32758
3.14713
2.97298
2.80383
2.63455
2.45641
2.25786
2.02594
1.74813
1.41415
1.01752
0.556411
0.033927
-0.542241
-1.16079
-1.80819
-2.47029
-3.13363
-3.78634
-4.41844
-5.02145
-5.58751
-6.108
-6.57211
-6.9661
-7.27391
-7.47935
-7.56953
-7.5386
-6.50732
-3.79795
-1.18473
1.19059
3.24489
4.94892
6.3138
7.37578
8.18319
8.78659
9.23238
9.55948
9.79822
9.97068
10.0918
10.171
10.2138
10.2237
10.2033
10.155
10.0817
9.98616
9.87147
9.74036
9.59529
9.43841
9.27176
9.09751
8.91829
8.73725
8.55804
8.38437
8.21949
8.0656
7.92332
7.79134
7.66633
7.54319
7.41585
7.27848
7.12678
6.95901
6.77646
6.58344
6.38688
6.19527
6.01734
5.86039
5.72895
5.62386
5.54187
5.47574
5.41501
5.34751
5.26153
5.14805
5.00221
4.82404
4.61829
4.3936
4.16094
3.9315
3.71423
3.51393
3.32989
3.15533
2.97756
2.77908
2.53968
2.23956
1.86254
1.39837
0.844075
0.20422
-0.509611
-1.28042
-2.08812
-2.91242
-3.73499
-4.54097
-5.3192
-6.06182
-6.76255
-7.41409
-8.00474
-8.51614
-8.92359
-9.19949
-9.32012
-9.27373
-7.86759
-4.19162
-0.734853
2.29605
4.80656
6.79041
8.29723
9.40434
10.1969
10.7546
11.1443
11.4175
11.6109
11.7487
11.8448
11.9057
11.9334
11.928
11.8901
11.8212
11.7238
11.6015
11.4579
11.2965
11.1197
10.9298
10.7283
10.5172
10.2993
10.0787
9.86052
9.65062
9.45431
9.27546
9.11555
8.97313
8.8433
8.71793
8.58666
8.43928
8.26823
8.0701
7.84643
7.60365
7.35266
7.10723
6.8819
6.68887
6.536
6.42531
6.3525
6.30675
6.27164
6.22718
6.15397
6.03744
5.87
5.65206
5.39161
5.10325
4.80567
4.51842
4.25741
4.03199
3.84279
3.6812
3.52901
3.3597
3.1413
2.84215
2.43683
1.90942
1.25535
0.481434
-0.394549
-1.34653
-2.34379
-3.35666
-4.35991
-5.33518
-6.27093
-7.16221
-8.00813
-8.80755
-9.55124
-10.2156
-10.7624
-11.143
-11.311
-11.2424
-9.35455
-4.26963
0.328267
4.15076
7.12638
9.31855
10.856
11.8857
12.5487
12.9646
13.2239
13.3902
13.5036
13.5868
13.6485
13.6883
13.7004
13.6793
13.6217
13.5282
13.4018
13.2475
13.0702
12.8745
12.6633
12.4379
12.1987
11.9468
11.6844
11.4166
11.1511
10.8974
10.6641
10.4581
10.2827
10.1369
10.0139
9.90123
9.78076
9.63425
9.44879
9.21806
8.944
8.63576
8.31052
7.99036
7.70005
7.45962
7.28245
7.17232
7.12427
7.12256
7.14184
7.14834
7.1089
7.00025
6.81058
6.54141
6.20522
5.82629
5.43563
5.06767
4.74947
4.49799
4.31605
4.19365
4.1052
4.0111
3.8593
3.59773
3.18703
2.60293
1.83928
0.905726
-0.169952
-1.34731
-2.57686
-3.81459
-5.02499
-6.18616
-7.28652
-8.32774
-9.32052
-10.2811
-11.2118
-12.0842
-12.8405
-13.3925
-13.6423
-13.5397
-10.9008
-3.64653
2.50769
7.2246
10.5737
12.7885
14.1449
14.8939
15.255
15.3989
15.4365
15.4381
15.4387
15.4548
15.4825
15.5097
15.5142
15.4819
15.4039
15.2813
15.1189
14.9252
14.7079
14.4736
14.226
13.9644
13.6864
13.3901
13.0759
12.7502
12.4236
12.1134
11.8332
11.5956
11.406
11.2665
11.1686
11.0945
11.0112
10.8842
10.6934
10.4273
10.0897
9.69126
9.25996
8.82944
8.44531
8.13825
7.93133
7.82894
7.82832
7.90717
8.02949
8.13469
8.16255
8.07882
7.86473
7.52634
7.07951
6.56534
6.03205
5.54444
5.14465
4.86308
4.70283
4.6565
4.68884
4.74491
4.73471
4.5674
4.18631
3.55439
2.6673
1.53411
0.200545
-1.27343
-2.79859
-4.31227
-5.76132
-7.12498
-8.38751
-9.56322
-10.6795
-11.7977
-12.9563
-14.1199
-15.213
-16.077
-16.481
-16.3179
-12.2131
-1.43994
6.75627
12.2678
15.6538
17.4936
18.3074
18.4593
18.2727
17.9849
17.6993
17.4859
17.3498
17.3045
17.3158
17.3621
17.3795
17.3486
17.2485
17.0901
16.8796
16.6351
16.3681
16.0904
15.807
15.513
15.1986
14.8575
14.4822
14.0831
13.6709
13.2846
12.9393
12.6623
12.4552
12.3347
12.2872
12.2996
12.3028
12.2243
12.0448
11.7377
11.3214
10.7925
10.2067
9.60016
9.07803
8.67114
8.4282
8.33752
8.41647
8.62773
8.94039
9.23101
9.37551
9.34372
9.09655
8.6661
8.04949
7.33063
6.56148
5.89351
5.36842
5.05232
4.92442
5.005
5.23723
5.5731
5.83535
5.84395
5.54583
4.87238
3.8488
2.45023
0.772425
-1.12656
-3.03754
-4.90364
-6.6212
-8.20993
-9.61398
-10.8847
-12.0359
-13.2564
-14.6941
-16.2571
-17.9153
-19.424
-20.1364
-19.8374
-12.108
4.47689
14.87
20.3714
22.961
23.6769
23.4241
22.5132
21.437
20.5689
19.8589
19.4236
19.1313
19.0736
19.0997
19.2575
19.3155
19.3159
19.1786
18.9751
18.6905
18.3787
18.0451
17.7166
17.4045
17.0926
16.7504
16.3758
15.9242
15.4365
14.8822
14.3981
13.9487
13.6297
13.3813
13.2992
13.3209
13.5195
13.7133
13.7115
13.5812
13.2071
12.7165
11.9772
11.1848
10.2508
9.54627
8.96939
8.70722
8.60324
8.81545
9.20364
9.88434
10.5391
10.8436
10.92
10.5936
10.0752
9.16796
8.16958
6.94644
6.03805
5.29244
4.97166
4.84691
5.13616
5.63742
6.50827
7.30218
7.56311
7.44675
6.69547
5.57122
3.76936
1.66371
-0.961553
-3.34023
-5.70807
-7.6658
-9.56006
-11.0317
-12.3778
-13.2918
-14.4018
-16.2508
-18.2566
-20.8325
-23.9171
-25.2475
-24.5693
-5.43469
19.3101
30.0275
32.6668
32.9657
31.2543
29.4877
26.8048
24.3012
22.9247
21.6229
21.1549
20.5747
20.7216
20.6937
21.2961
21.3341
21.4813
21.2037
20.9764
20.5402
20.1535
19.7145
19.3191
19.0012
18.7157
18.3486
18.0048
17.4179
16.8854
15.9922
15.4615
14.7699
14.4953
14.0679
14.114
14.0997
14.746
15.4056
15.3833
15.4687
14.8441
14.4696
13.238
12.3667
10.5709
9.83054
8.81436
8.75837
8.41355
8.96094
9.35821
10.8656
12.3512
12.6401
13.0764
12.3668
12.0442
10.4176
9.33208
6.87811
5.94812
4.60464
4.60869
4.17319
4.96199
5.50532
7.5542
9.53645
9.82548
10.2619
9.05554
8.26936
5.5259
3.30325
-1.15161
-3.65846
-7.10298
-8.80169
-11.5187
-12.6298
-14.493
-14.2651
-14.4829
-17.5815
-19.4349
-23.0169
-30.936
-33.2508
-31.3901
32.6936
54.343
56.8177
48.3322
45.8646
38.9101
36.8701
30.8372
25.5414
25.1723
22.185
23.0469
20.9704
22.6202
21.3791
24.1466
23.1946
24.2572
23.1554
23.2773
22.3177
22.0026
21.3201
20.8089
20.5504
20.4553
19.912
19.9831
18.8321
18.8525
16.5793
16.7556
14.9896
15.58
14.0714
15.0151
13.9261
15.9524
18.0789
16.899
18.3777
16.1198
17.4562
13.979
14.8791
9.37041
10.5111
7.27576
9.22458
6.93826
9.32177
7.91336
11.8775
15.886
14.2232
16.8823
13.5819
15.8902
10.8871
12.4645
4.61449
6.45293
1.97571
4.87804
1.73583
5.1407
3.20462
8.69547
14.2083
11.875
15.4421
10.8099
13.7854
6.53195
8.15669
-4.14725
-2.62681
-11.0122
-8.47158
-15.7898
-13.1454
-19.6195
-14.5965
-10.4159
-20.705
-18.1242
-18.9558
-46.025
-47.2666
-41.9237
234.127
116.986
99.3897
55.3314
65.2242
39.4889
50.0022
33.8081
19.6875
31.1902
17.2043
29.1706
16.0004
28.6819
16.2925
32.3534
22.1543
30.15
23.3451
27.136
23.1676
24.3809
22.6796
21.9351
21.8646
22.8406
20.5914
23.7214
18.56
24.123
13.6397
20.8471
11.8167
19.6877
10.5441
18.8436
9.26702
17.0151
25.5136
14.5871
26.6679
12.2204
27.3748
8.41708
26.6207
-1.40456
17.4935
-1.72733
15.79
-1.261
15.1435
-1.26735
12.8258
27.5879
9.5834
29.2702
6.72075
30.2653
1.88106
29.1729
-11.5999
16.0528
-11.2792
13.852
-10.1288
13.0108
-9.79039
9.80536
30.1791
5.42813
32.4296
1.60958
34.0316
-5.24631
33.0677
-27.0495
12.6696
-30.6543
6.05565
-34.4067
-0.529572
-41.3016
-13.7145
14.4877
-42.3608
-11.899
22.8876
-98.3047
-70.7634
-59.5387
229.851
208.302
187.945
168.72
150.549
133.348
117.021
101.472
86.603
72.3165
58.5168
45.1107
32.0077
19.1193
6.35893
-1.85365
-1.78883
-1.69683
-1.58319
-1.45375
-1.31404
-1.16879
-1.02176
-0.875645
-0.732161
-0.592178
-0.455883
-0.322941
-0.192642
-0.064022
-3.12455
-3.01153
-2.85206
-2.65618
-2.43434
-2.19621
-1.94998
-1.70193
-1.4565
-1.21639
-0.982872
-0.756085
-0.535304
-0.319206
-0.106065
-4.45015
-4.28067
-4.04367
-3.75511
-3.43119
-3.08649
-2.73296
-2.37947
-2.03202
-1.69401
-1.36683
-1.05027
-0.742979
-0.442808
-0.147097
-5.85653
-5.61729
-5.2868
-4.88936
-4.44876
-3.98557
-3.51585
-3.05096
-2.59806
-2.16079
-1.74015
-1.33518
-0.943525
-0.561944
-0.18661
-7.37484
-7.04507
-6.59681
-6.06671
-5.48888
-4.89113
-4.29386
-3.71044
-3.14842
-2.61091
-2.09779
-1.60674
-1.13399
-0.674826
-0.224005
-9.04415
-8.59125
-7.98856
-7.29172
-6.54884
-5.79617
-5.05798
-4.34847
-3.67425
-3.03661
-2.43333
-1.86
-1.31085
-0.779356
-0.258587
-10.9157
-10.287
-9.47433
-8.56265
-7.61848
-6.68665
-5.79336
-4.95117
-4.16345
-3.4279
-2.73891
-2.08905
-1.47003
-0.873153
-0.289573
-13.0595
-12.1667
-11.0589
-9.86594
-8.67569
-7.53848
-6.47758
-5.49933
-4.60043
-3.7726
-3.0053
-2.28725
-1.60707
-0.953638
-0.31612
-15.5721
-14.2612
-12.7286
-11.1663
-9.67975
-8.31389
-7.07906
-5.96807
-4.96628
-4.05671
-3.22243
-2.44753
-1.71733
-1.0182
-0.337385
-18.5821
-16.5771
-14.4279
-12.391
-10.563
-8.95818
-7.5566
-6.32755
-5.23986
-4.26547
-3.38013
-2.56311
-1.79648
-1.06444
-0.3526
-22.2272
-19.0372
-16.0146
-13.4066
-11.2228
-9.39915
-7.86151
-6.54557
-5.40009
-4.38513
-3.46948
-2.62825
-1.84103
-1.09047
-0.361168
-26.5069
-21.3298
-17.1864
-13.9977
-11.5225
-9.55399
-7.9446
-6.59307
-5.42972
-4.40542
-3.48435
-2.63935
-1.84891
-1.09523
-0.362763
-30.6366
-22.5882
-17.4034
-13.8752
-11.3152
-9.34964
-7.76975
-6.45231
-5.32023
-4.32244
-3.42312
-2.59584
-1.82002
-1.07875
-0.357413
-30.501
-20.9827
-15.9637
-12.7844
-10.5132
-8.75953
-7.33236
-6.12609
-5.0764
-4.14091
-3.28981
-2.50085
-1.75654
-1.04234
-0.345545
-1.9262
-5.81947
-9.83873
-14.0799
-18.6595
-23.7284
-29.4949
-36.2641
-44.5119
-55.0357
-69.2896
-90.2127
-124.509
-189.577
-336.081
-1.88649
-5.69699
-9.62295
-13.7513
-18.1857
-23.0574
-28.5414
-34.8826
-42.4373
-51.7425
-63.6136
-79.2086
-99.553
-121.566
-114.239
-1.8207
-5.49432
-9.26658
-13.21
-17.4081
-21.961
-26.9926
-32.658
-39.147
-46.6672
-55.3512
-64.9055
-73.4367
-73.9311
-45.9723
-1.73252
-5.22311
-8.79129
-12.4919
-16.384
-20.532
-25.0035
-29.8614
-35.1404
-40.7835
-46.4844
-51.3125
-52.9007
-46.0543
-22.1402
-1.6266
-4.898
-8.22399
-11.6406
-15.1822
-18.8784
-22.7459
-26.7722
-30.8806
-34.8593
-38.2234
-39.9696
-38.222
-30.0295
-12.4513
-1.50802
-4.53495
-7.59372
-10.7024
-13.873
-17.1056
-20.3778
-23.6258
-26.7108
-29.3616
-31.0857
-31.0527
-28.019
-20.5223
-7.84884
-1.38187
-4.14975
-6.92873
-9.72121
-12.5207
-15.3053
-18.0265
-20.5926
-22.8423
-24.5074
-25.1678
-24.2192
-20.9153
-14.6098
-5.34647
-1.25282
-3.75684
-6.25432
-8.73503
-11.1788
-13.5489
-15.7828
-17.779
-19.3797
-20.3508
-20.3671
-19.0211
-15.8959
-10.7512
-3.83688
-1.1249
-3.36844
-5.59151
-7.77448
-9.8879
-11.8869
-13.704
-15.24
-16.3543
-16.8574
-16.5122
-15.0585
-12.2789
-8.12152
-2.85463
-1.00131
-2.99424
-4.95652
-6.86217
-8.67642
-10.3513
-11.8204
-12.9937
-13.7533
-13.9529
-13.4271
-12.0165
-9.61877
-6.26225
-2.17958
-0.884434
-2.64131
-4.36082
-6.01328
-7.56169
-8.95842
-10.142
-11.0346
-11.541
-11.5522
-10.9562
-9.66
-7.62437
-4.90722
-1.69653
-0.775881
-2.31432
-3.81165
-5.23662
-6.55223
-7.71352
-8.66577
-9.34366
-9.67254
-9.57312
-8.97166
-7.8169
-6.10322
-3.8949
-1.34011
-0.676575
-2.01587
-3.3127
-4.53587
-5.6499
-6.61375
-7.37996
-7.89503
-8.10145
-7.9426
-7.37126
-6.36189
-4.92553
-3.12316
-1.07078
-0.586888
-1.74688
-2.8649
-3.91088
-4.85184
-5.65117
-6.26852
-6.66068
-6.78395
-6.5985
-6.07501
-5.20336
-4.00198
-2.52501
-0.863393
-0.506768
-1.50704
-2.4671
-3.35879
-4.15209
-4.81493
-5.31342
-5.61302
-5.6808
-5.4891
-5.02049
-4.27379
-3.2698
-2.05507
-0.701253
-0.435853
-1.29511
-2.11678
-2.87499
-3.54293
-4.09279
-4.4964
-4.7263
-4.75782
-4.57196
-4.15906
-3.52285
-2.68396
-1.6817
-0.57292
-0.37358
-1.10928
-1.8105
-2.45388
-3.01573
-3.47221
-3.79998
-3.97732
-3.98578
-3.81246
-3.45268
-2.91264
-2.21154
-1.38231
-0.470317
-0.319259
-0.947398
-1.54438
-2.08938
-2.56168
-2.94097
-3.20801
-3.34559
-3.33994
-3.18243
-2.87146
-2.41426
-1.82808
-1.14038
-0.387603
-0.272144
-0.807147
-1.31434
-1.77535
-2.17221
-2.48768
-2.70592
-2.8133
-2.79954
-2.65894
-2.39178
-2.00544
-1.51511
-0.943631
-0.320463
-0.231474
-0.686203
-1.11636
-1.50587
-1.83923
-2.10189
-2.2808
-2.36514
-2.3472
-2.22332
-1.99484
-1.66884
-1.25848
-0.782773
-0.265655
-0.196512
-0.582321
-0.946597
-1.27538
-1.55535
-1.77425
-1.92133
-1.98799
-1.96841
-1.86032
-1.66561
-1.3908
-1.04722
-0.650671
-0.2207
-0.166559
-0.493389
-0.801479
-1.07877
-1.31387
-1.49647
-1.61771
-1.67071
-1.65108
-1.55747
-1.39199
-1.16052
-0.872729
-0.541776
-0.18368
-0.140972
-0.417468
-0.677749
-0.91144
-1.10885
-1.26129
-1.36147
-1.40385
-1.38512
-1.30452
-1.1642
-0.969351
-0.728206
-0.451729
-0.153094
-0.119167
-0.352805
-0.57248
-0.769306
-0.935045
-1.0624
-1.14535
-1.17943
-1.16211
-1.09303
-0.974255
-0.810326
-0.608215
-0.377066
-0.12775
-0.100622
-0.297836
-0.483076
-0.648755
-0.787888
-0.894354
-0.963158
-0.990701
-0.975032
-0.916053
-0.815666
-0.677811
-0.508385
-0.315018
-0.1067
-0.0848756
-0.25118
-0.407252
-0.546634
-0.663413
-0.752452
-0.809613
-0.831975
-0.818026
-0.767825
-0.68309
-0.567215
-0.425179
-0.263349
-0.0891803
-0.0715222
-0.211628
-0.343018
-0.460205
-0.558197
-0.632683
-0.680231
-0.698458
-0.686191
-0.643574
-0.572137
-0.474784
-0.355715
-0.220247
-0.074571
-0.0602087
-0.178129
-0.288643
-0.387105
-0.469301
-0.531618
-0.571205
-0.586115
-0.575427
-0.539333
-0.479176
-0.397432
-0.297637
-0.184233
-0.0623681
-0.0506293
-0.14977
-0.242636
-0.325299
-0.394207
-0.446335
-0.479313
-0.491544
-0.482304
-0.4518
-0.401202
-0.332613
-0.249007
-0.154094
-0.0521587
-0.0425199
-0.125769
-0.203714
-0.273041
-0.330764
-0.374349
-0.401825
-0.411881
-0.403943
-0.37822
-0.335718
-0.278222
-0.208226
-0.128832
-0.0436032
-0.0356535
-0.105451
-0.170776
-0.22884
-0.277137
-0.313546
-0.336431
-0.344712
-0.337932
-0.316288
-0.280646
-0.23251
-0.173972
-0.10762
-0.0364208
-0.0298355
-0.0882369
-0.142879
-0.191421
-0.231762
-0.262135
-0.281177
-0.288
-0.282239
-0.264077
-0.234248
-0.19402
-0.145143
-0.0897731
-0.0303789
-0.0248989
-0.073633
-0.119218
-0.159695
-0.19331
-0.21859
-0.234405
-0.240026
-0.235158
-0.219965
-0.19507
-0.161535
-0.120821
-0.0747208
-0.0252837
-0.020701
-0.0612155
-0.0991037
-0.132733
-0.160645
-0.181616
-0.194712
-0.199334
-0.195245
-0.182589
-0.161891
-0.134036
-0.100238
-0.0619856
-0.0209734
-0.0171192
-0.0506216
-0.0819463
-0.109741
-0.132799
-0.150109
-0.160903
-0.164691
-0.16128
-0.150798
-0.13368
-0.110663
-0.0827489
-0.0511663
-0.0173118
-0.0140483
-0.0415395
-0.0672399
-0.0900379
-0.108943
-0.123126
-0.13196
-0.135044
-0.132226
-0.123613
-0.109565
-0.090689
-0.0678069
-0.0419244
-0.0141844
-0.0113976
-0.0337009
-0.0545486
-0.0730379
-0.0883646
-0.0998577
-0.107009
-0.109495
-0.107196
-0.100201
-0.0888034
-0.0734968
-0.0549482
-0.0339721
-0.0114935
-0.00908858
-0.0268728
-0.0434948
-0.0582338
-0.0704484
-0.0796039
-0.0852959
-0.0872686
-0.0854274
-0.0798442
-0.070756
-0.0585554
-0.0437748
-0.0270629
-0.00915581
-0.00705233
-0.0208518
-0.0337483
-0.0451824
-0.0546562
-0.0617549
-0.0661655
-0.0676902
-0.0662567
-0.0619215
-0.0548694
-0.0454054
-0.0339425
-0.0209836
-0.00709895
-0.00522801
-0.0154576
-0.0250173
-0.0334921
-0.0405129
-0.0457724
-0.0490387
-0.0501658
-0.0491005
-0.0458853
-0.0406574
-0.0336432
-0.0251489
-0.0155469
-0.00525961
-0.00356092
-0.0105284
-0.0170395
-0.0228114
-0.0275925
-0.0311737
-0.0333972
-0.0341637
-0.0334371
-0.0312465
-0.0276857
-0.0229088
-0.0171244
-0.010586
-0.00358129
-0.00200098
-0.00591623
-0.00957502
-0.0128184
-0.0155052
-0.0175178
-0.0187674
-0.0191982
-0.0187901
-0.0175592
-0.0155583
-0.0128739
-0.00962333
-0.00594901
-0.00201258
-0.00050124
-0.00148208
-0.00239892
-0.00321204
-0.00388607
-0.00439151
-0.004706
-0.00481535
-0.00471425
-0.00440658
-0.00390535
-0.0032322
-0.00241647
-0.001494
-0.000505453
0.000983476
0.00290762
0.00470517
0.00629779
0.00761599
0.00860213
0.00921292
0.0094214
0.00921813
0.00861164
0.00762817
0.00631052
0.00471625
0.00291514
0.000986139
0.00249791
0.0073852
0.0119515
0.0159981
0.0193486
0.0218563
0.0234111
0.023944
0.0234304
0.0218916
0.0193937
0.0160453
0.0119926
0.00741307
0.00250777
0.0040877
0.0120856
0.0195587
0.0261818
0.0316663
0.0357722
0.0383189
0.0391932
0.0383545
0.0358373
0.0317497
0.026269
0.0196346
0.0121372
0.00410594
0.00580072
0.0171505
0.0277559
0.037156
0.0449411
0.0507705
0.0543877
0.0556315
0.054444
0.0508735
0.0450728
0.0372938
0.0278759
0.0172319
0.00582952
0.00768846
0.0227321
0.03679
0.0492515
0.0595737
0.0673048
0.0721043
0.073758
0.0721881
0.0674579
0.0597696
0.0494564
0.0369684
0.0228532
0.00773129
0.0098076
0.0289981
0.0469325
0.0628324
0.0760052
0.0858745
0.0920051
0.0941225
0.0921264
0.0860961
0.0762888
0.0631289
0.0471907
0.0291734
0.00986959
0.0122216
0.0361362
0.0584876
0.0783065
0.0947303
0.10704
0.114692
0.117343
0.114865
0.107357
0.0951356
0.0787303
0.0588567
0.0363867
0.0123102
0.0150024
0.0443597
0.071801
0.0961379
0.116312
0.131439
0.140852
0.144124
0.141098
0.131889
0.116887
0.0967398
0.0723252
0.0447155
0.0151283
0.018233
0.0539134
0.0872698
0.11686
0.141397
0.159807
0.171274
0.175278
0.171622
0.160444
0.142212
0.117712
0.088012
0.0544172
0.0184112
0.0220089
0.0650807
0.105354
0.141089
0.170736
0.192995
0.206877
0.211751
0.20737
0.193895
0.171888
0.142294
0.106403
0.065793
0.0222608
0.0264414
0.0781913
0.126588
0.169547
0.205204
0.231998
0.248736
0.254648
0.249432
0.233271
0.206832
0.171249
0.12807
0.0791975
0.0267973
0.0316606
0.09363
0.151598
0.203073
0.245827
0.277985
0.29811
0.305271
0.299093
0.279781
0.248126
0.205477
0.153691
0.095051
0.0321633
0.0378184
0.111847
0.181115
0.242654
0.293806
0.332325
0.356485
0.365157
0.357873
0.334861
0.297052
0.246049
0.184071
0.113854
0.0385281
0.0450925
0.13337
0.215997
0.289449
0.350555
0.396635
0.425613
0.43612
0.427573
0.400216
0.355138
0.294241
0.220171
0.136203
0.0460946
0.0536912
0.158816
0.25725
0.344814
0.417737
0.472818
0.507564
0.520313
0.510331
0.477874
0.424207
0.35158
0.263143
0.162815
0.0551059
0.0638574
0.188906
0.306051
0.410343
0.497307
0.563121
0.604789
0.620289
0.608694
0.570257
0.50644
0.419896
0.31437
0.194552
0.0658548
0.0758749
0.224483
0.363776
0.487904
0.59156
0.670187
0.720181
0.739076
0.725694
0.680261
0.604454
0.501389
0.37552
0.232455
0.0786948
0.0900735
0.266529
0.43203
0.579679
0.703191
0.797132
0.857166
0.880272
0.864948
0.811353
0.721393
0.598716
0.44861
0.277783
0.0940547
0.106835
0.316179
0.512677
0.688213
0.835352
0.94762
1.01979
1.04815
1.03077
0.967693
0.861046
0.715088
0.536085
0.332069
0.112456
0.126601
0.374748
0.607877
0.816463
0.991724
1.12595
1.21282
1.24779
1.22833
1.15428
1.02799
0.854403
0.640926
0.397184
0.134538
0.149876
0.443744
0.720118
0.967849
1.17659
1.33715
1.44191
1.48521
1.46379
1.37714
1.22779
1.02141
0.76678
0.475425
0.161084
0.177235
0.524887
0.852245
1.14631
1.3949
1.58709
1.71365
1.76756
1.74453
1.64353
1.46717
1.22192
0.918131
0.569625
0.193063
0.209326
0.62012
1.00749
1.35633
1.65237
1.88261
2.03585
2.10333
2.07942
1.96225
1.75437
1.46309
1.10053
0.683306
0.231684
0.246873
0.731616
1.18948
1.60302
1.95553
2.23158
2.41758
2.50256
2.47904
2.34395
2.09949
1.75373
1.32087
0.820871
0.278459
0.290669
0.861771
1.40226
1.89207
2.31177
2.64306
2.86944
2.97712
2.95613
2.8016
2.51494
2.10486
1.58784
0.987881
0.335307
0.341572
1.01318
1.65022
2.22979
2.72939
3.12739
3.40372
3.541
3.52594
3.35097
3.01607
2.53023
1.9124
1.19142
0.404678
0.400484
1.18859
1.93807
2.62302
3.21757
3.69619
4.03454
4.21066
4.20676
4.0114
3.62202
3.04724
2.30856
1.44063
0.489749
0.468324
1.39083
2.27071
3.07903
3.78621
4.36238
4.778
5.00532
5.0205
4.80653
4.35668
3.67806
2.79446
1.74744
0.594689
0.545983
1.62265
2.65305
3.60523
4.44583
5.14003
5.65218
5.94725
5.99335
5.76544
5.25018
4.45119
3.39384
2.12767
0.725057
0.634265
1.88658
3.08969
4.20891
5.20707
6.04406
6.67708
7.06205
7.15644
6.92387
6.34067
5.40373
4.1382
2.60262
0.88841
0.733803
2.18468
3.58455
4.89663
6.08022
7.08969
7.87418
8.3786
8.54653
8.32573
7.67677
6.58441
5.07006
3.20161
1.09524
0.844948
2.5182
4.14036
5.67354
7.07424
8.29151
9.26572
9.92877
10.2065
10.0249
9.32075
8.0581
6.24781
3.9658
1.36046
0.967648
2.88718
4.75793
6.5424
8.19561
9.66207
10.8733
11.7464
12.1854
12.0868
11.3525
9.91203
7.75309
4.95452
1.70594
1.10129
3.29001
5.43538
7.50239
9.4466
11.2098
12.7156
13.8655
14.5376
14.5901
13.8746
12.2648
9.7025
6.25571
2.16483
1.24455
3.72294
6.1672
8.5476
10.8232
12.9362
14.8049
16.3163
17.3201
17.6266
17.0178
15.279
12.2661
8.00415
2.78951
1.39522
4.17954
6.94333
9.66551
12.3128
14.8323
17.1422
19.1196
20.5865
21.2988
20.9454
19.1781
15.6969
10.4142
3.66723
1.55016
4.65037
7.7483
10.8354
13.8909
16.8737
19.7103
22.2771
24.377
25.7109
25.8548
24.2671
20.3788
13.8409
4.95295
1.70514
5.12275
8.56076
12.0271
15.5194
19.0167
22.4657
25.7589
28.6992
30.9491
31.9666
30.9537
26.9007
18.8995
6.94554
1.85504
5.58093
9.35349
13.2007
17.1444
21.193
25.3292
29.4855
33.5007
37.0432
39.4881
39.7513
36.1641
26.7029
10.2833
1.99393
6.00667
10.0943
14.3074
18.6964
23.3084
28.1785
33.3099
38.6302
43.8993
48.5246
51.2224
49.5066
39.3384
16.5009
2.11555
6.38037
10.7479
15.2917
20.0934
25.2444
30.8462
37.003
43.7951
51.2021
58.8995
65.7582
68.7183
60.7717
29.7768
2.21376
6.68272
11.2789
16.0969
21.2477
26.8673
33.1284
40.2548
48.5329
58.3028
69.8565
83.0007
95.5038
98.2104
62.885
2.28317
6.8967
11.6557
16.671
22.0764
28.0444
34.8095
42.7065
52.2344
64.1646
79.7085
100.688
129.092
162.059
158.802
2.31978
7.00959
11.8546
16.9741
22.5143
28.6679
35.7044
44.0253
54.2674
67.5163
85.7854
113.219
159.509
251.064
473.013
2.32149
7.01466
11.8628
16.9848
22.5262
28.6781
35.7073
44.0097
54.2122
67.3813
85.4975
112.653
158.493
249.516
471.586
2.28834
6.91208
11.6807
16.7041
22.1141
28.079
34.8257
42.6744
52.0963
63.8105
78.9315
99.112
126.099
156.96
152.623
2.22249
6.70881
11.3218
16.1549
21.3164
26.9368
33.1788
40.2463
48.3884
57.8733
68.8515
80.8434
91.014
88.8454
42.6259
-19.3354
-15.763
-13.0841
-11.0093
-9.33593
-7.93994
-6.74316
-5.69381
-4.75582
-3.90286
-3.11487
-2.37592
-1.67282
-0.994193
-0.329836
-7.25359
-10.0548
-9.93156
-9.06439
-8.04358
-7.03761
-6.09207
-5.21404
-4.39831
-3.63607
-2.91788
-2.23462
-1.57779
-0.939411
-0.311935
-3.30088
-6.37734
-7.29553
-7.22613
-6.74085
-6.09326
-5.39404
-4.69095
-4.00363
-3.33867
-2.69659
-2.07495
-1.46993
-0.87705
-0.291529
-1.79625
-4.19864
-5.34526
-5.67662
-5.55077
-5.18472
-4.69863
-4.15689
-3.59337
-3.02536
-2.46109
-1.90373
-1.35364
-0.80957
-0.269408
-1.11809
-2.89195
-3.96111
-4.44456
-4.52746
-4.3595
-4.04184
-3.63792
-3.18619
-2.70943
-2.22076
-1.72744
-1.23314
-0.73937
-0.24635
-0.760982
-2.07462
-2.98365
-3.49063
-3.6783
-3.63822
-3.4449
-3.15211
-2.79638
-2.40174
-1.98364
-1.55182
-1.11228
-0.668641
-0.223068
-0.548536
-1.53824
-2.28539
-2.7584
-2.98729
-3.02331
-2.91701
-2.70998
-2.43357
-2.11033
-1.75604
-1.38154
-0.994246
-0.599251
-0.200175
-0.410642
-1.17031
-1.77746
-2.19569
-2.43018
-2.50721
-2.45906
-2.31601
-2.10325
-1.84046
-1.54245
-1.22013
-0.881554
-0.532691
-0.178165
-0.315538
-0.908264
-1.40072
-1.76056
-1.98239
-2.07801
-2.06699
-1.97042
-1.80766
-1.59504
-1.34571
-1.07001
-0.775998
-0.470058
-0.157407
-0.247062
-0.715845
-1.11607
-1.42125
-1.62224
-1.72286
-1.7343
-1.67078
-1.54668
-1.37511
-1.16729
-0.932589
-0.67872
-0.412082
-0.138151
-0.196183
-0.57103
-0.897413
-1.15426
-1.33179
-1.42961
-1.45365
-1.41319
-1.31867
-1.18032
-1.00752
-0.808475
-0.590301
-0.359166
-0.120539
-0.157469
-0.459866
-0.727034
-0.942362
-1.09668
-1.18759
-1.21779
-1.19313
-1.12106
-1.00946
-0.865961
-0.697637
-0.510879
-0.311451
-0.104627
-0.127464
-0.373161
-0.592649
-0.772822
-0.905581
-0.987717
-1.02
-1.00599
-0.950908
-0.860735
-0.741637
-0.599595
-0.44025
-0.268868
-0.0904018
-0.103867
-0.304655
-0.48556
-0.636201
-0.749632
-0.822455
-0.854356
-0.847372
-0.80511
-0.73209
-0.633238
-0.513565
-0.377976
-0.231202
-0.0777991
-0.0850914
-0.249953
-0.399485
-0.525414
-0.621876
-0.685603
-0.715706
-0.713239
-0.680665
-0.621377
-0.539294
-0.438582
-0.323466
-0.198138
-0.0667201
-0.0700109
-0.205894
-0.329797
-0.435085
-0.516848
-0.572093
-0.59967
-0.600007
-0.574766
-0.526487
-0.458282
-0.373597
-0.276045
-0.1693
-0.057045
-0.0578039
-0.170153
-0.273032
-0.36109
-0.430231
-0.477792
-0.502543
-0.504532
-0.48486
-0.445429
-0.38871
-0.317545
-0.235006
-0.144287
-0.0486436
-0.0478597
-0.140986
-0.226556
-0.30023
-0.358595
-0.399328
-0.421219
-0.424095
-0.408671
-0.376374
-0.329165
-0.26939
-0.199646
-0.122693
-0.0413833
-0.0397157
-0.117067
-0.188339
-0.249997
-0.299201
-0.333945
-0.353096
-0.356363
-0.344196
-0.317669
-0.278345
-0.228154
-0.16929
-0.104123
-0.0351343
-0.0330161
-0.097367
-0.156796
-0.20841
-0.249847
-0.279386
-0.296001
-0.299345
-0.289691
-0.267849
-0.235068
-0.192939
-0.143309
-0.0882058
-0.0297741
-0.0274838
-0.0810848
-0.130679
-0.17389
-0.208752
-0.2338
-0.24812
-0.25135
-0.243647
-0.225624
-0.198281
-0.162932
-0.121129
-0.0745991
-0.0251889
-0.0229002
-0.0675845
-0.108992
-0.145167
-0.174471
-0.195661
-0.207937
-0.210947
-0.204767
-0.189867
-0.167052
-0.137405
-0.102229
-0.0629923
-0.0212754
-0.0190913
-0.0563593
-0.0909382
-0.121214
-0.145822
-0.163712
-0.174188
-0.176922
-0.171942
-0.159607
-0.140566
-0.115716
-0.0861484
-0.0531073
-0.0179409
-0.0159176
-0.0470009
-0.0758718
-0.101196
-0.121837
-0.136909
-0.145814
-0.148252
-0.144222
-0.134001
-0.118114
-0.0973015
-0.0724794
-0.0446978
-0.0151029
-0.0132659
-0.0391784
-0.0632676
-0.0844297
-0.101718
-0.114389
-0.121929
-0.124073
-0.120801
-0.112328
-0.0990805
-0.0816709
-0.0608648
-0.0375473
-0.0126889
-0.011044
-0.0326217
-0.0526957
-0.0703525
-0.0848051
-0.0954294
-0.10179
-0.103654
-0.100991
-0.0939696
-0.0829367
-0.0683984
-0.0509937
-0.0314664
-0.0106354
-0.0091765
-0.027109
-0.0438018
-0.0584999
-0.0705499
-0.0794303
-0.0847732
-0.0863766
-0.0842073
-0.0783962
-0.0692263
-0.0571157
-0.0425963
-0.0262907
-0.00888705
-0.00760092
-0.0224569
-0.0362927
-0.0484857
-0.0584951
-0.0658871
-0.0703526
-0.0717186
-0.0699517
-0.0651546
-0.0575576
-0.0475053
-0.0354388
-0.0218773
-0.00739591
-0.00626548
-0.018513
-0.0299241
-0.0399875
-0.0482576
-0.0543755
-0.0580837
-0.0592357
-0.0577997
-0.0538567
-0.0475936
-0.039293
-0.0293194
-0.0181025
-0.00612029
-0.00512685
-0.0151497
-0.0244912
-0.0327341
-0.0395142
-0.0445368
-0.0475894
-0.0485495
-0.0473883
-0.0441694
-0.039044
-0.0322424
-0.0240629
-0.014859
-0.00502404
-0.00414851
-0.0122594
-0.019821
-0.0264963
-0.031991
-0.0360658
-0.0385477
-0.0393359
-0.0384053
-0.0358057
-0.031658
-0.0261482
-0.0195178
-0.0120536
-0.00407572
-0.00329936
-0.00975051
-0.0157659
-0.0210783
-0.0254533
-0.0287007
-0.0306818
-0.0313157
-0.0305811
-0.0285166
-0.0252178
-0.0208319
-0.0155514
-0.00960491
-0.00324786
-0.00255268
-0.00754409
-0.012199
-0.0163109
-0.0196986
-0.0222146
-0.0237513
-0.0242455
-0.0236801
-0.0220845
-0.0195321
-0.0161368
-0.0120474
-0.00744119
-0.00251628
-0.00188511
-0.00557125
-0.00900916
-0.0120464
-0.0145491
-0.0164083
-0.0175445
-0.0179108
-0.0174943
-0.0163166
-0.0144317
-0.0119236
-0.00890225
-0.00549869
-0.00185944
-0.00127589
-0.00377074
-0.00609746
-0.00815281
-0.00984624
-0.011104
-0.0118723
-0.0121195
-0.0118371
-0.0110396
-0.00976382
-0.00806663
-0.00602241
-0.0037198
-0.00125788
-0.000706209
-0.00208694
-0.00337416
-0.00451052
-0.00544585
-0.00613946
-0.00656186
-0.00669591
-0.00653735
-0.00609467
-0.00538853
-0.00445058
-0.00332197
-0.00205152
-0.000693678
-0.000158517
-0.000468067
-0.000755586
-0.00100777
-0.00121325
-0.00136318
-0.00145156
-0.00147544
-0.00143484
-0.00133263
-0.00117416
-0.000966883
-0.000719983
-0.000443902
-0.000149969
0.00038398
0.00113552
0.00183847
0.00246257
0.00298079
0.00337038
0.00361396
0.0037003
0.0036249
0.00339036
0.00300636
0.00248931
0.00186175
0.00115133
0.000389571
0.000937878
0.00277286
0.00448726
0.00600645
0.00726414
0.00820534
0.00878868
0.00898833
0.00879514
0.00821714
0.00727925
0.00602225
0.00450102
0.0027822
0.000941183
0.00152009
0.00449392
0.0072716
0.00973187
0.0117672
0.0132888
0.0142298
0.0145491
0.0142326
0.0132938
0.0117737
0.00973863
0.00727749
0.00449791
0.0015215
0.00214836
0.00635116
0.0102763
0.0137523
0.0166271
0.0187752
0.0201026
0.0205514
0.020102
0.0187741
0.0166257
0.0137508
0.010275
0.00635029
0.00214805
0.00284183
0.00840115
0.0135929
0.0181901
0.0219916
0.0248313
0.0265854
0.0271772
0.0265813
0.024824
0.0219821
0.0181802
0.0135843
0.00839531
0.00283976
0.00362162
0.0107063
0.0173224
0.0231802
0.0280238
0.0316413
0.033875
0.0346277
0.0338671
0.0316267
0.0280051
0.0231608
0.0173054
0.0106948
0.00361755
0.00451149
0.0133369
0.0215782
0.0288746
0.0349071
0.039412
0.0421929
0.043129
0.0421801
0.0393885
0.034877
0.0288432
0.0215508
0.0133183
0.00450492
0.00553855
0.0163729
0.02649
0.0354466
0.042851
0.0483797
0.0517916
0.0529388
0.0517724
0.0483444
0.0428059
0.0353995
0.0264489
0.0163451
0.0055287
0.00673411
0.0199071
0.0322074
0.0430962
0.0520971
0.0588169
0.0629627
0.064355
0.0629347
0.0587657
0.0520316
0.0430277
0.0321477
0.0198666
0.00671978
0.00813464
0.0240471
0.0389048
0.0520566
0.062927
0.0710411
0.0760456
0.0777239
0.0760054
0.0709677
0.0628331
0.0519585
0.0388193
0.0239891
0.00811412
0.00978293
0.0289193
0.0467865
0.0626009
0.0756704
0.0854241
0.0914376
0.0934512
0.0913806
0.0853198
0.075537
0.0624614
0.046665
0.0288369
0.00975376
0.0117294
0.0346728
0.0560933
0.0750511
0.0907159
0.102404
0.109607
0.112014
0.109526
0.102256
0.0905269
0.0748533
0.0559211
0.0345559
0.011688
0.0140336
0.0414836
0.0671099
0.0897873
0.108523
0.122497
0.131105
0.133976
0.130991
0.122289
0.108255
0.0895077
0.0668664
0.0413183
0.0139751
0.0167662
0.0495606
0.0801737
0.107261
0.129634
0.146317
0.156587
0.160002
0.156425
0.146022
0.129256
0.106865
0.0798297
0.0493271
0.0166836
0.0200114
0.0591519
0.0956858
0.128006
0.154696
0.17459
0.186827
0.190884
0.186599
0.174173
0.154162
0.127448
0.0951999
0.0588221
0.0198947
0.023869
0.070553
0.114123
0.152661
0.184476
0.208179
0.222746
0.227558
0.222424
0.20759
0.183722
0.151873
0.113437
0.0700873
0.0237042
0.0284583
0.0841159
0.136054
0.181984
0.219887
0.248111
0.265439
0.271136
0.264984
0.24728
0.218823
0.180871
0.135086
0.0834583
0.0282257
0.0339216
0.100261
0.162158
0.216878
0.262018
0.295609
0.316205
0.322941
0.315563
0.294435
0.260516
0.215307
0.16079
0.0993325
0.0335933
0.0404292
0.11949
0.193243
0.258425
0.312167
0.352129
0.376595
0.384544
0.375688
0.350472
0.310046
0.256207
0.191312
0.11818
0.0399656
0.0481845
0.142405
0.23028
0.307912
0.371884
0.419408
0.448451
0.457814
0.447171
0.417068
0.36889
0.304782
0.227554
0.140554
0.04753
0.0574318
0.169725
0.274428
0.366885
0.443019
0.499517
0.533971
0.544974
0.532163
0.496214
0.438792
0.362465
0.270579
0.167112
0.0565078
0.068464
0.202313
0.327078
0.43719
0.527787
0.59493
0.635772
0.648668
0.63322
0.590268
0.52182
0.43095
0.321644
0.198626
0.0671594
0.0816333
0.24121
0.3899
0.521044
0.628839
0.708603
0.756976
0.77204
0.753373
0.702021
0.620415
0.512235
0.382229
0.236004
0.0797917
0.0973645
0.287665
0.464905
0.621109
0.749351
0.84407
0.901304
0.918831
0.896219
0.834779
0.73746
0.608674
0.454075
0.280315
0.0947645
0.11617
0.343188
0.554513
0.740588
0.893138
1.00556
1.0732
1.09349
1.06602
0.992445
0.876351
0.723032
0.539225
0.332811
0.1125
0.138672
0.409606
0.661653
0.883341
1.06478
1.19815
1.27796
1.30131
1.26783
1.17963
1.04109
0.858557
0.640069
0.394955
0.133489
0.165624
0.489136
0.78987
1.05404
1.26981
1.42791
1.52193
1.54858
1.50763
1.40177
1.23636
1.01905
0.759398
0.468451
0.158307
0.197947
0.584481
0.943476
1.25833
1.51489
1.70215
1.81268
1.84279
1.79249
1.66526
1.46766
1.20893
0.900455
0.555276
0.187616
0.236768
0.698945
1.12773
1.50309
1.80807
2.02966
2.15926
2.19283
2.13077
1.97759
1.74141
1.43336
1.06699
0.65771
0.22218
0.283476
0.836593
1.34908
1.7967
2.15915
2.42105
2.57252
2.60925
2.5323
2.34755
2.06505
1.69826
1.26332
0.778366
0.262876
0.33979
1.00245
1.61547
2.14946
2.58004
2.88911
3.06542
3.1046
3.00867
2.78538
2.44721
2.01048
1.49438
0.920219
0.310697
0.407855
1.20276
1.93674
2.574
3.08528
3.44934
3.65355
3.69374
3.57347
3.30296
2.89781
2.37779
1.76574
1.08662
0.366761
0.490366
1.44536
2.32516
3.08601
3.69275
4.12056
4.35555
4.39427
4.24258
3.91402
3.42815
2.809
2.08367
1.28131
0.432309
0.590745
1.74018
2.79617
3.70502
4.42443
4.92564
5.1938
5.22701
5.03449
4.63429
4.05103
3.31392
2.45507
1.50838
0.508697
0.713378
2.09988
3.36935
4.45554
5.30761
5.89254
6.19518
6.21647
5.97058
5.48164
4.78073
3.90334
2.88745
1.77225
0.59738
0.86396
2.54082
4.06978
5.36863
6.37626
7.05541
7.39188
7.39143
7.07541
6.47614
5.63295
4.58892
3.38878
2.07753
0.699872
1.04999
3.08447
4.92997
6.48389
7.67299
8.4562
8.82249
8.78549
8.37687
7.63999
6.62458
5.38288
3.96725
2.42892
0.817693
1.28151
3.75931
5.99262
7.85246
9.25151
10.1465
10.5331
10.4375
9.90623
8.99721
7.7733
6.29759
4.6309
2.8309
0.952287
1.57219
4.60392
7.31457
9.54095
11.18
12.1896
12.5785
12.3921
11.6978
10.573
9.09683
7.34486
5.38708
3.28745
1.1049
1.94111
5.67146
8.97277
11.6372
13.5456
14.6637
15.0233
14.6993
13.7882
12.3928
10.6118
8.535
6.24173
3.80155
1.27644
2.41546
7.0369
11.0732
14.2584
16.46
17.6644
17.9428
17.414
16.2149
14.4802
12.3321
9.87541
7.19834
4.37461
1.46725
3.03529
8.80865
13.7645
17.5625
20.0667
21.308
21.4226
20.594
19.0133
16.8547
14.2665
11.3688
8.25673
5.00571
1.67691
3.86148
11.148
17.2598
21.7649
24.5503
25.7341
25.5571
24.2963
22.2128
19.5275
16.4158
13.0109
9.41157
5.69079
1.90391
4.99071
14.3032
21.8708
27.1615
30.1458
31.1049
30.4441
28.5698
25.8299
22.4962
18.7685
14.7879
10.6507
6.42173
2.14543
6.58444
18.6699
28.0627
34.1597
37.1475
37.6004
36.1736
33.4442
29.8593
25.7383
21.2968
16.6735
11.9534
7.18551
2.39704
8.93049
24.9065
36.5432
43.3168
45.9094
45.4012
42.8074
38.9126
34.2607
29.2027
23.9512
18.6263
13.2891
7.96356
2.65253
12.5855
34.1562
48.4007
55.3771
56.8242
54.6499
50.3445
44.9064
38.944
32.8013
26.6563
20.5876
14.6165
8.73149
2.90384
18.7406
48.4934
65.3051
71.2767
70.2536
65.3782
58.668
51.264
43.7522
36.4013
29.3082
22.4811
15.8839
9.45953
3.14127
30.2624
71.8172
89.7367
92.0335
86.3575
77.3799
67.473
57.6962
48.4486
39.822
31.7751
24.2147
17.0313
10.1138
3.35388
54.9576
111.554
125.017
118.326
104.754
90.0263
76.1871
63.7605
52.7133
42.8398
33.904
25.6863
17.9939
10.6586
3.53025
116.679
181.244
174.291
149.397
123.951
102.055
83.9197
68.8663
56.1626
45.2062
35.534
26.7929
18.7083
11.0595
3.65952
295.619
300.597
236.023
180.85
140.683
111.472
89.5112
72.3401
58.3982
46.6804
36.5172
27.4433
19.1201
11.2875
3.73254
881.681
468.249
291.224
201.882
149.806
115.853
91.7758
73.5708
59.0887
47.0748
36.7436
27.5722
19.1911
11.3227
3.74312
2.11558
6.3796
10.7434
15.2774
20.0574
25.1651
30.6851
36.6927
43.2183
50.1567
57.0401
62.4979
63.0516
50.8133
10.8332
1.96924
5.93029
9.95877
14.0984
18.3896
22.8639
27.5329
32.3647
37.2362
41.8418
45.5242
46.9977
44.0223
33.5267
14.2462
1.80032
5.41348
9.06291
12.7679
16.5385
20.3678
24.2179
27.9967
31.5197
34.4497
36.2167
35.9461
32.5124
25.0248
14.2638
1.61885
4.86038
8.11143
11.3716
14.6287
17.8508
20.9738
23.8845
26.3961
28.2204
28.9464
28.0577
25.0572
19.7964
13.0065
1.43357
4.29769
7.15077
9.97825
12.7538
15.4326
17.942
20.1713
21.9598
23.0894
23.2901
22.28
19.8626
16.0971
11.4661
1.25127
3.74604
6.21563
8.63672
10.9757
13.1835
15.1901
16.8987
18.1827
18.8874
18.8449
17.9088
16.0154
13.2626
9.95582
1.07672
3.21954
5.32894
7.37724
9.3286
11.1355
12.7359
14.0506
14.9848
15.433
15.2939
14.4952
13.0282
10.9826
8.55611
0.91278
2.72647
4.50332
6.21467
7.82585
9.29407
10.567
11.5829
12.2725
12.5658
12.4028
11.7502
10.6199
9.0843
7.27507
0.760709
2.27023
3.74317
5.15225
6.46601
7.64777
8.65517
9.44106
9.95624
10.1546
10.0013
9.48281
8.61705
7.45956
6.10054
0.620532
1.85056
3.0469
4.18512
5.23817
6.17579
6.96473
7.56982
7.95652
8.0948
7.96468
7.56236
6.90558
6.03599
5.01632
0.491386
1.46459
2.40873
3.30318
4.12575
4.8525
5.45809
5.91692
6.20507
6.30319
6.20001
5.8961
5.40664
4.76219
4.00648
0.371801
1.10769
1.82023
2.49311
3.10917
3.65037
4.09822
4.43469
4.64364
4.71279
4.63597
4.41528
4.06256
3.59951
3.0561
0.259926
0.774152
1.27137
1.73986
2.16744
2.54158
2.84974
3.07999
3.22201
3.26836
3.21578
3.06647
2.82877
2.51714
2.15107
0.153677
0.457615
0.751244
1.02751
1.27915
1.49879
1.67918
1.81351
1.89607
1.92286
1.89234
1.80604
1.66891
1.48923
1.27798
-1009.36
-1028.18
-1047.3
-1066.93
-1087.24
-1108.4
-1130.56
-1153.85
-1178.34
-1204.1
-1231.14
-1259.43
-1288.93
-1319.54
-1351.14
-26.6687
22.8812
-45.9642
-3.30973
-42.142
-9.73416
-36.3042
-13.4664
7.78795
-15.6666
8.33774
-15.5923
9.55249
-16.7421
9.86642
-27.0821
-1.81945
-24.5026
-3.23724
-20.7174
-2.73668
-17.1574
-2.98678
11.0238
-3.11187
14.0635
-2.34687
17.351
-3.25607
19.6008
-13.711
9.88861
-13.806
7.72141
-12.4084
7.00297
-10.7245
5.31456
21.6734
3.72957
24.9024
2.878
28.3146
-0.808719
29.7943
-18.1845
14.0302
-21.0926
8.57564
-22.0097
4.85279
-22.8107
-0.8209
21.6308
-7.32041
21.888
-13.1931
21.2156
-22.8821
16.9825
-49.1487
-9.2523
-54.8197
-20.3567
-58.3813
-29.2639
-62.3295
-40.5135
-19.2291
-52.8614
-26.4662
-65.0311
-35.8112
-81.3678
-49.5739
-112.581
-82.7086
-130.144
-106.232
-153.445
-135.064
-195.51
-187.971
-182.684
-323.206
-345.43
-402.992
-508.886
-706.173
-1109.92
-0.315515
0.660857
-13.8416
-11.958
-18.7687
-14.9057
-17.3842
-11.203
-5.07093
-6.80252
-3.02944
-5.90374
-2.6925
-6.64273
-4.37029
-10.9473
-8.70563
-11.9018
-8.83148
-10.436
-7.05301
-7.39857
-2.77867
1.8192
1.49006
4.7518
3.28605
6.17887
3.31951
5.36341
-0.592107
1.33765
-2.32126
0.36218
-2.05387
1.09177
-0.0101151
4.8274
9.72956
8.68685
12.128
9.457
12.4434
7.56566
9.34869
-0.118904
1.47982
-4.93608
-2.31801
-7.1387
-3.94368
-7.06205
-1.51866
3.99953
0.514788
3.60872
-2.47025
-0.262085
-9.33102
-8.85637
-23.4277
-23.2391
-33.0828
-31.7423
-39.3739
-37.7281
-43.4281
-39.7869
-36.4753
-43.0532
-43.0701
-52.5737
-54.1926
-66.7728
-70.799
-88.6706
-94.3262
-110.024
-117.084
-134.709
-145.764
-169.281
-184.766
-207.503
-258.852
-294.583
-333.433
-377.318
-408.9
-348.614
5.56929
0.730107
-5.31459
-8.0861
-10.7652
-10.9454
-10.9339
-8.86861
-6.60624
-5.86513
-4.82451
-4.97837
-4.62512
-5.50413
-5.86391
-7.5114
-7.76145
-8.32468
-7.69407
-7.33679
-6.00036
-4.79013
-2.53906
-0.29079
0.920848
2.24734
2.64229
3.28946
2.83407
2.64472
1.17173
0.833997
0.0301456
0.345869
0.291534
1.29666
2.15122
4.24673
6.34585
7.18686
8.15471
7.88878
7.89598
6.34803
5.10345
2.01082
0.470022
-1.78885
-2.50022
-3.81059
-3.64922
-3.7866
-2.18049
-0.667979
-1.12372
-1.46201
-3.68126
-5.50111
-9.52294
-13.0293
-18.9612
-22.7792
-27.4514
-30.2081
-33.726
-35.6142
-37.978
-38.5857
-39.4804
-42.6926
-46.0133
-51.47
-56.7894
-64.4954
-72.0864
-82.3501
-91.4829
-102.342
-112.722
-125.43
-138.52
-154.616
-171.116
-191.121
-216.984
-239.244
-256.622
-263.46
-243.915
-167.146
7.04168
2.5366
-1.4997
-4.34603
-6.3588
-7.25997
-7.43959
-6.81685
-5.94969
-5.35781
-4.89824
-4.78199
-4.782
-5.11193
-5.50188
-6.08648
-6.36492
-6.46535
-6.1617
-5.64621
-4.7646
-3.67917
-2.29409
-0.906726
0.187537
1.0856
1.63661
1.98909
1.96683
1.77582
1.30217
1.00296
0.770768
0.86387
1.11272
1.71982
2.52699
3.66229
4.77524
5.50562
5.95949
5.92871
5.58951
4.69511
3.52102
1.90756
0.49597
-0.868248
-1.81808
-2.59999
-2.92268
-3.01988
-2.70566
-2.49929
-2.92941
-3.82214
-5.46535
-7.56717
-10.4549
-13.7075
-17.536
-21.0871
-24.5759
-27.575
-30.4223
-32.8129
-35.054
-36.9686
-39.1457
-42.1732
-45.8776
-50.561
-55.9467
-62.3804
-69.5221
-77.6549
-86.1513
-95.344
-105.006
-115.6
-126.942
-139.364
-152.417
-166.298
-180.301
-190.932
-194.983
-187.592
-161.331
-108.784
7.19267
3.66791
0.601441
-1.80645
-3.5533
-4.61377
-5.10092
-5.1173
-4.897
-4.66024
-4.47791
-4.41852
-4.46416
-4.63366
-4.85993
-5.10281
-5.22514
-5.18831
-4.9348
-4.4833
-3.82285
-3.00017
-2.05297
-1.10115
-0.263831
0.423012
0.916192
1.22772
1.34191
1.31328
1.18072
1.07476
1.04227
1.15689
1.41732
1.85415
2.42949
3.10927
3.75474
4.22174
4.46135
4.41192
4.08168
3.44413
2.57043
1.5128
0.452881
-0.545184
-1.37854
-2.05145
-2.52169
-2.84641
-3.07635
-3.4149
-4.06974
-5.10243
-6.58985
-8.50232
-10.8623
-13.5569
-16.5111
-19.4854
-22.4061
-25.1611
-27.777
-30.2275
-32.6009
-34.974
-37.5867
-40.6796
-44.3328
-48.6411
-53.5953
-59.2464
-65.5308
-72.4366
-79.8168
-87.6707
-95.9489
-104.69
-113.809
-123.202
-132.526
-141.298
-148.474
-152.092
-149.819
-138.896
-116.596
-82.1455
6.82395
4.13825
1.75324
-0.21974
-1.73717
-2.7941
-3.44116
-3.7596
-3.8691
-3.88539
-3.88171
-3.90502
-3.96921
-4.0749
-4.19538
-4.29404
-4.31588
-4.22466
-3.99438
-3.62266
-3.11612
-2.50194
-1.81998
-1.13219
-0.500065
0.0377065
0.455721
0.748841
0.920978
0.998659
1.01922
1.039
1.10015
1.23817
1.46609
1.78722
2.17974
2.60376
2.98931
3.26335
3.37744
3.29745
3.01428
2.53109
1.88256
1.11919
0.318569
-0.461456
-1.17221
-1.7969
-2.33243
-2.81161
-3.29285
-3.87728
-4.66825
-5.7302
-7.10462
-8.7954
-10.7901
-13.0349
-15.4596
-17.9634
-20.4772
-22.9496
-25.3722
-27.7552
-30.1503
-32.6366
-35.3385
-38.3812
-41.8468
-45.7934
-50.2424
-55.2024
-60.6469
-66.5368
-72.8023
-79.3881
-86.2264
-93.2392
-100.285
-107.14
-113.432
-118.598
-121.771
-121.736
-117.111
-106.58
-89.3563
-66.0571
6.22375
4.17668
2.31284
0.712157
-0.582894
-1.56337
-2.25331
-2.70144
-2.97405
-3.13794
-3.24526
-3.33128
-3.41308
-3.49345
-3.56081
-3.59445
-3.56797
-3.45981
-3.25617
-2.95467
-2.5629
-2.09983
-1.5939
-1.08156
-0.598932
-0.173636
0.176626
0.445707
0.637605
0.767854
0.860425
0.945246
1.04893
1.1916
1.38229
1.61911
1.8863
2.15534
2.38614
2.53699
2.57476
2.47736
2.23673
1.85799
1.36194
0.781137
0.156546
-0.475502
-1.08777
-1.6687
-2.22219
-2.7717
-3.35859
-4.04002
-4.87429
-5.90569
-7.16148
-8.64841
-10.3554
-12.2513
-14.2917
-16.4241
-18.6055
-20.807
-23.0218
-25.2627
-27.5655
-29.986
-32.5967
-35.4706
-38.6652
-42.2193
-46.1504
-50.4575
-55.1184
-60.0931
-65.3231
-70.7383
-76.2492
-81.737
-87.031
-91.8866
-95.9561
-98.7642
-99.6879
-97.9842
-92.9079
-83.8994
-70.8635
-54.504
5.51904
3.95229
2.49454
1.20507
0.119539
-0.749818
-1.41244
-1.89483
-2.23435
-2.47069
-2.63823
-2.76231
-2.85772
-2.92938
-2.97348
-2.98006
-2.93634
-2.83107
-2.65749
-2.41528
-2.11098
-1.75805
-1.37568
-0.986738
-0.613842
-0.275517
0.0158588
0.255159
0.444469
0.592779
0.714281
0.825844
0.943073
1.07739
1.2336
1.40882
1.59176
1.76352
1.89971
1.97508
1.96837
1.86516
1.65975
1.35557
0.965141
0.507953
0.00711014
-0.516153
-1.04654
-1.57811
-2.11571
-2.67599
-3.28614
-3.98061
-4.79437
-5.75588
-6.88329
-8.1823
-9.64628
-11.2571
-12.9888
-14.8121
-16.702
-18.6428
-20.6314
-22.6784
-24.8086
-27.0587
-29.4729
-32.0956
-34.9631
-38.0995
-41.514
-45.2002
-49.135
-53.2786
-57.5743
-61.9476
-66.302
-70.5105
-74.4046
-77.7614
-80.2926
-81.64
-81.3848
-79.0866
-74.3651
-67.017
-57.1551
-45.3271
4.77166
3.57102
2.43403
1.40441
0.510785
-0.233861
-0.831025
-1.29385
-1.64313
-1.90242
-2.09373
-2.23456
-2.33648
-2.40496
-2.44009
-2.43806
-2.39327
-2.30065
-2.1576
-1.96527
-1.72909
-1.45865
-1.16694
-0.868825
-0.578993
-0.309826
-0.0699551
0.136554
0.310328
0.456264
0.582403
0.698234
0.812564
0.931599
1.05746
1.18732
1.31325
1.42284
1.50076
1.53128
1.50084
1.40005
1.22492
0.977286
0.664401
0.297574
-0.110087
-0.546585
-1.00366
-1.47884
-1.97659
-2.5085
-3.09229
-3.74945
-4.50168
-5.36717
-6.35798
-7.47857
-8.72562
-10.089
-11.5538
-13.1039
-14.7253
-16.4096
-18.1565
-19.974
-21.8789
-23.8947
-26.0488
-28.3678
-30.8735
-33.5788
-36.486
-39.5845
-42.8503
-46.2447
-49.7131
-53.1838
-56.5641
-59.7362
-62.5511
-64.8241
-66.3328
-66.8225
-66.0219
-63.6772
-59.604
-53.7535
-46.2778
-37.5667
4.01311
3.09766
2.21843
1.40743
0.686999
0.0691996
-0.443585
-0.856961
-1.18206
-1.43266
-1.62254
-1.76348
-1.86404
-1.92925
-1.96089
-1.95834
-1.91978
-1.84357
-1.72942
-1.57918
-1.39729
-1.19068
-0.968217
-0.739825
-0.515239
-0.30282
-0.108614
0.0641882
0.21536
0.347327
0.464426
0.571835
0.674312
0.775009
0.874545
0.970481
1.05726
1.12671
1.16901
1.17418
1.13352
1.04087
0.893388
0.691829
0.440199
0.144852
-0.186912
-0.548547
-0.935859
-1.34826
-1.78947
-2.26751
-2.79399
-3.3826
-4.04711
-4.79923
-5.64704
-6.59397
-7.63872
-8.77589
-9.99734
-11.2942
-12.659
-14.0877
-15.581
-17.145
-18.7906
-20.5328
-22.3882
-24.3725
-26.4975
-28.7687
-31.1835
-33.7291
-36.3816
-39.1051
-41.8497
-44.551
-47.1272
-49.4773
-51.479
-52.9881
-53.8411
-53.8631
-52.8829
-50.757
-47.4021
-42.8306
-37.1794
-30.7196
3.25909
2.57167
1.90412
1.27955
0.714924
0.220516
-0.199837
-0.547753
-0.828829
-1.05092
-1.22246
-1.35117
-1.44315
-1.50255
-1.53162
-1.53116
-1.50123
-1.44188
-1.35393
-1.23942
-1.10188
-0.946315
-0.77885
-0.606169
-0.434808
-0.270444
-0.117326
0.0220778
0.147142
0.258878
0.359467
0.45159
0.537663
0.619118
0.695835
0.765824
0.825223
0.868623
0.889694
0.882024
0.839999
0.759548
0.638628
0.477363
0.277822
0.0434371
-0.221869
-0.514687
-0.833089
-1.17738
-1.55049
-1.95796
-2.40742
-2.90768
-3.46759
-4.09475
-4.79458
-5.56974
-6.42
-7.34269
-8.33355
-9.3879
-10.502
-11.674
-12.9051
-14.1996
-15.5646
-17.0092
-18.5433
-20.1757
-21.912
-23.7531
-25.6937
-27.7207
-29.812
-31.936
-34.05
-36.0994
-38.0169
-39.7211
-41.1172
-42.0978
-42.547
-42.348
-41.3944
-39.6071
-36.9527
-33.4627
-29.2457
-24.488
2.51636
2.01687
1.52772
1.06515
0.641539
0.264985
-0.0606132
-0.335017
-0.560777
-0.742193
-0.884298
-0.991993
-1.06945
-1.1198
-1.14514
-1.14672
-1.12531
-1.08169
-1.017
-0.933116
-0.832739
-0.719416
-0.597327
-0.470951
-0.344645
-0.222231
-0.10665
0.000246898
0.0977375
0.186098
0.266311
0.339658
0.407261
0.469645
0.5264
0.575999
0.615802
0.642268
0.651332
0.638899
0.601366
0.536056
0.441508
0.317552
0.165158
-0.0139211
-0.217679
-0.444457
-0.693514
-0.965468
-1.26252
-1.58842
-1.94815
-2.34736
-2.7917
-3.28609
-3.83415
-4.43785
-5.09746
-5.81181
-6.57879
-7.39609
-8.26191
-9.17567
-10.1384
-11.1531
-12.2242
-13.3571
-14.5574
-15.8296
-17.1759
-18.5947
-20.0801
-21.6199
-23.1958
-24.7817
-26.3435
-27.8383
-29.2139
-30.4091
-31.3542
-31.9731
-32.1869
-31.9196
-31.1068
-29.7059
-27.7067
-25.1417
-22.0906
-18.6792
1.78624
1.44709
1.11294
0.794523
0.500267
0.235956
0.0047643
-0.192462
-0.356715
-0.490221
-0.595837
-0.676519
-0.734935
-0.773248
-0.793069
-0.795551
-0.781581
-0.75202
-0.707935
-0.650775
-0.58246
-0.505366
-0.422212
-0.335869
-0.249123
-0.16443
-0.0837262
-0.00830427
0.0612093
0.124773
0.182758
0.23571
0.284081
0.327979
0.366968
0.399972
0.425277
0.440659
0.443606
0.431598
0.402406
0.354338
0.286404
0.198354
0.0905816
-0.036083
-0.180685
-0.34249
-0.521311
-0.717757
-0.933354
-1.17052
-1.43237
-1.7224
-2.04408
-2.40049
-2.79393
-3.22578
-3.69643
-4.20546
-4.75192
-5.33473
-5.95314
-6.60706
-7.29733
-8.02577
-8.79505
-9.60823
-10.4683
-11.3772
-12.3355
-13.3409
-14.388
-15.4676
-16.5654
-17.6624
-18.7338
-19.7488
-20.6708
-21.4573
-22.0612
-22.4321
-22.5196
-22.2769
-21.6665
-20.6664
-19.2759
-17.5206
-15.4547
-13.1586
1.06695
0.870188
0.675551
0.489172
0.315934
0.159298
0.0212998
-0.0973176
-0.196852
-0.278334
-0.343204
-0.39303
-0.42929
-0.453242
-0.465887
-0.468001
-0.460227
-0.443193
-0.417622
-0.384427
-0.344753
-0.299971
-0.251618
-0.201301
-0.150574
-0.100817
-0.0531309
-0.00828177
0.0333137
0.0715445
0.106515
0.138419
0.167406
0.193442
0.216219
0.235094
0.249104
0.257022
0.25748
0.24911
0.230695
0.201298
0.160342
0.107628
0.0432866
-0.0323365
-0.118839
-0.215938
-0.323643
-0.442376
-0.573035
-0.716975
-0.875908
-1.05174
-1.24636
-1.46144
-1.69829
-1.95771
-2.24
-2.54507
-2.87254
-3.22198
-3.59309
-3.98595
-4.40107
-4.83946
-5.30249
-5.79171
-6.30848
-6.85363
-7.42692
-8.02665
-8.64919
-9.28853
-9.93597
-10.5798
-11.205
-11.7931
-12.3225
-12.7684
-13.1034
-13.2991
-13.3275
-13.1634
-12.7873
-12.189
-11.3701
-10.3468
-9.15017
-7.82512
-1380.87
-1408.39
-1436.31
-1464.52
-1492.96
-1521.52
-1550.15
-1578.78
-1607.35
-1635.82
-1664.14
-1692.29
-1720.25
-1747.99
-1775.51
-1802.8
-1829.86
-1856.69
-1883.3
-1909.7
-1935.91
-1961.94
-1987.82
-2013.57
-2039.21
-2064.76
-2090.25
-2115.7
-2141.13
-2166.56
-2192
-2217.48
-2243
-2268.58
-2294.24
-2319.97
-2345.8
-2371.72
-2397.75
-2423.87
-2450.1
-2476.41
-2502.79
-2529.23
-2555.7
-2582.17
-2608.61
-2634.97
-2661.21
-2687.28
-2713.12
-2738.68
-2763.88
-2788.66
-2812.93
-2836.61
-2859.58
-2881.75
-2902.99
-2923.17
-2942.16
-2959.79
-2975.91
-2990.34
-3002.9
-3013.41
-3021.65
-3027.42
-3030.48
-3030.6
-3027.53
-3021
-3010.73
-2996.43
-2977.81
-2954.57
-2926.4
-2893.01
-2854.14
-2809.53
-2758.97
-2702.31
-2639.46
-2570.39
-2495.18
-2414.02
-2327.16
-2235
-2138.02
-2036.77
806.624
432.008
274.062
192.807
144.392
112.31
89.3097
71.7871
57.7703
46.0927
36.0171
27.0492
18.838
11.1185
3.67629
160.641
219.508
190.536
154.146
123.9
100.255
81.6538
66.654
54.2019
43.5609
34.214
25.788
18.0039
10.6425
3.5215
11.3402
94.8416
114.427
109.339
96.8058
83.1559
70.3954
58.9727
48.8216
39.7347
31.4894
23.8847
16.747
9.92606
3.28866
-26.7504
34.0903
62.9921
71.9744
70.828
65.1664
57.7984
50.0191
42.3765
35.0664
28.1239
21.5141
15.173
9.026
2.99571
-36.1898
5.2778
31.4758
44.7384
49.3645
48.8825
45.612
40.9283
35.5985
30.03
24.4255
18.8747
13.4047
8.00914
2.66385
-36.9625
-8.26482
12.8948
26.1385
33.0086
35.3865
34.8382
32.483
29.059
25.0291
20.6732
16.1542
11.5618
6.94195
2.31438
-34.6928
-14.2691
2.22947
13.9118
21.1446
24.8162
25.8709
25.1062
23.1249
20.3539
17.084
13.5068
9.74646
5.88238
1.96606
-31.2341
-16.3481
-3.61977
6.13441
12.8414
16.8625
18.7227
18.9458
17.9801
16.1777
13.8017
11.0424
8.03476
4.875
1.63356
-27.2871
-16.2695
-6.49504
1.40395
7.2238
11.0694
13.2112
13.9741
13.6717
12.5749
10.9028
8.82612
6.47513
3.94927
1.32672
-23.1437
-14.9479
-7.49507
-1.24761
3.58016
6.98008
9.07827
10.0674
10.1577
9.54712
8.40826
6.88409
5.0903
3.12017
1.05073
-18.9317
-12.8834
-7.28996
-2.47969
1.36418
4.19223
6.05422
7.05956
7.3442
7.04754
6.29891
5.21159
3.88173
2.3903
0.806733
-14.7065
-10.3641
-6.30168
-2.7454
0.163961
2.37042
3.88675
4.77231
5.11201
4.99988
4.52821
3.78159
2.8347
1.7526
0.592657
-10.4898
-7.56482
-4.8073
-2.36421
-0.333411
1.23868
2.34999
3.03086
3.33158
3.3117
3.03241
2.55183
1.92284
1.19271
0.403969
-6.28686
-4.59809
-2.99849
-1.57074
-0.372109
0.567686
1.2436
1.66952
1.87169
1.88288
1.73784
1.47043
1.11209
0.691405
0.234438
-1921.38
-1791.29
-1658.12
-1522.96
-1386.76
-1250.32
-1114.27
-979.072
-844.999
-712.185
-580.636
-450.254
-320.857
-192.205
-64.016
)
;

boundaryField
{
    hot
    {
        type            calculated;
        value           nonuniform List<scalar> 
120
(
1001.07
-0.20868
-0.350927
-0.497519
-0.649512
-0.80722
-0.969936
-1.13571
-1.3011
-1.46112
-1.60931
-1.73817
-1.83988
-1.90737
-1.93545
-1.9262
-1.88649
-1.8207
-1.73252
-1.6266
-1.50802
-1.38187
-1.25282
-1.1249
-1.00131
-0.884434
-0.775881
-0.676575
-0.586888
-0.506768
-0.435853
-0.37358
-0.319259
-0.272144
-0.231474
-0.196512
-0.166559
-0.140972
-0.119167
-0.100622
-0.0848756
-0.0715222
-0.0602087
-0.0506293
-0.0425199
-0.0356535
-0.0298355
-0.0248989
-0.020701
-0.0171192
-0.0140483
-0.0113976
-0.00908858
-0.00705233
-0.00522801
-0.00356092
-0.00200098
-0.00050124
0.000983476
0.00249791
0.0040877
0.00580072
0.00768846
0.0098076
0.0122216
0.0150024
0.018233
0.0220089
0.0264414
0.0316606
0.0378184
0.0450925
0.0536912
0.0638574
0.0758749
0.0900735
0.106835
0.126601
0.149876
0.177235
0.209326
0.246873
0.290669
0.341572
0.400484
0.468324
0.545983
0.634265
0.733803
0.844948
0.967648
1.10129
1.24455
1.39522
1.55016
1.70514
1.85504
1.99393
2.11555
2.21376
2.28317
2.31978
2.32149
2.28834
2.22249
2.11558
1.96924
1.80032
1.61885
1.43357
1.25127
1.07672
0.91278
0.760709
0.620532
0.491386
0.371801
0.259926
0.153677
-1009.36
)
;
    }
    cold
    {
        type            calculated;
        value           nonuniform List<scalar> 
120
(
6.35893
-0.064022
-0.106065
-0.147097
-0.18661
-0.224005
-0.258587
-0.289573
-0.31612
-0.337385
-0.3526
-0.361168
-0.362763
-0.357413
-0.345545
-0.329836
-0.311935
-0.291529
-0.269408
-0.24635
-0.223068
-0.200175
-0.178165
-0.157407
-0.138151
-0.120539
-0.104627
-0.0904018
-0.0777991
-0.0667201
-0.057045
-0.0486436
-0.0413833
-0.0351343
-0.0297741
-0.0251889
-0.0212754
-0.0179409
-0.0151029
-0.0126889
-0.0106354
-0.00888705
-0.00739591
-0.00612029
-0.00502404
-0.00407572
-0.00324786
-0.00251628
-0.00185944
-0.00125788
-0.000693678
-0.000149969
0.000389571
0.000941183
0.0015215
0.00214805
0.00283976
0.00361755
0.00450492
0.0055287
0.00671978
0.00811412
0.00975376
0.011688
0.0139751
0.0166836
0.0198947
0.0237042
0.0282257
0.0335933
0.0399656
0.04753
0.0565078
0.0671594
0.0797917
0.0947645
0.1125
0.133489
0.158307
0.187616
0.22218
0.262876
0.310697
0.366761
0.432309
0.508697
0.59738
0.699872
0.817693
0.952287
1.1049
1.27644
1.46725
1.67691
1.90391
2.14543
2.39704
2.65253
2.90384
3.14127
3.35388
3.53025
3.65952
3.73254
3.74312
3.67629
3.5215
3.28866
2.99571
2.66385
2.31438
1.96606
1.63356
1.32672
1.05073
0.806733
0.592657
0.403969
0.234438
-64.016
)
;
    }
    interface_left
    {
        type            calculated;
        value           nonuniform List<scalar> 
90
(
-336.081
-114.239
-45.9723
-22.1402
-12.4513
-7.84884
-5.34647
-3.83688
-2.85463
-2.17958
-1.69653
-1.34011
-1.07078
-0.863393
-0.701253
-0.57292
-0.470317
-0.387603
-0.320463
-0.265655
-0.2207
-0.18368
-0.153094
-0.12775
-0.1067
-0.0891803
-0.074571
-0.0623681
-0.0521587
-0.0436032
-0.0364208
-0.0303789
-0.0252837
-0.0209734
-0.0173118
-0.0141844
-0.0114935
-0.00915581
-0.00709895
-0.00525961
-0.00358129
-0.00201258
-0.000505453
0.000986139
0.00250777
0.00410594
0.00582952
0.00773129
0.00986959
0.0123102
0.0151283
0.0184112
0.0222608
0.0267973
0.0321633
0.0385281
0.0460946
0.0551059
0.0658548
0.0786948
0.0940547
0.112456
0.134538
0.161084
0.193063
0.231684
0.278459
0.335307
0.404678
0.489749
0.594689
0.725057
0.88841
1.09524
1.36046
1.70594
2.16483
2.78951
3.66723
4.95295
6.94554
10.2833
16.5009
29.7768
62.885
158.802
473.013
471.586
152.623
42.6259
)
;
    }
    interface_right
    {
        type            calculated;
        value           nonuniform List<scalar> 
90
(
-19.3354
-7.25359
-3.30088
-1.79625
-1.11809
-0.760982
-0.548536
-0.410642
-0.315538
-0.247062
-0.196183
-0.157469
-0.127464
-0.103867
-0.0850914
-0.0700109
-0.0578039
-0.0478597
-0.0397157
-0.0330161
-0.0274838
-0.0229002
-0.0190913
-0.0159176
-0.0132659
-0.011044
-0.0091765
-0.00760092
-0.00626548
-0.00512685
-0.00414851
-0.00329936
-0.00255268
-0.00188511
-0.00127589
-0.000706209
-0.000158517
0.00038398
0.000937878
0.00152009
0.00214836
0.00284183
0.00362162
0.00451149
0.00553855
0.00673411
0.00813464
0.00978293
0.0117294
0.0140336
0.0167662
0.0200114
0.023869
0.0284583
0.0339216
0.0404292
0.0481845
0.0574318
0.068464
0.0816333
0.0973645
0.11617
0.138672
0.165624
0.197947
0.236768
0.283476
0.33979
0.407855
0.490366
0.590745
0.713378
0.86396
1.04999
1.28151
1.57219
1.94111
2.41546
3.03529
3.86148
4.99071
6.58444
8.93049
12.5855
18.7406
30.2624
54.9576
116.679
295.619
881.681
)
;
    }
    interface_top
    {
        type            calculated;
        value           nonuniform List<scalar> 
90
(
-48.3536
44.1266
-72.0305
7.02065
-60.2179
-2.72399
-50.8961
-14.5075
18.9659
-23.7881
18.1274
-24.4201
20.1173
-25.8841
22.5526
-40.6581
5.25213
-34.65
2.65868
-28.9156
1.93835
-25.019
-3.07735
18.5819
-7.84054
21.6158
-8.05351
26.4657
-9.82284
31.7086
-25.2387
17.8369
-23.4734
14.7574
-21.0026
12.8288
-19.6445
5.51907
31.2139
-1.78316
35.0254
-4.18256
41.0567
-9.47195
47.019
-34.2035
25.5554
-34.7774
18.8985
-34.3881
13.4912
-35.9028
-0.483426
35.8283
-15.7156
36.6222
-24.0778
38.8598
-36.0332
39.2891
-71.3044
4.33752
-72.6246
-8.79358
-73.631
-20.1451
-77.4514
-40.7477
-4.74816
-62.3101
-12.4403
-76.5914
-19.9825
-94.4874
-30.4641
-132.44
-70.6098
-145.924
-94.4315
-167.487
-122.335
-214.337
-186.235
-153.367
-365.152
-367.481
-431.12
-572.949
-892.786
-1731.05
)
;
    }
    interface_bottom
    {
        type            calculated;
        value           nonuniform List<scalar> 
90
(
403.461
155.166
125.013
53.9856
77.4025
36.5053
59.0147
34.9062
13.8694
36.05
12.3959
34.2081
11.236
33.637
11.2424
38.7864
20.2829
34.4167
22.6183
29.73
23.1706
25.8044
23.2611
22.3599
22.4239
24.3102
20.5171
26.3338
17.6339
28.1892
10.628
24.1668
8.76995
23.1208
7.27522
22.136
5.07347
17.4837
31.2221
11.6422
33.1093
7.8996
35.3083
2.75616
36.5279
-10.945
23.8938
-9.42327
21.8637
-8.23193
20.6086
-9.08583
13.2618
36.8423
4.34458
39.1225
-0.409148
41.9723
-6.94891
43.4638
-25.7615
25.0475
-22.4595
22.3138
-20.0951
20.5323
-20.7591
10.324
42.8628
-1.79599
45.9377
-8.0416
50.4332
-17.0507
54.2185
-47.2209
26.7901
-47.3058
19.6926
-49.9495
11.77
-59.1648
-12.8876
35.6918
-61.5179
-7.24331
59.9671
-139.897
-85.2193
-70.6957
)
;
    }
    defaultFaces
    {
        type            empty;
    }
}


// ************************************************************************* //
