/*--------------------------------*- C++ -*----------------------------------*\
| =========                 |                                                 |
| \\      /  F ield         | OpenFOAM: The Open Source CFD Toolbox           |
|  \\    /   O peration     | Version:  5.x                                   |
|   \\  /    A nd           | Web:      www.OpenFOAM.org                      |
|    \\/     M anipulation  |                                                 |
\*---------------------------------------------------------------------------*/
FoamFile
{
    version     2.0;
    format      ascii;
    class       volScalarField;
    location    "14.8";
    object      T;
}
// * * * * * * * * * * * * * * * * * * * * * * * * * * * * * * * * * * * * * //

dimensions      [0 0 0 1 0 0 0];

internalField   nonuniform List<scalar> 
6300
(
10.0114
10.0355
10.0638
10.0989
10.1433
10.1996
10.2699
10.3561
10.4596
10.5816
10.7225
10.8821
11.0594
11.253
11.4607
10.01
10.0314
10.057
10.0894
10.1315
10.1856
10.254
10.3386
10.4412
10.5627
10.7038
10.8642
11.0431
11.2389
11.4493
10.0072
10.0231
10.0432
10.0705
10.1076
10.1572
10.2217
10.3033
10.4037
10.5242
10.6656
10.8278
11.0099
11.2101
11.4261
10.003
10.0104
10.0223
10.0416
10.0712
10.1139
10.1724
10.249
10.346
10.4649
10.6066
10.7714
10.9583
11.1656
11.3904
9.99725
9.99331
9.994
10.0024
10.0217
10.0548
10.1048
10.1745
10.2663
10.3826
10.5245
10.6927
10.8864
11.1036
11.3409
9.98998
9.97156
9.95795
9.95241
9.95826
9.97883
10.0175
10.0776
10.1623
10.2745
10.4161
10.5884
10.7909
11.0215
11.2759
9.98111
9.94497
9.91381
9.891
9.88008
9.88472
9.90876
9.95616
10.0309
10.1368
10.277
10.4537
10.6672
10.9153
11.1929
9.97059
9.91342
9.86129
9.81769
9.78632
9.77119
9.77661
9.8073
9.86829
9.96471
10.1014
10.2822
10.5089
10.7797
11.0882
9.9584
9.87683
9.80023
9.73212
9.67632
9.63706
9.61916
9.62812
9.67019
9.75229
9.88163
10.0649
10.3064
10.6062
10.9566
9.94456
9.83525
9.73067
9.63424
9.54975
9.48155
9.43482
9.4158
9.43203
9.49258
9.60791
9.78909
10.0457
10.3819
10.7901
9.92917
9.78892
9.65296
9.52441
9.40685
9.30454
9.22275
9.16817
9.14951
9.17805
9.26827
9.43778
9.70546
10.0856
10.5754
9.91238
9.7383
9.56781
9.40358
9.24869
9.107
8.98343
8.88462
8.81974
8.80179
8.8493
8.98823
9.25265
9.67951
10.2872
9.89441
9.68409
9.47641
9.27337
9.07733
8.89131
8.71933
8.56709
8.44301
8.36004
8.33887
8.41316
8.63732
9.09254
9.86804
9.87558
9.62722
9.38037
9.13615
8.89594
8.66155
8.43546
8.22138
8.02512
7.85646
7.73293
7.68817
7.79087
8.18522
9.15356
9.85626
9.56886
9.28168
8.99489
8.70872
8.42346
8.13957
7.85782
7.57962
7.30773
7.04817
6.81569
6.65271
6.70385
7.55067
11.6614
11.8497
12.0421
12.2365
12.4312
12.6243
12.8143
12.9998
13.1793
13.352
13.5169
13.6732
13.8205
13.9581
14.0859
14.2034
14.3105
14.407
14.4929
14.5682
14.6328
14.6868
14.7303
14.7632
14.7858
14.7982
14.8005
14.7928
14.7754
14.7483
14.7117
14.6659
14.611
14.5471
14.4744
14.393
14.3032
14.2051
14.0989
13.9846
13.8625
13.7328
13.5955
13.4509
13.2992
13.1404
12.9749
12.8027
12.624
12.4389
12.2476
12.0503
11.8469
11.6377
11.4229
11.2024
10.9765
10.7454
10.5092
10.2681
10.0223
9.77202
9.51751
9.25898
8.99668
8.73084
8.46175
8.18969
7.91499
7.63801
7.35915
7.07888
6.79769
6.51616
6.23489
5.95456
5.67585
5.39949
5.12623
4.85681
4.59195
4.33238
4.07876
3.83172
3.59183
3.35957
3.13537
2.91952
2.71224
2.51362
11.6528
11.8439
12.039
12.2361
12.4333
12.6287
12.8208
13.008
13.1891
13.3631
13.529
13.6862
13.8341
13.9723
14.1004
14.2182
14.3255
14.4221
14.5081
14.5834
14.648
14.7019
14.7452
14.778
14.8004
14.8126
14.8146
14.8067
14.789
14.7617
14.7249
14.6789
14.6237
14.5595
14.4866
14.4051
14.315
14.2167
14.1102
13.9957
13.8734
13.7434
13.6059
13.461
13.309
13.1501
12.9843
12.8119
12.633
12.4477
12.2563
12.0587
11.8552
11.6458
11.4307
11.2101
10.9839
10.7526
10.5161
10.2747
10.0286
9.77802
9.52318
9.26431
9.00164
8.73542
8.46591
8.19339
7.91817
7.64061
7.3611
7.0801
6.7981
6.51569
6.23347
5.95214
5.67239
5.39497
5.12064
4.85016
4.58429
4.32374
4.06922
3.82137
3.58078
3.34794
3.12329
2.90715
2.69973
2.50114
11.6355
11.8321
12.0328
12.2354
12.4378
12.6379
12.8342
13.025
13.2091
13.3856
13.5536
13.7125
13.8617
14.0008
14.1297
14.248
14.3556
14.4525
14.5386
14.6138
14.6783
14.732
14.775
14.8075
14.8296
14.8413
14.843
14.8346
14.8164
14.7886
14.7513
14.7048
14.6491
14.5845
14.5111
14.4291
14.3386
14.2399
14.1329
14.0179
13.8951
13.7646
13.6266
13.4813
13.3288
13.1694
13.0031
12.8303
12.651
12.4653
12.2735
12.0756
11.8717
11.662
11.4465
11.2254
10.9988
10.7669
10.5299
10.2879
10.0412
9.79003
9.53453
9.27498
9.0116
8.74462
8.47429
8.20087
7.92464
7.64593
7.36512
7.08265
6.79903
6.51484
6.23072
5.94735
5.6655
5.38593
5.10944
4.83683
4.56889
4.30638
4.05004
3.80054
3.55851
3.32448
3.09893
2.88218
2.67449
2.47594
11.6089
11.8144
12.0239
12.235
12.4453
12.6526
12.8552
13.0514
13.24
13.4202
13.5912
13.7524
13.9035
14.044
14.1739
14.293
14.4011
14.4983
14.5844
14.6596
14.7239
14.7773
14.8199
14.8519
14.8734
14.8845
14.8855
14.8764
14.8575
14.8289
14.7909
14.7436
14.6872
14.6219
14.5478
14.4652
14.374
14.2746
14.167
14.0513
13.9278
13.7966
13.6578
13.5117
13.3585
13.1983
13.0313
12.8578
12.6779
12.4917
12.2993
12.1009
11.8965
11.6863
11.4702
11.2485
11.0212
10.7886
10.5507
10.3079
10.0602
9.80808
9.5516
9.29105
9.02662
8.75855
8.48703
8.21228
7.93456
7.65416
7.37142
7.08677
6.8007
6.51382
6.22678
5.94032
5.65524
5.37238
5.09258
4.81671
4.5456
4.28009
4.02094
3.76891
3.52466
3.28879
3.06182
2.84415
2.63603
2.43758
11.5726
11.7906
12.0126
12.2357
12.457
12.6741
12.8851
13.0885
13.283
13.468
13.6427
13.8069
13.9602
14.1025
14.2336
14.3536
14.4623
14.5597
14.6459
14.721
14.7849
14.8379
14.8799
14.9112
14.9319
14.9422
14.9422
14.9322
14.9123
14.8827
14.8437
14.7954
14.738
14.6718
14.5968
14.5132
14.4212
14.3209
14.2124
14.0958
13.9713
13.8391
13.6994
13.5522
13.3979
13.2367
13.0688
12.8944
12.7137
12.5267
12.3337
12.1346
11.9296
11.7187
11.502
11.2794
11.0513
10.8176
10.5786
10.3346
10.0857
9.83221
9.57443
9.31256
9.04679
8.77732
8.50429
8.22788
7.94826
7.66566
7.38038
7.09282
6.80347
6.51293
6.22191
5.93123
5.64173
5.35435
5.07001
4.78966
4.51421
4.24456
3.98156
3.72601
3.47868
3.24025
3.0113
2.79232
2.58361
2.38531
11.5257
11.7608
11.9998
12.2389
12.4746
12.7043
12.926
13.1381
13.3398
13.5303
13.7094
13.8769
14.0327
14.1769
14.3093
14.4302
14.5395
14.6372
14.7234
14.7982
14.8617
14.914
14.9553
14.9857
15.0053
15.0145
15.0133
15.002
14.9808
14.9499
14.9096
14.86
14.8014
14.734
14.6579
14.5732
14.4802
14.3788
14.2692
14.1516
14.0259
13.8924
13.7513
13.6028
13.4472
13.2847
13.1155
12.94
12.7582
12.5704
12.3766
12.1768
11.9711
11.7595
11.5419
11.3184
11.0891
10.8541
10.6137
10.3681
10.1175
9.86245
9.60303
9.33955
9.07219
8.80109
8.52633
8.24798
7.96614
7.68092
7.39255
7.10136
6.80785
6.51264
6.21651
5.92033
5.62511
5.33186
5.04164
4.75549
4.47442
4.19941
3.93139
3.67125
3.41985
3.17799
2.94639
2.72565
2.51616
2.31811
11.4671
11.7253
11.9868
12.2467
12.5008
12.7461
12.9805
13.2028
13.4123
13.6089
13.7926
13.9635
14.1219
14.2678
14.4016
14.5234
14.6331
14.731
14.8171
14.8915
14.9544
15.0059
15.0461
15.0753
15.0937
15.1014
15.0988
15.0859
15.0631
15.0306
14.9886
14.9375
14.8774
14.8086
14.7311
14.6452
14.551
14.4484
14.3376
14.2186
14.0915
13.9565
13.8138
13.6636
13.5062
13.342
13.1713
12.9943
12.8114
12.6225
12.4279
12.2274
12.021
11.8086
11.5902
11.3656
11.1349
10.8983
10.6561
10.4085
10.1559
9.89876
9.63737
9.37202
9.10287
8.83001
8.55342
8.27303
7.98878
7.70062
7.40867
7.11317
6.81459
6.51361
6.21107
5.90801
5.60557
5.30494
5.00734
4.71393
4.42584
4.14413
3.86981
3.60385
3.34724
3.10092
2.86582
2.64273
2.43222
2.23454
11.3956
11.6848
11.9761
12.2627
12.5395
12.8033
13.0523
13.2856
13.5034
13.706
13.894
14.0681
14.2287
14.3763
14.5112
14.6336
14.7437
14.8416
14.9274
15.0013
15.0633
15.1137
15.1527
15.1805
15.1972
15.2032
15.1987
15.1839
15.1592
15.1247
15.0808
15.0277
14.9658
14.8953
14.8163
14.7291
14.6335
14.5297
14.4175
14.2971
14.1684
14.0316
13.8869
13.7345
13.5749
13.4086
13.2359
13.0572
12.8728
12.6829
12.4874
12.2863
12.0794
11.8664
11.6471
11.4213
11.1891
10.9506
10.706
10.4559
10.2008
9.94108
9.67732
9.40983
9.13879
8.86419
8.58588
8.30357
8.01693
7.72571
7.4298
7.12933
6.82473
6.51673
6.20631
5.89473
5.58335
5.27361
4.96694
4.66467
4.36803
4.07817
3.79614
3.52297
3.25976
3.00767
2.76792
2.54166
2.32976
2.13264
11.3097
11.6414
11.9721
12.2926
12.5969
12.8819
13.1464
13.3909
13.6163
13.824
14.0155
14.1918
14.3541
14.5028
14.6385
14.7615
14.8718
14.9696
15.0549
15.1279
15.1889
15.2379
15.2753
15.3013
15.3161
15.32
15.3133
15.2962
15.2691
15.2322
15.1858
15.1305
15.0665
14.9941
14.9134
14.8247
14.7278
14.6227
14.5093
14.3874
14.2569
14.1179
13.9707
13.8157
13.6533
13.4842
13.3089
13.1281
12.9421
12.751
12.5549
12.3535
12.1464
11.9332
11.7132
11.4863
11.2523
11.0114
10.7639
10.5105
10.252
9.98913
9.72252
9.45266
9.17972
8.90363
8.624
8.34023
8.0516
7.75747
7.4574
7.15136
6.8397
6.52324
6.20318
5.88108
5.55869
5.23781
4.92014
4.60723
4.30043
4.00089
3.70965
3.4277
3.15621
2.89661
2.65057
2.41987
2.206
2.0097
11.2085
11.5994
11.9827
12.3457
12.682
12.9897
13.2694
13.5234
13.7544
13.9653
14.1585
14.3359
14.4987
14.648
14.7841
14.9074
15.0177
15.1152
15.1999
15.2719
15.3314
15.3787
15.4141
15.4379
15.4505
15.452
15.4427
15.4229
15.3928
15.353
15.3038
15.2457
15.1791
15.1045
15.022
14.9318
14.8338
14.7277
14.6132
14.4898
14.3574
14.216
14.0657
13.9072
13.7411
13.5684
13.3899
13.2064
13.0184
12.8263
12.6299
12.4288
12.2223
12.0094
11.7893
11.5614
11.3253
11.0814
10.8301
10.5725
10.3095
10.0424
9.77231
9.49979
9.22511
8.94807
8.66798
8.38379
8.09412
7.79766
7.49354
7.18139
6.86152
6.53484
6.20291
5.86778
5.53181
5.19732
4.86644
4.54094
4.2223
3.91162
3.60972
3.31735
3.03552
2.76599
2.51111
2.27381
2.05692
1.86185
11.0917
11.5685
12.0223
12.4371
12.8084
13.1376
13.4293
13.6887
13.9214
14.132
14.3242
14.5006
14.6628
14.8119
14.9482
15.0717
15.1821
15.2792
15.363
15.4336
15.4912
15.5364
15.5694
15.5907
15.6006
15.5993
15.5871
15.564
15.5306
15.4872
15.4343
15.3728
15.3032
15.226
15.1415
15.05
14.9512
14.8446
14.7295
14.6051
14.4708
14.3265
14.1725
14.0095
13.8385
13.6607
13.4778
13.2909
13.1007
12.9076
12.7115
12.5117
12.307
12.0959
11.8765
11.6479
11.4096
11.1619
10.9055
10.6418
10.3727
10.1
9.82542
9.54992
9.27378
8.99676
8.71778
8.43513
8.1463
7.84881
7.54113
7.22245
6.89305
6.55392
6.20719
5.85561
5.50272
5.15156
4.80491
4.46473
4.13268
3.80962
3.49606
3.19175
2.89709
2.61421
2.34631
2.09833
1.87638
1.68334
10.9642
11.5706
12.1178
12.591
12.9951
13.3396
13.6355
13.8925
14.1198
14.325
14.5125
14.6856
14.8457
14.9941
15.1305
15.2546
15.3653
15.4622
15.5449
15.6137
15.6689
15.7114
15.7415
15.7598
15.7666
15.7623
15.7467
15.72
15.6825
15.6347
15.5772
15.5114
15.4379
15.3577
15.2711
15.1785
15.0795
14.9737
14.8592
14.7343
14.5983
14.4507
14.2922
14.1231
13.9453
13.7604
13.5714
13.3798
13.187
12.9931
12.7982
12.6013
12.4011
12.194
11.9768
11.7482
11.5073
11.2547
10.9911
10.7191
10.4407
10.1603
9.87968
9.60084
9.3236
9.04817
8.77273
8.49525
8.21082
7.91454
7.60445
7.27884
6.93849
6.58384
6.21836
5.84525
5.47106
5.09925
4.73401
4.37675
4.03002
3.69392
3.36901
3.05222
2.74164
2.44084
2.1528
1.88533
1.65419
1.4651
10.8496
11.6581
12.3197
12.8445
13.2676
13.6112
13.8978
14.139
14.3501
14.5434
14.7214
14.8891
15.0455
15.1934
15.3302
15.4568
15.5684
15.6655
15.7465
15.8131
15.865
15.904
15.9303
15.9451
15.9487
15.9412
15.9221
15.8916
15.8491
15.7959
15.732
15.6607
15.5821
15.4986
15.4092
15.316
15.2176
15.115
15.0038
14.8793
14.7424
14.5906
14.4268
14.249
14.0622
13.8658
13.6688
13.4703
13.2748
13.0797
12.8878
12.6957
12.5047
12.3066
12.0934
11.8663
11.6215
11.3634
11.0889
10.8052
10.5116
10.2208
9.93126
9.64935
9.37072
9.09948
8.83052
8.56529
8.29234
8.00008
7.69006
7.35636
7.00447
6.6293
6.24046
5.83638
5.43592
5.0374
4.6516
4.27353
3.91204
3.56207
3.23022
2.90371
2.57207
2.24908
1.92966
1.61999
1.37143
1.19195
10.8555
11.9568
12.7184
13.2444
13.6544
13.9646
14.2253
14.4286
14.6059
14.7835
14.9449
15.1087
15.2572
15.4085
15.5443
15.6805
15.792
15.8918
15.9689
16.0332
16.0798
16.1144
16.1358
16.1461
16.1467
16.1366
16.1136
16.0801
16.0309
15.9724
15.897
15.8206
15.7333
15.6476
15.5525
15.4608
15.3615
15.2686
15.1673
15.042
14.9077
14.7476
14.5816
14.3878
14.1926
13.9718
13.768
13.5561
13.3622
13.1613
12.9774
12.7885
12.6184
12.441
12.2296
12.0098
11.7546
11.4956
11.1995
10.9057
10.5783
10.2793
9.97177
9.69301
9.40706
9.14741
8.88283
8.64633
8.40155
8.11105
7.80969
7.45995
7.10388
6.69436
6.28443
5.82222
5.39789
4.95719
4.55798
4.14637
3.77743
3.40406
3.08371
2.76256
2.39001
2.05214
1.69247
1.26661
0.989172
0.837296
11.5034
12.7449
13.456
13.8112
14.1849
14.3894
14.6352
14.7557
14.8609
15.0468
15.1651
15.35
15.4649
15.6458
15.7578
15.9398
16.0323
16.1507
16.2096
16.2786
16.3114
16.344
16.3567
16.3612
16.3597
16.3503
16.3203
16.2912
16.2257
16.1729
16.0635
15.9959
15.8819
15.8102
15.6906
15.6163
15.4961
15.4341
15.3654
15.2173
15.1099
14.913
14.776
14.5286
14.3598
14.0532
13.879
13.6158
13.4593
13.2184
13.0742
12.854
12.7423
12.6244
12.3778
12.2039
11.8931
11.6812
11.3066
11.0545
10.6039
10.3498
9.97078
9.74691
9.40544
9.2023
8.89462
8.7392
8.57651
8.23758
7.99891
7.57255
7.28018
6.75994
6.4036
5.75344
5.38338
4.81716
4.48217
3.95773
3.64914
3.16968
2.93829
2.69539
2.15797
1.8866
1.55055
0.699487
0.426096
0.353479
2.30465
2.08895
1.88508
1.69246
1.51033
1.33785
1.1741
1.01813
0.868952
0.725609
0.587146
0.452631
0.321157
0.191837
0.0638033
2.29237
2.07708
1.87382
1.68194
1.50066
1.3291
1.16631
1.01131
0.863109
0.72072
0.58319
0.449584
0.318998
0.190549
0.0633752
2.26758
2.05317
1.85115
1.66079
1.48125
1.31157
1.15073
0.997691
0.851439
0.710966
0.575302
0.443513
0.314698
0.187984
0.0625228
2.22988
2.01685
1.81678
1.62881
1.45197
1.28518
1.12731
0.977275
0.833979
0.696393
0.563532
0.434463
0.308292
0.184165
0.0612539
2.17858
1.96756
1.77027
1.58569
1.41263
1.24984
1.09607
0.950102
0.810798
0.677085
0.547965
0.422508
0.299838
0.179128
0.0595809
2.11274
1.90451
1.71104
1.53103
1.363
1.20547
1.057
0.916255
0.782018
0.653177
0.528729
0.407759
0.289421
0.172926
0.0575217
2.03108
1.82666
1.63834
1.46436
1.30285
1.15202
1.01019
0.875893
0.74783
0.624867
0.506009
0.390373
0.277158
0.165632
0.0551008
1.93186
1.73268
1.55127
1.38519
1.23202
1.08954
0.955838
0.829286
0.708533
0.592445
0.480063
0.370559
0.263204
0.157339
0.05235
1.81277
1.62092
1.44885
1.2931
1.15048
1.01828
0.894322
0.776869
0.664561
0.556309
0.451231
0.348592
0.247758
0.148169
0.0493094
1.67067
1.48935
1.33009
1.18787
1.05851
0.938774
0.826287
0.719299
0.616524
0.516993
0.419957
0.324814
0.231063
0.138266
0.0460276
1.50132
1.33569
1.19428
1.06978
0.956887
0.852006
0.752741
0.657508
0.565235
0.475175
0.386783
0.299641
0.213411
0.127805
0.0425617
1.29903
1.1578
1.04153
0.940053
0.847248
0.75961
0.675155
0.592748
0.511727
0.431683
0.352354
0.273552
0.195133
0.116978
0.0389756
1.05678
0.954948
0.873985
0.801645
0.732431
0.664023
0.595511
0.526597
0.457233
0.387472
0.317393
0.247076
0.17659
0.105995
0.0353383
0.768891
0.731209
0.697805
0.660099
0.616799
0.56853
0.516263
0.460887
0.403132
0.343575
0.282667
0.220765
0.158155
0.095073
0.0317203
0.444049
0.503184
0.525917
0.52414
0.506128
0.47703
0.440116
0.39755
0.350829
0.301024
0.248931
0.195159
0.14019
0.0844201
0.02819
9.83849
9.51515
9.19084
8.86484
8.53626
8.20394
7.86635
7.52128
7.16542
6.7934
6.3956
5.9522
5.41307
4.61652
2.90478
9.82254
9.46698
9.10944
8.74841
8.38205
8.00803
7.62315
7.22282
6.8001
6.34371
5.83401
5.23365
4.46486
3.35447
1.52696
9.80705
9.4202
9.03046
8.63566
8.23316
7.81965
7.39066
6.93991
6.45814
5.93102
5.33537
4.63205
3.75385
2.59041
1.0008
9.7922
9.37541
8.955
8.52824
8.09192
7.64201
7.17327
6.67852
6.14765
5.56592
4.91149
4.15189
3.24091
2.12229
0.760755
9.77817
9.33315
8.88394
8.42746
7.96009
7.47745
6.97393
6.44222
5.87246
5.2513
4.56063
3.77684
2.87217
1.82284
0.6318
9.76509
9.29378
8.81793
8.33423
7.83888
7.32737
6.79417
6.23232
5.63297
4.98493
4.27444
3.48573
2.60388
1.62179
0.553233
9.75304
9.25756
8.75738
8.24908
7.72888
7.19235
6.6343
6.04845
5.42728
4.76194
4.04254
3.2593
2.40519
1.4808
0.500986
9.74206
9.22462
8.70245
8.17221
7.6302
7.07228
6.49373
5.88911
5.25227
4.57648
3.85497
3.08208
2.25529
1.3783
0.464125
9.73216
9.19495
8.65314
8.1035
7.54256
6.96654
6.37126
5.75214
5.10429
4.42276
3.70309
2.94228
2.14025
1.30161
0.437038
9.72331
9.16848
8.60926
8.04263
7.4654
6.87417
6.26533
5.63511
4.97969
4.29552
3.57977
2.8311
2.05064
1.24294
0.416548
9.71547
9.14505
8.57053
7.98913
7.39796
6.79402
6.17425
5.53558
4.87507
4.19021
3.47931
2.74201
1.97994
1.19724
0.400712
9.70857
9.12445
8.53658
7.94241
7.33937
6.72486
6.0963
5.4512
4.78734
4.10298
3.39717
2.6701
1.92357
1.16115
0.388272
9.70254
9.10647
8.507
7.90185
7.28875
6.66546
6.02982
5.37985
4.71386
4.03066
3.32978
2.61173
1.87822
1.13233
0.378377
9.69729
9.09086
8.48137
7.86682
7.24521
6.61463
5.9733
5.31962
4.65232
3.97061
3.27431
2.56407
1.84148
1.1091
0.370426
9.69275
9.07736
8.45926
7.83667
7.20789
6.57127
5.92535
5.26884
4.60079
3.92068
3.22853
2.525
1.81152
1.09025
0.363987
9.68885
9.06574
8.44025
7.81084
7.17601
6.53438
5.88474
5.22607
4.55764
3.87912
3.19064
2.49284
1.78698
1.07485
0.358738
9.68549
9.05577
8.42398
7.78876
7.14884
6.50306
5.85041
5.19006
4.52149
3.84448
3.15921
2.46629
1.76679
1.06222
0.354438
9.68262
9.04725
8.41008
7.76994
7.12574
6.47651
5.82141
5.15978
4.49121
3.81558
3.13309
2.4443
1.75012
1.05181
0.3509
9.68017
9.03998
8.39824
7.75393
7.10615
6.45404
5.79694
5.1343
4.46583
3.79144
3.11135
2.42605
1.73632
1.04321
0.347978
9.67808
9.0338
8.38817
7.74035
7.08954
6.43505
5.77631
5.11289
4.44455
3.77127
3.09323
2.41088
1.72487
1.03608
0.345559
9.67631
9.02855
8.37963
7.72884
7.07549
6.41901
5.75893
5.09489
4.42671
3.75439
3.0781
2.39824
1.71535
1.03016
0.34355
9.67481
9.02409
8.37239
7.71909
7.06362
6.40548
5.74429
5.07976
4.41174
3.74026
3.06547
2.3877
1.70742
1.02524
0.34188
9.67354
9.02032
8.36627
7.71086
7.05359
6.39407
5.73196
5.06704
4.39919
3.72843
3.05491
2.37889
1.7008
1.02113
0.340489
9.67246
9.01714
8.3611
7.7039
7.04514
6.38446
5.7216
5.05636
4.38866
3.71852
3.04607
2.37154
1.69528
1.01771
0.339329
9.67155
9.01444
8.35673
7.69803
7.03801
6.37637
5.71287
5.04738
4.37982
3.71021
3.03867
2.36539
1.69066
1.01485
0.33836
9.67078
9.01217
8.35305
7.69309
7.03201
6.36955
5.70554
5.03985
4.37241
3.70325
3.03247
2.36024
1.68681
1.01246
0.33755
9.67013
9.01026
8.34994
7.68892
7.02695
6.36382
5.69938
5.03352
4.36619
3.69742
3.02728
2.35594
1.68358
1.01046
0.336874
9.66959
9.00864
8.34733
7.68542
7.0227
6.35901
5.69421
5.0282
4.36097
3.69253
3.02294
2.35233
1.68088
1.00879
0.336307
9.66913
9.00729
8.34513
7.68247
7.01913
6.35496
5.68986
5.02375
4.3566
3.68843
3.0193
2.34931
1.67862
1.00739
0.335834
9.66875
9.00615
8.34329
7.68
7.01613
6.35157
5.68622
5.02001
4.35293
3.685
3.01625
2.34679
1.67673
1.00622
0.335438
9.66842
9.00519
8.34174
7.67792
7.01362
6.34873
5.68316
5.01688
4.34987
3.68212
3.0137
2.34467
1.67515
1.00524
0.335107
9.66815
9.00439
8.34044
7.67618
7.01151
6.34634
5.68061
5.01427
4.3473
3.67972
3.01157
2.34291
1.67383
1.00443
0.334831
9.66793
9.00372
8.33936
7.67473
7.00976
6.34436
5.67848
5.01208
4.34516
3.67772
3.0098
2.34144
1.67273
1.00375
0.334601
9.66774
9.00316
8.33845
7.67352
7.00829
6.3427
5.6767
5.01027
4.34338
3.67606
3.00832
2.34022
1.67181
1.00318
0.33441
9.66758
9.0027
8.3377
7.67252
7.00708
6.34133
5.67523
5.00876
4.34191
3.67468
3.0071
2.33921
1.67106
1.00271
0.334251
9.66745
9.00232
8.33709
7.67169
7.00608
6.3402
5.67402
5.00752
4.34069
3.67354
3.00609
2.33837
1.67043
1.00233
0.334121
9.66735
9.00201
8.33658
7.67102
7.00526
6.33928
5.67303
5.00651
4.3397
3.67262
3.00527
2.3377
1.66993
1.00202
0.334015
9.66726
9.00176
8.33618
7.67047
7.00461
6.33853
5.67224
5.0057
4.33891
3.67187
3.00461
2.33715
1.66952
1.00176
0.33393
9.66719
9.00156
8.33586
7.67005
7.00409
6.33795
5.67161
5.00506
4.33828
3.67129
3.00409
2.33672
1.6692
1.00156
0.333862
9.66714
9.00141
8.33562
7.66972
7.00369
6.33751
5.67113
5.00457
4.3378
3.67084
3.0037
2.33639
1.66895
1.00141
0.333811
9.66711
9.0013
8.33544
7.66949
7.00341
6.33719
5.67079
5.00422
4.33746
3.67052
3.00342
2.33616
1.66878
1.00131
0.333775
9.66708
9.00124
8.33533
7.66934
7.00323
6.33699
5.67058
5.004
4.33725
3.67032
3.00324
2.33601
1.66867
1.00124
0.333752
9.66707
9.0012
8.33528
7.66928
7.00315
6.3369
5.67048
5.0039
4.33715
3.67023
3.00316
2.33594
1.66862
1.00121
0.333741
9.66708
9.00121
8.33529
7.66929
7.00317
6.33691
5.6705
5.00392
4.33717
3.67025
3.00317
2.33596
1.66863
1.00121
0.333743
9.66709
9.00125
8.33536
7.66938
7.00328
6.33704
5.67063
5.00406
4.3373
3.67037
3.00328
2.33605
1.6687
1.00125
0.333758
9.66712
9.00133
8.33549
7.66955
7.00349
6.33728
5.67089
5.00432
4.33756
3.67061
3.0035
2.33622
1.66883
1.00134
0.333785
9.66716
9.00145
8.33569
7.66982
7.00381
6.33764
5.67127
5.00471
4.33794
3.67097
3.00381
2.33649
1.66902
1.00146
0.333826
9.66721
9.00162
8.33595
7.67017
7.00424
6.33812
5.6718
5.00525
4.33847
3.67146
3.00425
2.33685
1.66929
1.00162
0.333882
9.66729
9.00183
8.3363
7.67064
7.0048
6.33876
5.67248
5.00594
4.33914
3.6721
3.00481
2.33731
1.66964
1.00184
0.333955
9.66738
9.0021
8.33674
7.67122
7.00551
6.33955
5.67333
5.00681
4.34
3.6729
3.00552
2.3379
1.67008
1.00211
0.334047
9.66749
9.00244
8.33727
7.67194
7.00638
6.34054
5.67439
5.0079
4.34106
3.67388
3.00639
2.33862
1.67062
1.00244
0.33416
9.66763
9.00284
8.33793
7.67282
7.00745
6.34175
5.67568
5.00922
4.34235
3.67509
3.00747
2.33951
1.67128
1.00285
0.334299
9.66779
9.00333
8.33873
7.67389
7.00874
6.3432
5.67724
5.01082
4.34392
3.67656
3.00876
2.34059
1.67209
1.00335
0.334467
9.66799
9.00393
8.33969
7.67517
7.01029
6.34496
5.67913
5.01275
4.34581
3.67833
3.01033
2.34188
1.67306
1.00395
0.33467
9.66824
9.00464
8.34084
7.67672
7.01216
6.34707
5.68139
5.01506
4.34808
3.68045
3.01221
2.34344
1.67422
1.00467
0.334914
9.66852
9.00549
8.34222
7.67856
7.01439
6.34959
5.68409
5.01783
4.35079
3.68299
3.01447
2.34531
1.67562
1.00553
0.335206
9.66887
9.0065
8.34386
7.68076
7.01705
6.35261
5.68733
5.02115
4.35404
3.68603
3.01716
2.34754
1.67729
1.00657
0.335556
9.66927
9.00771
8.34582
7.68338
7.02023
6.35621
5.69119
5.0251
4.35792
3.68966
3.02039
2.35021
1.67929
1.0078
0.335974
9.66976
9.00915
8.34815
7.68651
7.02402
6.36049
5.69579
5.02982
4.36255
3.69399
3.02423
2.3534
1.68168
1.00928
0.336474
9.67034
9.01086
8.35092
7.69022
7.02852
6.36559
5.70127
5.03544
4.36806
3.69916
3.02883
2.35721
1.68453
1.01105
0.337072
9.67102
9.01289
8.35421
7.69464
7.03388
6.37166
5.70779
5.04214
4.37464
3.70533
3.03431
2.36176
1.68793
1.01316
0.337786
9.67184
9.0153
8.35812
7.69988
7.04024
6.37888
5.71555
5.05011
4.38248
3.71269
3.04085
2.36719
1.692
1.01568
0.338639
9.67281
9.01816
8.36275
7.70611
7.0478
6.38745
5.72479
5.05961
4.39182
3.72146
3.04866
2.37367
1.69687
1.01869
0.33966
9.67395
9.02155
8.36825
7.71349
7.05677
6.39764
5.73577
5.07091
4.40295
3.73192
3.05798
2.38143
1.70269
1.0223
0.340882
9.6753
9.02556
8.37475
7.72224
7.06741
6.40974
5.74882
5.08436
4.41622
3.74441
3.06912
2.3907
1.70965
1.02661
0.342345
9.6769
9.03029
8.38245
7.7326
7.08002
6.42409
5.76433
5.10037
4.43203
3.75932
3.08244
2.40179
1.71799
1.03179
0.344099
9.67879
9.03589
8.39155
7.74485
7.09495
6.44112
5.78275
5.11941
4.45087
3.77711
3.09836
2.41508
1.72799
1.038
0.346206
9.68102
9.04249
8.40228
7.75931
7.11261
6.46129
5.80462
5.14208
4.47335
3.79838
3.11743
2.43102
1.74
1.04547
0.34874
9.68364
9.05025
8.41492
7.77638
7.13348
6.48517
5.83057
5.16903
4.50014
3.82381
3.14028
2.45016
1.75445
1.05447
0.351795
9.68671
9.05937
8.42978
7.79648
7.1581
6.51341
5.86135
5.20109
4.53211
3.85423
3.16769
2.47319
1.77188
1.06533
0.355485
9.69031
9.07006
8.44722
7.8201
7.1871
6.54677
5.89782
5.23921
4.57026
3.89066
3.20064
2.50095
1.79293
1.07848
0.359957
9.69452
9.08255
8.46763
7.84779
7.2212
6.58612
5.94098
5.28452
4.61579
3.93434
3.24031
2.53449
1.81845
1.09445
0.365396
9.69941
9.09711
8.49144
7.88018
7.2612
6.63244
5.99202
5.33833
4.67015
3.98676
3.28815
2.57514
1.84949
1.11394
0.372041
9.70509
9.114
8.51912
7.91794
7.30799
6.68685
6.05227
5.40222
4.73506
4.04974
3.34598
2.62456
1.88742
1.13783
0.380203
9.71164
9.13352
8.55118
7.96179
7.36254
6.7506
6.12326
5.47798
4.81259
4.12552
3.41609
2.68488
1.934
1.1673
0.390295
9.71917
9.15597
8.58813
8.0125
7.42589
6.82504
6.2067
5.5677
4.90517
4.21682
3.50133
2.75886
1.99155
1.20393
0.402878
9.72777
9.18164
8.63048
8.07083
7.49913
6.91163
6.30448
5.67375
5.01568
4.32696
3.6053
2.85008
2.06321
1.24987
0.418728
9.73752
9.2108
8.67872
8.13754
7.58333
7.01187
6.41862
5.79879
5.14746
4.45999
3.73257
2.96327
2.15326
1.30819
0.438958
9.74851
9.24369
8.73326
8.21329
7.67952
7.12724
6.55123
5.94569
5.30435
4.62074
3.88893
3.10473
2.26765
1.38328
0.46522
9.76078
9.28046
8.79444
8.29863
7.78855
7.25908
6.70433
6.11745
5.49057
4.81497
4.08166
3.28291
2.41487
1.48176
0.500079
9.77435
9.32119
8.8624
8.39388
7.91103
7.40847
6.87973
6.31697
5.71063
5.04926
4.31984
3.50918
2.6073
1.61396
0.547769
9.7892
9.36584
8.93712
8.49908
8.0472
7.57602
7.07875
6.54676
5.96889
5.33079
4.61444
3.7988
2.86322
1.79675
0.615838
9.80526
9.41421
9.01829
8.6139
8.19677
7.76168
7.30188
6.8084
6.26897
5.66664
4.97798
4.1717
3.21003
2.05901
0.719157
9.82243
9.46595
9.10536
8.73754
8.35881
7.96449
7.5484
7.10193
6.61273
6.06244
5.42318
4.65251
3.68833
2.45239
0.890852
9.84052
9.52055
9.19742
8.86876
8.53166
8.18242
7.81599
7.42511
6.99889
6.52001
5.95964
5.26767
4.35534
3.07187
1.21544
9.85933
9.57733
9.29334
9.00582
8.71294
8.41228
8.10054
7.77284
7.42161
7.03415
6.58746
6.03585
5.28006
4.08923
1.93894
9.87858
9.63549
9.39169
9.14661
8.8996
8.64983
8.39615
8.13689
7.86947
7.58942
7.28811
6.9458
6.50686
5.77286
3.86213
9.89799
9.69416
9.49091
9.28872
9.08818
8.89008
8.69561
8.50659
8.32607
8.15943
8.01722
7.92283
7.93855
8.27363
9.82248
9.91727
9.7524
9.5894
9.42969
9.27504
9.1278
8.99127
8.87038
8.773
8.71244
8.71307
8.82336
9.14841
9.93145
11.7219
9.93613
9.80936
9.68559
9.56713
9.45675
9.35806
9.27604
9.21783
9.19434
9.22293
9.33274
9.5747
10.0402
10.8896
12.3662
0.182635
0.327525
0.390813
0.414389
0.414834
0.400314
0.37549
0.343297
0.305706
0.264112
0.219542
0.172782
0.124455
0.0750758
0.0250912
0.0980278
0.224498
0.295566
0.330675
0.342229
0.337723
0.321855
0.297721
0.267463
0.232621
0.194345
0.153526
0.110879
0.0670007
0.0224111
0.0617423
0.159945
0.225287
0.263316
0.280775
0.28302
0.273956
0.256397
0.232401
0.203511
0.170911
0.135538
0.0981583
0.0594189
0.0198922
0.0430132
0.118209
0.173974
0.21024
0.229882
0.236169
0.231954
0.219539
0.200736
0.176976
0.149401
0.118944
0.0863805
0.0523832
0.0175523
0.0318047
0.0899675
0.136199
0.168706
0.188262
0.196608
0.195645
0.187115
0.172512
0.153088
0.129893
0.10381
0.0755977
0.0459261
0.0154021
0.0243783
0.0700102
0.107955
0.136164
0.154424
0.16351
0.16459
0.158907
0.147633
0.131819
0.112389
0.0901529
0.0658281
0.0400604
0.0134464
0.0191217
0.0553905
0.0864717
0.110529
0.126957
0.135971
0.13823
0.13458
0.125905
0.113059
0.0968323
0.077946
0.0570598
0.0347821
0.0116843
0.0152361
0.0443728
0.0698655
0.0901903
0.104636
0.113122
0.115973
0.113741
0.107073
0.0966467
0.0831216
0.0671273
0.0492573
0.0300729
0.0101102
0.0122776
0.0358854
0.0568473
0.0739337
0.0864537
0.0941845
0.0972462
0.0959798
0.090851
0.0823849
0.0711248
0.0576105
0.0423672
0.0259039
0.00871488
0.0099771
0.0292351
0.0465201
0.0608476
0.0715963
0.0784885
0.0815237
0.0809003
0.0769456
0.0700626
0.060693
0.0492938
0.036324
0.0222386
0.00748672
0.00815994
0.0239547
0.0382462
0.0502463
0.0594163
0.0654702
0.0683412
0.0681335
0.065073
0.0594665
0.05167
0.0420673
0.0310552
0.0190358
0.00641237
0.00670738
0.0197179
0.0315632
0.0416099
0.0493998
0.0546616
0.0572962
0.0573471
0.0549678
0.0503905
0.043901
0.0358192
0.0264856
0.0162525
0.00547774
0.00553545
0.0162902
0.026129
0.0345403
0.0411384
0.045677
0.0480448
0.0482479
0.0463886
0.0426421
0.0372374
0.03044
0.0225406
0.013845
0.00466859
0.00458298
0.0134986
0.0216857
0.0287295
0.0343068
0.0381997
0.0402961
0.0405806
0.0391194
0.036045
0.0315404
0.0258259
0.0191481
0.0117713
0.00397104
0.00380434
0.0112127
0.0180363
0.0239369
0.0286445
0.0319695
0.0338055
0.0341251
0.0329701
0.0304406
0.0266834
0.0218806
0.016241
0.00999163
0.00337194
0.00316479
0.0093327
0.0150276
0.0199726
0.0239422
0.026773
0.0283677
0.0286932
0.0277749
0.0256887
0.0225522
0.0185162
0.013757
0.00846903
0.00285904
0.00263749
0.0077811
0.0125397
0.0166855
0.0200304
0.0224346
0.023811
0.0241249
0.0233906
0.0216659
0.0190453
0.015654
0.0116402
0.00716996
0.00242119
0.00220139
0.00649682
0.0104771
0.0139544
0.0167716
0.0188098
0.019992
0.0202844
0.0196939
0.0182649
0.0160737
0.0132238
0.00984026
0.00606424
0.00204832
0.00183983
0.00543133
0.00876374
0.0116817
0.0140538
0.0157791
0.0167907
0.0170567
0.0165794
0.015393
0.0135593
0.0111642
0.00831277
0.00512508
0.00173147
0.00153947
0.00454571
0.00733814
0.00978782
0.0117849
0.013244
0.014107
0.014345
0.0139573
0.0129704
0.0114346
0.00942125
0.00701876
0.00432886
0.00146274
0.00128956
0.00380855
0.00615048
0.00820816
0.00988967
0.0111227
0.0118573
0.0120676
0.0117513
0.0109288
0.00964146
0.0079485
0.00592429
0.00365498
0.00123523
0.0010814
0.0031943
0.00516016
0.00688965
0.00830575
0.00934735
0.00997171
0.0101558
0.00989654
0.00920998
0.00812991
0.00670572
0.00499995
0.00308554
0.00104293
0.000907891
0.00268214
0.00433394
0.00578871
0.00698182
0.00786166
0.00839173
0.00855183
0.00833847
0.00776435
0.00685726
0.00565842
0.00422047
0.00260511
0.000880641
0.000763213
0.00225498
0.00364452
0.00486941
0.00587538
0.00661882
0.00706858
0.00720712
0.00703085
0.00654987
0.00578714
0.00477712
0.00356415
0.00220042
0.000743913
0.000642598
0.00189879
0.00306942
0.00410211
0.00495121
0.00557984
0.0059615
0.00608096
0.00593477
0.005531
0.00488869
0.00403673
0.00301248
0.00186015
0.000628927
0.000542116
0.00160201
0.00259006
0.00346225
0.00418008
0.00471234
0.00503643
0.00513924
0.0050175
0.00467774
0.0041358
0.00341594
0.00254973
0.00157463
0.000532432
0.000458531
0.0013551
0.00219115
0.00292956
0.00353779
0.00398935
0.004265
0.0043534
0.00425158
0.00396484
0.00350642
0.00289676
0.00216258
0.00133571
0.000451671
0.000389174
0.00115019
0.00186003
0.00248725
0.00300425
0.0033885
0.00362355
0.00369963
0.00361404
0.00337114
0.00298203
0.00246401
0.0018398
0.00113646
0.000384315
0.000331848
0.000980815
0.00158628
0.00212147
0.00256287
0.00289124
0.00309245
0.00315809
0.00308572
0.00287893
0.00254712
0.002105
0.00157194
0.000971083
0.000328406
0.000284749
0.000841643
0.0013613
0.0018208
0.00219996
0.00248224
0.00265548
0.00271237
0.00265071
0.00247353
0.0021888
0.00180913
0.00135114
0.000834747
0.00028231
0.000246401
0.000728321
0.00117809
0.0015759
0.0019043
0.00214896
0.0022993
0.00234893
0.00229592
0.00214278
0.00189639
0.00156763
0.00117089
0.000723433
0.000244672
0.000215607
0.000637319
0.00103095
0.00137919
0.00166677
0.00188115
0.00201302
0.00205677
0.00201062
0.00187677
0.00166117
0.00137333
0.00102584
0.000633853
0.000214381
0.000191412
0.000565812
0.000915324
0.0012246
0.00148008
0.00167061
0.00178793
0.00182701
0.00178623
0.0016675
0.00147609
0.00122043
0.000911698
0.000563351
0.000190541
0.000173063
0.000511584
0.000827633
0.00110734
0.00133846
0.0015109
0.00161717
0.00165268
0.00161596
0.00150869
0.00133563
0.00110438
0.000825053
0.000509833
0.000172443
0.000159993
0.000472958
0.000765171
0.00102382
0.00123759
0.00139714
0.00149552
0.00152849
0.00149466
0.00139556
0.00123557
0.00102171
0.000763327
0.000471706
0.00015955
0.000151798
0.000448739
0.000726009
0.000971462
0.00117436
0.00132584
0.0014193
0.00145068
0.00141867
0.0013247
0.0011729
0.000969936
0.00072468
0.000447836
0.000151479
0.000148223
0.000438176
0.000708935
0.000948647
0.00114683
0.00129482
0.00138616
0.00141689
0.0013857
0.00129398
0.00114576
0.000947529
0.000707961
0.000437514
0.000147989
0.000149156
0.000440937
0.000713416
0.000954666
0.00115414
0.00130312
0.0013951
0.00142609
0.00139476
0.00130249
0.00115333
0.000953821
0.00071268
0.000440438
0.000148979
0.000154623
0.000457101
0.000739576
0.00098969
0.00119651
0.00135099
0.00144639
0.00147857
0.00144612
0.00135049
0.00119586
0.000989017
0.00073899
0.000456703
0.000154482
0.000164787
0.000487152
0.000788203
0.00105477
0.00127521
0.00143987
0.00154158
0.0015759
0.00154134
0.00143944
0.00127465
0.00105419
0.000787697
0.000486808
0.000164666
0.000179957
0.000532
0.000860769
0.00115189
0.00139263
0.00157247
0.00168356
0.00172105
0.00168333
0.00157205
0.00139209
0.00115133
0.000860282
0.000531669
0.00017984
0.000200593
0.000593004
0.000959475
0.00128398
0.00155233
0.00175279
0.00187662
0.00191842
0.00187638
0.00175234
0.00155175
0.00128337
0.000958948
0.000592646
0.000200467
0.000227321
0.000672019
0.00108732
0.00145506
0.00175915
0.00198632
0.00212665
0.002174
0.00212635
0.00198578
0.00175846
0.00145433
0.00108669
0.00067159
0.00022717
0.000260954
0.000771443
0.00124818
0.00167032
0.00201939
0.00228015
0.00244121
0.00249555
0.00244083
0.00227945
0.0020185
0.00166938
0.00124737
0.000770893
0.000260759
0.000302513
0.0008943
0.00144695
0.0019363
0.00234094
0.00264319
0.00282986
0.00289282
0.00282935
0.00264226
0.00233974
0.00193505
0.00144587
0.000893562
0.000302252
0.000353263
0.00104433
0.00168968
0.00226109
0.00273357
0.00308648
0.0033044
0.00337787
0.0033037
0.00308519
0.00273193
0.00225938
0.00168819
0.00104331
0.000352904
0.000414748
0.00122608
0.00198374
0.00265457
0.00320922
0.00362347
0.00387924
0.0039654
0.00387826
0.00362168
0.00320694
0.00265218
0.00198166
0.00122467
0.000414248
0.00048884
0.00144511
0.00233809
0.0031287
0.00378235
0.00427049
0.00457183
0.00467327
0.00457046
0.00426799
0.00377915
0.00312535
0.00233517
0.00144313
0.000488139
0.000577797
0.00170807
0.00276352
0.00369792
0.0044704
0.00504721
0.0054032
0.00552293
0.00540127
0.00504368
0.00446589
0.0036932
0.00275941
0.00170529
0.000576811
0.00068433
0.00202299
0.00327298
0.00437955
0.00529429
0.00597722
0.00639861
0.00654017
0.00639589
0.00597226
0.00528793
0.00437291
0.00326719
0.00201906
0.00068294
0.00081169
0.00239947
0.00388202
0.00519437
0.00627911
0.00708883
0.00758829
0.00775585
0.00758445
0.00708182
0.00627014
0.005185
0.00387385
0.00239393
0.000809729
0.000963767
0.002849
0.00460921
0.00616723
0.00745485
0.00841585
0.00900839
0.00920687
0.00900298
0.00840596
0.0074422
0.006154
0.00459769
0.00284118
0.000961001
0.00114521
0.00338533
0.00547678
0.00732781
0.00885737
0.00999867
0.0107021
0.0109373
0.0106944
0.00998471
0.00883951
0.00730913
0.00546052
0.00337429
0.00114131
0.00136158
0.00402488
0.00651126
0.00871158
0.0105295
0.0118855
0.0127208
0.0129995
0.01271
0.0118658
0.0105042
0.00868521
0.0064883
0.0040093
0.00135607
0.00161952
0.00478726
0.00774435
0.0103609
0.0125222
0.0141339
0.015126
0.0154562
0.0151108
0.014106
0.0124866
0.0103237
0.00771194
0.00476527
0.00161174
0.00192694
0.0056959
0.00921389
0.0123262
0.0148964
0.0168123
0.0179909
0.0183818
0.0179694
0.0167731
0.0148462
0.0122737
0.00916814
0.00566484
0.00191596
0.00229334
0.00677877
0.0109651
0.0146679
0.0177249
0.0200027
0.0214026
0.0218652
0.0213723
0.0199472
0.017654
0.0145938
0.0109005
0.00673492
0.00227783
0.00273002
0.00806931
0.0130519
0.0174581
0.0210945
0.0238024
0.0254651
0.0260121
0.0254223
0.0237242
0.0209943
0.0173534
0.0129607
0.00800742
0.00270813
0.00325053
0.00960751
0.0155389
0.0207827
0.0251086
0.028328
0.0303021
0.0309482
0.0302417
0.0282175
0.0249672
0.0206348
0.0154101
0.00952013
0.00321962
0.00387109
0.0114412
0.0185032
0.0247446
0.0298909
0.0337179
0.0360613
0.0368232
0.0359759
0.033562
0.0296913
0.0245359
0.0183214
0.0113178
0.00382745
0.00461109
0.0136277
0.0220372
0.0294668
0.0355892
0.040138
0.0429184
0.0438155
0.0427979
0.0399178
0.0353075
0.0291721
0.0217806
0.0134535
0.00454949
0.00549383
0.0162356
0.0262516
0.0350964
0.0423801
0.0477858
0.051083
0.0521371
0.0509129
0.047475
0.0419823
0.0346804
0.0258894
0.0159898
0.00540686
0.00654726
0.0193475
0.0312791
0.0418099
0.0504749
0.0568974
0.060805
0.0620403
0.0605649
0.0564586
0.0499133
0.0412226
0.0307677
0.0190004
0.00642448
0.00780503
0.0230624
0.0372791
0.0498188
0.0601265
0.0677549
0.0723824
0.0738256
0.0720434
0.0671355
0.0593338
0.0489897
0.0365572
0.0225723
0.00763168
0.00930766
0.0274997
0.0444436
0.0593772
0.0716384
0.0806958
0.0861706
0.0878501
0.0856921
0.0798214
0.0705193
0.0582068
0.0434243
0.0268079
0.00906293
0.0111041
0.0328037
0.0530037
0.0707909
0.0853746
0.096124
0.102594
0.104539
0.101918
0.0948898
0.0837948
0.0691386
0.0515647
0.0318269
0.0107586
0.0132538
0.0391488
0.0632391
0.0844286
0.101773
0.114524
0.122158
0.124397
0.121205
0.112781
0.0995428
0.082096
0.0612075
0.0377697
0.0127659
0.0158287
0.0467469
0.0754885
0.100736
0.12136
0.136475
0.145469
0.148026
0.144123
0.134016
0.118212
0.0974429
0.0726201
0.0447997
0.0151399
0.018917
0.0558563
0.0901637
0.120253
0.144774
0.162675
0.173249
0.17614
0.171349
0.159204
0.14033
0.115604
0.0861138
0.0531067
0.0179442
0.0226263
0.0667929
0.107767
0.143636
0.172782
0.193964
0.206361
0.209589
0.203681
0.189065
0.166509
0.137073
0.102049
0.0629101
0.0212526
0.0270897
0.0799457
0.128916
0.171686
0.206319
0.231351
0.245841
0.249378
0.242059
0.224438
0.197466
0.162421
0.120842
0.0744619
0.0251494
0.0324721
0.0957959
0.15437
0.205386
0.246522
0.276058
0.292925
0.296705
0.287589
0.266303
0.234026
0.192305
0.142967
0.0880498
0.0297309
0.0389794
0.114944
0.185072
0.245945
0.294779
0.32956
0.349094
0.352986
0.341569
0.315799
0.277144
0.227476
0.168966
0.103999
0.0351057
0.0468714
0.138143
0.2222
0.294863
0.352793
0.393648
0.416123
0.419896
0.405513
0.374239
0.327909
0.268787
0.199447
0.122675
0.0413954
0.0564792
0.166351
0.267238
0.35401
0.422663
0.470497
0.496136
0.499411
0.481183
0.443132
0.387554
0.317191
0.235087
0.144481
0.0487339
0.0682299
0.200798
0.322077
0.425738
0.506985
0.562756
0.591675
0.593855
0.570617
0.524192
0.457464
0.373747
0.276628
0.169857
0.0572668
0.0826825
0.243083
0.389148
0.513026
0.608996
0.673657
0.705777
0.705946
0.676147
0.619349
0.539168
0.439605
0.324871
0.199272
0.067149
0.100582
0.295322
0.471623
0.619691
0.732746
0.807151
0.842063
0.838843
0.80042
0.730739
0.634327
0.515997
0.380657
0.233216
0.0785409
0.12294
0.360365
0.573701
0.750666
0.883329
0.968064
1.00482
0.996179
0.946394
0.860686
0.744703
0.604196
0.444844
0.272182
0.0916032
0.15117
0.442133
0.701032
0.912399
1.06719
1.16228
1.19911
1.18208
1.11731
1.01165
0.872103
0.705476
0.518269
0.316645
0.106489
0.187298
0.546166
0.861364
1.11341
1.2925
1.39696
1.43077
1.40112
1.31661
1.18614
1.0183
0.821044
0.601703
0.367029
0.123335
0.234348
0.680519
1.06554
1.36509
1.56962
1.6807
1.70651
1.65824
1.54781
1.38659
1.18491
0.951941
0.695781
0.423674
0.142246
0.297039
0.857331
1.32908
1.68274
1.91163
2.02364
2.03367
1.95852
1.81426
1.61512
1.37325
1.09894
0.800926
0.486787
0.163286
0.38319
1.09563
1.6746
2.08704
2.33478
2.43739
2.41996
2.30678
2.11882
1.8733
1.5841
1.26238
0.917265
0.5564
0.186455
0.506797
1.4266
2.13575
2.60569
2.8587
2.93447
2.87274
2.70696
2.46333
2.1618
1.81752
1.44206
1.04453
0.632312
0.211683
0.695533
1.90385
2.76302
3.27498
3.50567
3.52702
3.39776
3.16118
2.84802
2.47999
2.07257
1.63706
1.182
0.714058
0.23881
1.01117
2.62356
3.63137
4.13958
4.29799
4.22414
3.99729
3.66856
3.2708
2.8255
2.3471
1.84564
1.32839
0.800875
0.267581
1.61149
3.76308
4.84663
5.24709
5.25157
5.02746
4.66755
4.22386
3.72658
3.19398
2.63763
2.06517
1.48189
0.891701
0.297647
2.95583
5.64429
6.53621
6.62954
6.36385
5.92506
5.39595
4.81634
4.20685
3.57894
2.93934
2.29219
1.64019
0.9852
0.328573
6.53847
8.77304
8.78034
8.26126
7.59629
6.88533
6.1594
5.42953
4.69988
3.97199
3.24625
2.52256
1.80056
1.07983
0.359856
9.95613
9.8697
9.78735
9.71212
9.64767
9.59861
9.57107
9.57349
9.61799
9.7224
9.91338
10.2304
10.7278
11.4645
12.4389
9.97662
9.93146
9.89121
9.85949
9.84054
9.8395
9.86292
9.91936
10.0202
10.1807
10.4208
10.765
11.2387
11.8536
12.5763
9.99551
9.98831
9.98652
9.99409
10.0155
10.0559
10.1217
10.2208
10.3627
10.5592
10.8239
11.1703
11.6083
12.135
12.7239
10.0126
10.0397
10.0725
10.1149
10.1713
10.2469
10.3473
10.4793
10.6506
10.8697
11.1451
11.484
11.889
12.3541
12.8615
10.0279
10.0855
10.1488
10.2215
10.308
10.4129
10.5412
10.6985
10.8906
11.1236
11.4028
11.7315
12.1094
12.5309
12.984
10.0413
10.1257
10.2155
10.3144
10.4264
10.5555
10.7061
10.8827
11.0898
11.3314
11.6109
11.9296
12.2862
12.6761
13.0909
10.0529
10.1604
10.2731
10.3943
10.5276
10.6766
10.845
11.0364
11.2543
11.5014
11.7797
12.0896
12.4297
12.7962
13.1831
10.0628
10.1901
10.3221
10.462
10.613
10.7782
10.9608
11.1637
11.3895
11.6401
11.9168
12.2195
12.5468
12.8957
13.262
10.0712
10.215
10.3631
10.5185
10.6841
10.8625
11.0563
11.2681
11.4997
11.7527
12.0277
12.3246
12.6421
12.9779
13.3286
10.078
10.2355
10.3969
10.565
10.7423
10.9312
11.1339
11.3525
11.5886
11.8432
12.1168
12.4091
12.7191
13.0449
13.384
10.0836
10.252
10.4241
10.6022
10.7888
10.986
11.1956
11.4195
11.6589
11.9146
12.187
12.4759
12.7802
13.0986
13.4289
10.0879
10.2648
10.4451
10.6311
10.8248
11.0282
11.2431
11.4709
11.7127
11.9693
12.2408
12.5271
12.8273
13.1402
13.4641
10.091
10.2741
10.4605
10.6521
10.851
11.059
11.2776
11.5082
11.7517
12.0089
12.2798
12.5642
12.8615
13.1706
13.4901
10.0931
10.2803
10.4705
10.6659
10.8681
11.0791
11.3001
11.5325
11.7771
12.0346
12.3051
12.5884
12.8838
13.1905
13.5071
10.0941
10.2833
10.4755
10.6727
10.8766
11.089
11.3112
11.5445
11.7897
12.0473
12.3176
12.6003
12.8949
13.2004
13.5156
13.279
13.7414
14.4988
14.894
15.4326
15.7201
16.1048
16.2868
16.4541
16.7766
16.9862
17.3316
17.5543
17.9236
18.1658
18.584
18.8136
19.1412
19.3278
19.5961
19.7503
19.9694
20.0791
20.1874
20.4005
20.5478
20.7998
20.9724
21.2714
21.4791
21.8547
22.0701
22.3957
22.5869
22.8756
23.0447
23.2946
23.4204
23.5489
23.8097
23.9937
24.3182
24.5444
24.9474
25.2298
25.7513
26.0501
26.5087
26.7771
27.1887
27.4281
27.7872
27.9643
28.1459
28.5244
28.7861
29.2522
29.5669
30.1264
30.503
31.1892
31.5674
32.1341
32.4532
32.9327
33.2002
33.594
33.7775
33.9575
34.3383
34.5877
35.0316
35.3146
35.8172
36.1373
36.7226
37.0317
37.5086
37.7661
38.1872
38.4129
38.8152
38.9557
39.1201
39.6913
39.6796
39.3615
38.6523
37.0531
32.8618
13.2291
13.7577
14.2998
14.7576
15.192
15.5527
15.8877
16.1625
16.4202
16.7012
16.9717
17.264
17.5442
17.8476
18.1376
18.449
18.7247
18.9977
19.2364
19.4709
19.6762
19.8764
20.0501
20.222
20.4167
20.6129
20.8334
21.0547
21.3045
21.554
21.8329
22.0895
22.3543
22.5937
22.8374
23.0565
23.2766
23.4715
23.6702
23.9021
24.1415
24.4176
24.7001
25.0259
25.3555
25.7296
26.0751
26.4347
26.7597
27.0924
27.3902
27.69
27.9527
28.2202
28.5351
28.8576
29.2291
29.6026
30.0291
30.4497
30.9192
31.339
31.7639
32.134
32.5014
32.8163
33.1219
33.3747
33.6204
33.9042
34.1828
34.4969
34.7982
35.1347
35.4505
35.7954
36.0837
36.365
36.5858
36.7931
36.935
37.0484
37.0587
37.0001
36.8787
36.4459
35.6128
34.2041
31.8575
27.9738
13.2727
13.7546
14.2219
14.6549
15.0573
15.422
15.7572
16.0627
16.3527
16.6406
16.9256
17.2136
17.5005
17.7908
18.0784
18.3651
18.6395
18.9032
19.1511
19.3873
19.6093
19.8214
20.0235
20.2238
20.4303
20.6428
20.8655
21.096
21.3378
21.5863
21.8429
22.0969
22.3493
22.5941
22.8345
23.0665
23.2944
23.517
23.7435
23.9834
24.2363
24.5073
24.7932
25.0987
25.4168
25.7489
26.0797
26.41
26.7308
27.0459
27.3492
27.646
27.9339
28.2259
28.5347
28.8583
29.2028
29.5616
29.9398
30.3259
30.7206
31.1026
31.4724
31.8184
32.1452
32.4456
32.7254
32.9817
33.228
33.4773
33.7263
33.9801
34.2308
34.4818
34.7214
34.9492
35.1452
35.3082
35.4244
35.493
35.4977
35.4296
35.2604
34.97
34.5143
33.788
32.6928
31.106
28.8751
25.8895
13.3405
13.7723
14.1935
14.5959
14.9767
15.3338
15.669
15.9852
16.2881
16.5839
16.8752
17.1644
17.4517
17.7375
18.0203
18.2988
18.5695
18.8312
19.0826
19.3241
19.5562
19.7806
19.9993
20.2162
20.4351
20.6578
20.8862
21.1205
21.3612
21.6069
21.8563
22.1062
22.3549
22.6006
22.8432
23.0824
23.3196
23.5565
23.7971
24.0459
24.3046
24.5753
24.858
25.1529
25.4576
25.7699
26.0845
26.3989
26.7097
27.0161
27.3172
27.6143
27.9091
28.2068
28.5127
28.8284
29.1555
29.4926
29.8386
30.1892
30.54
30.8834
31.2149
31.5299
31.8269
32.104
32.3623
32.603
32.8308
33.0504
33.2625
33.4675
33.6624
33.8448
34.0088
34.1484
34.254
34.3182
34.3313
34.2845
34.1646
33.9561
33.6363
33.1776
32.539
31.661
30.4804
28.9349
26.9792
24.6309
13.4135
13.8053
14.1919
14.5679
14.9301
15.2768
15.6084
15.9264
16.2337
16.5334
16.8277
17.1179
17.4048
17.6885
17.9684
18.2434
18.5122
18.7739
19.0279
19.2744
19.514
19.7478
19.9776
20.2056
20.434
20.6645
20.8982
21.1357
21.3771
21.6219
21.8689
22.1169
22.3647
22.6114
22.8567
23.1009
23.3449
23.5902
23.839
24.0935
24.3555
24.6259
24.905
25.1926
25.4872
25.7871
26.0896
26.3927
26.6944
26.9939
27.2907
27.5856
27.8798
28.1759
28.4761
28.7818
29.0935
29.4103
29.7307
30.0517
30.3699
30.6809
30.9809
31.2669
31.5368
31.7893
32.0243
32.2424
32.4451
32.6338
32.8087
32.9689
33.1118
33.2342
33.3309
33.3961
33.4222
33.4013
33.3243
33.181
32.9588
32.6423
32.2121
31.644
30.9082
29.9693
28.7931
27.3541
25.6485
23.7139
13.4844
13.8457
14.2055
14.5598
14.9056
15.2415
15.567
15.8828
16.1902
16.4907
16.7857
17.0761
17.3624
17.6449
17.9231
18.1967
18.465
18.7274
18.9839
19.2345
19.4797
19.7206
19.9583
20.1942
20.4298
20.6663
20.9046
21.1451
21.388
21.6332
21.8799
22.1277
22.3758
22.6238
22.8716
23.1195
23.3682
23.6186
23.8722
24.1303
24.3938
24.6636
24.9397
25.2217
25.509
25.8001
26.0936
26.388
26.6821
26.9751
27.2668
27.5574
27.8476
28.1385
28.4313
28.7263
29.0237
29.3225
29.6214
29.918
30.2098
30.4937
30.7668
31.0267
31.2714
31.4995
31.7103
31.9035
32.079
32.2368
32.3758
32.4946
32.5905
32.6599
32.6982
32.6996
32.6577
32.5648
32.4124
32.1907
31.8884
31.492
30.9858
30.3517
29.5695
28.6191
27.484
26.157
24.6473
22.988
13.55
13.8881
14.227
14.5635
14.8954
15.2209
15.5395
15.8512
16.1564
16.4557
16.75
17.0398
17.3255
17.607
17.8845
18.1575
18.4259
18.6894
18.948
19.202
19.4516
19.6978
19.9412
20.183
20.424
20.6653
20.9074
21.1507
21.3956
21.6418
21.8893
22.1377
22.3867
22.6361
22.8861
23.1367
23.3885
23.6423
23.8988
24.1588
24.423
24.6918
24.9653
25.2432
25.5249
25.8095
26.096
26.3834
26.671
26.958
27.2441
27.5293
27.814
28.0983
28.3827
28.6672
28.9514
29.2344
29.5149
29.791
30.0607
30.3216
30.5714
30.8079
31.0294
31.2342
31.4213
31.5896
31.7383
31.8662
31.9718
32.053
32.107
32.1301
32.118
32.0653
31.9661
31.8135
31.5998
31.3162
30.9531
30.4995
29.9434
29.2721
28.4728
27.5346
26.4509
25.2225
23.8614
22.3927
13.6088
13.9292
14.2518
14.574
14.894
15.2102
15.5219
15.8288
16.1307
16.4279
16.7207
17.0094
17.2942
17.575
17.8519
18.1248
18.3936
18.6582
18.9187
19.1754
19.4285
19.6786
19.9264
20.1726
20.4178
20.6628
20.9081
21.154
21.4008
21.6485
21.8971
22.1466
22.3967
22.6476
22.8992
23.1519
23.4059
23.6617
23.92
24.181
24.4453
24.7131
24.9844
25.2589
25.5362
25.8157
26.0967
26.3785
26.6603
26.9417
27.2223
27.5019
27.7804
28.0577
28.3338
28.6082
28.8804
29.1495
29.4143
29.673
29.924
30.1652
30.3947
30.6105
30.8109
30.9942
31.159
31.3038
31.4271
31.5274
31.6025
31.6502
31.6675
31.6508
31.5958
31.4978
31.3512
31.15
30.8874
30.556
30.1478
29.6543
29.0667
28.3764
27.5758
26.6595
25.6258
24.479
23.23
21.8979
13.6604
13.9671
14.2769
14.5876
14.8977
15.2059
15.5113
15.8133
16.1117
16.4063
16.6973
16.9846
17.2683
17.5484
17.825
18.0979
18.3671
18.6328
18.8949
19.1537
19.4094
19.6626
19.9137
20.1632
20.4118
20.6598
20.9077
21.1558
21.4044
21.6537
21.9036
22.1542
22.4056
22.6577
22.9107
23.1649
23.4204
23.6776
23.9368
24.1983
24.4624
24.7292
24.9985
25.2703
25.5442
25.8196
26.0961
26.3731
26.65
26.9264
27.2018
27.4758
27.7482
28.0187
28.2868
28.5521
28.8137
29.0707
29.3219
29.5659
29.8009
30.0253
30.2373
30.435
30.6167
30.7807
30.9251
31.0485
31.1488
31.2243
31.2725
31.291
31.2767
31.2261
31.1353
30.9998
30.8147
30.5746
30.2737
29.906
29.465
28.9443
28.3376
27.6393
26.8451
25.9529
24.9636
23.8822
22.7183
21.4862
13.7043
14.0006
14.3005
14.6021
14.9042
15.2055
15.5053
15.8029
16.0978
16.3899
16.6789
16.9647
17.2474
17.5269
17.8031
18.0761
18.3457
18.6122
18.8756
19.1361
19.3939
19.6494
19.9031
20.1552
20.4062
20.6566
20.9067
21.1567
21.407
21.6576
21.9088
22.1606
22.413
22.6662
22.9204
23.1756
23.4322
23.6902
23.95
24.2117
24.4754
24.7411
25.0089
25.2785
25.5495
25.8217
26.0945
26.3675
26.6403
26.9122
27.1828
27.4518
27.7186
27.9828
28.2438
28.5009
28.7533
29
29.2397
29.4712
29.6929
29.9031
30.1002
30.2823
30.4478
30.5948
30.7214
30.8259
30.9061
30.96
30.9851
30.9787
30.9378
30.8591
30.7388
30.5729
30.3569
30.0863
29.7561
29.3613
28.8968
28.3578
27.74
27.0399
26.2553
25.3859
24.4338
23.4039
22.3045
21.1466
13.7406
14.0291
14.3213
14.6158
14.9115
15.2073
15.5024
15.7962
16.088
16.3777
16.6648
16.9493
17.231
17.5099
17.7858
18.0587
18.3287
18.5959
18.8603
19.1221
19.3815
19.6388
19.8943
20.1485
20.4015
20.6537
20.9055
21.1571
21.4088
21.6606
21.9129
22.1656
22.419
22.6732
22.9282
23.1843
23.4415
23.7001
23.9602
24.2218
24.4851
24.75
25.0164
25.2841
25.553
25.8225
26.0924
26.3621
26.6313
26.8994
27.166
27.4305
27.6924
27.9511
28.2059
28.4561
28.7008
28.9388
29.1692
29.3904
29.601
29.7995
29.9841
30.1533
30.3051
30.4378
30.5493
30.6378
30.7011
30.7368
30.7426
30.7156
30.653
30.5515
30.4076
30.2177
29.9777
29.6836
29.3312
28.9165
28.4354
27.8845
27.2607
26.562
25.7874
24.9378
24.0156
23.0256
21.9747
20.8718
13.7695
14.0521
14.3385
14.6277
14.9185
15.21
15.5013
15.7919
16.0813
16.3689
16.6544
16.9377
17.2186
17.4968
17.7725
18.0454
18.3157
18.5834
18.8485
19.1113
19.3719
19.6305
19.8875
20.1431
20.3975
20.6512
20.9043
21.1572
21.4099
21.6628
21.916
22.1696
22.4237
22.6786
22.9343
23.1909
23.4487
23.7076
23.9678
24.2293
24.4922
24.7563
25.0217
25.288
25.5551
25.8226
26.0901
26.3573
26.6236
26.8886
27.1518
27.4126
27.6704
27.9246
28.1744
28.419
28.6574
28.8886
29.1113
29.3244
29.5262
29.7153
29.8901
30.0488
30.1897
30.3108
30.4101
30.4857
30.5353
30.5565
30.5468
30.5036
30.4239
30.3047
30.1425
29.9342
29.6759
29.3643
28.9958
28.5668
28.0744
27.5159
26.8891
26.193
25.4275
24.5938
23.6947
22.7347
21.7196
20.6568
13.7909
14.0694
14.3518
14.6371
14.9243
15.2126
15.5012
15.7895
16.0768
16.3628
16.6471
16.9295
17.2096
17.4875
17.7629
18.0358
18.3062
18.5743
18.8399
19.1034
19.3648
19.6244
19.8824
20.139
20.3946
20.6493
20.9034
21.1571
21.4107
21.6644
21.9182
22.1724
22.4272
22.6826
22.9387
23.1958
23.4538
23.7129
23.9732
24.2346
24.4971
24.7607
25.0252
25.2905
25.5563
25.8222
26.088
26.3533
26.6174
26.8801
27.1407
27.3987
27.6534
27.9041
28.1501
28.3904
28.6241
28.8501
29.0672
29.2741
29.4694
29.6515
29.8189
29.9698
30.1023
30.2147
30.3049
30.3707
30.4099
30.4202
30.3991
30.3437
30.2514
30.1191
29.9437
29.722
29.4508
29.1268
28.7469
28.3083
27.8084
27.2451
26.617
25.9236
25.1653
24.3436
23.4614
22.5227
21.5329
20.4982
13.8052
14.081
14.3608
14.6436
14.9285
15.2147
15.5014
15.7881
16.0741
16.3591
16.6425
16.9242
17.2039
17.4814
17.7566
18.0295
18.3001
18.5683
18.8343
19.0983
19.3602
19.6204
19.879
20.1363
20.3926
20.6479
20.9027
21.157
21.4112
21.6653
21.9196
22.1743
22.4294
22.6852
22.9416
23.1989
23.4572
23.7164
23.9766
24.2379
24.5002
24.7634
25.0274
25.292
25.5569
25.8218
26.0865
26.3504
26.6132
26.8743
27.1331
27.3892
27.6418
27.8902
28.1335
28.371
28.6015
28.8241
29.0374
29.2403
29.4312
29.6086
29.7711
29.9167
30.0437
30.1503
30.2342
30.2935
30.3259
30.3289
30.3001
30.2368
30.1362
29.9953
29.8112
29.5809
29.3013
28.9694
28.5823
28.1377
27.6332
27.0672
26.4387
25.7474
24.9941
24.1804
23.3092
22.3842
21.4105
20.3936
13.8123
14.0868
14.3653
14.6469
14.9306
15.2158
15.5016
15.7875
16.0729
16.3573
16.6403
16.9216
17.201
17.4784
17.7535
18.0264
18.297
18.5654
18.8316
19.0957
19.3579
19.6184
19.8774
20.135
20.3916
20.6472
20.9023
21.1569
21.4114
21.6658
21.9203
22.1752
22.4305
22.6865
22.9431
23.2005
23.4588
23.7181
23.9783
24.2396
24.5017
24.7647
25.0284
25.2926
25.5571
25.8216
26.0857
26.3489
26.611
26.8713
27.1293
27.3844
27.6359
27.8831
28.1251
28.3612
28.5901
28.8109
29.0224
29.2232
29.412
29.5871
29.747
29.8901
30.0143
30.1179
30.1988
30.2548
30.2838
30.2832
30.2505
30.1832
30.0784
29.9334
29.745
29.5104
29.2267
28.8909
28.5005
28.0529
27.5463
26.9791
26.3505
25.6604
24.9096
24.0999
23.234
22.3158
21.3499
20.3417
18.7617
13.916
11.6509
10.1675
8.98705
7.95301
7.00217
6.10381
5.24084
4.40267
3.58228
2.77464
1.97599
1.18332
0.394069
21.5598
16.9457
14.0006
11.9441
10.3577
9.03447
7.86898
6.80397
5.80611
4.85469
3.93605
3.04062
2.16138
1.29279
0.430272
21.9745
18.3061
15.4616
13.2504
11.465
9.95811
8.63524
7.4369
6.32488
5.27389
4.26656
3.2904
2.33607
1.39617
0.464499
21.7866
18.8425
16.2892
14.1309
12.2938
10.6976
9.27689
7.98342
6.78254
5.64939
4.56584
3.51832
2.49631
1.49131
0.496045
21.4395
18.9879
16.7215
14.6899
12.8816
11.2614
9.79121
8.43728
7.17241
5.97522
4.82903
3.72068
2.63953
1.57669
0.524413
21.0628
18.9481
16.9187
15.0256
13.2811
11.6752
10.1891
8.80199
7.49451
6.24999
5.05435
3.89581
2.76441
1.65149
0.549322
20.7003
18.8226
16.9794
15.2127
13.5418
11.9692
10.488
9.08694
7.75358
6.4758
5.2425
4.04377
2.87077
1.71553
0.5707
20.3689
18.6627
16.9633
15.3039
13.704
12.1716
10.7065
9.30411
7.95701
6.65706
5.39603
4.16595
2.95934
1.76914
0.588644
20.0756
18.4957
16.907
15.3354
13.7986
12.3064
10.8624
9.46585
8.11319
6.79935
5.51853
4.26461
3.03146
1.81303
0.603372
19.8232
18.3373
16.8334
15.332
13.8485
12.393
10.9708
9.58359
8.23044
6.90856
5.61408
4.34247
3.08884
1.84813
0.615178
19.6127
18.1967
16.7571
15.3104
13.8702
12.446
11.044
9.6672
8.31634
6.9903
5.6867
4.4023
3.13327
1.87543
0.624386
19.4445
18.0796
16.6876
15.2824
13.8758
12.4768
11.0919
9.72478
8.37733
7.04951
5.74006
4.4467
3.16647
1.89593
0.631313
19.3186
17.9894
16.631
15.2555
13.8735
12.4934
11.1217
9.76265
8.41858
7.09029
5.77726
4.47793
3.18996
1.91049
0.636239
19.2347
17.9283
16.5914
15.2351
13.8691
12.5016
11.1389
9.7854
8.44396
7.11575
5.80071
4.49774
3.20493
1.91979
0.639392
19.1929
17.8975
16.5711
15.2241
13.866
12.5048
11.1466
9.79604
8.45601
7.12795
5.81202
4.50734
3.21221
1.92431
0.640928
)
;

boundaryField
{
    hot
    {
        type            fixedValue;
        value           uniform 10;
    }
    cold
    {
        type            fixedValue;
        value           uniform 0;
    }
    interface_left
    {
        type            fixedValue;
        value           nonuniform List<scalar> 
90
(
0
0
0
0
0
0
0
0
0
0
0
0
0
0
0
0
0
0
0
0
0
0
0
0
0
0
0
0
0
0
0
0
0
0
0
0
0
0
0
0
0
0
0
0
0
0
0
0
0
0
0
0
0
0
0
0
0
0
0
0
0
0
0
0
0
0
0
0
0
0
0
0
0
0
0
0
0
0
0
0
0
0
0
0
0
0
0
13.5207
13.5207
13.5207
)
;
    }
    interface_right
    {
        type            fixedValue;
        value           uniform 0;
    }
    interface_top
    {
        type            fixedValue;
        value           nonuniform List<scalar> 
90
(
13.5207
13.5207
14.8589
14.8589
15.7337
15.7337
16.3593
16.3593
16.3593
16.8956
16.8956
17.4537
17.4537
18.053
18.053
18.7873
18.7873
19.3145
19.3145
19.7406
19.7406
20.0945
20.0945
20.0945
20.4397
20.4397
20.8401
20.8401
21.3205
21.3205
21.9809
21.9809
22.5131
22.5131
22.9806
22.9806
23.3928
23.3928
23.3928
23.8186
23.8186
24.3391
24.3391
24.9947
24.9947
25.9223
25.9223
26.6826
26.6826
27.3606
27.3606
27.9667
27.9667
27.9667
28.603
28.603
29.3726
29.3726
30.3065
30.3065
31.5457
31.5457
32.4972
32.4972
33.3009
33.3009
33.9812
33.9812
33.9812
34.6499
34.6499
35.4145
35.4145
36.2897
36.2897
37.3848
37.3848
38.2383
38.2383
39.0246
39.0246
39.8869
39.8869
39.8869
41.5171
41.5171
41.5171
41.5171
41.5171
41.5171
)
;
    }
    interface_bottom
    {
        type            fixedValue;
        value           nonuniform List<scalar> 
90
(
13.5207
13.5207
14.0811
14.0811
14.5719
14.5719
14.9303
14.9303
14.9303
15.2271
15.2271
15.5211
15.5211
15.814
15.814
16.1337
16.1337
16.3227
16.3227
16.4273
16.4273
16.473
16.473
16.473
16.4718
16.4718
16.4229
16.4229
16.3139
16.3139
16.1167
16.1167
15.9258
15.9258
15.727
15.727
15.5215
15.5215
15.5215
15.2755
15.2755
14.9525
14.9525
14.5424
14.5424
13.9984
13.9984
13.5687
13.5687
13.1773
13.1773
12.8086
12.8086
12.8086
12.3995
12.3995
11.8911
11.8911
11.2718
11.2718
10.4751
10.4751
9.85848
9.85848
9.30496
9.30496
8.79082
8.79082
8.79082
8.2286
8.2286
7.53235
7.53235
6.67469
6.67469
5.51733
5.51733
4.58063
4.58063
3.70799
3.70799
2.87385
2.87385
2.87385
1.85038
1.85038
1.85038
0
0
0
)
;
    }
    defaultFaces
    {
        type            empty;
    }
}


// ************************************************************************* //
