/*--------------------------------*- C++ -*----------------------------------*\
| =========                 |                                                 |
| \\      /  F ield         | OpenFOAM: The Open Source CFD Toolbox           |
|  \\    /   O peration     | Version:  5.x                                   |
|   \\  /    A nd           | Web:      www.OpenFOAM.org                      |
|    \\/     M anipulation  |                                                 |
\*---------------------------------------------------------------------------*/
FoamFile
{
    version     2.0;
    format      ascii;
    class       volScalarField;
    location    "18";
    object      gradTx;
}
// * * * * * * * * * * * * * * * * * * * * * * * * * * * * * * * * * * * * * //

dimensions      [0 -1 0 1 0 0 0];

internalField   nonuniform List<scalar> 
6300
(
-10.6262
-10.3933
-9.93052
-9.24363
-8.34227
-7.24051
-5.95778
-4.51979
-2.9592
-1.31583
0.363877
2.02843
3.62396
5.09787
6.40305
-10.8593
-10.6237
-10.1549
-9.45842
-8.543
-7.42181
-6.11338
-4.64273
-3.04232
-1.35253
0.378667
2.09709
3.74521
5.26621
6.60898
-11.3284
-11.0874
-10.6073
-9.89244
-8.94982
-7.79066
-6.43152
-4.89577
-3.21519
-1.43098
0.405862
2.23569
3.9932
5.61244
7.03342
-12.0387
-11.7905
-11.295
-10.5545
-9.57349
-8.35984
-6.92659
-5.294
-3.49202
-1.56243
0.439698
2.44623
4.37905
6.1565
7.70291
-12.9976
-12.7411
-12.2279
-11.4574
-10.4301
-9.14896
-7.62131
-5.86197
-3.89683
-1.76676
0.468762
2.73012
4.91991
6.93122
8.6621
-14.2132
-13.949
-13.4184
-12.6173
-11.5409
-10.1849
-8.54804
-6.6361
-4.4669
-2.07691
0.471616
3.08519
5.63887
7.98596
9.98048
-15.6933
-15.4235
-14.8795
-14.0529
-12.9317
-11.502
-9.75019
-7.66784
-5.2581
-2.54596
0.409056
3.49979
6.56403
9.3929
11.7649
-17.4434
-17.1724
-16.6237
-15.7834
-14.6314
-13.1413
-11.2832
-9.02728
-6.35205
-3.25825
0.210424
3.94049
7.72418
11.2564
14.1817
-19.4648
-19.1995
-18.6596
-17.826
-16.6693
-15.1491
-13.2144
-10.8063
-7.86492
-4.34574
-0.249964
4.3272
9.13546
13.7264
17.4992
-21.7517
-21.5014
-20.9895
-20.192
-19.071
-17.5716
-15.6194
-13.119
-9.95588
-6.01017
-1.1921
4.48246
10.7637
17.014
22.1733
-24.2891
-24.0653
-23.6052
-22.8819
-21.8513
-20.447
-18.573
-16.0946
-12.8298
-8.54729
-2.99106
4.03065
12.4224
21.3921
29.0346
-27.0504
-26.8659
-26.4844
-25.8793
-25.0057
-23.7925
-22.1312
-19.857
-16.7215
-12.3585
-6.25585
2.20843
13.5025
27.097
39.7476
-29.9966
-29.8636
-29.5873
-29.1456
-28.4997
-27.5863
-26.3027
-24.4809
-21.8411
-17.9096
-11.8827
-2.44405
12.2818
33.7451
58.0901
-33.0761
-33.0047
-32.8559
-32.6162
-32.2615
-31.7505
-31.0126
-29.9231
-28.2526
-25.5564
-20.9215
-12.3842
4.32296
37.5109
94.1211
-36.2271
-36.2234
-36.2155
-36.202
-36.1797
-36.1419
-36.0743
-35.9463
-35.6901
-35.142
-33.8632
-30.4946
-20.1172
17.8535
180.246
7.4273
8.18297
8.77077
9.18944
9.44357
9.54256
9.49929
9.32873
9.04679
8.6693
8.21131
7.68658
7.10738
6.48441
5.82683
5.14244
4.43778
3.71836
2.9888
2.25297
1.51415
0.775105
0.0381873
-0.694603
-1.42157
-2.1413
-2.85263
-3.55463
-4.24663
-4.92817
-5.59902
-6.25917
-6.90872
-7.54793
-8.17709
-8.79646
-9.40626
-10.0066
-10.5973
-11.1784
-11.7493
-12.3099
-12.8598
-13.3986
-13.9264
-14.4433
-14.9494
-15.4454
-15.9317
-16.4089
-16.8777
-17.3382
-17.7905
-18.2343
-18.6689
-19.0935
-19.5068
-19.9077
-20.2947
-20.6668
-21.0228
-21.3617
-21.6829
-21.9853
-22.2682
-22.5301
-22.7694
-22.9838
-23.1705
-23.326
-23.4462
-23.5269
-23.5633
-23.5513
-23.4865
-23.3657
-23.186
-22.9458
-22.6443
-22.2818
-21.8599
-21.381
-20.8488
-20.2677
-19.6436
-18.9831
-18.2937
-17.5837
-16.8621
-16.1379
7.65728
8.42428
9.01395
9.42599
9.6666
9.74708
9.68223
9.48878
9.18405
8.78493
8.30712
7.76474
7.17016
6.53399
5.86522
5.17141
4.45884
3.73279
2.99765
2.25712
1.51433
0.771909
0.0321262
-0.70309
-1.43209
-2.15349
-2.86613
-3.5691
-4.26172
-4.94358
-5.61447
-6.27441
-6.92362
-7.5624
-8.19115
-8.81022
-9.41988
-10.0203
-10.6113
-11.1927
-11.7642
-12.3253
-12.8755
-13.4145
-13.9421
-14.4585
-14.964
-15.4591
-15.9445
-16.4211
-16.8894
-17.3498
-17.8026
-18.2473
-18.6832
-19.1095
-19.5246
-19.9273
-20.3161
-20.6897
-21.047
-21.3872
-21.7095
-22.0134
-22.298
-22.5624
-22.8049
-23.0235
-23.2152
-23.3765
-23.503
-23.5902
-23.633
-23.6268
-23.5671
-23.4501
-23.273
-23.0338
-22.7318
-22.3672
-21.9417
-21.4576
-20.9187
-20.3296
-19.6959
-19.0245
-18.3231
-17.6003
-16.8655
-16.1283
8.1312
8.92059
9.51254
9.90905
10.1199
10.1605
10.05
9.80873
9.45694
9.01359
8.49565
7.91783
7.29258
6.63028
5.93947
5.22717
4.49913
3.76012
3.0141
2.26439
1.51382
0.764791
0.019376
-0.720625
-1.45365
-2.17836
-2.89361
-3.5985
-4.29237
-4.97481
-5.64569
-6.30514
-6.95351
-7.59131
-8.21912
-8.83748
-9.44683
-10.0474
-10.639
-11.2214
-11.794
-12.3562
-12.9072
-13.4465
-13.9739
-14.4893
-14.9933
-15.4865
-15.9701
-16.445
-16.9122
-17.3724
-17.826
-18.2726
-18.7114
-19.1412
-19.5602
-19.9668
-20.3592
-20.7359
-21.0958
-21.4381
-21.7626
-22.0689
-22.3569
-22.6259
-22.8748
-23.1016
-23.3036
-23.4767
-23.6163
-23.717
-23.7731
-23.7791
-23.7299
-23.621
-23.4491
-23.212
-22.909
-22.5403
-22.1074
-21.6131
-21.0608
-20.4553
-19.8023
-19.1088
-18.383
-17.634
-16.8722
-16.1082
8.87853
9.7008
10.2922
10.6591
10.8178
10.7913
10.6057
10.2875
9.86136
9.34936
8.77011
8.13893
7.46811
6.76739
6.04445
5.30536
4.55501
3.79735
3.03567
2.27275
1.51095
0.752335
-0.00128899
-0.748311
-1.48728
-2.21692
-2.93608
-3.64384
-4.33952
-5.02272
-5.6934
-6.35183
-6.99862
-7.63458
-8.26065
-8.8777
-9.48643
-10.0872
-10.6799
-11.2641
-11.8388
-12.4031
-12.9557
-13.4957
-14.0227
-14.5366
-15.0379
-15.5279
-16.0079
-16.4797
-16.9448
-17.4045
-17.8593
-18.309
-18.7525
-19.1881
-19.6135
-20.0265
-20.4246
-20.806
-21.1695
-21.5146
-21.8415
-22.1506
-22.4427
-22.718
-22.9761
-23.2154
-23.4331
-23.6249
-23.7852
-23.9077
-23.9852
-24.0108
-23.9783
-23.8822
-23.7186
-23.485
-23.1805
-22.8054
-22.3616
-21.8516
-21.2792
-20.6491
-19.9668
-19.2396
-18.4759
-17.6861
-16.8819
-16.0757
9.94899
10.8131
11.3947
11.7085
11.7821
11.6509
11.3521
10.9212
10.3891
9.78165
9.11907
8.41684
7.68643
6.93625
6.17244
5.39959
4.62122
3.84019
3.05887
2.27933
1.50336
0.732563
-0.0315769
-0.78769
-1.53446
-2.27063
-2.99503
-3.70663
-4.40467
-5.0887
-5.75875
-6.4153
-7.05931
-7.69209
-8.31513
-8.92987
-9.53746
-10.1385
-10.733
-11.3202
-11.8986
-12.4666
-13.0221
-13.5637
-14.0903
-14.6018
-15.0989
-15.5833
-16.0574
-16.5238
-16.9852
-17.4435
-17.8998
-18.354
-18.8047
-19.2494
-19.6847
-20.1073
-20.5138
-20.9016
-21.2695
-21.6172
-21.9457
-22.2567
-22.5525
-22.8347
-23.1042
-23.3601
-23.5997
-23.8182
-24.0086
-24.1627
-24.2716
-24.326
-24.318
-24.2405
-24.0888
-23.86
-23.5533
-23.1694
-22.7106
-22.1798
-21.5807
-20.9176
-20.196
-19.4225
-18.6063
-17.7589
-16.8941
-16.0275
11.4203
12.3317
12.8828
13.1032
13.041
12.7514
12.2885
11.7002
11.0252
10.293
9.52483
8.73504
7.93298
7.12451
6.31324
5.50153
4.69107
3.88325
3.07936
2.28061
1.48816
0.703086
-0.0735395
-0.840622
-1.59699
-2.34137
-3.07247
-3.78902
-4.49001
-5.17485
-5.84355
-6.49684
-7.13618
-7.76362
-8.38154
-8.9923
-9.59784
-10.1993
-10.7967
-11.3888
-11.9735
-12.5478
-13.1086
-13.6531
-14.1795
-14.6875
-15.1779
-15.6534
-16.1178
-16.5751
-17.0298
-17.4852
-17.9432
-18.404
-18.8654
-19.3238
-19.7742
-20.211
-20.6295
-21.0259
-21.3984
-21.7472
-22.0747
-22.3846
-22.6815
-22.9695
-23.2515
-23.528
-23.7966
-24.0515
-24.2839
-24.4828
-24.636
-24.7311
-24.7572
-24.7054
-24.5697
-24.3469
-24.0368
-23.6412
-23.1631
-22.6061
-21.974
-21.2704
-20.4994
-19.6668
-18.7815
-17.8564
-16.9087
-15.959
13.4126
14.3688
14.8464
14.9048
14.6271
14.1009
13.4052
12.6036
11.7432
10.8559
9.96142
9.07064
8.18852
7.31655
6.45447
5.60149
4.75691
3.92047
3.09227
2.27269
1.4622
0.661322
-0.129354
-0.909085
-1.67686
-2.43133
-3.1709
-3.89386
-4.59866
-5.28427
-5.95054
-6.59846
-7.23017
-7.84883
-8.45822
-9.0622
-9.66406
-10.2658
-10.8678
-11.4682
-12.0633
-12.6484
-13.2183
-13.7684
-14.2953
-14.7982
-15.2783
-15.7396
-16.188
-16.6302
-17.0732
-17.5228
-17.9825
-18.4527
-18.9304
-19.4097
-19.8828
-20.3411
-20.7769
-21.1844
-21.5611
-21.9078
-22.2288
-22.5311
-22.823
-23.1127
-23.4064
-23.7071
-24.013
-24.317
-24.6073
-24.8686
-25.0836
-25.2354
-25.3084
-25.291
-25.1755
-24.9593
-24.6433
-24.2314
-23.7288
-23.1404
-22.47
-21.7199
-20.8913
-19.9869
-19.0137
-17.9861
-16.9262
-15.8629
16.1146
17.0947
17.4135
17.1899
16.5706
15.6944
14.674
13.5914
12.4996
11.4288
10.3924
9.39352
8.42921
7.4941
6.58239
5.68913
4.81088
3.94566
3.09263
2.25153
1.42226
0.604757
-0.20103
-0.994862
-1.77595
-2.54282
-3.29332
-4.0249
-4.73496
-5.42156
-6.084
-6.72342
-7.34294
-7.94738
-8.54268
-9.13512
-9.73033
-10.3321
-10.9412
-11.5549
-12.1674
-12.7708
-13.3565
-13.9168
-14.4458
-14.9415
-15.4056
-15.8443
-16.2668
-16.684
-17.1071
-17.5458
-18.0065
-18.4903
-18.9928
-19.5044
-20.0125
-20.5034
-20.9647
-21.3872
-21.7667
-22.105
-22.4096
-22.6923
-22.9676
-23.2498
-23.5511
-23.8785
-24.2318
-24.6019
-24.9722
-25.3206
-25.6223
-25.8526
-25.9897
-26.0173
-25.9264
-25.7151
-25.3877
-24.9522
-24.4178
-23.7924
-23.0807
-22.2822
-21.3921
-20.4057
-19.3244
-18.1619
-16.9486
-15.728
19.8339
20.7725
20.761
20.0446
18.8839
17.4951
16.0323
14.5921
13.2257
11.9518
10.7692
9.66631
8.62761
7.63775
6.68352
5.75498
4.84588
3.95315
3.07568
2.21318
1.36528
0.531213
-0.290017
-1.09907
-1.8956
-2.67793
-3.44306
-4.18694
-4.90509
-5.59365
-6.2506
-6.87704
-7.47742
-8.05906
-8.63121
-9.20403
-9.78713
-10.3877
-11.0078
-11.6433
-12.2846
-12.9186
-13.5314
-14.1099
-14.6443
-15.13
-15.5695
-15.9723
-16.3531
-16.729
-17.1183
-17.5371
-17.9969
-18.501
-19.042
-19.6041
-20.1667
-20.708
-21.2081
-21.6517
-22.0316
-22.3506
-22.6215
-22.8641
-23.1019
-23.3593
-23.6579
-24.0126
-24.4261
-24.8863
-25.3684
-25.8396
-26.2635
-26.6038
-26.8285
-26.9143
-26.8502
-26.6378
-26.2876
-25.8152
-25.2374
-24.5686
-23.8163
-22.9761
-22.0314
-20.9611
-19.7517
-18.4108
-16.9811
-15.5359
25.1004
25.8181
25.1232
23.5385
21.5252
19.4021
17.3579
15.4863
13.8182
12.3432
11.0311
9.84636
8.75543
7.72989
6.74744
5.79264
4.85715
3.93849
3.03703
2.15367
1.28824
0.439087
-0.396629
-1.2214
-2.03576
-2.83788
-3.62345
-4.38607
-5.11788
-5.81125
-6.46117
-7.06817
-7.63886
-8.18436
-8.71877
-9.25808
-9.8188
-10.4149
-11.0523
-11.7235
-12.412
-13.0968
-13.7554
-14.3666
-14.9128
-15.3849
-15.7861
-16.1321
-16.446
-16.7549
-17.0868
-17.469
-17.9235
-18.4584
-19.0606
-19.7027
-20.3513
-20.9719
-21.5326
-22.0078
-22.3839
-22.6653
-22.874
-23.0424
-23.2079
-23.4092
-23.6838
-24.0615
-24.5529
-25.139
-25.7801
-26.4265
-27.0248
-27.5211
-27.867
-28.0268
-27.9874
-27.7586
-27.3631
-26.8297
-26.1879
-25.4649
-24.678
-23.8205
-22.8513
-21.7164
-20.3682
-18.7875
-17.0359
-15.2521
32.8989
32.8975
30.7659
27.6492
24.3237
21.1951
18.4347
16.0874
14.1323
12.4997
11.1094
9.89108
8.78886
7.75973
6.77131
5.8023
4.84398
3.8989
2.97212
2.06819
1.18765
0.327489
-0.519103
-1.35881
-2.1936
-3.02172
-3.83692
-4.62963
-5.38604
-6.09146
-6.73355
-7.31159
-7.83657
-8.32562
-8.79924
-9.28123
-9.79945
-10.3827
-11.0478
-11.7786
-12.5449
-13.3125
-14.0478
-14.7165
-15.288
-15.7417
-16.082
-16.3377
-16.5462
-16.7473
-16.9825
-17.2967
-17.7342
-18.3188
-19.0215
-19.7919
-20.5758
-21.322
-21.9801
-22.5064
-22.8723
-23.0845
-23.1843
-23.2248
-23.262
-23.3532
-23.561
-23.9465
-24.5433
-25.3122
-26.184
-27.0825
-27.9325
-28.6548
-29.1732
-29.4257
-29.3972
-29.1189
-28.6371
-28
-27.2549
-26.453
-25.6413
-24.8255
-23.9095
-22.7788
-21.319
-19.4102
-17.1369
-14.8045
45.2467
43.0439
37.8267
32.0602
26.8378
22.4571
18.9161
16.1231
13.9816
12.3071
10.9396
9.76838
8.7168
7.7307
6.76699
5.79632
4.81154
3.83275
2.87415
1.94888
1.05754
0.196229
-0.651601
-1.50341
-2.36115
-3.22421
-4.08284
-4.92548
-5.72767
-6.46285
-7.09819
-7.63139
-8.086
-8.48907
-8.86762
-9.25218
-9.68636
-10.2327
-10.9488
-11.7825
-12.6757
-13.5745
-14.436
-15.2062
-15.8327
-16.2616
-16.4997
-16.6112
-16.6566
-16.6907
-16.7644
-16.9468
-17.3327
-18.0089
-18.8846
-19.8616
-20.8545
-21.7985
-22.6169
-23.2359
-23.5816
-23.6651
-23.5799
-23.4116
-23.2379
-23.1293
-23.1819
-23.5268
-24.2856
-25.3368
-26.5491
-27.808
-29.0236
-30.082
-30.8622
-31.2287
-31.1664
-30.7721
-30.1343
-29.3254
-28.4036
-27.4547
-26.6101
-25.9747
-25.2764
-24.3146
-22.9164
-20.5574
-17.3229
-14.0198
66.7901
57.5302
45.6783
35.6879
28.1398
22.5099
18.3202
15.2202
13.1584
11.6723
10.4868
9.47322
8.55025
7.66922
6.77249
5.81051
4.77032
3.73737
2.72807
1.78063
0.884078
0.0454888
-0.778441
-1.63949
-2.52111
-3.43314
-4.3518
-5.27962
-6.16579
-6.97802
-7.60989
-8.06436
-8.40963
-8.68778
-8.92731
-9.15162
-9.41174
-9.83803
-10.6803
-11.7004
-12.7986
-13.8901
-14.9556
-15.9028
-16.6619
-17.056
-17.0993
-16.98
-16.783
-16.5769
-16.3895
-16.3038
-16.513
-17.4115
-18.6017
-19.9082
-21.2034
-22.4557
-23.5407
-24.3589
-24.6682
-24.4884
-24.0948
-23.6062
-23.1201
-22.6729
-22.3817
-22.5111
-23.6065
-25.1295
-26.8467
-28.5955
-30.341
-31.9094
-33.1466
-33.6488
-33.4134
-32.7758
-31.8776
-30.8132
-29.5909
-28.3061
-27.2773
-27.2141
-27.0226
-26.4787
-25.8971
-22.965
-17.6074
-12.4392
109.654
75.7481
50.848
35.7982
26.6788
20.4883
16.1549
12.8222
11.5058
10.6045
9.7861
9.04737
8.32303
7.6301
6.87172
5.93709
4.71846
3.60777
2.4927
1.53897
0.627014
-0.126477
-0.851926
-1.74605
-2.63732
-3.63259
-4.60762
-5.69377
-6.71041
-7.75293
-8.37705
-8.65457
-8.82986
-8.94209
-9.00885
-8.99947
-8.89776
-8.8443
-10.1557
-11.5059
-12.9309
-14.2429
-15.6454
-16.8703
-18.0162
-18.3556
-17.9331
-17.4602
-16.9225
-16.4358
-15.8681
-15.2359
-14.7005
-16.3938
-18.1511
-19.9706
-21.6141
-23.3535
-24.8485
-26.2145
-26.4586
-25.6196
-24.7462
-23.7967
-22.9459
-21.9916
-20.9755
-20.104
-22.3113
-24.6423
-27.0985
-29.3875
-31.9132
-34.2134
-36.4889
-37.1307
-36.2393
-35.1542
-33.86
-32.5279
-30.8679
-28.7884
-26.5538
-28.6381
-29.2759
-28.6967
-32.2623
-28.8653
-17.6187
-8.77621
209.161
80.9966
41.8325
27.3684
20.9998
15.792
12.5483
7.52028
9.25514
9.41729
8.97039
8.60057
8.05038
7.68502
7.22452
6.47244
4.51097
3.48431
2.02488
1.23702
0.141666
-0.338901
-0.68259
-1.85676
-2.60382
-3.86124
-4.70346
-6.20802
-7.21777
-9.13033
-9.64331
-9.39197
-9.34088
-9.26184
-9.20001
-8.98022
-8.31422
-5.88517
-9.57497
-11.2035
-13.2261
-14.4651
-16.5908
-17.9515
-20.5315
-20.7524
-18.8389
-18.0339
-16.9883
-16.4114
-15.4392
-14.0284
-9.67864
-15.2839
-17.6108
-20.2863
-21.8864
-24.6031
-26.3416
-29.6852
-29.8087
-26.7997
-25.5072
-23.8449
-22.9205
-21.3993
-19.3607
-13.2636
-20.8376
-23.9745
-27.5907
-29.8382
-33.8098
-36.5526
-42.1835
-42.8202
-39.3436
-37.8333
-35.8966
-34.7144
-32.7489
-29.4936
-19.6111
-32.1446
-33.2812
-24.946
-48.6532
-46.0689
-14.1679
0.451926
-15.3498
-14.5116
-13.7096
-12.9549
-12.2559
-11.6186
-11.0466
-10.5417
-10.1042
-9.73333
-9.42773
-9.18582
-9.00602
-8.88697
-8.8277
-15.3266
-14.4752
-13.6622
-12.899
-12.1941
-11.5531
-10.9794
-10.4742
-10.0375
-9.66794
-9.36395
-9.12362
-8.94517
-8.8271
-8.76834
-15.2787
-14.4002
-13.5649
-12.7847
-12.0681
-11.4202
-10.8435
-10.3383
-9.9034
-9.53691
-9.2364
-8.99944
-8.82384
-8.70782
-8.65013
-15.2025
-14.2819
-13.4124
-12.6068
-11.8733
-11.2161
-10.636
-10.1318
-9.70084
-9.33979
-9.0452
-8.81381
-8.64285
-8.53012
-8.47414
-15.0921
-14.1122
-13.1958
-12.3566
-11.6021
-10.9346
-10.3525
-9.852
-9.42827
-9.07613
-8.79069
-8.56767
-8.40353
-8.29559
-8.24207
-14.9384
-13.879
-12.9018
-12.0215
-11.2439
-10.5676
-9.98722
-9.49534
-9.084
-8.74566
-8.47369
-8.26255
-8.10791
-8.00655
-7.95639
-14.7272
-13.5633
-12.5106
-11.5838
-10.7842
-10.1046
-9.53336
-9.05803
-8.66663
-8.34874
-8.09575
-7.90086
-7.75891
-7.66624
-7.62048
-14.4359
-13.1362
-11.9934
-11.0187
-10.2045
-9.53293
-8.98353
-8.5367
-8.17566
-7.88682
-7.65963
-7.48613
-7.36057
-7.27893
-7.23871
-14.0271
-12.5523
-11.3078
-10.2932
-9.48192
-8.83907
-8.33101
-7.92949
-7.6124
-7.36317
-7.16972
-7.02341
-6.91822
-6.85012
-6.81666
-13.4348
-11.7379
-10.3924
-9.36418
-8.59085
-8.01032
-7.57188
-7.23777
-6.9812
-6.78367
-6.63259
-6.51948
-6.43869
-6.38661
-6.36107
-12.5351
-10.5719
-9.15949
-8.18022
-7.5069
-7.0394
-6.70834
-6.46842
-6.29088
-6.15765
-6.05744
-5.98315
-5.9304
-5.89648
-5.87988
-11.0801
-8.85503
-7.49333
-6.69021
-6.21704
-5.93198
-5.7536
-5.63663
-5.55617
-5.49855
-5.45628
-5.42524
-5.4032
-5.38899
-5.38201
-8.54983
-6.27472
-5.26855
-4.87018
-4.739
-4.7178
-4.73738
-4.76827
-4.79856
-4.82406
-4.84383
-4.85826
-4.86812
-4.87421
-4.8771
-3.82785
-2.42536
-2.43589
-2.7829
-3.15094
-3.46281
-3.70981
-3.90044
-4.0457
-4.15523
-4.23667
-4.29578
-4.33677
-4.36258
-4.37503
5.46506
2.83703
0.733269
-0.674559
-1.61901
-2.27266
-2.73857
-3.07796
-3.32853
-3.51446
-3.6518
-3.75138
-3.82057
-3.86424
-3.88537
-39.1191
-39.178
-39.3005
-39.4973
-39.7859
-40.1948
-40.7696
-41.5855
-42.7754
-44.5989
-47.6423
-53.5209
-67.8147
-114.22
-309.997
-41.7074
-41.8198
-42.0537
-42.4292
-42.9807
-43.7643
-44.8707
-46.4523
-48.7768
-52.3491
-58.2001
-68.6099
-88.8763
-130.556
-206.554
-44.2178
-44.3773
-44.7087
-45.239
-46.0146
-47.1095
-48.642
-50.8032
-53.9116
-58.5169
-65.592
-76.8543
-95.0676
-123.06
-155.886
-46.6176
-46.8155
-47.2256
-47.8787
-48.8267
-50.151
-51.9767
-54.4962
-58.0072
-62.9696
-70.0761
-80.2715
-94.4682
-112.206
-128.013
-48.88
-49.1064
-49.5738
-50.3136
-51.3776
-52.8443
-54.8297
-57.5009
-61.0948
-65.9336
-72.4151
-80.9096
-91.4093
-102.695
-111.117
-50.9854
-51.2299
-51.7329
-52.5235
-53.6488
-55.1776
-57.2064
-59.8647
-63.3178
-67.7569
-73.3563
-80.1551
-87.8047
-95.1711
-100.069
-52.921
-53.1741
-53.6924
-54.5012
-55.6397
-57.1636
-59.146
-61.6767
-64.8561
-68.7744
-73.4646
-78.8097
-84.3965
-89.3619
-92.4221
-54.6809
-54.9341
-55.4503
-56.2498
-57.3631
-58.8314
-60.7047
-63.0383
-65.8813
-69.2559
-73.1181
-77.2965
-81.4199
-84.8756
-86.9003
-56.2651
-56.5114
-57.0116
-57.7805
-58.8401
-60.2178
-61.944
-64.046
-66.5372
-69.3988
-72.5518
-75.8216
-78.9067
-81.3829
-82.7845
-57.6782
-57.9125
-58.3862
-59.1095
-60.0962
-61.3623
-62.9223
-64.7834
-66.9359
-69.3394
-71.9046
-74.4748
-76.8165
-78.6364
-79.642
-58.9287
-59.1473
-59.5876
-60.2555
-61.1583
-62.3027
-63.6915
-65.3184
-67.1602
-69.1676
-71.2538
-73.2866
-75.0885
-76.4555
-77.1977
-60.0275
-60.2282
-60.631
-61.2385
-62.0526
-63.0734
-64.2955
-65.7041
-67.2697
-68.9411
-70.6401
-72.2586
-73.6627
-74.7082
-75.2687
-60.9868
-61.1687
-61.5324
-62.0779
-62.8035
-63.7043
-64.7699
-65.981
-67.3056
-68.6953
-70.0823
-71.3796
-72.4858
-73.2979
-73.729
-61.82
-61.9828
-62.3076
-62.7924
-63.4327
-64.2208
-65.1432
-66.1789
-67.2963
-68.4515
-69.5869
-70.6331
-71.5131
-72.152
-72.4887
-62.5401
-62.6845
-62.9718
-63.3987
-63.9593
-64.6439
-65.438
-66.3201
-67.2608
-68.2213
-69.1535
-70.002
-70.7079
-71.2159
-71.4821
-63.1599
-63.287
-63.5391
-63.9123
-64.3998
-64.9912
-65.6716
-66.4206
-67.2115
-68.0107
-68.7782
-69.4699
-70.0402
-70.4477
-70.6603
-63.6916
-63.8025
-64.0223
-64.3466
-64.7681
-65.2765
-65.8575
-66.4921
-67.1565
-67.822
-68.4557
-69.0219
-69.4855
-69.8149
-69.9861
-64.1462
-64.2425
-64.433
-64.7133
-65.0761
-65.5115
-66.0062
-66.5429
-67.1008
-67.6555
-68.1798
-68.6453
-69.0241
-69.292
-69.4308
-64.5339
-64.6171
-64.7815
-65.0226
-65.3337
-65.7055
-66.1256
-66.5789
-67.0473
-67.5101
-67.9449
-68.3287
-68.6396
-68.8587
-68.9719
-64.8638
-64.9354
-65.0766
-65.2833
-65.5492
-65.8658
-66.222
-66.6045
-66.9976
-67.3841
-67.7454
-68.0628
-68.3189
-68.4988
-68.5917
-65.1439
-65.2053
-65.3263
-65.5029
-65.7296
-65.9986
-66.3001
-66.6226
-66.9526
-67.2757
-67.5764
-67.8395
-68.0512
-68.1995
-68.2758
-65.3815
-65.434
-65.5372
-65.6878
-65.8806
-66.1087
-66.3637
-66.6354
-66.9125
-67.1827
-67.4334
-67.652
-67.8274
-67.95
-68.0131
-65.5826
-65.6273
-65.7153
-65.8434
-66.0071
-66.2003
-66.4157
-66.6445
-66.8772
-67.1034
-67.3126
-67.4946
-67.6402
-67.7418
-67.7941
-65.7526
-65.7907
-65.8655
-65.9742
-66.113
-66.2765
-66.4583
-66.651
-66.8464
-67.0359
-67.2106
-67.3624
-67.4836
-67.568
-67.6114
-65.8963
-65.9286
-65.992
-66.0843
-66.2018
-66.34
-66.4933
-66.6556
-66.8197
-66.9785
-67.1247
-67.2514
-67.3524
-67.4227
-67.4588
-66.0174
-66.0449
-66.0986
-66.1768
-66.2761
-66.3929
-66.5222
-66.6588
-66.7967
-66.9299
-67.0523
-67.1582
-67.2426
-67.3012
-67.3313
-66.1196
-66.1428
-66.1884
-66.2545
-66.3385
-66.4371
-66.5461
-66.6611
-66.777
-66.8888
-66.9914
-67.08
-67.1505
-67.1995
-67.2247
-66.2056
-66.2253
-66.2638
-66.3197
-66.3907
-66.4739
-66.5659
-66.6627
-66.7602
-66.8541
-66.9402
-67.0144
-67.0735
-67.1145
-67.1355
-66.278
-66.2946
-66.3272
-66.3745
-66.4345
-66.5047
-66.5823
-66.6639
-66.7459
-66.8248
-66.8971
-66.9594
-67.0089
-67.0432
-67.0608
-66.3388
-66.3529
-66.3805
-66.4204
-66.4711
-66.5305
-66.5959
-66.6647
-66.7338
-66.8002
-66.861
-66.9133
-66.9548
-66.9837
-66.9984
-66.3898
-66.4017
-66.4251
-66.4589
-66.5018
-66.552
-66.6072
-66.6653
-66.7235
-66.7795
-66.8307
-66.8747
-66.9096
-66.9339
-66.9463
-66.4326
-66.4427
-66.4625
-66.4911
-66.5274
-66.5699
-66.6166
-66.6657
-66.7149
-66.7621
-66.8053
-66.8424
-66.8719
-66.8923
-66.9027
-66.4683
-66.4769
-66.4937
-66.518
-66.5488
-66.5848
-66.6244
-66.666
-66.7076
-66.7476
-66.7841
-66.8155
-66.8403
-66.8576
-66.8664
-66.4981
-66.5054
-66.5197
-66.5404
-66.5666
-66.5972
-66.6309
-66.6662
-66.7016
-66.7355
-66.7664
-66.7931
-66.8141
-66.8288
-66.8362
-66.5228
-66.529
-66.5413
-66.5589
-66.5813
-66.6074
-66.6362
-66.6663
-66.6965
-66.7254
-66.7518
-66.7745
-66.7924
-66.8049
-66.8112
-66.5432
-66.5485
-66.559
-66.5742
-66.5934
-66.6159
-66.6406
-66.6664
-66.6923
-66.7171
-66.7397
-66.7592
-66.7746
-66.7852
-66.7907
-66.5598
-66.5644
-66.5735
-66.5867
-66.6033
-66.6228
-66.6441
-66.6665
-66.6889
-66.7103
-66.7299
-66.7467
-66.76
-66.7692
-66.7739
-66.5732
-66.5773
-66.5852
-66.5968
-66.6113
-66.6283
-66.647
-66.6665
-66.6861
-66.7049
-66.7219
-66.7366
-66.7482
-66.7563
-66.7604
-66.5838
-66.5874
-66.5945
-66.6047
-66.6176
-66.6327
-66.6492
-66.6666
-66.6839
-66.7005
-66.7157
-66.7287
-66.7389
-66.7461
-66.7497
-66.5919
-66.5951
-66.6015
-66.6107
-66.6224
-66.636
-66.651
-66.6666
-66.6823
-66.6972
-66.7109
-66.7226
-66.7319
-66.7383
-66.7416
-66.5977
-66.6007
-66.6066
-66.6151
-66.6259
-66.6384
-66.6522
-66.6666
-66.681
-66.6949
-66.7074
-66.7182
-66.7268
-66.7327
-66.7357
-66.6014
-66.6043
-66.6099
-66.6179
-66.6281
-66.6399
-66.653
-66.6666
-66.6803
-66.6933
-66.7052
-66.7154
-66.7235
-66.7291
-66.732
-66.6032
-66.606
-66.6114
-66.6192
-66.6291
-66.6407
-66.6534
-66.6666
-66.6799
-66.6926
-66.7042
-66.7141
-66.722
-66.7274
-66.7302
-66.603
-66.6058
-66.6112
-66.6191
-66.629
-66.6406
-66.6533
-66.6666
-66.6799
-66.6927
-66.7043
-66.7142
-66.7221
-66.7276
-66.7304
-66.6009
-66.6038
-66.6094
-66.6175
-66.6278
-66.6397
-66.6529
-66.6666
-66.6804
-66.6935
-66.7055
-66.7158
-66.724
-66.7296
-66.7325
-66.5969
-66.5999
-66.6059
-66.6145
-66.6254
-66.6381
-66.652
-66.6666
-66.6812
-66.6952
-66.7079
-66.7189
-66.7275
-66.7335
-66.7366
-66.5907
-66.594
-66.6005
-66.6098
-66.6217
-66.6355
-66.6507
-66.6666
-66.6825
-66.6977
-66.7116
-66.7235
-66.7329
-66.7395
-66.7428
-66.5822
-66.5858
-66.593
-66.6035
-66.6166
-66.632
-66.6489
-66.6666
-66.6843
-66.7012
-66.7166
-66.7299
-66.7404
-66.7476
-66.7513
-66.5711
-66.5753
-66.5834
-66.5952
-66.6101
-66.6275
-66.6466
-66.6666
-66.6866
-66.7057
-66.7232
-66.7382
-66.75
-66.7583
-66.7625
-66.5571
-66.5619
-66.5712
-66.5847
-66.6018
-66.6217
-66.6436
-66.6665
-66.6894
-66.7114
-66.7314
-66.7486
-66.7623
-66.7717
-66.7765
-66.5399
-66.5454
-66.5562
-66.5718
-66.5915
-66.6146
-66.6399
-66.6664
-66.693
-66.7185
-66.7417
-66.7616
-66.7774
-66.7883
-66.7939
-66.5188
-66.5252
-66.5378
-66.556
-66.579
-66.6059
-66.6354
-66.6663
-66.6974
-66.7271
-66.7541
-66.7774
-66.7959
-66.8086
-66.8152
-66.4933
-66.5008
-66.5155
-66.5368
-66.5638
-66.5953
-66.6299
-66.6662
-66.7026
-66.7375
-66.7693
-66.7966
-66.8183
-66.8333
-66.841
-66.4625
-66.4713
-66.4886
-66.5137
-66.5454
-66.5825
-66.6233
-66.666
-66.7089
-66.75
-66.7875
-66.8198
-66.8453
-66.863
-66.8721
-66.4256
-66.436
-66.4564
-66.486
-66.5234
-66.5671
-66.6153
-66.6658
-66.7164
-66.765
-66.8094
-66.8476
-66.8778
-66.8988
-66.9095
-66.3814
-66.3937
-66.4179
-66.4527
-66.497
-66.5487
-66.6056
-66.6654
-66.7254
-66.783
-66.8356
-66.8808
-66.9167
-66.9416
-66.9544
-66.3287
-66.3433
-66.3718
-66.4131
-66.4654
-66.5266
-66.594
-66.6649
-66.736
-66.8044
-66.8668
-66.9207
-66.9633
-66.9929
-67.0081
-66.266
-66.2832
-66.3169
-66.3657
-66.4276
-66.5001
-66.5801
-66.6642
-66.7486
-66.8298
-66.9041
-66.9682
-67.019
-67.0543
-67.0723
-66.1912
-66.2116
-66.2514
-66.3092
-66.3826
-66.4685
-66.5633
-66.6631
-66.7635
-66.8601
-66.9486
-67.0249
-67.0855
-67.1275
-67.1491
-66.1024
-66.1264
-66.1735
-66.2419
-66.3288
-66.4306
-66.5431
-66.6617
-66.781
-66.896
-67.0015
-67.0925
-67.1648
-67.215
-67.2408
-65.9968
-66.0252
-66.0809
-66.1618
-66.2646
-66.3853
-66.5188
-66.6596
-66.8016
-66.9386
-67.0643
-67.173
-67.2595
-67.3196
-67.3504
-65.8715
-65.9051
-65.9709
-66.0664
-66.1881
-66.331
-66.4894
-66.6567
-66.8257
-66.989
-67.1391
-67.269
-67.3725
-67.4444
-67.4814
-65.723
-65.7625
-65.8401
-65.953
-66.0968
-66.2659
-66.4538
-66.6526
-66.8538
-67.0485
-67.2279
-67.3833
-67.5073
-67.5937
-67.638
-65.5469
-65.5935
-65.6849
-65.818
-65.9878
-66.188
-66.4106
-66.6468
-66.8863
-67.1187
-67.3332
-67.5195
-67.6683
-67.7721
-67.8254
-65.3386
-65.3933
-65.5008
-65.6575
-65.8578
-66.0943
-66.3581
-66.6386
-66.9239
-67.2014
-67.4581
-67.6817
-67.8606
-67.9855
-68.0497
-65.0923
-65.1564
-65.2826
-65.4668
-65.7026
-65.9818
-66.294
-66.627
-66.9668
-67.2984
-67.6062
-67.8748
-68.0904
-68.2411
-68.3187
-64.8015
-64.8765
-65.0242
-65.2401
-65.5173
-65.8464
-66.2156
-66.6107
-67.0155
-67.412
-67.7813
-68.1048
-68.3651
-68.5476
-68.6416
-64.4586
-64.546
-64.7184
-64.9709
-65.2959
-65.6831
-66.1191
-66.5877
-67.0699
-67.5444
-67.9883
-68.3787
-68.6939
-68.9154
-69.0297
-64.055
-64.1565
-64.357
-64.6514
-65.0314
-65.4858
-66
-66.5553
-67.1297
-67.698
-68.2325
-68.7048
-69.0877
-69.3576
-69.4972
-63.5809
-63.6983
-63.9305
-64.2723
-64.7152
-65.2472
-65.8522
-66.5096
-67.1938
-67.8751
-68.5199
-69.093
-69.5599
-69.8904
-70.0617
-63.0253
-63.1604
-63.428
-63.823
-64.3371
-64.9578
-65.6681
-66.4452
-67.26
-68.0775
-68.8571
-69.5549
-70.1268
-70.5336
-70.7451
-62.376
-62.5304
-62.837
-63.2911
-63.8849
-64.6063
-65.4377
-66.3545
-67.3244
-68.3063
-69.2511
-70.1041
-70.8085
-71.3124
-71.5754
-61.6195
-61.7947
-62.1435
-62.6622
-63.3442
-64.1785
-65.1478
-66.227
-67.3804
-68.5607
-69.709
-70.7564
-71.6294
-72.2585
-72.5884
-60.7413
-60.9385
-61.332
-61.9199
-62.6978
-63.6568
-64.7818
-66.0479
-67.4176
-68.8375
-70.237
-71.5297
-72.6196
-73.4122
-73.8304
-59.7262
-59.9459
-60.3856
-61.0458
-61.9255
-63.0199
-64.3177
-65.797
-67.42
-69.1284
-70.839
-72.4439
-73.8163
-74.826
-75.3628
-58.5587
-58.8005
-59.2861
-60.0194
-61.0041
-62.2417
-63.7277
-65.4462
-67.3632
-69.4177
-71.5145
-73.5195
-75.2648
-76.5681
-77.268
-57.2233
-57.4857
-58.0147
-58.8184
-59.9071
-61.291
-62.9761
-64.9577
-67.2108
-69.6777
-72.2536
-74.7753
-77.0202
-78.7291
-79.6592
-55.7058
-55.9858
-56.5527
-57.4196
-58.6051
-60.1312
-62.0187
-64.2806
-66.9099
-69.8619
-73.0305
-76.2233
-79.1479
-81.4309
-82.6962
-53.9939
-54.2868
-54.8822
-55.7995
-57.0668
-58.7204
-60.8013
-63.3484
-66.3849
-69.8956
-73.7904
-77.8577
-81.7209
-84.8394
-86.6119
-52.0786
-52.3777
-52.9885
-53.9363
-55.2602
-57.0129
-59.2603
-62.0763
-65.5306
-69.6626
-74.4307
-79.6336
-84.8109
-89.1826
-91.7584
-49.9556
-50.2523
-50.8607
-51.8121
-53.1558
-54.962
-57.3244
-60.3608
-64.2059
-68.9877
-74.7689
-81.4272
-88.4604
-94.7728
-98.6935
-47.6267
-47.9104
-48.4949
-49.4155
-50.7302
-52.5248
-54.9207
-58.0838
-62.2305
-67.6188
-74.498
-82.9604
-92.6104
-102.024
-108.351
-45.1009
-45.3599
-45.8956
-46.7453
-47.9715
-49.6701
-51.9841
-55.1239
-59.393
-65.2145
-73.1277
-83.6689
-96.9245
-111.418
-122.403
-42.3952
-42.6174
-43.0783
-43.8139
-44.8848
-46.388
-48.4742
-51.3796
-55.4774
-61.3575
-69.9324
-82.4924
-100.379
-123.248
-144.082
-39.5354
-39.7092
-40.0705
-40.6495
-41.4982
-42.7011
-44.3954
-46.8075
-50.3241
-55.6293
-63.9698
-77.6167
-100.373
-136.49
-180.23
-36.555
-36.6708
-36.9117
-37.2981
-37.8656
-38.6731
-39.8182
-41.4685
-43.9287
-47.7932
-54.3222
-66.4148
-91.0896
-144.44
-246.751
-33.4945
-33.5457
-33.6519
-33.821
-34.0665
-34.4108
-34.8901
-35.5672
-36.5582
-38.1068
-40.8113
-46.4752
-61.8925
-118.388
-384.321
-30.3984
-30.3826
-30.3486
-30.2909
-30.199
-30.0547
-29.825
-29.4479
-28.8008
-27.618
-25.2454
-19.7627
-4.16898
53.1079
320.295
-27.3135
-27.2324
-27.062
-26.7846
-26.368
-25.7582
-24.8622
-23.5163
-21.4157
-17.9556
-11.8396
-0.0718345
24.6077
78.8315
183.601
-24.2852
-24.1443
-23.85
-23.375
-22.6715
-21.6605
-20.2121
-18.1089
-14.9749
-10.1379
-2.35911
10.6524
32.8669
69.4532
119.667
17.5776
7.1803
3.00039
0.83333
-0.4813
-1.35375
-1.96421
-2.4054
-2.73033
-2.9716
-3.15023
-3.28017
-3.37074
-3.42806
-3.45584
11.1149
6.81103
3.66356
1.61217
0.245912
-0.700295
-1.3778
-1.87469
-2.24459
-2.52157
-2.72806
-2.87911
-2.98486
-3.05202
-3.08463
7.64104
5.63862
3.56554
1.91521
0.681418
-0.233434
-0.916811
-1.43217
-1.82335
-2.12047
-2.34436
-2.50948
-2.62578
-2.69994
-2.73604
5.55764
4.51524
3.17392
1.92898
0.895429
0.0726822
-0.572492
-1.07587
-1.46742
-1.77022
-2.00146
-2.17372
-2.29594
-2.37426
-2.41251
4.19809
3.59941
2.71535
1.79594
0.963039
0.255483
-0.326634
-0.797235
-1.17311
-1.46963
-1.69952
-1.87269
-1.99658
-2.0764
-2.11551
3.25426
2.88173
2.28129
1.60282
0.943593
0.35117
-0.158215
-0.584373
-0.933889
-1.21532
-1.43694
-1.60589
-1.72779
-1.80681
-1.84565
2.56911
2.3223
1.90141
1.39633
0.877745
0.38919
-0.0475925
-0.424731
-0.741948
-1.00252
-1.21094
-1.37173
-1.48877
-1.5651
-1.60275
2.05534
1.88372
1.58
1.1992
0.791038
0.391252
0.021611
-0.306697
-0.589339
-0.825923
-1.01802
-1.16794
-1.27802
-1.35024
-1.38599
1.66074
1.53688
1.31208
1.02106
0.698508
0.372379
0.0621103
-0.220372
-0.468711
-0.680217
-0.854376
-0.991804
-1.09355
-1.16069
-1.19404
1.35213
1.26012
1.09015
0.864812
0.608456
0.342487
0.0833136
-0.157757
-0.373658
-0.56044
-0.716235
-0.840437
-0.933113
-0.994598
-1.02524
1.10741
1.03749
0.906668
0.730095
0.525074
0.307875
0.0919447
-0.11262
-0.298824
-0.462178
-0.600027
-0.710958
-0.794328
-0.849919
-0.877704
0.911243
0.857134
0.754949
0.615127
0.450146
0.272378
0.0926822
-0.0802312
-0.239856
-0.381624
-0.502508
-0.600613
-0.674827
-0.724543
-0.74946
0.752643
0.71016
0.629361
0.517627
0.384095
0.238219
0.0887086
-0.0570704
-0.193286
-0.31557
-0.420803
-0.506854
-0.572333
-0.616382
-0.638515
0.623538
0.58979
0.52525
0.43526
0.326612
0.206583
0.0821429
-0.04055
-0.15639
-0.261356
-0.352415
-0.427376
-0.484717
-0.523436
-0.542935
0.517866
0.490797
0.43881
0.365846
0.27703
0.178007
0.0743637
-0.0287881
-0.127044
-0.216795
-0.295205
-0.360132
-0.410028
-0.443833
-0.460892
0.430987
0.409103
0.366934
0.307438
0.234534
0.152639
0.0662424
-0.0204255
-0.103604
-0.180109
-0.247355
-0.303324
-0.346511
-0.375857
-0.390692
0.359302
0.341495
0.307087
0.258338
0.198279
0.130396
0.058309
-0.0144858
-0.0847979
-0.149852
-0.207334
-0.25539
-0.292603
-0.317954
-0.33079
0.29998
0.285411
0.257199
0.217089
0.167457
0.111072
0.0508664
-0.01027
-0.069642
-0.124852
-0.173857
-0.214983
-0.246929
-0.268741
-0.2798
0.250774
0.238799
0.21557
0.182452
0.141323
0.0944009
0.0440696
-0.00727948
-0.0573757
-0.104161
-0.145849
-0.180951
-0.20829
-0.226994
-0.236488
0.209882
0.200001
0.180806
0.153377
0.119211
0.0800963
0.0379792
-0.00515887
-0.047408
-0.0870098
-0.122413
-0.152309
-0.175647
-0.19164
-0.199766
0.17585
0.167669
0.151758
0.128979
0.100535
0.0678759
0.0325977
-0.00365558
-0.0392783
-0.072773
-0.102802
-0.128221
-0.148103
-0.161747
-0.168687
0.147498
0.140704
0.127479
0.108515
0.0847854
0.0574738
0.027893
-0.00259011
-0.0326262
-0.0609425
-0.0863899
-0.107976
-0.124889
-0.13651
-0.142425
0.123863
0.118205
0.107183
0.0913581
0.071523
0.0486469
0.0238147
-0.00183507
-0.027168
-0.051104
-0.072659
-0.090976
-0.105348
-0.115234
-0.120269
0.104155
0.0994313
0.0902221
0.0769858
0.0603718
0.0411781
0.020304
-0.00130008
-0.0226796
-0.0429187
-0.0611763
-0.0767148
-0.088922
-0.0973267
-0.10161
0.0877262
0.0837715
0.0760568
0.0649586
0.0510116
0.0348761
0.0173
-0.000921029
-0.0189829
-0.036109
-0.0515813
-0.0647664
-0.0751358
-0.0822808
-0.0859235
0.0740433
0.0707223
0.0642406
0.0549092
0.0431707
0.0295741
0.0147437
-0.000652485
-0.0159359
-0.0304475
-0.0435743
-0.054773
-0.0635881
-0.0696663
-0.0727664
0.0626661
0.0598674
0.0544029
0.0465309
0.03662
0.0251286
0.0125804
-0.000462242
-0.013425
-0.0257473
-0.0369058
-0.0464344
-0.0539407
-0.0591193
-0.0617616
0.053232
0.0508632
0.0462366
0.0395682
0.0311666
0.0214168
0.0107602
-0.000327477
-0.0113586
-0.0218551
-0.0313691
-0.0394998
-0.0459092
-0.0503332
-0.0525912
0.0454424
0.0434265
0.039488
0.0338088
0.0266492
0.0183346
0.00923934
-0.000232018
-0.00966327
-0.0186451
-0.0267926
-0.0337603
-0.039256
-0.043051
-0.0449884
0.0390524
0.0373246
0.033948
0.0290772
0.0229335
0.0157944
0.00797958
-0.000164409
-0.00827998
-0.0160145
-0.0230351
-0.0290428
-0.0337836
-0.0370585
-0.0387308
0.0338621
0.0323672
0.0294455
0.0252293
0.019909
0.0137234
0.00694834
-0.000116537
-0.00716127
-0.0138794
-0.019981
-0.0252049
-0.0293289
-0.0321787
-0.0336341
0.0297096
0.0284006
0.0258416
0.0221479
0.0174852
0.0120617
0.0061183
-8.26538e-05
-0.00626932
-0.0121723
-0.0175363
-0.0221306
-0.0257589
-0.0282668
-0.0295479
0.0264659
0.0253017
0.0230255
0.0197393
0.0155895
0.0107609
0.00546708
-5.86932e-05
-0.00557432
-0.0108394
-0.0156258
-0.019727
-0.0229669
-0.0252067
-0.026351
0.0240304
0.0229749
0.0209108
0.0179301
0.0141653
0.00978305
0.00497692
-4.17785e-05
-0.00505325
-0.00983897
-0.0141911
-0.0179214
-0.020869
-0.0229073
-0.0239487
0.0223279
0.0213482
0.0194324
0.0166654
0.0131696
0.00909953
0.00463432
-2.98793e-05
-0.00468892
-0.00913952
-0.0131881
-0.0166592
-0.0194025
-0.0212999
-0.0222694
0.0213054
0.0203715
0.018545
0.0159066
0.0125728
0.0086903
0.00442989
-2.15671e-05
-0.0044693
-0.00871917
-0.0125861
-0.0159021
-0.0185235
-0.0203366
-0.0212632
0.0209314
0.0200145
0.0182213
0.0156307
0.0123568
0.00854347
0.00435811
-1.58442e-05
-0.00438706
-0.00856467
-0.0123666
-0.0156274
-0.0182055
-0.0199889
-0.0209004
0.0211938
0.020266
0.0184513
0.0158293
0.0125153
0.00865491
0.00441726
-1.20236e-05
-0.00443923
-0.008671
-0.0125228
-0.0158268
-0.0184392
-0.0202466
-0.0211703
0.0221005
0.0211334
0.0192416
0.0165083
0.0130533
0.00902826
0.00460946
-9.64663e-06
-0.00462709
-0.00904117
-0.0130593
-0.0165062
-0.0192319
-0.0211177
-0.0220816
0.0236786
0.0226426
0.0206162
0.0176883
0.0139871
0.00967498
0.00494074
-8.42824e-06
-0.00495614
-0.00968625
-0.0139923
-0.0176865
-0.0206078
-0.022629
-0.0236621
0.0259759
0.0248396
0.0226168
0.0194051
0.0153451
0.0106148
0.00542125
-8.22226e-06
-0.00543627
-0.0106258
-0.0153502
-0.0194033
-0.0226086
-0.0248263
-0.0259599
0.0290622
0.0277909
0.0253041
0.0217108
0.0171685
0.0118762
0.00606559
-9.00419e-06
-0.00608204
-0.0118882
-0.017174
-0.0217089
-0.0252951
-0.0277764
-0.0290446
0.0330312
0.0315862
0.0287596
0.0246754
0.0195125
0.0134974
0.00689325
-1.08681e-05
-0.0069131
-0.0135119
-0.0195193
-0.0246731
-0.0287487
-0.0315686
-0.0330099
0.0380034
0.0363407
0.0330883
0.0283888
0.0224484
0.0155275
0.00792918
-1.40381e-05
-0.00795483
-0.0155463
-0.0224571
-0.0283859
-0.0330742
-0.036318
-0.037976
0.0441301
0.042199
0.0384216
0.0329639
0.0260651
0.018028
0.00920457
-1.8895e-05
-0.00923909
-0.0180533
-0.0260768
-0.0329599
-0.0384028
-0.0421684
-0.0440931
0.0515975
0.0493392
0.0449217
0.0385393
0.0304722
0.0210744
0.0107577
-2.60223e-05
-0.0108053
-0.0211092
-0.0304883
-0.0385339
-0.0448957
-0.0492971
-0.0515466
0.060633
0.0579784
0.0527861
0.0452845
0.0358033
0.0247587
0.0126352
-3.62763e-05
-0.0127014
-0.0248072
-0.0358257
-0.0452769
-0.0527499
-0.0579197
-0.060562
0.0715115
0.0683796
0.0622539
0.0534042
0.0422197
0.0291921
0.014893
-5.08884e-05
-0.014986
-0.0292602
-0.0422512
-0.0533935
-0.0622031
-0.0682973
-0.0714119
0.0845644
0.0808595
0.0736131
0.0631448
0.0499159
0.0345082
0.0175987
-7.16137e-05
-0.0177295
-0.0346041
-0.0499601
-0.0631299
-0.0735415
-0.0807436
-0.0844244
0.10019
0.0957982
0.0872092
0.0748023
0.0591247
0.0408672
0.0208324
-0.000100941
-0.0210168
-0.0410023
-0.0591871
-0.0747811
-0.0871083
-0.0956349
-0.0999923
0.118864
0.113651
0.103456
0.0887305
0.0701249
0.0484602
0.02469
-0.000142393
-0.0249502
-0.0486508
-0.0702129
-0.0887007
-0.103314
-0.113421
-0.118586
0.141158
0.134963
0.122849
0.105352
0.0832489
0.0575151
0.0292852
-0.000200947
-0.0296523
-0.0577841
-0.0833731
-0.10531
-0.122648
-0.134638
-0.140765
0.167753
0.160386
0.145979
0.125173
0.0988935
0.0683032
0.0347524
-0.000283634
-0.0352706
-0.0686827
-0.0990688
-0.125114
-0.145695
-0.159927
-0.167198
0.199464
0.190695
0.17355
0.148795
0.117531
0.0811467
0.0412509
-0.000400384
-0.0419824
-0.0816825
-0.117778
-0.148711
-0.17315
-0.190047
-0.19868
0.237262
0.226821
0.206407
0.176935
0.139724
0.0964283
0.0489681
-0.000565216
-0.0500008
-0.0971847
-0.140073
-0.176817
-0.205841
-0.225906
-0.236156
0.28231
0.26987
0.245552
0.21045
0.16614
0.114602
0.0581247
-0.000797922
-0.0595826
-0.11567
-0.166633
-0.210283
-0.244754
-0.268579
-0.280749
0.335996
0.321167
0.292184
0.250357
0.197575
0.136204
0.0689793
-0.00112644
-0.0710374
-0.137712
-0.198271
-0.250122
-0.291057
-0.319344
-0.333792
0.399976
0.382292
0.347732
0.297872
0.234973
0.161871
0.0818341
-0.00159022
-0.0847396
-0.163999
-0.235956
-0.29754
-0.346142
-0.379719
-0.396865
0.476236
0.455134
0.413904
0.354439
0.279456
0.192353
0.0970408
-0.00224494
-0.101143
-0.195357
-0.280844
-0.35397
-0.411659
-0.451502
-0.471844
0.567146
0.541952
0.492736
0.421781
0.332354
0.228534
0.115006
-0.0031692
-0.120797
-0.232775
-0.334313
-0.421119
-0.489567
-0.536824
-0.560945
0.675549
0.645448
0.586663
0.501949
0.395244
0.271455
0.136199
-0.00447396
-0.144374
-0.277442
-0.39801
-0.501014
-0.582189
-0.638208
-0.666795
0.804851
0.768859
0.698592
0.597385
0.469996
0.322337
0.161154
-0.00631584
-0.172694
-0.33079
-0.473901
-0.596066
-0.692276
-0.758638
-0.792494
0.959144
0.916067
0.832003
0.711
0.558822
0.382608
0.190473
-0.00891588
-0.206764
-0.394541
-0.564335
-0.709138
-0.823087
-0.901638
-0.941698
1.14335
1.09173
0.99106
0.84626
0.664337
0.453933
0.224828
-0.0125861
-0.247825
-0.47078
-0.67212
-0.843633
-0.978474
-1.07136
-1.11872
1.36338
1.30146
1.18076
1.00729
0.789625
0.538241
0.264953
-0.0177668
-0.297417
-0.562025
-0.800616
-1.00359
-1.16299
-1.27271
-1.32861
1.62641
1.55201
1.40708
1.19902
0.938323
0.637757
0.311627
-0.0250792
-0.357453
-0.671333
-0.953842
-1.1938
-1.382
-1.51141
-1.57732
1.94109
1.85154
1.67722
1.42731
1.1147
0.755022
0.365643
-0.0353999
-0.430331
-0.802424
-1.13661
-1.41994
-1.64182
-1.79422
-1.87178
2.31796
2.20993
1.99984
1.69913
1.32375
0.892911
0.427758
-0.0499653
-0.519065
-0.95983
-1.3547
-1.68875
-1.94987
-2.129
-2.22008
2.76983
2.63917
2.38538
2.0228
1.5713
1.05462
0.498599
-0.0705186
-0.627475
-1.1491
-1.61503
-2.00817
-2.31486
-2.52492
-2.63162
3.31241
3.1539
2.84645
2.40821
1.86411
1.24365
0.578528
-0.0995169
-0.760417
-1.37703
-1.9259
-2.38763
-2.74694
-2.9926
-3.11724
3.96506
3.77205
3.39834
2.86711
2.20994
1.46369
0.667427
-0.140421
-0.92411
-1.652
-2.29728
-2.83819
-3.25793
-3.54429
-3.68941
4.75171
4.51567
4.0596
3.41346
2.6176
1.71847
0.764364
-0.198101
-1.12655
-1.98432
-2.74111
-3.3729
-3.86151
-4.19406
-4.36232
5.70224
5.41207
4.85283
4.06376
3.09696
2.01141
0.867104
-0.279404
-1.37806
-2.38677
-3.27175
-4.007
-4.57345
-4.95788
-5.15206
6.85425
6.49528
5.80565
4.83744
3.65878
2.34513
0.971369
-0.393939
-1.69201
-2.87512
-3.90633
-4.75832
-5.41176
-5.85379
-6.07663
8.2555
7.80807
6.95189
5.75724
4.31434
2.72057
1.06976
-0.555161
-2.08579
-3.46895
-4.66536
-5.64747
-6.39685
-6.90188
-7.1559
9.96743
9.40467
8.33313
6.84941
5.07462
3.13561
1.15017
-0.781857
-2.58198
-4.19243
-5.57319
-6.69822
-7.55159
-8.12425
-8.41154
12.0701
11.3545
10.0006
8.14367
5.94892
3.58287
1.19348
-1.10015
-3.20988
-5.07538
-6.65858
-7.93758
-8.90121
-9.54473
-9.86663
14.6696
13.7477
12.0172
9.67251
6.94214
4.04631
1.17029
-1.54614
-4.00735
-6.15435
-7.95518
-9.39588
-10.4731
-11.1885
-11.5452
17.9092
16.7023
14.4602
11.4691
8.05022
4.49597
1.03625
-2.16935
-5.023
-7.47368
-9.50182
-11.1066
-12.2961
-13.0814
-13.4714
21.987
20.3755
17.4234
13.5628
9.25222
4.87995
0.725728
-3.03696
-6.31847
-9.08637
-11.3424
-13.1055
-14.3999
-15.2486
-15.6684
27.1836
24.9798
21.0172
15.969
10.497
5.11248
0.143296
-4.23872
-7.97057
-11.0545
-13.5253
-15.4297
-16.8132
-17.7134
-18.1568
33.9105
30.8053
25.3648
18.6694
11.6809
5.05655
-0.846908
-5.89196
-10.0726
-13.4482
-16.1016
-18.1157
-19.562
-20.4955
-20.953
42.7936
38.2523
30.5836
21.5733
12.6118
4.49998
-2.43324
-8.14548
-12.7337
-16.3434
-19.1216
-21.1958
-22.6667
-23.6079
-24.0669
54.8302
47.8709
36.734
24.4432
12.9526
3.12492
-4.8675
-11.1796
-16.0742
-19.8159
-22.6305
-24.6946
-26.1392
-27.0551
-27.4993
71.6993
60.3902
43.6857
26.7571
12.1387
0.475387
-8.46865
-15.1981
-20.2152
-23.9323
-26.6603
-28.6236
-29.9786
-30.8296
-31.24
96.4216
76.6561
50.7928
27.4664
9.27247
-4.06243
-13.6077
-20.4056
-25.2591
-28.7354
-31.221
-32.9749
-34.168
-34.9098
-35.2656
134.869
97.1562
56.1378
24.6115
3.03176
-11.2318
-20.6545
-26.9633
-31.2592
-34.2263
-36.2898
-37.7154
-38.6704
-39.258
-39.538
199.506
119.951
54.8909
14.8491
-8.28976
-21.7629
-29.8635
-34.9186
-38.1819
-40.3448
-41.8012
-42.7826
-43.4278
-43.8195
-44.0047
319.388
132.679
36.2699
-6.65132
-26.3237
-36.0248
-41.1872
-44.1182
-45.8687
-46.9536
-47.6423
-48.0831
-48.3608
-48.5241
-48.5997
568.928
82.6989
-19.4961
-44.2967
-51.2818
-53.4383
-54.0602
-54.1374
-54.0174
-53.8373
-53.6552
-53.4967
-53.3731
-53.2892
-53.247
-21.0618
-20.8647
-20.455
-19.7993
-18.8404
-17.4873
-15.5975
-12.9484
-9.19145
-3.786
4.07186
15.4186
30.9731
48.7263
56.1453
-17.7429
-17.4999
-16.9977
-16.2019
-15.0555
-13.4717
-11.3229
-8.42687
-4.53126
0.69048
7.5983
16.4096
26.7075
36.4487
41.1462
-14.6673
-14.3946
-13.8342
-12.9553
-11.7083
-10.0213
-7.79604
-4.90541
-1.1978
3.48039
9.22106
15.9134
22.9979
29.2142
32.8436
-11.8649
-11.5772
-10.9896
-10.0772
-8.80144
-7.10948
-4.93482
-2.20141
1.16443
5.20726
9.8921
15.0242
20.1554
24.5662
27.5047
-9.35047
-9.06007
-8.47022
-7.5628
-6.31105
-4.68063
-2.63267
-0.130272
2.84896
6.29147
10.116
14.1357
18.0328
21.3899
23.8282
-7.12682
-6.84279
-6.26874
-5.39309
-4.19965
-2.6696
-0.78524
1.46364
4.06955
6.99281
10.1441
13.3694
16.4496
19.1315
21.2006
-5.18758
-4.9159
-4.36924
-3.54154
-2.4252
-1.01319
0.697411
2.70022
4.97233
7.46545
10.0974
12.7478
15.2643
17.4853
19.2782
-3.52042
-3.26439
-2.75118
-1.97904
-0.946786
0.344279
1.88755
3.66725
5.65379
7.79882
10.0316
12.2595
14.374
16.2669
17.8501
-2.10969
-1.87045
-1.39244
-0.677051
0.272406
1.44916
2.84089
4.42713
6.17646
8.04402
9.97053
11.8839
13.7051
15.3577
16.7799
-0.938586
-0.715693
-0.271493
0.390459
1.26388
2.33865
3.59933
5.02356
6.58052
8.22991
9.92211
11.6002
13.2044
14.6784
15.9765
0.00922605
0.217362
0.631299
1.24608
2.0536
3.0418
4.19378
5.48683
6.89175
8.37259
9.88737
11.39
12.8336
14.1745
15.3775
0.748502
0.944217
1.33284
1.90857
2.66222
3.58075
4.64672
5.83781
7.12663
8.48089
9.86434
11.2384
12.5648
13.8083
14.9399
1.29166
1.47776
1.84688
2.39272
3.10553
3.97183
4.9741
6.09063
7.29562
8.55956
9.85023
11.1342
12.3785
13.5534
14.6339
1.64831
1.82789
2.1838
2.70949
3.39495
4.22652
5.18678
6.25457
7.4052
8.61105
9.84244
11.069
12.2612
13.3924
14.44
1.82499
2.00127
2.35052
2.86609
3.53785
4.3521
5.29151
6.33521
7.45913
8.63655
9.83903
11.0377
12.2046
13.3144
14.3459
44.4663
46.5421
44.5288
35.6438
31.3707
25.3154
21.2714
13.0422
18.3557
19.9863
20.9405
21.508
22.5452
23.3691
25.3641
24.9474
21.5652
19.9721
17.7764
16.5782
14.7266
13.0109
8.66754
12.8973
14.5275
16.214
17.3066
19.3177
20.7937
23.9731
24.2959
22.2136
21.2197
19.7219
18.8341
17.2688
15.4999
10.5113
16.1313
18.4533
21.1231
22.8829
26.1428
28.473
33.3648
34.0328
31.4052
30.152
28.236
27.0689
24.965
22.4188
15.0873
23.6126
27.0869
31.0419
33.4628
37.7528
40.6295
46.5152
46.8103
41.9854
39.6286
36.1571
34.0851
30.6077
26.9582
17.2881
27.0333
30.6756
34.3936
36.527
40.3448
42.8364
48.2129
48.1929
43.2559
40.9624
38.5616
37.1584
36.3172
31.8084
18.6338
41.6742
33.3056
-11.8011
-44.7043
-102.696
-258.964
-761.731
39.7292
39.0002
36.9675
33.0565
29.4448
25.7048
22.4955
19.6251
19.9202
20.4823
21.0077
21.4767
22.0123
22.4908
22.9026
22.4495
21.0691
19.7339
18.3331
17.1161
15.86
14.6923
13.6571
14.5901
15.6557
16.7928
17.8922
19.1591
20.3639
21.5986
21.9168
21.353
20.6637
19.8202
19.0113
18.0694
17.1061
16.2575
17.8203
19.5366
21.3947
23.2038
25.2824
27.2448
29.2551
29.9227
29.3287
28.5033
27.4315
26.3579
25.061
23.6761
22.4276
24.7368
27.1935
29.7697
32.1318
34.7107
36.9723
39.1002
39.3077
37.643
35.7321
33.4804
31.3038
28.8328
26.3066
23.9062
25.8175
27.847
29.8591
31.5518
33.3472
34.7582
35.9525
35.2022
32.5613
29.6413
26.3719
22.7894
18.4041
12.0753
3.75147
-1.81557
-19.248
-52.9763
-97.9849
-166.571
-277.93
-434.352
33.6408
33.3351
32.1104
30.0376
27.7032
25.3297
23.2314
21.6495
21.0996
21.0312
21.1556
21.3492
21.5615
21.7081
21.686
21.2868
20.5076
19.5898
18.6249
17.7101
16.8659
16.1828
15.8125
16.0914
16.681
17.4257
18.2363
19.0898
19.8907
20.5437
20.8076
20.6726
20.3297
19.8687
19.3795
18.9007
18.547
18.531
19.2883
20.4154
21.7367
23.1366
24.5888
25.9476
27.0786
27.6289
27.5853
27.2092
26.6292
25.9682
25.2833
24.7369
24.6448
25.6483
27.1276
28.8055
30.4887
32.125
33.5074
34.4502
34.5006
33.6551
32.326
30.6956
28.9459
27.1374
25.4735
24.3153
24.4314
25.0432
25.7845
26.4286
26.9028
26.9921
26.4924
24.934
22.2683
18.8233
14.6333
9.57611
3.28999
-4.78509
-15.1004
-28.219
-48.3351
-77.9073
-117.313
-168.852
-232.002
-291.865
28.7905
28.9925
28.4742
27.3949
26.0175
24.5578
23.2233
22.1873
21.5855
21.3018
21.2037
21.1945
21.2052
21.1677
21.0124
20.6708
20.1454
19.5135
18.8442
18.2023
17.6395
17.2226
17.0328
17.1451
17.4829
17.9632
18.5186
19.0961
19.6301
20.049
20.2725
20.2914
20.1655
19.9577
19.7325
19.5519
19.5012
19.6909
20.2237
21.014
21.9655
22.9939
24.0294
24.9783
25.7378
26.1903
26.3201
26.2087
25.9431
25.6129
25.3057
25.1432
25.2842
25.8745
26.7757
27.8335
28.9126
29.9047
30.6753
31.0848
30.9836
30.3632
29.3536
28.0822
26.6726
25.2338
23.9119
22.8894
22.3313
22.0527
21.8499
21.5499
21.0127
20.0742
18.5569
16.2601
13.0976
9.07828
4.14362
-1.86743
-9.24793
-18.4193
-29.9153
-44.5457
-63.8048
-88.676
-119.17
-154.411
-190.804
-219.371
25.1797
25.6868
25.6452
25.1808
24.4501
23.6051
22.7849
22.0997
21.6129
21.3051
21.1232
21.011
20.9178
20.7968
20.6067
20.3192
19.9364
19.4906
19.0239
18.5803
18.2027
17.9351
17.818
17.8738
18.0792
18.3925
18.7689
19.1648
19.535
19.8356
20.0319
20.1183
20.119
20.0717
20.021
20.0155
20.1094
20.3563
20.7883
21.3804
22.0834
22.8407
23.5944
24.2814
24.839
25.216
25.4023
25.4298
25.3499
25.2242
25.1198
25.1123
25.2762
25.6529
26.1979
26.8307
27.4618
28.003
28.3628
28.455
28.2138
27.6314
26.7583
25.6676
24.441
23.1619
21.9189
20.7947
19.8286
18.9531
18.0554
17.0124
15.7008
13.9895
11.7437
8.83316
5.16068
0.651438
-4.79597
-11.3388
-19.2068
-28.7058
-40.2162
-54.2068
-71.1927
-91.3485
-114.189
-138.312
-160.873
-177.39
22.5049
23.1705
23.4245
23.35
23.0466
22.6163
22.1517
21.726
21.3823
21.1268
20.9419
20.7998
20.6703
20.5251
20.3409
20.1045
19.8178
19.4977
19.1698
18.8632
18.6075
18.4305
18.3539
18.387
18.52
18.7307
18.9909
19.2705
19.5397
19.772
19.9494
20.0685
20.1412
20.1902
20.2444
20.3358
20.497
20.7549
21.1219
21.5871
22.1227
22.6923
23.2555
23.7706
24.1998
24.5161
24.7129
24.8051
24.8227
24.8045
24.7939
24.8345
24.9617
25.1886
25.4934
25.8299
26.1403
26.3625
26.4353
26.3049
25.9351
25.3182
24.4759
23.4484
22.2851
21.0376
19.7549
18.4723
17.1956
15.8851
14.47
12.862
10.9643
8.67449
5.88795
2.5034
-1.57115
-6.42429
-12.1581
-18.9015
-26.8168
-36.0957
-46.9449
-59.5537
-74.0145
-90.1534
-107.361
-124.462
-139.645
-150.682
20.5069
21.2466
21.6764
21.8481
21.8257
21.6763
21.4622
21.2339
21.0241
20.8464
20.6987
20.5699
20.4451
20.3091
20.15
19.9618
19.747
19.5159
19.2846
19.0724
18.8987
18.7809
18.7317
18.7559
18.8487
18.9974
19.1847
19.3909
19.5972
19.7872
19.9506
20.0852
20.1975
20.3011
20.4139
20.5556
20.745
20.9962
21.3141
21.692
22.1128
22.5529
22.9855
23.3834
23.7229
23.988
24.1739
24.2878
24.3466
24.3735
24.394
24.4318
24.5035
24.612
24.7428
24.8667
24.9455
24.937
24.8001
24.4996
24.0119
23.3293
22.4602
21.4248
20.2501
18.9641
17.5904
16.1416
14.6108
12.968
11.1623
9.12855
6.79262
4.07484
0.893407
-2.83262
-7.18164
-12.2317
-18.066
-24.7765
-32.4629
-41.2242
-51.1394
-62.2332
-74.419
-87.4178
-100.684
-113.373
-124.384
-132.559
19.0012
19.7685
20.2994
20.6254
20.7872
20.8289
20.7929
20.7146
20.6196
20.5224
20.4279
20.3341
20.2357
20.1261
20.0005
19.8573
19.6993
19.5339
19.3719
19.226
19.1091
19.0323
19.0036
19.0259
19.0966
19.2085
19.3508
19.5112
19.6778
19.8405
19.993
20.1337
20.2663
20.3986
20.5414
20.7063
20.9039
21.1412
21.4198
21.7348
22.0748
22.4243
22.7653
23.0801
23.3531
23.5738
23.7383
23.8496
23.9165
23.9516
23.9689
23.9801
23.9921
24.0031
24.0019
23.9684
23.8762
23.6963
23.4002
22.9637
22.3693
21.6089
20.6837
19.6017
18.3753
17.0166
15.5343
13.9286
12.1876
10.2854
8.18289
5.83036
3.17086
0.142931
-3.31677
-7.27136
-11.7824
-16.9097
-22.712
-29.2457
-36.5608
-44.6909
-53.6364
-63.34
-73.6524
-84.2958
-94.8383
-104.7
-113.208
-119.721
17.86
18.6305
19.2171
19.6388
19.9211
20.0933
20.1841
20.219
20.2179
20.1942
20.1555
20.1048
20.0419
19.9659
19.8762
19.7738
19.662
19.5467
19.4357
19.3377
19.2614
19.2144
19.2018
19.2258
19.2851
19.3755
19.4905
19.6225
19.7639
19.9084
20.052
20.1937
20.3351
20.4809
20.6369
20.8099
21.0053
21.2264
21.4731
21.7413
22.023
22.3075
22.5828
22.8366
23.0583
23.2404
23.3791
23.475
23.5318
23.5554
23.5523
23.5273
23.4817
23.4117
23.3076
23.1543
22.9329
22.6226
22.2026
21.6549
20.9655
20.1259
19.1327
17.9867
16.6907
15.2473
13.6559
11.9103
9.99645
7.89138
5.56354
2.97428
0.0797245
-3.16709
-6.81415
-10.9087
-15.4954
-20.6153
-26.3042
-32.5894
-39.4849
-46.9829
-55.0416
-63.5697
-72.4088
-81.3185
-89.9724
-97.9744
-104.902
-110.377
16.9951
17.7567
18.3721
18.8522
19.2133
19.4744
19.6555
19.7749
19.8483
19.8873
19.9003
19.8924
19.8667
19.8252
19.7699
19.7034
19.6295
19.5532
19.4805
19.4178
19.3714
19.3465
19.347
19.3745
19.4286
19.5069
19.6056
19.7199
19.8451
19.9773
20.1138
20.2537
20.3976
20.548
20.708
20.8809
21.0694
21.2746
21.4953
21.728
21.9668
22.204
22.431
22.639
22.8203
22.9691
23.0816
23.1565
23.1946
23.1975
23.167
23.1039
23.0063
22.8691
22.6838
22.4382
22.1177
21.7065
21.1888
20.5499
19.778
18.8639
17.8017
16.5874
15.2183
13.6909
11.9995
10.1343
8.08069
5.81813
3.32072
0.557914
-2.50405
-5.90059
-9.66704
-13.8369
-18.4402
-23.5015
-29.0374
-35.0538
-41.5409
-48.4668
-55.7703
-63.3512
-71.0631
-78.7089
-86.0448
-92.7958
-98.686
-103.479
16.3449
17.0929
17.7216
18.2368
18.6488
18.9703
19.2151
19.3969
19.5276
19.6176
19.6749
19.7054
19.7139
19.7041
19.6794
19.6434
19.6001
19.5541
19.5105
19.4742
19.45
19.442
19.453
19.4847
19.537
19.6088
19.6979
19.8013
19.9161
20.0399
20.1706
20.3075
20.4506
20.601
20.7601
20.9293
21.1093
21.3001
21.5
21.7058
21.9128
22.1151
22.3062
22.4796
22.6291
22.7498
22.8379
22.891
22.9078
22.8873
22.8287
22.73
22.5876
22.3958
22.1466
21.8297
21.433
20.9439
20.3491
19.6365
18.7949
17.8152
16.6895
15.4111
13.9739
12.3708
10.5932
8.62972
6.46579
4.08313
1.46012
-1.42757
-4.60592
-8.10126
-11.9388
-16.1409
-20.7254
-25.7037
-31.0784
-36.8401
-42.9643
-49.4067
-56.0988
-62.9434
-69.8119
-76.545
-82.9585
-88.8562
-94.0493
-98.3809
15.8666
16.6004
17.2338
17.7697
18.2143
18.5762
18.8653
19.0918
19.2653
19.3947
19.4875
19.5499
19.5872
19.6041
19.6048
19.5935
19.5743
19.5515
19.5296
19.5128
19.5051
19.5097
19.5291
19.5647
19.6171
19.6857
19.7692
19.866
19.9742
20.092
20.2182
20.352
20.493
20.6414
20.7975
20.9617
21.1336
21.3123
21.496
21.6816
21.8653
22.0421
22.2069
22.3543
22.4793
22.5773
22.6444
22.6776
22.6743
22.6319
22.5479
22.4187
22.2398
22.005
21.7067
21.3357
20.8815
20.3331
19.6791
18.9085
18.0108
16.9766
15.7969
14.4636
12.9682
11.3019
9.45444
7.41381
5.16587
2.69428
-0.0192663
-2.9944
-6.2512
-9.80905
-13.6853
-17.8938
-22.4432
-27.3349
-32.5616
-38.104
-43.9289
-49.9864
-56.207
-62.5004
-68.755
-74.8406
-80.6144
-85.9302
-90.6524
-94.6697
15.5305
16.2521
16.8861
17.4336
17.8985
18.2865
18.6052
18.8624
19.0662
19.2242
19.3434
19.43
19.4896
19.5271
19.5473
19.5546
19.5532
19.5473
19.541
19.5382
19.5422
19.5559
19.5815
19.6205
19.6736
19.7407
19.8211
19.914
20.018
20.132
20.2548
20.3858
20.5244
20.6703
20.8232
20.9826
21.1478
21.3172
21.489
21.6602
21.8273
21.9861
22.1323
22.2611
22.3681
22.4489
22.4996
22.5167
22.4967
22.4364
22.3319
22.1789
21.9723
21.7056
21.3715
20.9612
20.4655
19.8742
19.1769
18.3633
17.4233
16.3472
15.1256
13.7493
12.2087
10.4939
8.59384
6.49641
4.18804
1.65389
-1.12188
-4.15551
-7.46281
-11.0582
-14.9532
-19.1557
-23.6676
-28.4837
-33.5897
-38.9605
-44.5582
-50.3306
-56.2099
-62.1126
-67.9407
-73.5847
-78.9288
-83.8585
-88.2696
-92.0779
15.3165
16.0293
16.6626
17.2162
17.6927
18.0964
18.4332
18.7096
18.9327
19.1093
19.2459
19.3487
19.4232
19.4748
19.5081
19.5279
19.5382
19.5434
19.5473
19.5534
19.5649
19.5845
19.6143
19.6558
19.7096
19.7761
19.855
19.9457
20.0472
20.1588
20.2795
20.4085
20.5452
20.689
20.8392
20.9951
21.1554
21.3186
21.4825
21.6444
21.8008
21.9482
22.0824
22.1992
22.2943
22.3636
22.403
22.4088
22.3772
22.3042
22.1854
22.0162
21.7909
21.5032
21.1455
20.7098
20.187
19.5677
18.842
17.9999
17.0316
15.9272
14.6771
13.2714
11.7
9.9525
8.01747
5.88278
3.53539
0.961492
-1.85311
-4.92242
-8.2595
-11.8755
-15.7783
-19.9718
-24.4537
-29.2145
-34.2361
-39.4898
-44.9355
-50.5203
-56.1783
-61.8315
-67.3909
-72.7599
-77.8392
-82.5326
-86.7539
-90.434
15.2125
15.9207
16.5532
17.1094
17.5912
18.0022
18.3476
18.6333
18.8658
19.0514
19.1967
19.3076
19.3897
19.4483
19.4883
19.5142
19.5305
19.5411
19.55
19.5605
19.5757
19.5983
19.6301
19.6728
19.7272
19.7935
19.8718
19.9614
20.0618
20.1722
20.2918
20.4198
20.5555
20.6981
20.8469
21.0009
21.1588
21.3188
21.4788
21.636
21.7873
21.9291
22.0574
22.1683
22.2575
22.3209
22.3547
22.3547
22.3171
22.2375
22.1115
21.9341
21.6994
21.4011
21.0319
20.5835
20.0474
19.4143
18.6744
17.8182
16.8357
15.7171
14.4525
13.032
11.4451
9.68108
7.72858
5.57546
3.20895
0.615768
-2.21745
-5.30363
-8.65444
-12.2794
-16.1848
-20.3723
-24.8377
-29.5696
-34.5479
-39.7424
-45.112
-50.6038
-56.1533
-61.685
-67.1144
-72.3515
-77.3045
-81.8856
-86.017
-89.6359
-755.166
-265.639
-139.959
-99.3155
-82.4238
-73.765
-68.6362
-65.3089
-63.0268
-61.4106
-60.2511
-59.4247
-58.856
-58.4988
-58.3263
-432.897
-281.796
-186.337
-135.583
-108.163
-92.4087
-82.7354
-76.4505
-72.1886
-69.2154
-67.1129
-65.6333
-64.6253
-63.9967
-63.6945
-295.352
-242.307
-188.009
-148.515
-122.237
-104.97
-93.4456
-85.5683
-80.0614
-76.1487
-73.3515
-71.3699
-70.0146
-69.1676
-68.7599
-224.36
-204.067
-174.878
-148.228
-127.299
-111.789
-100.508
-92.3151
-86.3395
-81.966
-78.7738
-76.4797
-74.8951
-73.8985
-73.4172
-182.51
-174.722
-159.205
-142.218
-126.942
-114.378
-104.48
-96.8441
-91.015
-86.6012
-83.2976
-80.8793
-79.1871
-78.1135
-77.5924
-155.535
-153.107
-145
-134.495
-123.873
-114.299
-106.191
-99.5652
-94.2747
-90.1255
-86.9352
-84.5521
-82.8598
-81.7754
-81.246
-137.078
-137.168
-133.191
-126.891
-119.753
-112.755
-106.417
-100.951
-96.392
-92.6903
-89.7651
-87.5335
-85.924
-84.8815
-84.3695
-123.935
-125.294
-123.704
-120.122
-115.493
-110.549
-105.77
-101.429
-97.6515
-94.4778
-91.9005
-89.8921
-88.4204
-87.4566
-86.9801
-114.335
-116.369
-116.208
-114.4
-111.547
-108.177
-104.686
-101.342
-98.3067
-95.6681
-93.4662
-91.7133
-90.4081
-89.5438
-89.1136
-107.233
-109.638
-110.359
-109.722
-108.118
-105.924
-103.454
-100.945
-98.5644
-96.421
-94.582
-93.0861
-91.9541
-91.196
-90.8163
-101.976
-104.59
-105.867
-106.009
-105.279
-103.947
-102.259
-100.419
-98.584
-96.8687
-95.3539
-94.0944
-93.1255
-92.4693
-92.1383
-98.1448
-100.878
-102.508
-103.168
-103.04
-102.324
-101.216
-99.888
-98.483
-97.1149
-95.8699
-94.8112
-93.9834
-93.4165
-93.1287
-95.4675
-98.2674
-100.119
-101.114
-101.387
-101.094
-100.392
-99.4325
-98.3444
-97.2373
-96.1988
-95.2963
-94.5797
-94.0838
-93.8305
-93.7687
-96.6044
-98.5857
-99.7821
-100.3
-100.27
-99.8267
-99.1043
-98.2238
-97.2903
-96.3909
-95.5947
-94.9544
-94.5076
-94.2783
-92.9438
-95.7951
-97.8362
-99.127
-99.7619
-99.8573
-99.5394
-98.9333
-98.1555
-97.3085
-96.4789
-95.7364
-95.1349
-94.7132
-94.4961
)
;

boundaryField
{
    hot
    {
        type            calculated;
        value           nonuniform List<scalar> 
120
(
-10.6845
-10.9183
-11.3887
-12.1008
-13.0616
-14.2791
-15.7604
-17.5107
-19.5305
-21.8135
-24.3442
-27.0958
-30.0293
-33.0935
-36.228
-39.1047
-41.6799
-44.1787
-46.569
-48.8244
-50.9251
-52.8585
-54.6182
-56.204
-57.62
-58.8743
-59.9774
-60.9414
-61.7792
-62.5039
-63.1281
-63.6637
-64.1219
-64.5129
-64.8457
-65.1285
-65.3683
-65.5713
-65.743
-65.8881
-66.0105
-66.1137
-66.2006
-66.2738
-66.3352
-66.3868
-66.43
-66.4661
-66.4962
-66.5212
-66.5418
-66.5586
-66.5722
-66.5829
-66.5911
-66.5969
-66.6007
-66.6025
-66.6023
-66.6002
-66.5961
-66.5898
-66.5812
-66.57
-66.5559
-66.5385
-66.5172
-66.4914
-66.4603
-66.4229
-66.3783
-66.3251
-66.2616
-66.1861
-66.0963
-65.9896
-65.8631
-65.713
-65.5352
-65.3248
-65.0761
-64.7826
-64.4366
-64.0295
-63.5514
-62.9914
-62.3373
-61.5756
-60.692
-59.6714
-58.4984
-57.158
-55.6362
-53.9212
-52.0045
-49.8824
-47.5568
-45.0372
-42.3407
-39.4928
-36.5267
-33.4819
-30.4022
-27.3333
-24.3197
-21.1102
-17.8027
-14.7346
-11.936
-9.4225
-7.19744
-5.25529
-3.58435
-2.16952
-0.994402
-0.0429493
0.699401
1.24494
1.60322
1.78072
)
;
    }
    cold
    {
        type            calculated;
        value           nonuniform List<scalar> 
120
(
-8.81292
-8.75369
-8.63575
-8.46019
-8.22874
-7.94392
-7.60911
-7.22873
-6.80837
-6.35475
-5.87576
-5.38028
-4.8778
-4.37809
-3.89056
-3.46268
-3.09267
-2.74495
-2.42195
-2.12518
-1.85528
-1.6121
-1.39488
-1.20235
-1.03288
-0.884648
-0.755696
-0.644061
-0.547827
-0.465176
-0.39442
-0.334019
-0.282584
-0.238879
-0.201814
-0.170436
-0.143917
-0.12154
-0.102691
-0.0868431
-0.0735491
-0.0624288
-0.0531615
-0.0454778
-0.0391532
-0.0340018
-0.0298716
-0.0266402
-0.0242119
-0.0225144
-0.0214974
-0.0211307
-0.0214038
-0.0223252
-0.0239232
-0.0262464
-0.0293652
-0.0333742
-0.038395
-0.0445796
-0.0521152
-0.0612298
-0.0721991
-0.0853546
-0.101094
-0.119891
-0.142313
-0.169036
-0.200862
-0.238746
-0.283824
-0.337442
-0.401197
-0.476982
-0.567038
-0.674015
-0.801042
-0.951811
-1.13067
-1.34272
-1.59394
-1.89133
-2.24304
-2.6585
-3.14863
-3.72592
-4.40463
-5.20085
-6.13256
-7.21958
-8.48347
-9.94711
-11.6342
-13.5686
-15.7728
-18.2668
-21.0663
-24.1802
-27.6087
-31.3408
-35.3527
-39.6064
-44.0497
-48.6179
-53.2364
-58.2839
-63.6204
-68.6599
-73.2989
-77.4641
-81.1152
-84.2426
-86.8617
-89.0064
-90.7212
-92.0553
-93.0562
-93.7666
-94.2203
-94.4411
)
;
    }
    interface_left
    {
        type            calculated;
        value           nonuniform List<scalar> 
90
(
-469.714
-254.398
-171.981
-134.275
-113.963
-101.559
-93.2951
-87.4559
-83.16
-79.9073
-77.3915
-75.414
-73.8402
-72.5751
-71.5502
-70.7146
-70.0298
-69.4662
-69.0007
-68.6152
-68.2952
-68.0291
-67.8073
-67.6224
-67.468
-67.3389
-67.231
-67.1408
-67.0653
-67.0022
-66.9494
-66.9053
-66.8686
-66.8381
-66.8128
-66.792
-66.7751
-66.7614
-66.7506
-66.7424
-66.7365
-66.7327
-66.7309
-66.7311
-66.7332
-66.7373
-66.7436
-66.7523
-66.7635
-66.7777
-66.7953
-66.8168
-66.8429
-66.8744
-66.9122
-66.9576
-67.0119
-67.0769
-67.1545
-67.2473
-67.3582
-67.4907
-67.6492
-67.8389
-68.066
-68.3384
-68.6654
-69.0588
-69.5327
-70.1053
-70.7991
-71.6427
-72.6729
-73.9379
-75.5014
-77.4497
-79.9024
-83.0307
-87.088
-92.4678
-99.8183
-110.293
-126.162
-152.473
-202.092
-312.441
-605.261
541.918
251.002
147.323
)
;
    }
    interface_right
    {
        type            calculated;
        value           nonuniform List<scalar> 
90
(
25.164
13.5106
8.51157
5.93063
4.38571
3.36192
2.63715
2.10136
1.6934
1.37613
1.12552
0.925178
0.763541
0.632171
0.524774
0.436562
0.363832
0.303683
0.253814
0.212389
0.177924
0.149219
0.125295
0.105351
0.0887272
0.0748837
0.0633742
0.0538312
0.0459523
0.0394894
0.0342401
0.0300406
0.0267602
0.0242973
0.0225755
0.0215415
0.0211631
0.0214284
0.0223449
0.0239404
0.0262632
0.0293836
0.0333965
0.0384237
0.0446182
0.0521684
0.061304
0.0723031
0.085501
0.1013
0.120182
0.142724
0.169616
0.201681
0.239902
0.285456
0.339745
0.404449
0.481573
0.573519
0.683164
0.813959
0.970046
1.15641
1.37906
1.64526
1.96379
2.34535
2.80297
3.35265
4.0141
4.81175
5.77615
6.94584
8.3699
10.1117
12.2541
14.9078
18.2229
22.409
27.7672
34.7465
44.048
56.8337
75.1843
103.215
150.115
239.362
439.321
972.424
)
;
    }
    interface_top
    {
        type            calculated;
        value           nonuniform List<scalar> 
90
(
44.4663
46.5421
44.5288
35.6438
31.3707
25.3154
21.2714
13.0422
18.3557
19.9863
20.9405
21.508
22.5452
23.3691
25.3641
24.9474
21.5652
19.9721
17.7764
16.5782
14.7266
13.0109
8.66754
12.8973
14.5275
16.214
17.3066
19.3177
20.7937
23.9731
24.2959
22.2136
21.2197
19.7219
18.8341
17.2688
15.4999
10.5113
16.1313
18.4533
21.1231
22.8829
26.1428
28.473
33.3648
34.0328
31.4052
30.152
28.236
27.0689
24.965
22.4188
15.0873
23.6126
27.0869
31.0419
33.4628
37.7528
40.6295
46.5152
46.8103
41.9854
39.6286
36.1571
34.0851
30.6077
26.9582
17.2881
27.0333
30.6756
34.3936
36.527
40.3448
42.8364
48.2129
48.1929
43.2559
40.9624
38.5616
37.1584
36.3172
31.8084
18.6338
41.6742
33.3056
-11.8011
-44.7043
-102.696
-258.964
-761.731
)
;
    }
    interface_bottom
    {
        type            calculated;
        value           nonuniform List<scalar> 
90
(
209.161
80.9966
41.8325
27.3684
20.9998
15.792
12.5483
7.52028
9.25514
9.41729
8.97039
8.60057
8.05038
7.68502
7.22452
6.47244
4.51097
3.48431
2.02488
1.23702
0.141666
-0.338901
-0.68259
-1.85676
-2.60382
-3.86124
-4.70346
-6.20802
-7.21777
-9.13033
-9.64331
-9.39197
-9.34088
-9.26184
-9.20001
-8.98022
-8.31422
-5.88517
-9.57497
-11.2035
-13.2261
-14.4651
-16.5908
-17.9515
-20.5315
-20.7524
-18.8389
-18.0339
-16.9883
-16.4114
-15.4392
-14.0284
-9.67864
-15.2839
-17.6108
-20.2863
-21.8864
-24.6031
-26.3416
-29.6852
-29.8087
-26.7997
-25.5072
-23.8449
-22.9205
-21.3993
-19.3607
-13.2636
-20.8376
-23.9745
-27.5907
-29.8382
-33.8098
-36.5526
-42.1835
-42.8202
-39.3436
-37.8333
-35.8966
-34.7144
-32.7489
-29.4936
-19.6111
-32.1446
-33.2812
-24.946
-48.6532
-46.0689
-14.1679
0.451926
)
;
    }
    defaultFaces
    {
        type            empty;
    }
}


// ************************************************************************* //
