/*--------------------------------*- C++ -*----------------------------------*\
| =========                 |                                                 |
| \\      /  F ield         | OpenFOAM: The Open Source CFD Toolbox           |
|  \\    /   O peration     | Version:  5.x                                   |
|   \\  /    A nd           | Web:      www.OpenFOAM.org                      |
|    \\/     M anipulation  |                                                 |
\*---------------------------------------------------------------------------*/
FoamFile
{
    version     2.0;
    format      ascii;
    class       volScalarField;
    location    "18.2";
    object      T;
}
// * * * * * * * * * * * * * * * * * * * * * * * * * * * * * * * * * * * * * //

dimensions      [0 0 0 1 0 0 0];

internalField   nonuniform List<scalar> 
6300
(
9.94352
9.83173
9.7234
9.62078
9.52607
9.44133
9.36847
9.30919
9.26488
9.23659
9.22493
9.23005
9.25153
9.28845
9.33938
9.94237
9.82827
9.71767
9.61287
9.51608
9.42943
9.35488
9.29419
9.24883
9.21992
9.20813
9.21364
9.23605
9.27441
9.32719
9.94003
9.8213
9.70615
9.59693
9.49594
9.40541
9.32742
9.26384
9.21631
9.1861
9.174
9.18029
9.2046
9.24589
9.30251
9.93651
9.81075
9.68868
9.57274
9.46534
9.36884
9.2855
9.21742
9.16646
9.13412
9.12145
9.12888
9.15611
9.20201
9.26467
9.93175
9.7965
9.66507
9.54
9.42383
9.3191
9.22831
9.15386
9.09794
9.06245
9.04878
9.05765
9.0889
9.14132
9.21263
9.92571
9.77845
9.6351
9.49834
9.37086
9.25541
9.15477
9.07174
9.00898
8.96892
8.95353
8.96401
9.00048
9.06169
9.14486
9.91838
9.75646
9.59855
9.44739
9.30584
9.17687
9.06362
8.96932
8.89728
8.8507
8.83237
8.84433
8.88728
8.96005
9.05922
9.90971
9.73046
9.55523
9.38683
9.22823
9.08261
8.95348
8.84462
8.76011
8.70418
8.6809
8.69363
8.74423
8.83196
8.95267
9.89971
9.70042
9.50508
9.31647
9.13761
8.97186
8.82305
8.69555
8.59434
8.525
8.49338
8.50504
8.56399
8.67086
8.82083
9.88841
9.66644
9.4482
9.23635
9.03386
8.84416
8.6713
8.52016
8.39669
8.30805
8.26255
8.26913
8.3358
8.46662
8.65705
9.87588
9.62874
9.38492
9.14686
8.91732
8.69961
8.49779
8.31708
8.16419
8.04794
7.97961
7.97307
8.04344
8.20272
8.45047
9.86227
9.5877
9.31587
9.04883
8.78894
8.53914
8.30318
8.08614
7.89505
7.73987
7.63486
7.60009
7.66212
7.85032
8.18089
9.84776
9.54391
9.24204
8.94364
8.65048
8.3648
8.08963
7.82925
7.58998
7.38161
7.21983
7.13028
7.15461
7.35551
7.80337
9.8326
9.49814
9.16474
8.83321
8.50452
8.17995
7.86129
7.55122
7.25398
6.97675
6.73255
6.54655
6.47049
6.61371
7.19192
9.8171
9.45131
9.08557
8.71992
8.35442
7.98917
7.62435
7.26035
6.89794
6.53884
6.18704
5.85287
5.56707
5.43687
5.89873
9.39718
9.45676
9.52203
9.59158
9.66404
9.73809
9.81249
9.88614
9.95806
10.0274
10.0934
10.1555
10.2132
10.2661
10.3138
10.3561
10.3929
10.4239
10.4491
10.4684
10.4817
10.4891
10.4906
10.4861
10.4758
10.4596
10.4376
10.41
10.3767
10.3379
10.2936
10.244
10.1891
10.129
10.0638
9.9935
9.91828
9.83819
9.75328
9.66365
9.56936
9.47051
9.36716
9.25942
9.14737
9.03109
8.91068
8.78621
8.65777
8.52543
8.38926
8.24933
8.1057
7.95843
7.8076
7.65328
7.49556
7.33453
7.1703
7.00298
6.8327
6.6596
6.48381
6.30548
6.12477
5.94185
5.75688
5.57006
5.38161
5.19175
5.00077
4.80896
4.61667
4.42427
4.23219
4.04085
3.85075
3.66236
3.47618
3.29272
3.11246
2.93589
2.76346
2.59559
2.43265
2.27496
2.12281
1.97638
1.83582
1.70118
9.38699
9.44853
9.5158
9.58733
9.66169
9.73751
9.81351
9.88857
9.96171
10.0321
10.099
10.1618
10.22
10.2734
10.3215
10.3641
10.401
10.4322
10.4575
10.4768
10.4902
10.4976
10.499
10.4945
10.4841
10.4678
10.4457
10.418
10.3846
10.3456
10.3012
10.2515
10.1965
10.1362
10.0709
10.0005
9.92521
9.845
9.75999
9.67024
9.57584
9.47687
9.3734
9.26553
9.15335
9.03695
8.91642
8.79184
8.66329
8.53086
8.39459
8.25457
8.11084
7.96348
7.81254
7.6581
7.50024
7.33906
7.17466
7.00716
6.83669
6.66339
6.48739
6.30884
6.1279
5.94472
5.75948
5.57236
5.38356
5.19332
5.0019
4.8096
4.61677
4.42378
4.23105
4.03905
3.84824
3.65913
3.47223
3.28806
3.10712
2.9299
2.75687
2.58845
2.42504
2.26698
2.11453
1.96792
1.82727
1.69266
9.36643
9.43198
9.50337
9.57896
9.65719
9.73658
9.81581
9.8937
9.96928
10.0417
10.1103
10.1745
10.2339
10.2881
10.3369
10.3801
10.4174
10.4489
10.4744
10.4938
10.5072
10.5146
10.5159
10.5113
10.5007
10.4842
10.4619
10.4339
10.4003
10.3611
10.3165
10.2665
10.2112
10.1508
10.0852
10.0146
9.93907
9.85865
9.77342
9.68345
9.58881
9.48959
9.38588
9.27775
9.16532
9.04866
8.92789
8.80309
8.67433
8.5417
8.40525
8.26505
8.12114
7.97359
7.82243
7.66776
7.50963
7.34815
7.18342
7.01556
6.8447
6.67099
6.49457
6.31559
6.13418
5.95051
5.76473
5.57701
5.38754
5.19653
5.00424
4.81097
4.61704
4.42286
4.22884
4.03547
3.84324
3.65268
3.46432
3.27872
3.09639
2.91785
2.7436
2.57409
2.40973
2.25088
2.09784
1.95084
1.81003
1.67547
9.33509
9.40696
9.48481
9.56674
9.65096
9.73583
9.81994
9.9021
9.9813
10.0568
10.1279
10.1941
10.2551
10.3107
10.3604
10.4043
10.4422
10.4741
10.4998
10.5194
10.5328
10.5401
10.5413
10.5365
10.5257
10.5089
10.4863
10.458
10.4239
10.3844
10.3394
10.289
10.2333
10.1725
10.1066
10.0357
9.95985
9.87912
9.79357
9.70326
9.60828
9.5087
9.4046
9.29608
9.18325
9.06622
8.94508
8.81993
8.69086
8.55794
8.42123
8.28077
8.13661
7.98878
7.83732
7.6823
7.52377
7.36183
7.19659
7.02818
6.85674
6.68243
6.50537
6.32574
6.14366
5.95927
5.77271
5.58412
5.39366
5.20153
5.00795
4.81321
4.61764
4.42164
4.22566
4.0302
3.83579
3.643
3.45242
3.26461
3.08016
2.8996
2.72348
2.55227
2.38644
2.22638
2.07242
1.92483
1.78377
1.6493
9.29237
9.3733
9.46033
9.55117
9.6437
9.7361
9.82683
9.91466
9.99864
10.078
10.1524
10.2212
10.2842
10.3413
10.3923
10.4371
10.4757
10.508
10.534
10.5537
10.5671
10.5743
10.5753
10.5702
10.5591
10.5419
10.5189
10.49
10.4555
10.4154
10.3698
10.3189
10.2628
10.2015
10.1351
10.0638
9.98755
9.90642
9.82045
9.72972
9.63428
9.5342
9.42958
9.32053
9.20715
9.08958
8.96793
8.84232
8.71283
8.57955
8.44251
8.30174
8.15727
8.00911
7.85727
7.70179
7.54273
7.38018
7.21426
7.0451
6.87286
6.69772
6.51983
6.33934
6.15639
5.97109
5.78355
5.59386
5.40214
5.20855
5.01328
4.81659
4.61881
4.42035
4.22168
4.02336
3.82597
3.63013
3.43648
3.24565
3.05827
2.87494
2.69624
2.5227
2.35482
2.19307
2.03782
1.88939
1.74798
1.61367
9.23745
9.3308
9.43031
9.53308
9.63659
9.73872
9.83783
9.9327
10.0225
10.1066
10.1847
10.2564
10.3218
10.3807
10.433
10.4789
10.5181
10.5509
10.5771
10.5969
10.6103
10.6174
10.6181
10.6126
10.601
10.5833
10.5596
10.5301
10.4949
10.4542
10.4079
10.3563
10.2995
10.2377
10.1708
10.0989
10.0222
9.94056
9.85411
9.76286
9.66685
9.56615
9.46086
9.35109
9.237
9.11872
8.99641
8.8702
8.74019
8.60647
8.46906
8.32796
8.18317
8.03465
7.88238
7.72637
7.56665
7.40332
7.2365
7.06636
6.8931
6.7169
6.53796
6.35643
6.17244
5.98608
5.7974
5.60645
5.41327
5.21794
5.0206
4.82149
4.62091
4.4193
4.21717
4.01514
3.81387
3.61406
3.41643
3.22169
3.03052
2.8436
2.66153
2.48493
2.31436
2.15035
1.99338
1.84383
1.70196
1.56787
9.16925
9.27938
9.39551
9.5139
9.63139
9.74561
9.85485
9.95801
10.0544
10.1438
10.2259
10.3009
10.3686
10.4294
10.4831
10.5299
10.5698
10.603
10.6295
10.6493
10.6626
10.6694
10.6697
10.6637
10.6515
10.6331
10.6087
10.5784
10.5424
10.5007
10.4535
10.4011
10.3435
10.2809
10.2134
10.141
10.0637
9.98157
9.89459
9.80275
9.70607
9.60461
9.49847
9.3878
9.27277
9.15357
9.03041
8.90345
8.77282
8.6386
8.50082
8.35942
8.21435
8.0655
7.9128
7.75619
7.59569
7.4314
7.26345
7.09206
6.91748
6.73996
6.55973
6.37699
6.19184
6.00435
5.81448
5.6222
5.42743
5.23016
5.03044
4.82843
4.62445
4.41894
4.21248
4.00578
3.79962
3.59481
3.39218
3.19254
2.99664
2.80521
2.61893
2.43846
2.26443
2.09749
1.93823
1.78718
1.6447
1.51094
9.08646
9.21926
9.35743
9.49592
9.63086
9.75961
9.88057
9.99294
10.0965
10.1912
10.2775
10.3555
10.4256
10.488
10.543
10.5907
10.6312
10.6648
10.6913
10.7111
10.7241
10.7305
10.7304
10.7238
10.7108
10.6916
10.6662
10.6349
10.5977
10.5549
10.5067
10.4532
10.3947
10.3312
10.263
10.1899
10.1121
10.0295
9.94197
9.84951
9.75208
9.64971
9.54253
9.43069
9.31444
9.19405
9.06979
8.94189
8.81053
8.6758
8.53769
8.39611
8.25089
8.10183
7.94875
7.79153
7.63014
7.46466
7.29527
7.12228
6.94602
6.76685
6.58508
6.40095
6.21457
6.02596
5.83498
5.64146
5.44515
5.24586
5.04351
4.83818
4.63015
4.4199
4.20811
3.99562
3.78338
3.57238
3.3636
3.15796
2.9563
2.75939
2.56795
2.38267
2.20428
2.03354
1.87125
1.71816
1.57485
1.44157
8.98752
9.15136
9.31883
9.48299
9.63919
9.78477
9.91859
10.0405
10.1511
10.2509
10.3408
10.4215
10.4935
10.5573
10.6133
10.6617
10.7027
10.7364
10.7629
10.7825
10.7951
10.801
10.8002
10.7928
10.779
10.7588
10.7323
10.6997
10.6611
10.617
10.5673
10.5125
10.4528
10.3884
10.3193
10.2457
10.1674
10.0843
9.99638
9.90333
9.8051
9.70168
9.59319
9.47985
9.362
9.24002
9.11431
8.98523
8.85301
8.71777
8.57948
8.43794
8.29286
8.14387
7.9906
7.83281
7.6704
7.50346
7.33223
7.15714
6.97869
6.79741
6.61376
6.42807
6.24047
6.0509
5.85911
5.66467
5.4671
5.26592
5.06083
4.85178
4.639
4.42303
4.20469
3.98505
3.76532
3.54673
3.33048
3.11762
2.90908
2.70567
2.50807
2.31695
2.13307
1.95739
1.791
1.63506
1.49055
1.35795
8.87082
9.0782
9.28492
9.48148
9.66274
9.82677
9.97365
10.1045
10.221
10.3248
10.4174
10.4998
10.5731
10.6378
10.6945
10.7433
10.7845
10.8182
10.8445
10.8637
10.8758
10.881
10.8794
10.8712
10.8563
10.8349
10.807
10.7728
10.7326
10.6867
10.6353
10.5788
10.5177
10.4521
10.3822
10.308
10.2294
10.1462
10.058
9.96452
9.86549
9.76085
9.65074
9.53543
9.41542
9.29127
9.16362
9.03299
8.89976
8.76407
8.62586
8.48481
8.3404
8.19198
8.03889
7.88067
7.71713
7.54835
7.37469
7.19677
7.01537
6.83132
6.64533
6.45788
6.26914
6.079
5.88698
5.69236
5.49419
5.29154
5.0838
4.8707
4.6524
4.42952
4.20312
3.97459
3.74557
3.51769
3.29242
3.07101
2.85447
2.64355
2.43882
2.24077
2.05006
1.86784
1.69567
1.53547
1.3891
1.25748
8.73528
9.00594
9.26557
9.50194
9.71105
9.8934
10.0517
10.1891
10.3092
10.4148
10.5083
10.5913
10.6649
10.73
10.7868
10.8358
10.877
10.9105
10.9364
10.9549
10.9663
10.9707
10.9682
10.9589
10.9429
10.9201
10.8906
10.8547
10.8123
10.7641
10.7104
10.6518
10.5889
10.5219
10.4511
10.3765
10.298
10.2151
10.1272
10.0336
9.93385
9.82782
9.71565
9.59769
9.47468
9.34746
9.21711
9.08441
8.94995
8.81391
8.67623
8.5364
8.39364
8.24673
8.09447
7.93612
7.77131
7.60018
7.4232
7.24135
7.05578
6.86795
6.67892
6.48946
6.29978
6.10972
5.91855
5.7251
5.52765
5.32446
5.11445
4.89703
4.67235
4.44104
4.20455
3.96477
3.72416
3.48485
3.24879
3.01736
2.79172
2.57248
2.35995
2.15399
1.9548
1.76381
1.5831
1.41594
1.26638
1.13632
8.58279
8.94951
9.27965
9.56158
9.79781
9.99466
10.1595
10.2987
10.4181
10.5223
10.6143
10.6962
10.769
10.8337
10.8905
10.9394
10.9804
11.0135
11.0388
11.0564
11.0668
11.0701
11.0667
11.0563
11.0391
11.0149
10.9836
10.9454
10.9005
10.8493
10.7925
10.7311
10.6657
10.597
10.5253
10.4506
10.3727
10.2911
10.2045
10.1113
10.0112
9.90353
9.78877
9.66714
9.53987
9.40807
9.27388
9.13826
9.00231
8.86602
8.72957
8.59214
8.45277
8.30908
8.15872
8.00077
7.83449
7.66035
7.47866
7.29117
7.09937
6.90623
6.71306
6.5213
6.33088
6.14197
5.95332
5.76356
5.56929
5.36714
5.15571
4.93377
4.70178
4.45997
4.21068
3.95611
3.70083
3.44728
3.19844
2.95533
2.71973
2.4917
2.27162
2.05741
1.84773
1.64495
1.45099
1.27104
1.11559
0.988411
8.42831
8.9457
9.36307
9.68697
9.94121
10.1419
10.3043
10.4367
10.5486
10.6473
10.7348
10.814
10.8848
10.9488
11.0052
11.0545
11.0952
11.1278
11.1519
11.1683
11.1773
11.1793
11.1749
11.1637
11.1452
11.1197
11.0864
11.0459
10.9975
10.9425
10.881
10.8159
10.7471
10.6766
10.6035
10.5293
10.4527
10.3744
10.291
10.1991
10.0992
9.9894
9.87171
9.7446
9.61151
9.47207
9.3326
9.19252
9.05507
8.91828
8.78426
8.65059
8.51803
8.38099
8.23381
8.07738
7.9089
7.73134
7.54242
7.34713
7.14484
6.94448
6.7451
6.55116
6.35976
6.17376
5.98967
5.80844
5.62224
5.42313
5.21208
4.98493
4.7453
4.48963
4.22437
3.94846
3.67496
3.4029
3.13983
2.88246
2.63681
2.39944
2.17481
1.95428
1.73072
1.51335
1.29871
1.09086
0.924063
0.803615
8.34683
9.08587
9.58102
9.91258
10.1616
10.3442
10.4923
10.6043
10.6981
10.7883
10.8672
10.9437
11.0103
11.0748
11.1299
11.1818
11.2217
11.2541
11.2762
11.2908
11.2976
11.2977
11.2927
11.2812
11.2615
11.2355
11.1995
11.1575
11.1038
11.0452
10.9745
10.9059
10.8309
10.7598
10.6832
10.6112
10.535
10.4649
10.3898
10.2983
10.2012
10.0865
9.96811
9.83057
9.69219
9.53598
9.39211
9.24287
9.1068
8.96642
8.83837
8.70733
8.58964
8.46739
8.32212
8.17123
7.9963
7.81859
7.61525
7.41311
7.18742
6.98125
6.76923
6.5773
6.38078
6.20275
6.02183
5.8604
5.69371
5.49628
5.29154
5.05401
4.81188
4.53307
4.25332
3.93728
3.64701
3.3455
3.07298
2.79267
2.54196
2.2888
2.07209
1.85546
1.6048
1.37781
1.13664
0.851533
0.665789
0.564139
8.71296
9.57718
10.0345
10.2569
10.4777
10.5961
10.7321
10.7978
10.8527
10.9456
11.0027
11.0879
11.1386
11.2144
11.2589
11.3265
11.3588
11.3952
11.4111
11.4243
11.4276
11.4235
11.4195
11.4107
11.3868
11.3656
11.321
11.2861
11.2169
11.1654
11.0648
11.0051
10.9092
10.8505
10.7564
10.6989
10.6087
10.5623
10.5121
10.4054
10.3286
10.189
10.0919
9.91766
9.79844
9.58203
9.45924
9.27419
9.16462
8.99675
8.89667
8.74477
8.66775
8.58686
8.41846
8.29963
8.08761
7.94268
7.68629
7.51293
7.20182
7.02639
6.76434
6.61
6.3751
6.23586
6.02584
5.91989
5.80939
5.57988
5.41819
5.12965
4.93124
4.57779
4.33452
3.88893
3.63521
3.24634
3.01731
2.66024
2.45059
2.12568
1.9692
1.80565
1.44475
1.26269
1.03782
0.46912
0.286412
0.238041
1.55956
1.41343
1.27536
1.14494
1.02165
0.904922
0.794119
0.688591
0.587676
0.490717
0.397066
0.306093
0.21718
0.129727
0.0431459
1.55119
1.40535
1.2677
1.13779
1.01509
0.898985
0.788835
0.68397
0.583715
0.487404
0.394386
0.304028
0.215717
0.128855
0.0428559
1.5343
1.38908
1.25228
1.12342
1.00191
0.887085
0.77826
0.674732
0.575803
0.480792
0.38904
0.299914
0.212804
0.127117
0.0422784
1.50861
1.36436
1.22892
1.1017
0.982029
0.869176
0.76238
0.660888
0.563967
0.470915
0.381065
0.293782
0.208464
0.12453
0.0414189
1.47368
1.33083
1.19731
1.07241
0.955325
0.845201
0.741189
0.642466
0.548256
0.457832
0.370518
0.285684
0.202738
0.121118
0.0402857
1.42887
1.28796
1.15707
1.0353
0.921647
0.815106
0.7147
0.619525
0.528753
0.441633
0.357487
0.275694
0.195682
0.116918
0.0388912
1.37331
1.23505
1.1077
0.990053
0.880851
0.778866
0.682974
0.592175
0.505592
0.422457
0.3421
0.26392
0.187378
0.111978
0.0372519
1.30585
1.17122
1.0486
0.936355
0.832828
0.736524
0.646147
0.560603
0.478976
0.400501
0.32453
0.250504
0.177931
0.106364
0.0353896
1.22494
1.09536
0.979136
0.873927
0.777572
0.688249
0.604482
0.525107
0.449202
0.376036
0.305012
0.235634
0.167475
0.100157
0.0333315
1.12849
1.00613
0.898645
0.802634
0.715278
0.634408
0.558419
0.486134
0.416687
0.349425
0.283845
0.219542
0.156177
0.0934557
0.0311106
1.01367
0.902029
0.806669
0.722678
0.64649
0.575681
0.508646
0.444319
0.38198
0.321129
0.261399
0.202509
0.144234
0.0863773
0.0287656
0.876691
0.781631
0.703314
0.634911
0.572316
0.513175
0.456159
0.400509
0.345783
0.291708
0.238109
0.184861
0.131869
0.0790532
0.0263398
0.712883
0.644483
0.590038
0.541331
0.494681
0.448539
0.402301
0.355773
0.30893
0.261808
0.214464
0.166955
0.119328
0.0716256
0.0238798
0.518488
0.493373
0.471018
0.445688
0.416533
0.383993
0.348729
0.31135
0.272352
0.232127
0.190984
0.149164
0.106863
0.06424
0.0214333
0.299403
0.339496
0.35497
0.353864
0.341768
0.322166
0.297268
0.268541
0.236997
0.203363
0.168177
0.131853
0.0947171
0.0570378
0.0190465
9.80288
9.40834
9.01292
8.61594
8.2166
7.81388
7.4064
6.99224
6.56854
6.13073
5.67081
5.17263
4.59627
3.81538
2.32241
9.79014
9.36989
8.94794
8.52305
8.09366
7.65782
7.21289
6.75512
6.27886
5.77505
5.22807
4.60852
3.85574
2.83578
1.26
9.77779
9.3326
8.88502
8.43327
7.97518
7.50807
7.0283
6.53084
6.00831
5.44935
4.83573
4.13691
3.30074
2.24216
0.853279
9.76598
9.29697
8.825
8.34787
7.86298
7.36709
6.85599
6.32398
5.76304
5.1616
4.50256
3.76067
2.90019
1.8779
0.667171
9.75483
9.26338
8.76856
8.26787
7.75841
7.23667
6.6982
6.13719
5.5459
4.91384
4.2269
3.46677
2.61202
1.6445
0.566901
9.74445
9.23215
8.7162
8.19395
7.66237
7.11787
6.55605
5.97143
5.35706
4.70418
4.00208
3.23857
2.40215
1.48755
0.505659
9.73489
9.20344
8.66822
8.12651
7.5753
7.01108
6.42974
5.82633
5.19495
4.52871
3.8199
3.06098
2.24658
1.37731
0.464852
9.7262
9.17735
8.62473
8.06568
7.49726
6.91619
6.31874
5.70064
5.05707
4.38278
3.67252
2.92193
2.12912
1.29708
0.436016
9.71836
9.15387
8.58572
8.01134
7.42799
6.83267
6.22208
5.59264
4.9405
4.26183
3.55315
2.81218
2.0389
1.23699
0.414801
9.71136
9.13294
8.55103
7.96324
7.36704
6.75974
6.13851
5.50039
4.84238
4.16171
3.45621
2.72486
1.96858
1.19097
0.398736
9.70517
9.11442
8.52043
7.92098
7.31379
6.69649
6.06668
5.42194
4.75998
4.07884
3.37721
2.65485
1.91306
1.1551
0.38631
9.69972
9.09816
8.49362
7.8841
7.26755
6.64194
6.00522
5.35545
4.69089
4.01019
3.31261
2.59833
1.86877
1.12676
0.376543
9.69495
9.08396
8.47027
7.85208
7.22761
6.59509
5.95281
5.29923
4.63302
3.95326
3.25959
2.55243
1.83313
1.10411
0.368769
9.69081
9.07163
8.45004
7.82444
7.19327
6.55501
5.90826
5.25178
4.58456
3.90599
3.21595
2.51495
1.80424
1.08585
0.36252
9.68723
9.06098
8.43259
7.80066
7.16384
6.52083
5.87047
5.21177
4.54398
3.86669
3.17992
2.48422
1.78068
1.07103
0.357458
9.68415
9.05182
8.4176
7.78029
7.1387
6.49175
5.83847
5.17808
4.51
3.83397
3.1501
2.45891
1.76138
1.05892
0.35333
9.6815
9.04396
8.40477
7.76288
7.11728
6.46706
5.81142
5.14971
4.48153
3.8067
3.12537
2.43801
1.74549
1.04898
0.349947
9.67924
9.03724
8.39381
7.74804
7.09908
6.44614
5.78857
5.12586
4.45768
3.78394
3.1048
2.42071
1.73237
1.04079
0.347163
9.67731
9.03151
8.38447
7.73543
7.08363
6.42843
5.76929
5.10579
4.43769
3.76493
3.08769
2.40634
1.72151
1.03402
0.344864
9.67566
9.02663
8.37654
7.72472
7.07054
6.41347
5.75304
5.08892
4.42093
3.74905
3.07342
2.3944
1.7125
1.02841
0.342959
9.67427
9.02249
8.36981
7.71565
7.05947
6.40083
5.73934
5.07474
4.40688
3.73575
3.06151
2.38444
1.705
1.02375
0.341379
9.67308
9.01898
8.36411
7.70797
7.05012
6.39017
5.72781
5.06282
4.39509
3.72463
3.05156
2.37614
1.69876
1.01987
0.340064
9.67208
9.01601
8.35928
7.70148
7.04222
6.38118
5.7181
5.0528
4.3852
3.71531
3.04324
2.36921
1.69355
1.01664
0.338968
9.67123
9.0135
8.35521
7.696
7.03556
6.37361
5.70993
5.04439
4.37691
3.7075
3.03628
2.36342
1.6892
1.01395
0.338055
9.67051
9.01138
8.35176
7.69138
7.02994
6.36723
5.70306
5.03732
4.36995
3.70096
3.03045
2.35858
1.68557
1.01169
0.337292
9.66991
9.00959
8.34886
7.68748
7.02521
6.36186
5.69729
5.03138
4.36411
3.69548
3.02557
2.35453
1.68253
1.00981
0.336654
9.6694
9.00808
8.34642
7.6842
7.02123
6.35735
5.69243
5.0264
4.35921
3.69088
3.02149
2.35113
1.67998
1.00824
0.336121
9.66897
9.00681
8.34436
7.68144
7.01788
6.35355
5.68836
5.02221
4.3551
3.68703
3.01806
2.34829
1.67786
1.00692
0.335675
9.66861
9.00574
8.34263
7.67911
7.01507
6.35037
5.68493
5.0187
4.35165
3.6838
3.0152
2.34592
1.67608
1.00582
0.335303
9.6683
9.00484
8.34117
7.67716
7.0127
6.34769
5.68206
5.01576
4.34877
3.6811
3.0128
2.34393
1.67459
1.0049
0.334991
9.66805
9.00409
8.33995
7.67553
7.01072
6.34545
5.67966
5.01329
4.34635
3.67884
3.01079
2.34226
1.67334
1.00413
0.33473
9.66784
9.00346
8.33893
7.67416
7.00906
6.34358
5.67764
5.01123
4.34433
3.67695
3.00911
2.34087
1.6723
1.00349
0.334512
9.66766
9.00293
8.33807
7.67301
7.00768
6.34201
5.67596
5.00951
4.34264
3.67537
3.00771
2.33971
1.67144
1.00295
0.334331
9.66751
9.00249
8.33736
7.67206
7.00652
6.3407
5.67456
5.00808
4.34124
3.67406
3.00655
2.33875
1.67072
1.0025
0.33418
9.66739
9.00212
8.33677
7.67127
7.00557
6.33962
5.6734
5.00689
4.34008
3.67297
3.00558
2.33795
1.67012
1.00213
0.334055
9.66728
9.00182
8.33628
7.67062
7.00478
6.33873
5.67245
5.00591
4.33912
3.67207
3.00479
2.3373
1.66963
1.00183
0.333953
9.6672
9.00158
8.33589
7.67008
7.00413
6.338
5.67167
5.00511
4.33834
3.67134
3.00414
2.33676
1.66923
1.00158
0.333869
9.66713
9.00138
8.33557
7.66965
7.00361
6.33742
5.67104
5.00447
4.33771
3.67075
3.00362
2.33633
1.6689
1.00138
0.333801
9.66708
9.00122
8.33531
7.66932
7.0032
6.33695
5.67054
5.00396
4.33721
3.67029
3.00321
2.33599
1.66865
1.00123
0.333748
9.66704
9.0011
8.33512
7.66906
7.00289
6.3366
5.67016
5.00358
4.33683
3.66993
3.00289
2.33573
1.66846
1.00111
0.333707
9.66701
9.00102
8.33498
7.66887
7.00267
6.33634
5.66989
5.0033
4.33656
3.66968
3.00267
2.33554
1.66832
1.00102
0.333678
9.66699
9.00096
8.33489
7.66875
7.00252
6.33618
5.66971
5.00312
4.33638
3.66951
3.00252
2.33542
1.66823
1.00096
0.333659
9.66698
9.00094
8.33485
7.66869
7.00245
6.3361
5.66963
5.00303
4.3363
3.66944
3.00245
2.33536
1.66818
1.00094
0.33365
9.66698
9.00094
8.33485
7.6687
7.00246
6.33611
5.66964
5.00304
4.33631
3.66944
3.00246
2.33537
1.66819
1.00094
0.333651
9.66699
9.00097
8.3349
7.66877
7.00254
6.3362
5.66974
5.00314
4.3364
3.66954
3.00254
2.33544
1.66824
1.00097
0.333662
9.66701
9.00103
8.335
7.6689
7.0027
6.33638
5.66993
5.00333
4.3366
3.66971
3.0027
2.33557
1.66833
1.00103
0.333682
9.66705
9.00112
8.33515
7.66909
7.00294
6.33665
5.67022
5.00363
4.33689
3.66998
3.00294
2.33576
1.66848
1.00112
0.333713
9.66709
9.00125
8.33535
7.66937
7.00326
6.33702
5.67061
5.00404
4.33728
3.67036
3.00327
2.33604
1.66869
1.00125
0.333756
9.66714
9.00141
8.33561
7.66972
7.00369
6.3375
5.67113
5.00457
4.3378
3.67084
3.0037
2.33639
1.66895
1.00141
0.333811
9.66721
9.00161
8.33595
7.67016
7.00423
6.33811
5.67178
5.00523
4.33845
3.67145
3.00424
2.33684
1.66929
1.00162
0.333881
9.6673
9.00187
8.33636
7.67072
7.0049
6.33886
5.67259
5.00606
4.33926
3.67221
3.00491
2.33739
1.6697
1.00188
0.333968
9.6674
9.00218
8.33686
7.67139
7.00571
6.33979
5.67358
5.00707
4.34025
3.67313
3.00573
2.33807
1.67021
1.00219
0.334074
9.66753
9.00256
8.33747
7.67221
7.0067
6.3409
5.67478
5.00829
4.34145
3.67425
3.00672
2.33889
1.67082
1.00257
0.334203
9.66768
9.00301
8.33821
7.67319
7.00789
6.34225
5.67622
5.00977
4.3429
3.6756
3.00792
2.33989
1.67157
1.00303
0.334358
9.66787
9.00355
8.33909
7.67437
7.00932
6.34386
5.67795
5.01154
4.34463
3.67723
3.00936
2.34108
1.67246
1.00358
0.334544
9.66809
9.00421
8.34014
7.67578
7.01103
6.3458
5.68002
5.01367
4.34671
3.67917
3.01109
2.34251
1.67353
1.00424
0.334768
9.66835
9.00498
8.3414
7.67747
7.01307
6.3481
5.6825
5.0162
4.3492
3.6815
3.01315
2.34422
1.67481
1.00503
0.335036
9.66866
9.00591
8.3429
7.67948
7.0155
6.35086
5.68546
5.01923
4.35217
3.68428
3.01562
2.34626
1.67634
1.00598
0.335357
9.66904
9.00701
8.34468
7.68187
7.0184
6.35414
5.68898
5.02285
4.35572
3.6876
3.01857
2.34871
1.67817
1.00711
0.33574
9.66948
9.00832
8.34681
7.68472
7.02185
6.35805
5.69318
5.02715
4.35994
3.69156
3.02208
2.35162
1.68035
1.00846
0.336197
9.67001
9.00988
8.34933
7.6881
7.02596
6.3627
5.69818
5.03228
4.36498
3.69629
3.02628
2.35511
1.68296
1.01008
0.336744
9.67063
9.01172
8.35232
7.69212
7.03083
6.36823
5.70412
5.03839
4.37099
3.70192
3.03129
2.35927
1.68608
1.01201
0.337398
9.67137
9.01392
8.35588
7.69689
7.03662
6.3748
5.7112
5.04567
4.37814
3.70864
3.03727
2.36424
1.6898
1.01432
0.33818
9.67225
9.01651
8.36009
7.70255
7.0435
6.38261
5.71961
5.05433
4.38667
3.71666
3.04442
2.37017
1.69426
1.01708
0.339115
9.67329
9.01958
8.36508
7.70925
7.05165
6.39188
5.72961
5.06463
4.39683
3.72622
3.05295
2.37727
1.69959
1.02039
0.340235
9.67451
9.02322
8.37098
7.71719
7.06132
6.40288
5.74149
5.0769
4.40894
3.73764
3.06314
2.38577
1.70598
1.02435
0.341579
9.67596
9.02751
8.37795
7.72658
7.07276
6.41592
5.75561
5.09149
4.42338
3.75127
3.07534
2.39595
1.71363
1.0291
0.343192
9.67767
9.03257
8.38617
7.73767
7.0863
6.43138
5.77237
5.10885
4.44059
3.76756
3.08994
2.40815
1.72283
1.03482
0.345132
9.67967
9.03852
8.39587
7.75076
7.1023
6.44969
5.79226
5.12951
4.46112
3.78703
3.10744
2.42281
1.73389
1.04171
0.34747
9.68203
9.04552
8.40727
7.76617
7.12117
6.47134
5.81584
5.15407
4.48561
3.81033
3.12843
2.44043
1.74723
1.05002
0.350294
9.6848
9.05372
8.42064
7.78428
7.14341
6.49691
5.84379
5.18328
4.51483
3.83823
3.15366
2.46168
1.76334
1.06008
0.353715
9.68802
9.0633
8.4363
7.80553
7.16957
6.52708
5.87688
5.21799
4.5497
3.87168
3.18402
2.48735
1.78286
1.0723
0.357876
9.69178
9.07447
8.45457
7.83038
7.20025
6.5626
5.916
5.25923
4.59134
3.91181
3.22063
2.51845
1.80661
1.0872
0.362957
9.69614
9.08744
8.47583
7.85936
7.23615
6.60433
5.96219
5.30818
4.64106
3.96002
3.26489
2.55624
1.83561
1.10547
0.369195
9.70117
9.10244
8.50045
7.89303
7.27801
6.65324
6.01662
5.36624
4.70044
4.01803
3.31852
2.60237
1.87121
1.12798
0.376906
9.70696
9.11969
8.52884
7.93198
7.32666
6.71037
6.08062
5.435
4.77135
4.08791
3.38372
2.65892
1.91518
1.15596
0.386514
9.71357
9.13943
8.56139
7.97681
7.38291
6.77684
6.15562
5.5163
4.85598
4.1722
3.46322
2.72862
1.96991
1.19103
0.398609
9.72108
9.16187
8.5985
8.0281
7.44762
6.85381
6.24321
5.61216
4.95692
4.27399
3.56051
2.81508
2.03863
1.23551
0.414035
9.72954
9.18719
8.64049
8.08639
7.52158
6.94245
6.345
5.72481
5.07709
4.39698
3.68
2.92306
2.12586
1.29273
0.43404
9.739
9.21554
8.68763
8.1521
7.60548
7.04381
6.46259
5.85656
5.21976
4.54557
3.82724
3.059
2.23805
1.36771
0.460565
9.74947
9.24697
8.74005
8.22553
7.69982
7.15876
6.59739
6.00969
5.38838
4.7248
4.00914
3.23152
2.38455
1.46824
0.496804
9.76095
9.28146
8.79775
8.30672
7.80481
7.28781
6.75046
6.18615
5.58635
4.94019
4.23407
3.45221
2.57919
1.60704
0.54844
9.77338
9.31889
8.86053
8.39545
7.9203
7.43098
6.92227
6.38724
5.81652
5.19721
4.51161
3.73618
2.84267
1.80588
0.626657
9.78669
9.359
8.92799
8.49117
8.04561
7.58761
7.11233
6.61311
6.08042
5.50027
4.8515
4.10215
3.20565
2.10362
0.756327
9.80075
9.40141
8.99946
8.59296
8.17955
7.75625
7.31903
6.8622
6.37728
5.85096
5.26125
4.57029
3.71136
2.57168
1.00083
9.81539
9.44562
9.07411
8.69955
8.32036
7.93454
7.53933
7.1308
6.70289
6.24565
5.74131
5.15507
4.41203
3.33914
1.5445
9.83043
9.49103
9.15086
8.80934
8.46578
8.11933
7.76888
7.41284
7.04886
6.67304
6.27823
5.84871
5.34176
4.60782
2.98703
9.84564
9.53699
9.22856
8.92054
8.61319
8.30691
8.0023
7.70039
7.40303
7.11362
6.83922
6.59611
6.4291
6.49233
7.45265
9.8608
9.58278
9.30596
9.03127
8.75986
8.49331
8.23382
7.98479
7.75165
7.54377
7.37848
7.29064
7.35652
7.75385
8.88632
9.87569
9.62774
9.38188
9.1397
8.90316
8.67478
8.45808
8.25813
8.08272
7.94432
7.86393
7.87839
8.05375
8.50483
9.3988
0.123183
0.221005
0.263788
0.279763
0.28011
0.270341
0.253604
0.23188
0.206503
0.178416
0.148313
0.116728
0.0840807
0.0507213
0.0169517
0.066138
0.151507
0.19951
0.223248
0.231081
0.228066
0.21737
0.201087
0.180661
0.157134
0.131284
0.103713
0.0749054
0.0452635
0.0151403
0.0416669
0.107955
0.15208
0.177776
0.189585
0.191121
0.185016
0.173169
0.156972
0.137465
0.115449
0.0915578
0.0663085
0.0401396
0.013438
0.0290325
0.0797944
0.117448
0.141946
0.155222
0.159481
0.156647
0.148271
0.13558
0.119537
0.100916
0.0803445
0.0583498
0.0353852
0.0118567
0.0214697
0.0607355
0.0919522
0.113907
0.127121
0.132766
0.132124
0.12637
0.116513
0.103399
0.0877352
0.0701192
0.0510641
0.0310221
0.0104039
0.0164579
0.0472658
0.0728871
0.0919377
0.104274
0.110415
0.111151
0.107318
0.0997079
0.0890307
0.0759099
0.0608926
0.0444635
0.0270591
0.00908253
0.01291
0.0373976
0.0583845
0.0746307
0.0857274
0.0918189
0.0933488
0.0908872
0.085032
0.0763587
0.0654009
0.0526462
0.0385398
0.0234931
0.00789204
0.0102871
0.02996
0.0471737
0.0608992
0.0706563
0.0763894
0.0783179
0.0768128
0.0723125
0.0652726
0.0561394
0.0453379
0.0332689
0.0203117
0.00682862
0.0082899
0.0242302
0.0383847
0.0499232
0.058379
0.0636014
0.065671
0.0648178
0.0613559
0.0556397
0.048036
0.0389094
0.0286146
0.0174955
0.00588607
0.00673676
0.0197404
0.0314122
0.0410875
0.0483468
0.0530023
0.0550534
0.0546339
0.0519644
0.047317
0.04099
0.0332918
0.0245326
0.0150197
0.00505646
0.00550989
0.0161752
0.0258258
0.0339294
0.0401224
0.0442114
0.0461512
0.0460119
0.043946
0.0401604
0.0348957
0.0284108
0.0209738
0.0128564
0.00433078
0.00452916
0.0133146
0.0213134
0.0280979
0.0333587
0.0369126
0.0386925
0.0387276
0.0371214
0.0340308
0.0296486
0.0241908
0.0178874
0.0109764
0.0036995
0.00373788
0.0110002
0.0176441
0.0233243
0.0277802
0.0308456
0.032445
0.0325827
0.0313275
0.0287978
0.0251481
0.0205577
0.0152229
0.00935036
0.00315299
0.00309476
0.00911525
0.0146439
0.0194006
0.0231671
0.0257963
0.0272124
0.0274048
0.0264184
0.0243425
0.0213006
0.0174415
0.0129317
0.00794983
0.00268187
0.00256901
0.00757175
0.0121797
0.0161645
0.0193437
0.0215892
0.0228294
0.0230454
0.0222657
0.0205577
0.0180204
0.014777
0.0109684
0.00674789
0.00227726
0.00213717
0.00630235
0.0101482
0.0134876
0.0161684
0.0180802
0.0191574
0.0193774
0.0187574
0.0173486
0.0152305
0.012505
0.00929087
0.00571962
0.00193088
0.00178113
0.00525468
0.00846824
0.011268
0.013527
0.0151507
0.0160804
0.0162925
0.0157968
0.014632
0.0128624
0.0105721
0.00786135
0.00484233
0.00163518
0.00148667
0.00438752
0.00707556
0.00942396
0.0113266
0.0127031
0.0135016
0.0136992
0.0133005
0.0123355
0.0108557
0.008931
0.00664587
0.00409565
0.00138339
0.00124255
0.00366811
0.0059187
0.00788938
0.00949147
0.0106568
0.01134
0.0115198
0.0111975
0.0103962
0.00915781
0.00754021
0.00561442
0.00346147
0.00116943
0.00103975
0.00307017
0.00495618
0.00661071
0.00795961
0.00894511
0.00952807
0.00968883
0.00942705
0.00876049
0.00772322
0.00636338
0.00474069
0.00292385
0.000987985
0.000871034
0.00257249
0.00415436
0.00554424
0.00668005
0.00751293
0.00800921
0.00815127
0.00793763
0.00738212
0.00651258
0.00536904
0.00400174
0.00246887
0.000834378
0.000730515
0.00215783
0.00348583
0.00465416
0.0056108
0.00631446
0.00673627
0.00686067
0.00668555
0.00622177
0.00549216
0.00453006
0.00337774
0.00208445
0.000704555
0.0006134
0.00181214
0.00292816
0.00391105
0.00471718
0.00531166
0.00566981
0.00577801
0.00563388
0.005246
0.00463313
0.00382315
0.00285159
0.00176017
0.000595014
0.000515765
0.00152388
0.00246291
0.00329068
0.00397051
0.00447293
0.00477689
0.00487054
0.00475144
0.00442641
0.00391097
0.00322841
0.00240868
0.00148706
0.000502743
0.000434391
0.00128357
0.00207491
0.00277301
0.00334701
0.00377198
0.00402999
0.00411077
0.00401196
0.00373903
0.00330483
0.0027289
0.00203649
0.0012575
0.000425168
0.000366627
0.00108342
0.00175164
0.0023415
0.00282697
0.00318695
0.00340614
0.00347569
0.00339337
0.0031636
0.00279709
0.00231025
0.00172443
0.00106495
0.000360094
0.00031029
0.000917002
0.00148277
0.00198246
0.00239406
0.00269965
0.0028862
0.00294604
0.00287715
0.00268312
0.0023729
0.00196033
0.00146349
0.000903918
0.000305662
0.000263581
0.000779007
0.00125978
0.00168459
0.00203475
0.00229501
0.00245422
0.00250576
0.0024478
0.00228329
0.00201976
0.00166891
0.00124612
0.000769739
0.000260303
0.000225021
0.000665075
0.00107563
0.00143854
0.00173786
0.00196053
0.00209698
0.0021415
0.00209244
0.00195223
0.00172723
0.00142743
0.00106596
0.000658509
0.000222698
0.000193394
0.000571623
0.000924564
0.00123665
0.00149417
0.00168591
0.00180358
0.00184222
0.00180036
0.00168002
0.00148664
0.00122878
0.000917708
0.00056697
0.000191749
0.000167711
0.000495727
0.000801862
0.00107263
0.00129616
0.0014627
0.00156504
0.00159884
0.00156276
0.00145853
0.00129083
0.00106705
0.000797003
0.000492429
0.000166545
0.00014717
0.000435024
0.000703712
0.00094142
0.00113773
0.00128406
0.00137409
0.00140396
0.00137247
0.00128111
0.00113394
0.000937462
0.000700266
0.000432685
0.000146343
0.000131132
0.000387626
0.00062707
0.00083895
0.00101398
0.00114452
0.00122491
0.00125168
0.00122376
0.00114242
0.00101129
0.00083614
0.000624623
0.000385965
0.000130544
0.000119099
0.000352065
0.000569567
0.000762063
0.000921123
0.0010398
0.00111294
0.00113739
0.00111212
0.00103831
0.00091921
0.000760063
0.000567825
0.000350883
0.000118681
0.000110699
0.000327241
0.000529425
0.00070839
0.000856302
0.000966701
0.00103478
0.0010576
0.0010342
0.000965632
0.000854934
0.000706959
0.000528179
0.000326395
0.0001104
0.000105672
0.000312384
0.000505404
0.000676276
0.000817525
0.000922981
0.000988048
0.00100991
0.000987625
0.000922209
0.000816538
0.000675243
0.000504504
0.000311774
0.000105456
0.000103861
0.000307034
0.000496759
0.00066473
0.0008036
0.000907302
0.000971314
0.000992855
0.000971003
0.000906735
0.000802874
0.000663971
0.000496098
0.000306585
0.000103702
0.000105209
0.00031102
0.000503217
0.000673388
0.000814091
0.000919179
0.000984067
0.00100593
0.000983831
0.000918749
0.00081354
0.000672812
0.000502715
0.00031068
0.000105088
0.000109754
0.00032446
0.000524967
0.000702505
0.00084931
0.000958967
0.00102669
0.00104953
0.0010265
0.000958622
0.000848868
0.000702043
0.000524565
0.000324187
0.000109658
0.000117635
0.000347757
0.000562665
0.00075296
0.00091032
0.00102787
0.00110048
0.00112498
0.00110031
0.00102757
0.000909933
0.000752556
0.000562313
0.000347518
0.00011755
0.000129088
0.000381617
0.000617453
0.000826281
0.000998971
0.00112798
0.00120766
0.00123456
0.0012075
0.00112768
0.000998593
0.000825886
0.000617109
0.000381384
0.000129006
0.000144463
0.000427068
0.000690993
0.000924693
0.00111795
0.00126232
0.00135151
0.00138161
0.00135133
0.001262
0.00111754
0.00092426
0.000690616
0.000426813
0.000144372
0.000164225
0.00048549
0.000785517
0.00105118
0.00127087
0.00143499
0.00153636
0.00157058
0.00153615
0.0014346
0.00127037
0.00105066
0.000785062
0.000485181
0.000164116
0.000188975
0.000558657
0.000903898
0.0012096
0.00146238
0.00165122
0.00176785
0.00180721
0.00176758
0.00165071
0.00146174
0.00120892
0.00090331
0.000558258
0.000188834
0.000219466
0.000648795
0.00104973
0.00140474
0.0016983
0.00191757
0.002053
0.00209867
0.00205263
0.00191689
0.00169743
0.00140383
0.00104894
0.000648258
0.000219276
0.000256626
0.000758644
0.00122746
0.00164256
0.00198579
0.00224215
0.00240046
0.00245383
0.00239995
0.00224121
0.00198459
0.0016413
0.00122637
0.000757904
0.000256364
0.000301584
0.000891547
0.00144248
0.00193027
0.00233358
0.0026348
0.00282078
0.00288344
0.00282007
0.0026335
0.00233192
0.00192852
0.00144096
0.000890516
0.000301219
0.00035571
0.00105155
0.00170134
0.00227663
0.00275227
0.00310747
0.00332674
0.00340054
0.00332573
0.00310564
0.00274993
0.00227419
0.00169921
0.0010501
0.000355198
0.000420653
0.00124353
0.00201192
0.00269219
0.00325458
0.00367451
0.00393368
0.00402084
0.00393227
0.00367193
0.00325128
0.00268875
0.00200892
0.00124149
0.000419933
0.000498393
0.00147333
0.00238369
0.0031896
0.00385579
0.00435317
0.00466006
0.00476315
0.00465807
0.00434954
0.00385115
0.00318474
0.00237946
0.00147046
0.000497378
0.000591303
0.00174797
0.00282799
0.00378402
0.00457422
0.00516409
0.00552793
0.00564999
0.00552513
0.00515897
0.00456767
0.00377716
0.00282202
0.00174392
0.00058987
0.00070222
0.00207584
0.00335836
0.00449356
0.00543175
0.00613194
0.00656367
0.00670828
0.00655972
0.00612471
0.0054225
0.00448389
0.00334994
0.00207012
0.000700198
0.000834537
0.00246695
0.00399103
0.0053399
0.00645451
0.00728619
0.00779876
0.00797013
0.00779318
0.00727599
0.00644146
0.00532625
0.00397914
0.00245888
0.000831683
0.000992306
0.00293329
0.00474533
0.00634889
0.00767373
0.00866199
0.00927075
0.00947383
0.00926287
0.00864759
0.0076553
0.00632962
0.00472855
0.0029219
0.000988278
0.00118037
0.00348915
0.00564439
0.00755141
0.00912662
0.0103013
0.0110244
0.011265
0.0110133
0.010281
0.00910061
0.0075242
0.0056207
0.00347307
0.00117468
0.00140451
0.00415161
0.0067158
0.00898429
0.0108576
0.0122541
0.0131131
0.013398
0.0130974
0.0122254
0.0108209
0.00894589
0.00668235
0.00412892
0.00139648
0.00167163
0.00494109
0.0079925
0.0106915
0.0129198
0.01458
0.0156004
0.0159376
0.0155782
0.0145395
0.0128679
0.0106373
0.00794529
0.00490904
0.00166029
0.00198999
0.00588194
0.00951388
0.0127257
0.0153763
0.0173502
0.0185621
0.0189607
0.0185308
0.017293
0.0153031
0.0126491
0.00944723
0.00583671
0.00197399
0.00236946
0.00700334
0.011327
0.0151494
0.0183027
0.0206494
0.0220884
0.0225592
0.0220442
0.0205686
0.0181994
0.0150413
0.0112329
0.00693948
0.00234687
0.00282186
0.00834016
0.013488
0.0180377
0.0217891
0.0245788
0.0262869
0.0268422
0.0262245
0.0244648
0.0216433
0.0178852
0.0133552
0.00825
0.00278997
0.00336135
0.00993417
0.0160644
0.0214803
0.0259433
0.0292591
0.0312858
0.0319397
0.0311978
0.0290982
0.0257374
0.021265
0.0158769
0.00980689
0.00331633
0.0040049
0.0118354
0.0191369
0.0255845
0.030894
0.0348345
0.0372379
0.0380062
0.0371136
0.0346073
0.0306033
0.0252805
0.0188721
0.0116558
0.00394134
0.00477289
0.0141041
0.0228021
0.0304788
0.0367953
0.041477
0.0443254
0.0452257
0.0441499
0.0411564
0.0363849
0.0300496
0.0224283
0.0138504
0.00468316
0.00568986
0.0168125
0.0271764
0.0363176
0.0438317
0.0493925
0.0527656
0.0538173
0.0525178
0.0489398
0.0432523
0.0357117
0.0266487
0.0164543
0.00556318
0.00678537
0.0200475
0.0323996
0.0432861
0.0522243
0.0588268
0.0628174
0.0640413
0.0624677
0.0581878
0.0514064
0.0424308
0.0316547
0.0195419
0.00660651
0.00809513
0.0239145
0.0386405
0.0516073
0.0622387
0.0700745
0.0747904
0.0762076
0.0742967
0.0691725
0.0610841
0.0503998
0.0375888
0.0232006
0.0078426
0.00966241
0.0285406
0.0461029
0.0615501
0.0741939
0.0834886
0.0890535
0.0906847
0.0883567
0.0822153
0.072564
0.0598454
0.0446181
0.0275327
0.00930585
0.0115398
0.0340803
0.0550337
0.0734394
0.0884745
0.0994922
0.106048
0.107911
0.105064
0.0976949
0.0861738
0.0710328
0.0529374
0.0326572
0.0110363
0.0137915
0.040722
0.0657334
0.0876691
0.105544
0.118594
0.1263
0.128407
0.124912
0.116057
0.102297
0.0842715
0.0627736
0.0387125
0.0130805
0.0164961
0.0486962
0.0785687
0.104718
0.125965
0.141406
0.150441
0.152791
0.148482
0.137825
0.121381
0.0999212
0.0743895
0.0458585
0.0154921
0.0197506
0.0582866
0.0939892
0.12517
0.150417
0.168664
0.179224
0.181799
0.17646
0.163611
0.143947
0.118398
0.0880878
0.0542788
0.0183325
0.0236753
0.0698442
0.112549
0.149742
0.17973
0.201259
0.213551
0.216302
0.209652
0.19413
0.170598
0.140182
0.104215
0.064183
0.0216719
0.0284205
0.0838069
0.134937
0.179317
0.214916
0.240268
0.254502
0.257333
0.249003
0.23021
0.202028
0.165819
0.123166
0.0758083
0.0255895
0.0341758
0.100725
0.162011
0.214987
0.257218
0.286996
0.303372
0.306113
0.295617
0.272811
0.239031
0.195929
0.145382
0.0894203
0.0301737
0.0411828
0.121297
0.194856
0.258119
0.308165
0.343029
0.361708
0.364082
0.35078
0.32303
0.282506
0.23121
0.171358
0.105313
0.0355221
0.0497531
0.14642
0.23485
0.310427
0.369654
0.4103
0.431365
0.432935
0.415975
0.382116
0.333462
0.272429
0.201634
0.123806
0.0417406
0.0602949
0.177262
0.283768
0.374087
0.444045
0.491167
0.514558
0.514653
0.492903
0.451476
0.393011
0.320427
0.236791
0.145242
0.048942
0.073352
0.215368
0.343927
0.451883
0.534293
0.58851
0.613925
0.611538
0.583491
0.532665
0.462364
0.376097
0.277443
0.169977
0.0572429
0.0896639
0.262819
0.41839
0.547416
0.644116
0.705851
0.732597
0.726239
0.689895
0.627375
0.542801
0.440367
0.324212
0.198368
0.0667601
0.110262
0.322479
0.511285
0.665396
0.778217
0.847485
0.874252
0.861759
0.814473
0.737397
0.635638
0.514164
0.377708
0.23076
0.0776049
0.136628
0.398395
0.628272
0.812044
0.942559
1.01863
1.04317
1.02144
0.959732
0.864556
0.742162
0.59836
0.438489
0.267462
0.0898757
0.17097
0.496455
0.777274
0.995671
1.14471
1.22555
1.24421
1.20887
1.12823
1.01061
0.863547
0.693713
0.507013
0.308719
0.103649
0.21674
0.625529
0.969619
1.22746
1.3942
1.47566
1.48274
1.42774
1.3224
1.17711
1.00074
0.800775
0.583586
0.354678
0.118969
0.279656
0.79953
1.22185
1.52251
1.70291
1.7774
1.76437
1.68157
1.54432
1.36519
1.1543
0.919794
0.668293
0.405359
0.135837
0.369957
1.04127
1.55857
1.90107
2.08515
2.13992
2.09445
1.9732
1.7953
1.57531
1.32427
1.05061
0.760935
0.460613
0.154199
0.507896
1.38996
2.01667
2.38963
2.55719
2.57204
2.47715
2.30416
2.07549
1.807
1.50994
1.19253
0.860968
0.520094
0.173936
0.738699
1.91597
2.65097
3.02081
3.13525
3.08035
2.91408
2.67376
2.38335
2.0585
1.70972
1.34428
0.96746
0.583243
0.194862
1.17792
2.74912
3.53884
3.82934
3.8309
3.66599
3.40242
3.07812
2.7151
2.32662
1.92106
1.50394
1.07908
0.649279
0.216721
2.16201
4.12494
4.77336
4.8385
4.64212
4.32013
3.9329
3.50938
3.06452
2.60659
2.14041
1.66896
1.19413
0.717224
0.239194
4.78573
6.4136
6.41291
6.02923
5.54056
5.01956
4.48857
3.95542
3.42299
2.89226
2.36342
1.83631
1.31061
0.785948
0.261913
9.89155
9.6756
9.46257
9.25467
9.05454
8.86549
8.69195
8.54005
8.4186
8.34058
8.32544
8.40198
8.61003
8.99256
9.54996
9.9079
9.72488
9.54546
9.37232
9.20857
9.058
8.92542
8.81714
8.74156
8.70997
8.7372
8.84161
9.04237
9.34971
9.74275
9.92307
9.77055
9.62207
9.48058
9.34942
9.2325
9.13457
9.06149
9.02052
9.0205
9.07172
9.18487
9.36808
9.6211
9.92739
9.93692
9.81216
9.69167
9.5785
9.476
9.38799
9.31885
9.27372
9.2585
9.27975
9.34429
9.45801
9.62392
9.83916
10.0926
9.94936
9.8495
9.75395
9.66574
9.58809
9.52458
9.47912
9.45602
9.45996
9.49569
9.56762
9.67894
9.8304
10.019
10.2372
9.96038
9.88253
9.80889
9.74238
9.68604
9.6431
9.61698
9.61127
9.62959
9.67539
9.75152
9.85968
9.99972
10.169
10.3625
9.97
9.91134
9.8567
9.80884
9.77057
9.74478
9.73443
9.74246
9.77172
9.82472
9.90334
10.0085
10.1397
10.2949
10.4704
9.97828
9.9361
9.89773
9.86571
9.84261
9.83101
9.83345
9.8524
9.89009
9.94839
10.0286
10.1312
10.2557
10.4004
10.5627
9.98529
9.95707
9.93239
9.91363
9.90312
9.90316
9.91596
9.94357
9.98781
10.0501
10.1314
10.232
10.3514
10.4883
10.6407
9.99112
9.97448
9.96114
9.95329
9.95307
9.96253
9.98362
10.0181
10.0674
10.1328
10.2149
10.314
10.4295
10.5605
10.7056
9.99584
9.98857
9.98438
9.98531
9.99332
10.0103
10.0379
10.0777
10.131
10.1987
10.2815
10.3794
10.4921
10.6188
10.7584
9.99953
9.99956
10.0025
10.0102
10.0246
10.0473
10.0799
10.1238
10.1801
10.2496
10.3328
10.4299
10.5406
10.6642
10.7997
10.0022
10.0076
10.0158
10.0285
10.0475
10.0744
10.1106
10.1575
10.2159
10.2867
10.3703
10.4668
10.5761
10.6975
10.8303
10.004
10.0129
10.0245
10.0405
10.0626
10.0922
10.1308
10.1795
10.2393
10.3109
10.3948
10.491
10.5993
10.7194
10.8504
10.0049
10.0156
10.0289
10.0465
10.07
10.101
10.1407
10.1904
10.2509
10.3229
10.4069
10.5029
10.6108
10.7302
10.8604
10.0353
10.3124
10.7902
11.0353
11.3682
11.5439
11.7783
11.8883
11.9894
12.1854
12.3129
12.5245
12.6613
12.8898
13.04
13.301
13.4445
13.6508
13.7687
13.9395
14.038
14.1789
14.2495
14.3198
14.4594
14.5564
14.7236
14.8384
15.0386
15.1776
15.4297
15.574
15.7921
15.9203
16.1141
16.2277
16.3961
16.4809
16.5678
16.7445
16.8694
17.0898
17.2435
17.5173
17.7091
18.0629
18.2657
18.5766
18.7588
19.0384
19.2017
19.4469
19.5686
19.6939
19.9552
20.1375
20.4638
20.6859
21.0827
21.3522
21.8459
22.1204
22.5353
22.7714
23.1296
23.3318
23.6333
23.7757
23.9182
24.2215
24.4243
24.7895
25.0279
25.4569
25.737
26.2558
26.5361
26.9737
27.2163
27.6147
27.8342
28.2187
28.3636
28.5294
29.056
29.084
28.8653
28.3517
27.1808
24.1028
10.1105
10.4167
10.7407
11.0148
11.2756
11.4912
11.6914
11.855
12.0087
12.1771
12.34
12.5171
12.6876
12.8735
13.0519
13.2446
13.4158
13.5863
13.7359
13.8838
14.0138
14.1414
14.2526
14.3635
14.49
14.6183
14.7634
14.9098
15.0757
15.2418
15.428
15.5993
15.7763
15.9365
16.0998
16.2468
16.3948
16.5262
16.6604
16.8174
16.9797
17.1671
17.3591
17.5805
17.8046
18.0589
18.294
18.5387
18.7603
18.9875
19.1916
19.3976
19.5792
19.7649
19.9843
20.2104
20.4722
20.7372
21.0415
21.3437
21.6831
21.989
22.3014
22.5761
22.8518
23.0911
23.3264
23.5244
23.7206
23.9505
24.1805
24.444
24.7025
24.9962
25.2786
25.5927
25.8632
26.1342
26.3568
26.5742
26.7379
26.8831
26.9425
26.9505
26.9189
26.6402
26.0533
25.0348
23.3217
20.4754
10.2259
10.4955
10.763
11.0135
11.2478
11.4608
11.6569
11.836
12.0065
12.1768
12.3465
12.5189
12.6918
12.8678
13.0432
13.219
13.3881
13.5514
13.7058
13.8536
13.9932
14.1274
14.2561
14.3844
14.5177
14.6558
14.8014
14.9528
15.1125
15.277
15.4474
15.6164
15.7846
15.948
16.1088
16.2643
16.4174
16.5672
16.7201
16.8824
17.0537
17.2377
17.432
17.6397
17.8563
18.0826
18.3082
18.5339
18.7534
18.9696
19.1784
19.3835
19.5835
19.7872
20.0037
20.2318
20.4759
20.7318
21.0029
21.2816
21.5684
21.8481
22.1213
22.3795
22.6261
22.8558
23.073
23.2757
23.4742
23.6791
23.8882
24.1058
24.3259
24.5519
24.7741
24.9924
25.1893
25.3641
25.5046
25.6106
25.6681
25.6707
25.5954
25.4284
25.1375
24.6399
23.8628
22.7177
21.0943
18.9125
10.3439
10.5771
10.8097
11.0352
11.2509
11.4545
11.6468
11.829
12.0048
12.1775
12.3487
12.52
12.6913
12.8629
13.0338
13.2031
13.3686
13.5295
13.6848
13.835
13.9801
14.1213
14.2598
14.3981
14.5386
14.6825
14.8309
14.984
15.1419
15.3038
15.4687
15.6343
15.7996
15.9633
16.1252
16.2853
16.4444
16.6037
16.766
16.9341
17.1094
17.2932
17.4853
17.6861
17.8938
18.107
18.3222
18.5377
18.7511
18.9623
19.1704
19.3766
19.5822
19.7908
20.0062
20.2298
20.4626
20.704
20.9533
21.2075
21.4637
21.7165
21.9627
22.1991
22.4247
22.6382
22.8405
23.0326
23.2184
23.4017
23.5833
23.7637
23.9408
24.1128
24.275
24.4225
24.5472
24.643
24.7019
24.7167
24.6769
24.5705
24.38
24.0846
23.6536
23.0418
22.2021
21.0893
19.6708
17.9604
10.4548
10.6596
10.8664
11.0712
11.2711
11.4645
11.6511
11.8315
12.0072
12.18
12.351
12.521
12.6903
12.8591
13.0266
13.1924
13.3555
13.5153
13.6713
13.8237
13.9726
14.119
14.2638
14.4084
14.5543
14.7024
14.8535
15.0079
15.1656
15.3261
15.4888
15.6526
15.8168
15.9808
16.1443
16.3075
16.471
16.6358
16.8035
16.9754
17.1528
17.3364
17.5262
17.7222
17.9233
18.1285
18.3359
18.5441
18.752
18.9591
19.165
19.3704
19.5764
19.7846
19.9969
20.2142
20.4369
20.6647
20.8965
21.1304
21.3639
21.594
21.8181
22.0341
22.2406
22.4367
22.6224
22.7984
22.966
23.1264
23.28
23.426
23.5628
23.6877
23.7968
23.8851
23.9466
23.9749
23.9625
23.9014
23.7816
23.5912
23.3153
22.9358
22.4301
21.7715
20.9346
19.9007
18.6676
17.2632
10.5557
10.7389
10.9261
11.1141
11.3006
11.4842
11.6641
11.8405
12.0139
12.185
12.3545
12.5228
12.6902
12.8567
13.0219
13.1856
13.3472
13.5064
13.6629
13.817
13.9688
14.1188
14.2679
14.4169
14.5667
14.7179
14.8713
15.027
15.185
15.3452
15.5071
15.6703
15.8343
15.9988
16.1636
16.3291
16.4956
16.6637
16.8345
17.0088
17.1872
17.3703
17.5582
17.7506
17.9469
18.1464
18.348
18.5508
18.754
18.9572
19.1602
19.3633
19.5671
19.7724
19.98
20.1905
20.4038
20.6194
20.8365
21.0536
21.2687
21.4799
21.6851
21.8826
22.0712
22.2499
22.4182
22.5761
22.7236
22.8609
22.9872
23.1015
23.2018
23.2852
23.3482
23.3862
23.3938
23.365
23.2931
23.1702
22.9876
22.7348
22.3997
21.9687
21.4264
20.7578
19.9504
18.9991
17.9108
16.71
10.6456
10.8126
10.9845
11.1591
11.3343
11.509
11.6822
11.8538
12.0237
12.1922
12.3595
12.5258
12.6913
12.8559
13.0194
13.1815
13.3422
13.5011
13.6581
13.8135
13.9673
14.1199
14.272
14.4241
14.5767
14.7304
14.8856
15.0425
15.2012
15.3616
15.5235
15.6867
15.8509
16.016
16.182
16.3491
16.5175
16.6877
16.8603
17.0359
17.2148
17.3973
17.5834
17.7731
17.9659
18.1612
18.3584
18.5568
18.7559
18.9554
19.1551
19.355
19.5554
19.7567
19.959
20.1625
20.367
20.5719
20.7764
20.9793
21.179
21.3741
21.5628
21.7438
21.9158
22.0777
22.2288
22.3684
22.496
22.6107
22.7116
22.797
22.8647
22.9121
22.9354
22.9307
22.8931
22.8171
22.6967
22.525
22.2945
21.9966
21.6221
21.1614
20.6047
19.9437
19.1734
18.2945
17.3158
16.2559
10.7244
10.879
11.0391
11.2029
11.3688
11.5357
11.7027
11.8694
12.0355
12.201
12.3658
12.5301
12.6937
12.8565
13.0186
13.1796
13.3396
13.4983
13.6557
13.812
13.9673
14.1218
14.276
14.4303
14.585
14.7406
14.8973
15.0553
15.2148
15.3756
15.5379
15.7014
15.866
16.0318
16.1987
16.3669
16.5366
16.7082
16.8818
17.058
17.237
17.4188
17.6035
17.791
17.981
18.173
18.3667
18.5616
18.7571
18.9532
19.1494
19.3459
19.5424
19.7392
19.936
20.1329
20.3294
20.5248
20.7185
20.9093
21.096
21.2772
21.4516
21.6178
21.7747
21.921
22.0557
22.1779
22.2866
22.3804
22.4581
22.5177
22.557
22.5731
22.5629
22.5225
22.4475
22.3331
22.174
21.9645
21.6982
21.3685
20.9687
20.4921
19.9329
19.2868
18.5528
17.7335
16.8374
15.8784
10.7923
10.9375
11.0884
11.2436
11.4019
11.5621
11.7236
11.8858
12.0482
12.2106
12.373
12.5351
12.6969
12.8583
13.0191
13.1793
13.3386
13.4972
13.6549
13.8119
13.9682
14.1241
14.2798
14.4357
14.592
14.749
14.9069
15.066
15.2262
15.3876
15.5504
15.7143
15.8794
16.0458
16.2134
16.3825
16.553
16.7253
16.8996
17.0761
17.2548
17.436
17.6195
17.8052
17.993
18.1824
18.3732
18.5651
18.7576
18.9504
19.1434
19.3363
19.529
19.7213
19.913
20.1037
20.293
20.4802
20.6646
20.8451
21.0206
21.19
21.3519
21.5052
21.6485
21.7807
21.9005
22.0068
22.0982
22.1733
22.2304
22.2675
22.2823
22.2721
22.2337
22.1638
22.0584
21.9133
21.7239
21.4854
21.1929
20.8413
20.4256
19.9416
19.3859
18.7567
18.0546
17.2832
16.4496
15.5643
10.8496
10.9876
11.1314
11.2799
11.432
11.5868
11.7435
11.9016
12.0607
12.2203
12.3804
12.5405
12.7007
12.8607
13.0205
13.1799
13.3388
13.4972
13.6551
13.8125
13.9696
14.1265
14.2833
14.4404
14.5979
14.756
14.9149
15.0748
15.2357
15.3977
15.5609
15.7253
15.891
16.0578
16.226
16.3956
16.5667
16.7395
16.9141
17.0906
17.2691
17.4496
17.6321
17.8164
18.0023
18.1897
18.3782
18.5675
18.7573
18.9473
19.1373
19.327
19.516
19.7042
19.8911
20.0764
20.2594
20.4396
20.616
20.7878
20.954
21.1133
21.2646
21.4067
21.5382
21.658
21.7647
21.8569
21.9332
21.992
22.0313
22.0492
22.0434
22.0113
21.9499
21.856
21.7263
21.557
21.3442
21.0841
20.7726
20.406
19.9808
19.4943
18.9445
18.3313
17.656
16.9222
16.136
15.3054
10.8967
11.0293
11.1676
11.3109
11.4581
11.6085
11.7613
11.9161
12.0722
12.2294
12.3874
12.5459
12.7046
12.8635
13.0223
13.1811
13.3396
13.4978
13.6558
13.8136
13.9712
14.1288
14.2864
14.4443
14.6027
14.7617
14.9213
15.0819
15.2434
15.406
15.5697
15.7345
15.9005
16.0678
16.2364
16.4064
16.5779
16.751
16.9257
17.1021
17.2803
17.4602
17.6418
17.825
18.0095
18.1952
18.3818
18.569
18.7565
18.9442
19.1315
19.3183
19.5041
19.6886
19.8715
20.0521
20.2298
20.4041
20.5739
20.7386
20.8969
21.0479
21.1904
21.323
21.4447
21.554
21.6495
21.7298
21.7933
21.8383
21.8629
21.865
21.8423
21.7924
21.7125
21.5997
21.451
21.2631
21.0327
20.7566
20.4316
20.055
19.6242
19.1377
18.5946
17.9952
17.3414
16.6367
15.886
15.096
10.9339
11.0625
11.1968
11.3361
11.4796
11.6265
11.7763
11.9283
12.0822
12.2374
12.3936
12.5507
12.7082
12.8661
13.0243
13.1824
13.3406
13.4987
13.6568
13.8148
13.9727
14.1308
14.289
14.4476
14.6066
14.7661
14.9264
15.0875
15.2495
15.4125
15.5766
15.7418
15.9082
16.0758
16.2447
16.415
16.5867
16.7599
16.9347
17.111
17.2889
17.4683
17.6492
17.8314
18.0148
18.1992
18.3843
18.5698
18.7556
18.9412
19.1263
19.3107
19.4939
19.6754
19.8548
20.0316
20.2051
20.3746
20.5392
20.6981
20.8503
20.9946
21.13
21.2551
21.3688
21.4696
21.5561
21.6267
21.6799
21.7138
21.7266
21.7162
21.6803
21.6165
21.5223
21.3951
21.232
21.0301
20.7867
20.4991
20.1648
19.7816
19.3478
18.8625
18.3254
17.7373
17.1002
16.4172
15.6928
14.9322
10.9615
11.0873
11.2187
11.3552
11.496
11.6405
11.788
11.938
12.09
12.2437
12.3986
12.5546
12.7112
12.8684
13.026
13.1837
13.3416
13.4996
13.6577
13.8158
13.974
14.1324
14.291
14.45
14.6094
14.7695
14.9302
15.0916
15.254
15.4173
15.5817
15.7472
15.9138
16.0817
16.2508
16.4213
16.5932
16.7665
16.9412
17.1174
17.2951
17.4741
17.6544
17.836
18.0185
18.2019
18.3859
18.5702
18.7546
18.9387
19.1222
19.3047
19.4858
19.665
19.8419
20.0158
20.186
20.3519
20.5126
20.6672
20.8148
20.9541
21.0841
21.2036
21.3112
21.4056
21.4852
21.5486
21.594
21.6196
21.6236
21.6038
21.5581
21.4842
21.3796
21.2419
21.0685
20.8568
20.6043
20.3088
19.9683
19.5809
19.1456
18.6617
18.1294
17.5498
16.9248
16.2574
15.5514
14.8114
10.9798
11.1037
11.2334
11.368
11.5071
11.6499
11.7959
11.9446
12.0954
12.2481
12.4021
12.5573
12.7134
12.8701
13.0272
13.1847
13.3424
13.5003
13.6584
13.8166
13.9749
14.1335
14.2924
14.4516
14.6114
14.7717
14.9326
15.0944
15.257
15.4206
15.5851
15.7508
15.9176
16.0856
16.2549
16.4255
16.5974
16.7708
16.9455
17.1216
17.2991
17.4778
17.6578
17.8389
18.0209
18.2036
18.3869
18.5704
18.7538
18.9369
19.1192
19.3005
19.4802
19.6579
19.833
20.0049
20.173
20.3365
20.4946
20.6464
20.7908
20.9268
21.0533
21.1689
21.2725
21.3626
21.4376
21.4961
21.5363
21.5564
21.5545
21.5286
21.4764
21.3959
21.2845
21.14
20.9599
20.7419
20.4837
20.1833
19.8389
19.4491
19.013
18.5303
18.0014
17.4274
16.8103
16.1529
15.4587
14.7318
10.9889
11.112
11.2407
11.3745
11.5127
11.6547
11.7999
11.9479
12.0982
12.2503
12.404
12.5588
12.7145
12.8709
13.0279
13.1852
13.3429
13.5007
13.6588
13.817
13.9754
14.1341
14.2931
14.4525
14.6123
14.7728
14.9339
15.0958
15.2585
15.4221
15.5868
15.7526
15.9195
16.0876
16.2569
16.4276
16.5995
16.7729
16.9476
17.1237
17.301
17.4797
17.6595
17.8403
18.0221
18.2045
18.3873
18.5704
18.7534
18.936
19.1177
19.2983
19.4773
19.6542
19.8285
19.9994
20.1664
20.3287
20.4855
20.6358
20.7787
20.9131
21.0377
21.1515
21.2531
21.341
21.4137
21.4697
21.5073
21.5247
21.5199
21.4908
21.4355
21.3516
21.2369
21.0891
20.9057
20.6846
20.4237
20.1209
19.7747
19.3838
18.9474
18.4654
17.9382
17.3671
16.7538
16.1013
15.4128
14.6923
13.7398
10.1751
8.50895
7.4192
6.55351
5.79652
5.10143
4.4455
3.816
3.20505
2.6074
2.0193
1.43794
0.86106
0.286742
15.7673
12.3801
10.219
8.71141
7.54981
6.58215
5.73082
4.95368
4.22614
3.53294
2.86397
2.21218
1.57236
0.940429
0.31299
16.0458
13.3587
11.2756
9.65751
8.35212
7.25139
6.28599
5.4122
4.60193
3.83657
3.10335
2.39308
1.69888
1.0153
0.337776
15.8841
13.733
11.8673
10.2908
8.9497
7.78523
6.74952
5.80716
4.93275
4.10804
3.31974
2.55789
1.81476
1.0841
0.36059
15.6083
13.8219
12.1696
10.6886
9.3706
8.19026
7.11963
6.13413
5.21383
4.34308
3.50967
2.70395
1.91815
1.14574
0.381072
15.3134
13.7766
12.3005
10.9232
9.65382
8.48551
7.40457
6.39586
5.44531
4.54074
3.67187
2.83009
2.00812
1.19965
0.399025
15.0315
13.6704
12.3327
11.0497
9.8359
8.69334
7.6172
6.59937
5.63079
4.70267
3.80694
2.93639
2.08457
1.2457
0.4144
14.7749
13.5408
12.31
11.1071
9.94661
8.83469
7.77148
6.75356
5.77576
4.83216
3.9168
3.02392
2.14808
1.28415
0.427274
14.5483
13.4079
12.2593
11.1218
10.0087
8.92728
7.88038
6.8676
5.88647
4.93339
4.00416
3.09439
2.19965
1.31556
0.437815
14.3538
13.283
12.1974
11.1122
10.039
8.98526
7.95511
6.94992
5.96909
5.01071
4.07203
3.14981
2.24055
1.34059
0.446242
14.1919
13.1728
12.1349
11.0906
10.0497
9.01957
8.00482
7.00783
6.02922
5.06829
4.1234
3.19225
2.27212
1.36002
0.452796
14.0627
13.0814
12.0788
11.0653
10.0496
9.03845
8.03671
7.0473
6.07162
5.1098
4.161
3.22364
2.29565
1.37456
0.457713
13.966
13.0112
12.0336
11.0421
10.0448
9.04788
8.05619
7.07298
6.10011
5.13825
4.18711
3.24565
2.31225
1.38486
0.461202
13.9016
12.9637
12.002
11.0248
10.0395
9.052
8.06713
7.08827
6.11754
5.15594
4.20352
3.25958
2.3228
1.39143
0.463431
13.8695
12.9397
11.9858
11.0157
10.0362
9.05343
8.072
7.09537
6.12578
5.16439
4.21142
3.26632
2.32792
1.39463
0.464515
)
;

boundaryField
{
    hot
    {
        type            fixedValue;
        value           uniform 10;
    }
    cold
    {
        type            fixedValue;
        value           uniform 0;
    }
    interface_left
    {
        type            fixedValue;
        value           nonuniform List<scalar> 
90
(
0
0
0
0
0
0
0
0
0
0
0
0
0
0
0
0
0
0
0
0
0
0
0
0
0
0
0
0
0
0
0
0
0
0
0
0
0
0
0
0
0
0
0
0
0
0
0
0
0
0
0
0
0
0
0
0
0
0
0
0
0
0
0
0
0
0
0
0
0
0
0
0
0
0
0
0
0
0
0
0
0
0
0
0
0
0
0
10.1158
10.1158
10.1158
)
;
    }
    interface_right
    {
        type            fixedValue;
        value           uniform 0;
    }
    interface_top
    {
        type            fixedValue;
        value           nonuniform List<scalar> 
90
(
10.1158
10.1158
10.9823
10.9823
11.5278
11.5278
11.9113
11.9113
11.9113
12.2389
12.2389
12.582
12.582
12.9542
12.9542
13.4137
13.4137
13.7468
13.7468
14.0194
14.0194
14.2481
14.2481
14.2481
14.4748
14.4748
14.7413
14.7413
15.064
15.064
15.5081
15.5081
15.8648
15.8648
16.1788
16.1788
16.4567
16.4567
16.4567
16.7453
16.7453
17.0992
17.0992
17.5447
17.5447
18.1736
18.1736
18.688
18.688
19.1476
19.1476
19.5605
19.5605
19.5605
19.9974
19.9974
20.5344
20.5344
21.1949
21.1949
22.085
22.085
22.7809
22.7809
23.3807
23.3807
23.9011
23.9011
23.9011
24.4292
24.4292
25.0533
25.0533
25.7942
25.7942
26.759
26.759
27.5339
27.5339
28.2635
28.2635
29.0589
29.0589
29.0589
30.4834
30.4834
30.4834
30.4834
30.4834
30.4834
)
;
    }
    interface_bottom
    {
        type            fixedValue;
        value           nonuniform List<scalar> 
90
(
10.1158
10.1158
10.4303
10.4303
10.7094
10.7094
10.9025
10.9025
10.9025
11.0501
11.0501
11.1847
11.1847
11.3067
11.3067
11.4243
11.4243
11.4804
11.4804
11.498
11.498
11.4862
11.4862
11.4862
11.4474
11.4474
11.3749
11.3749
11.2606
11.2606
11.0806
11.0806
10.9215
10.9215
10.7664
10.7664
10.6138
10.6138
10.6138
10.4374
10.4374
10.2094
10.2094
9.9215
9.9215
9.53759
9.53759
9.23545
9.23545
8.96307
8.96307
8.70954
8.70954
8.70954
8.43089
8.43089
8.08493
8.08493
7.66198
7.66198
7.1113
7.1113
6.68431
6.68431
6.30335
6.30335
5.95289
5.95289
5.95289
5.57282
5.57282
5.10254
5.10254
4.52078
4.52078
3.72659
3.72659
3.08166
3.08166
2.48788
2.48788
1.92284
1.92284
1.92284
1.23595
1.23595
1.23595
0
0
0
)
;
    }
    defaultFaces
    {
        type            empty;
    }
}


// ************************************************************************* //
