/*--------------------------------*- C++ -*----------------------------------*\
| =========                 |                                                 |
| \\      /  F ield         | OpenFOAM: The Open Source CFD Toolbox           |
|  \\    /   O peration     | Version:  5.x                                   |
|   \\  /    A nd           | Web:      www.OpenFOAM.org                      |
|    \\/     M anipulation  |                                                 |
\*---------------------------------------------------------------------------*/
FoamFile
{
    version     2.0;
    format      ascii;
    class       volScalarField;
    location    "12.2";
    object      T;
}
// * * * * * * * * * * * * * * * * * * * * * * * * * * * * * * * * * * * * * //

dimensions      [0 0 0 1 0 0 0];

internalField   nonuniform List<scalar> 
6300
(
10.0987
10.2979
10.502
10.7143
10.938
11.1757
11.4302
11.7035
11.9972
12.3124
12.6492
13.007
13.3844
13.7789
14.1872
10.0971
10.2929
10.4938
10.703
10.9238
11.159
11.4113
11.6829
11.9757
12.2906
12.6281
12.9874
13.3672
13.7648
14.1771
10.0937
10.2828
10.4772
10.6802
10.8951
11.1251
11.373
11.6413
11.9319
12.2463
12.5849
12.9473
13.3319
13.7361
14.1563
10.0886
10.2675
10.4519
10.6454
10.8513
11.0732
11.3142
11.5771
11.8644
12.1777
12.5179
12.8848
13.2769
13.6914
14.124
10.0816
10.2468
10.4176
10.598
10.7916
11.0022
11.2334
11.4886
11.7707
12.082
12.4241
12.7971
13.1995
13.6284
14.0787
10.0728
10.2203
10.3738
10.5373
10.7148
10.9106
11.1287
11.3731
11.6477
11.9556
12.2993
12.6797
13.0957
13.5439
14.0183
10.0619
10.1878
10.32
10.4625
10.6199
10.7966
10.9975
11.2274
11.4912
11.7934
12.1377
12.5265
12.9594
13.433
13.9398
10.049
10.1492
10.2557
10.3729
10.5055
10.6584
10.8372
11.0477
11.2962
11.5889
11.9317
12.3291
12.7825
13.2888
13.8389
10.034
10.1042
10.1806
10.2678
10.3706
10.4944
10.6452
10.8301
11.0569
11.3342
11.671
12.0755
12.5524
13.1007
13.7093
10.017
10.0528
10.0948
10.1472
10.2148
10.3032
10.4192
10.5705
10.7669
11.0199
11.3427
11.7492
12.251
12.8521
13.5412
9.99788
9.99545
9.99855
10.0112
10.0381
10.0846
10.1576
10.2658
10.4203
10.6358
10.9307
11.3275
11.8501
12.5155
13.318
9.977
9.93252
9.89272
9.86107
9.84164
9.83942
9.86087
9.91465
10.0127
10.172
10.4166
10.7801
11.3062
12.0417
13.0079
9.95458
9.86489
9.77872
9.69869
9.62797
9.57054
9.53176
9.51917
9.54388
9.62297
9.78361
10.0699
10.5527
11.3373
12.5372
9.93103
9.79375
9.65855
9.52699
9.40097
9.28298
9.17642
9.08633
9.02058
8.9923
9.0249
9.16305
9.49742
10.2175
11.6919
9.90679
9.72053
9.53472
9.34971
9.16594
8.98395
8.80458
8.62911
8.45976
8.3007
8.16057
8.05993
8.05636
8.34312
9.69019
14.5708
14.9237
15.2783
15.6319
15.9821
16.3265
16.6631
16.9898
17.3052
17.6078
17.8966
18.1706
18.4291
18.6716
18.8977
19.1071
19.2995
19.4748
19.6331
19.7743
19.8985
20.0057
20.0963
20.1702
20.2278
20.2693
20.295
20.3051
20.2999
20.2797
20.2449
20.1957
20.1325
20.0556
19.9652
19.8617
19.7454
19.6165
19.4754
19.3224
19.1577
18.9817
18.7947
18.5969
18.3887
18.1705
17.9424
17.7048
17.4579
17.2019
16.9372
16.6639
16.3823
16.0926
15.7949
15.4895
15.1766
14.8565
14.5294
14.1956
13.8554
13.5091
13.1571
12.7995
12.4368
12.0694
11.6975
11.3215
10.942
10.5594
10.1743
9.78728
9.39902
9.0103
8.62198
8.23494
7.85014
7.46857
7.09124
6.71918
6.35338
5.99482
5.64442
5.30306
4.97151
4.65046
4.34047
4.04198
3.75528
3.48051
14.5645
14.9212
15.2795
15.6367
15.9903
16.3377
16.6769
17.006
17.3233
17.6276
17.9176
18.1927
18.452
18.6951
18.9216
19.1312
19.3238
19.4992
19.6574
19.7985
19.9226
20.0296
20.1199
20.1935
20.2507
20.2919
20.3171
20.3268
20.3212
20.3006
20.2653
20.2157
20.152
20.0746
19.9838
19.8799
19.7631
19.6339
19.4923
19.3389
19.1738
18.9973
18.8098
18.6117
18.4031
18.1844
17.9559
17.7179
17.4706
17.2144
16.9493
16.6758
16.3938
16.1038
15.8058
15.5
15.1868
14.8663
14.5388
14.2046
13.864
13.5173
13.1648
12.8067
12.4436
12.0756
11.7031
11.3265
10.9463
10.563
10.1769
9.78891
9.39955
9.00963
8.62001
8.23161
7.84539
7.46237
7.08358
6.71007
6.34287
5.98298
5.63134
5.28886
4.95633
4.63447
4.32386
4.02495
3.73805
3.46331
14.5518
14.9161
15.282
15.6466
16.007
16.3606
16.7052
17.0389
17.3601
17.6675
17.9601
18.2371
18.4979
18.7422
18.9695
19.1796
19.3725
19.548
19.7062
19.8471
19.9708
20.0774
20.1671
20.2401
20.2966
20.337
20.3614
20.3702
20.3637
20.3422
20.3061
20.2555
20.191
20.1127
20.0211
19.9163
19.7987
19.6686
19.5262
19.3719
19.2059
19.0286
18.8402
18.6411
18.4317
18.2121
17.9828
17.7441
17.4961
17.2392
16.9735
16.6993
16.4168
16.1262
15.8276
15.5212
15.2072
14.886
14.5577
14.2227
13.8813
13.5336
13.1802
12.8212
12.4571
12.088
11.7145
11.3367
10.9551
10.5701
10.1823
9.79232
9.40075
9.00841
8.61618
8.22502
7.83592
7.44996
7.06822
6.69179
6.32176
5.95916
5.60501
5.26025
4.92573
4.60221
4.29033
3.99057
3.70327
3.42858
14.5322
14.9085
15.2864
15.6623
16.0332
16.3963
16.7491
17.0897
17.4165
17.7285
18.0248
18.3046
18.5676
18.8134
19.0418
19.2527
19.446
19.6216
19.7797
19.9202
20.0433
20.1492
20.2381
20.3101
20.3656
20.4047
20.4279
20.4354
20.4276
20.4048
20.3672
20.3154
20.2495
20.1699
20.0769
19.9709
19.852
19.7206
19.577
19.4214
19.2541
19.0754
18.8857
18.6853
18.4745
18.2537
18.0232
17.7833
17.5342
17.2763
17.0098
16.7347
16.4514
16.1598
15.8603
15.553
15.238
14.9157
14.5862
14.2499
13.9071
13.5582
13.2034
12.843
12.4775
12.1069
11.7317
11.3521
10.9685
10.5813
10.1908
9.79783
9.40292
9.00692
8.61072
8.21533
7.82184
7.43138
7.04512
6.66422
6.28984
5.92311
5.5651
5.21683
4.87923
4.55314
4.23928
3.93821
3.65028
3.37569
14.5051
14.8985
15.2932
15.6852
16.0707
16.4465
16.8102
17.1599
17.4942
17.812
18.1128
18.3962
18.6617
18.9094
19.1391
19.3508
19.5445
19.7203
19.8781
20.0181
20.1405
20.2454
20.333
20.4037
20.4577
20.4953
20.5168
20.5225
20.5128
20.4881
20.4488
20.3951
20.3274
20.246
20.1514
20.0436
19.9231
19.7901
19.6447
19.4874
19.3184
19.138
18.9464
18.7442
18.5316
18.309
18.0768
17.8353
17.5849
17.3257
17.058
16.7818
16.4974
16.2048
15.9042
15.5956
15.2792
14.9554
14.6243
14.2863
13.9417
13.591
13.2344
12.8722
12.5048
12.1324
11.7551
11.3732
10.987
10.5968
10.2029
9.80595
9.40656
9.00558
8.60397
8.20281
7.8033
7.40667
7.0142
6.62717
6.24684
5.87442
5.51109
5.15796
4.81608
4.48641
4.16978
3.86685
3.57806
3.30364
14.4697
14.8864
15.304
15.7172
16.1218
16.514
16.8914
17.2522
17.5953
17.9199
18.2259
18.513
18.7814
19.0311
19.2622
19.4747
19.6688
19.8444
20.0018
20.1411
20.2625
20.3661
20.4522
20.5211
20.5732
20.6087
20.628
20.6314
20.6195
20.5924
20.5507
20.4946
20.4247
20.3411
20.2443
20.1345
20.012
19.8769
19.7295
19.5701
19.3989
19.2162
19.0223
18.8177
18.6027
18.3779
18.1436
17.9001
17.6479
17.3872
17.1181
16.8407
16.555
16.2612
15.9592
15.6491
15.3311
15.0053
14.6721
14.3319
13.9851
13.6321
13.2732
12.9088
12.5392
12.1646
11.785
11.4005
11.0112
10.6174
10.2193
9.81744
9.41238
9.00504
8.59645
8.18783
7.7805
7.37587
6.97537
6.5804
6.19236
5.81257
5.44231
5.08283
4.7353
4.40085
4.08049
3.77505
3.48513
3.21098
14.4248
14.8729
15.3208
15.7617
16.1903
16.6027
16.9964
17.3699
17.7226
18.0545
18.3657
18.6567
18.9278
19.1794
19.4117
19.6249
19.8192
19.9947
20.1515
20.2897
20.4097
20.5117
20.5958
20.6626
20.7122
20.7452
20.7617
20.7624
20.7475
20.7175
20.6729
20.614
20.5413
20.4551
20.3557
20.2435
20.1186
19.9812
19.8314
19.6695
19.4957
19.3102
19.1135
18.9059
18.6879
18.4602
18.2232
17.9773
17.723
17.4605
17.1899
16.9111
16.6243
16.3292
16.0257
15.7139
15.3938
15.0657
14.7299
14.3869
14.0372
13.6813
13.3198
12.9528
12.5808
12.2038
11.8217
11.4344
11.0419
10.6441
10.2411
9.83334
9.42139
9.00617
8.58887
8.17087
7.75372
7.33904
6.92847
6.52359
6.12592
5.73691
5.35796
4.99041
4.63563
4.29495
3.96966
3.66088
3.36945
3.09572
14.3694
14.8597
15.3474
15.8237
16.282
16.7182
17.1302
17.5173
17.8798
18.2186
18.5345
18.8288
19.1021
19.3552
19.5885
19.8022
19.9965
20.1716
20.3275
20.4645
20.5827
20.6826
20.7643
20.8284
20.8751
20.9049
20.9182
20.9154
20.897
20.8635
20.8154
20.753
20.677
20.5877
20.4855
20.3705
20.243
20.103
19.9506
19.7859
19.609
19.4202
19.2199
19.0087
18.787
18.5557
18.3153
18.0665
17.8097
17.5452
17.2731
16.9931
16.7052
16.4089
16.104
15.7904
15.4679
15.1369
14.7979
14.4513
14.098
13.7387
13.3739
13.004
12.6295
12.2501
11.8656
11.4758
11.08
10.6781
10.2697
9.85514
9.43498
9.0102
8.58219
8.15259
7.72329
7.29622
6.87329
6.4563
6.04693
5.64672
5.25711
4.87957
4.51559
4.16682
3.83499
3.5217
3.22822
2.95514
14.3024
14.85
15.3903
15.9113
16.4053
16.8685
17.2997
17.7
18.071
18.4151
18.7344
19.0307
19.3054
19.5593
19.7931
20.0071
20.2013
20.3757
20.5305
20.6659
20.782
20.8793
20.9581
21.0188
21.062
21.0881
21.0975
21.0906
21.0681
21.0303
20.9779
20.9115
20.8316
20.7387
20.6332
20.5153
20.385
20.2424
20.0872
19.9195
19.7392
19.5466
19.342
19.1261
18.8998
18.6639
18.4193
18.167
17.9074
17.6408
17.3672
17.0864
16.7979
16.5009
16.1948
15.8793
15.5541
15.2197
14.8764
14.5254
14.1674
13.8037
13.435
13.062
12.6849
12.3035
11.9173
11.5255
11.1271
10.7211
10.307
9.88488
9.45509
9.01879
8.57766
8.13379
7.68955
7.24734
6.80946
6.37796
5.95468
5.54117
5.13885
4.74911
4.37358
4.01428
3.67356
3.35395
3.05756
2.78546
14.2232
14.8506
15.4609
16.0377
16.5729
17.0644
17.5137
17.9244
18.3008
18.6472
18.9672
19.2636
19.5382
19.7922
20.0261
20.2402
20.4342
20.6079
20.7613
20.8947
21.0081
21.1022
21.1774
21.2343
21.2734
21.2951
21.2999
21.2882
21.2607
21.2179
21.1604
21.0891
21.0047
20.9077
20.7985
20.6775
20.5446
20.3994
20.2417
20.071
19.887
19.6898
19.48
19.2584
19.026
18.7842
18.5344
18.2776
18.0147
17.7461
17.4716
17.1907
16.9025
16.6057
16.299
15.9817
15.6535
15.3148
14.9662
14.609
14.245
13.8756
13.5021
13.1256
12.7462
12.3636
11.9769
11.5846
11.1847
10.7756
10.356
9.92545
9.48444
9.03423
8.57697
8.11542
7.65278
7.19214
6.73633
6.28772
5.84826
5.41943
5.00239
4.59814
4.20815
3.8349
3.48171
3.15271
2.8519
2.58131
14.1331
14.8757
15.5795
16.2238
16.8033
17.3208
17.783
18.1979
18.5735
18.9171
19.2338
19.5275
19.8003
20.0536
20.2876
20.5019
20.6959
20.869
21.0209
21.1517
21.2619
21.3521
21.4229
21.4751
21.5094
21.526
21.5256
21.5084
21.4751
21.4261
21.3626
21.2854
21.1955
21.0938
20.9807
20.8566
20.7214
20.5744
20.4147
20.2412
20.0533
19.851
19.6349
19.4059
19.1656
18.916
18.6592
18.3968
18.1302
17.8596
17.585
17.3054
17.0193
16.7244
16.4183
16.0997
15.768
15.4238
15.0679
14.7026
14.33
13.953
13.5736
13.1932
12.812
12.4296
12.0445
11.6543
11.2556
10.8451
10.4205
9.98097
9.5269
9.05971
8.58234
8.09852
7.61302
7.12988
6.65276
6.18422
5.72647
5.28065
4.84744
4.42656
4.01859
3.62657
3.25499
2.91082
2.60268
2.33464
14.0405
14.9565
15.7836
16.5031
17.1229
17.6566
18.1203
18.5276
18.8923
19.2254
19.5335
19.8212
20.0904
20.3426
20.577
20.7928
20.9875
21.1603
21.3104
21.4382
21.5443
21.6296
21.695
21.7416
21.7703
21.7814
21.7752
21.7518
21.7115
21.6553
21.584
21.4996
21.4031
21.2959
21.1785
21.0515
20.9147
20.7675
20.6073
20.4318
20.2402
20.032
19.8081
19.5693
19.3184
19.0578
18.7917
18.522
18.251
17.9786
17.7052
17.4292
17.1486
16.8589
16.5553
16.2363
15.9005
15.5493
15.1833
14.8063
14.4212
14.0338
13.6465
13.2618
12.8793
12.4993
12.1192
11.7362
11.3436
10.9345
10.5065
10.0573
9.58815
9.09974
8.59689
8.08396
7.56977
7.05886
6.55675
6.06513
5.58741
5.12365
4.67469
4.23633
3.80601
3.38875
2.98876
2.61703
2.2957
2.03281
13.9805
15.1654
16.1423
16.9259
17.566
18.0929
18.5385
18.9187
19.2562
19.5695
19.8621
20.1412
20.4047
20.657
20.8928
21.1137
21.3105
21.4841
21.6317
21.7558
21.8562
21.9354
21.9938
22.0336
22.0563
22.0616
22.0491
22.019
21.9706
21.9057
21.8242
21.731
21.6259
21.5124
21.3896
21.2604
21.1229
20.9788
20.8218
20.6453
20.4509
20.2351
20.0023
19.7499
19.485
19.2072
18.9289
18.649
18.3737
18.0989
17.8291
17.5591
17.291
17.0132
16.7144
16.3968
16.0551
15.6957
15.3143
14.9214
14.5156
14.1143
13.7153
13.3269
12.943
12.569
12.198
11.8319
11.4549
11.0511
10.6229
10.1622
9.67702
9.16041
8.62585
8.07111
7.52171
6.97508
6.44552
5.92594
5.42819
4.94528
4.48658
4.03449
3.57457
3.12601
2.68179
2.25064
1.90451
1.65459
14.1033
15.6737
16.779
17.5553
18.1721
18.646
19.0508
19.3709
19.6545
19.9435
20.2097
20.4836
20.7351
20.9946
21.2301
21.4691
21.6664
21.8453
21.9863
22.1074
22.1985
22.2707
22.3192
22.35
22.367
22.3669
22.3481
22.3123
22.2533
22.1796
22.0811
21.9791
21.8603
21.7423
21.6096
21.4808
21.3403
21.2085
21.0641
20.8844
20.692
20.4624
20.2248
19.948
19.6702
19.3569
19.0685
18.769
18.4953
18.212
17.9527
17.6864
17.4469
17.1976
16.9003
16.592
16.2348
15.8736
15.4618
15.055
14.6032
14.1914
13.7687
13.3854
12.9921
12.6344
12.2695
11.943
11.6046
11.2027
10.7859
10.3024
9.81099
9.24685
8.68374
8.05047
7.46956
6.86665
6.31985
5.75523
5.24752
4.73201
4.28891
3.84387
3.32673
2.857
2.35595
1.76182
1.37476
1.16283
15.1214
16.8517
17.889
18.4144
18.9836
19.2983
19.6848
19.8754
20.045
20.3499
20.5462
20.8578
21.0536
21.3664
21.562
21.8843
22.0487
22.2606
22.3691
22.502
22.5677
22.6397
22.6696
22.6861
22.7019
22.699
22.6714
22.6386
22.557
22.4887
22.3427
22.251
22.0933
21.9931
21.8236
21.7179
21.5449
21.4559
21.3568
21.1417
20.9864
20.7008
20.5033
20.1474
19.9062
19.4705
19.2236
18.8516
18.6305
18.2901
18.0863
17.7747
17.6169
17.4505
17.1021
16.8573
16.4203
16.124
15.602
15.2531
14.6331
14.2841
13.7651
13.4581
12.9896
12.7101
12.2857
12.0711
11.8458
11.3756
11.0448
10.4537
10.0496
9.33169
8.84258
7.95431
7.449
6.67735
6.21973
5.50253
5.07801
4.41438
4.09398
3.75702
3.01057
2.63304
2.16411
0.974791
0.592797
0.491097
3.19138
2.89287
2.6107
2.34405
2.09189
1.85307
1.62631
1.4103
1.20369
1.00515
0.813355
0.627023
0.444897
0.265753
0.0883873
3.17444
2.8765
2.59515
2.32952
2.07853
1.84098
1.61555
1.40088
1.19561
0.998387
0.807883
0.622808
0.441911
0.263971
0.087795
3.14025
2.8435
2.56384
2.30031
2.05172
1.81674
1.59399
1.38204
1.17947
0.984894
0.79697
0.614408
0.435961
0.260422
0.0866155
3.08824
2.79337
2.51639
2.25613
2.01125
1.78026
1.56162
1.35381
1.15532
0.964734
0.780687
0.601886
0.427097
0.255137
0.0848596
3.01747
2.72533
2.45216
2.19655
1.95688
1.73141
1.51841
1.31622
1.12325
0.938022
0.759148
0.585343
0.415398
0.248166
0.0825443
2.92664
2.63828
2.37034
2.12101
1.88827
1.67005
1.46438
1.2694
1.08344
0.904941
0.732529
0.564933
0.400982
0.239583
0.0796944
2.81393
2.53077
2.26989
2.02886
1.80511
1.59613
1.39963
1.21356
1.03613
0.865765
0.701086
0.54087
0.384009
0.229486
0.0763434
2.67695
2.40095
2.14955
1.91941
1.70715
1.50971
1.32443
1.14907
0.981746
0.820891
0.665172
0.513443
0.364693
0.218007
0.0725355
2.51246
2.24649
2.00795
1.79204
1.59434
1.41111
1.2393
1.07652
0.920882
0.77087
0.62526
0.483032
0.343308
0.205311
0.0683258
2.3161
2.06457
1.84367
1.64644
1.46706
1.30106
1.14512
0.996826
0.854378
0.716436
0.581958
0.45011
0.320192
0.1916
0.0637817
2.08192
1.85198
1.65572
1.48297
1.32638
1.18093
1.04329
0.911266
0.783359
0.658529
0.53602
0.41525
0.295748
0.177112
0.058982
1.80196
1.60571
1.44421
1.30333
1.17454
1.05297
0.935839
0.821576
0.709251
0.598294
0.488337
0.379117
0.270433
0.162117
0.0540153
1.46638
1.32466
1.21208
1.11157
1.01547
0.920545
0.825509
0.729939
0.633765
0.537053
0.439909
0.342442
0.244748
0.146904
0.048977
1.06719
1.01447
0.967857
0.915388
0.855226
0.78822
0.715701
0.638896
0.558809
0.476236
0.391799
0.305992
0.219208
0.131773
0.0439648
0.616377
0.69814
0.729482
0.726886
0.701812
0.661399
0.610171
0.551126
0.486332
0.417276
0.345055
0.270514
0.194317
0.117013
0.0390736
9.88444
9.65298
9.42046
9.18607
8.94882
8.70742
8.46011
8.20434
7.93621
7.64932
7.33201
6.95972
6.46917
5.65297
3.65878
9.86436
9.5923
9.31788
9.03929
8.75432
8.46013
8.15282
7.82674
7.47326
7.07827
6.61692
6.0416
5.25239
4.02538
1.87245
9.8448
9.53327
9.2182
8.89692
8.5662
8.22192
7.85853
7.46816
7.03912
6.55326
5.98096
5.27199
4.33963
3.04076
1.19164
9.82605
9.47668
9.12282
8.76109
8.38749
7.99698
7.58297
7.1364
6.64442
6.08825
5.43988
4.6575
3.68135
2.43826
0.881777
9.8083
9.42321
9.0329
8.6335
8.2205
7.78836
7.33001
6.83617
6.29429
5.68726
4.99184
4.17755
3.20842
2.05338
0.715706
9.79174
9.37335
8.94928
8.51535
8.06679
7.59792
7.10169
6.56928
5.98938
5.34764
4.62633
3.80513
2.86459
1.79532
0.614729
9.77646
9.32745
8.8725
8.40735
7.92719
7.42645
6.8985
6.33536
5.72739
5.06325
4.3302
3.51556
2.61015
1.61455
0.547688
9.76254
9.28565
8.80281
8.30978
7.80188
7.27388
6.71974
6.13255
5.50442
4.82671
4.0907
3.28901
2.41833
1.48326
0.50045
9.74997
9.24799
8.7402
8.22251
7.69053
7.13944
6.56393
5.95816
5.31585
4.63066
3.8968
3.11038
2.27121
1.38513
0.465774
9.73873
9.21437
8.68446
8.14516
7.59243
7.02195
6.42913
5.80913
5.15708
4.46839
3.73941
2.96838
2.15667
1.31009
0.439563
9.72877
9.1846
8.63524
8.07715
7.50666
6.91998
6.31319
5.68236
5.02373
4.33408
3.6112
2.85461
2.06635
1.25169
0.419319
9.72
9.15842
8.59207
8.01773
7.43213
6.83197
6.21394
5.57488
4.91193
4.22286
3.50641
2.76283
1.99436
1.20559
0.403426
9.71233
9.13555
8.55445
7.96613
7.36772
6.75636
6.12929
5.48398
4.81828
4.13064
3.42044
2.68833
1.93647
1.16878
0.390789
9.70566
9.11569
8.52184
7.92155
7.3123
6.69164
6.0573
5.40725
4.73985
4.05408
3.3497
2.62753
1.88958
1.13913
0.380639
9.69989
9.09851
8.4937
7.88318
7.26479
6.63644
5.99623
5.34255
4.67418
3.99043
3.29131
2.57769
1.85136
1.11507
0.372422
9.69491
9.08372
8.46951
7.85029
7.2242
6.58946
5.94451
5.28806
4.61918
3.93745
3.243
2.53668
1.82006
1.09543
0.365725
9.69064
9.07104
8.44879
7.82218
7.1896
6.54956
5.90077
5.24219
4.57312
3.89329
3.20293
2.50281
1.7943
1.07932
0.36024
9.68699
9.06019
8.43109
7.79822
7.16019
6.51575
5.86383
5.20359
4.53452
3.85645
3.16964
2.47478
1.77305
1.06605
0.355727
9.68387
9.05093
8.41601
7.77784
7.13523
6.48713
5.83266
5.17114
4.50218
3.82569
3.14192
2.45151
1.75545
1.05508
0.352001
9.68121
9.04306
8.40319
7.76054
7.11408
6.46293
5.80637
5.14385
4.47506
3.79997
3.11882
2.43217
1.74085
1.04599
0.348916
9.67895
9.03637
8.39232
7.74587
7.09618
6.4425
5.78422
5.12091
4.45233
3.77846
3.09954
2.41605
1.72871
1.03845
0.346356
9.67704
9.0307
8.3831
7.73346
7.08106
6.42526
5.76557
5.10163
4.43326
3.76046
3.08344
2.40262
1.7186
1.03217
0.344227
9.67542
9.02589
8.3753
7.72297
7.06829
6.41073
5.74987
5.08543
4.41726
3.74538
3.06997
2.3914
1.71017
1.02694
0.342454
9.67405
9.02183
8.36871
7.71411
7.05751
6.39848
5.73666
5.07182
4.40384
3.73275
3.05871
2.38203
1.70313
1.02257
0.340975
9.67289
9.0184
8.36315
7.70664
7.04843
6.38817
5.72555
5.06038
4.39258
3.72216
3.04928
2.37419
1.69725
1.01893
0.33974
9.67191
9.01551
8.35845
7.70034
7.04078
6.37949
5.71621
5.05078
4.38313
3.71329
3.04138
2.36763
1.69233
1.01588
0.338708
9.67109
9.01307
8.3545
7.69503
7.03435
6.37219
5.70836
5.04271
4.37521
3.70586
3.03477
2.36214
1.68822
1.01333
0.337845
9.67039
9.01102
8.35117
7.69056
7.02893
6.36605
5.70176
5.03595
4.36856
3.69962
3.02923
2.35754
1.68478
1.0112
0.337124
9.66981
9.00929
8.34837
7.68681
7.02438
6.3609
5.69623
5.03027
4.36299
3.6944
3.02459
2.3537
1.6819
1.00942
0.336521
9.66932
9.00784
8.34602
7.68366
7.02056
6.35658
5.69159
5.02551
4.35832
3.69003
3.02071
2.35048
1.67949
1.00793
0.336016
9.6689
9.00662
8.34405
7.68101
7.01736
6.35295
5.6877
5.02152
4.35441
3.68637
3.01747
2.34779
1.67748
1.00668
0.335595
9.66856
9.0056
8.34239
7.6788
7.01468
6.34992
5.68444
5.01819
4.35114
3.68331
3.01475
2.34554
1.6758
1.00564
0.335243
9.66827
9.00474
8.34101
7.67695
7.01244
6.34739
5.68173
5.01541
4.34842
3.68076
3.01249
2.34367
1.6744
1.00478
0.33495
9.66803
9.00403
8.33986
7.67541
7.01057
6.34528
5.67947
5.01309
4.34615
3.67864
3.01061
2.34212
1.67323
1.00406
0.334706
9.66783
9.00345
8.33891
7.67413
7.00903
6.34354
5.6776
5.01118
4.34427
3.67689
3.00906
2.34083
1.67227
1.00346
0.334505
9.66767
9.00296
8.33813
7.67308
7.00776
6.3421
5.67605
5.0096
4.34273
3.67545
3.00778
2.33977
1.67148
1.00297
0.334339
9.66753
9.00257
8.33749
7.67222
7.00672
6.34093
5.6748
5.00832
4.34147
3.67427
3.00673
2.3389
1.67083
1.00257
0.334204
9.66743
9.00225
8.33697
7.67153
7.00589
6.33998
5.67379
5.00728
4.34046
3.67332
3.0059
2.33821
1.67031
1.00225
0.334096
9.66734
9.002
8.33657
7.67099
7.00523
6.33924
5.67299
5.00647
4.33966
3.67258
3.00524
2.33767
1.66991
1.002
0.33401
9.66728
9.00181
8.33626
7.67058
7.00473
6.33868
5.67239
5.00585
4.33906
3.67202
3.00474
2.33725
1.6696
1.00181
0.333946
9.66723
9.00167
8.33604
7.67029
7.00438
6.33828
5.67196
5.00542
4.33863
3.67162
3.00438
2.33696
1.66938
1.00167
0.3339
9.6672
9.00159
8.3359
7.67011
7.00416
6.33803
5.6717
5.00514
4.33836
3.67137
3.00416
2.33678
1.66924
1.00159
0.333871
9.66719
9.00155
8.33584
7.67003
7.00406
6.33792
5.67158
5.00502
4.33825
3.67126
3.00407
2.3367
1.66918
1.00155
0.333859
9.6672
9.00156
8.33586
7.67005
7.00409
6.33795
5.67161
5.00506
4.33828
3.67129
3.00409
2.33672
1.6692
1.00156
0.333862
9.66721
9.00162
8.33595
7.67018
7.00424
6.33812
5.6718
5.00525
4.33847
3.67146
3.00425
2.33685
1.66929
1.00162
0.333882
9.66725
9.00173
8.33613
7.67041
7.00452
6.33844
5.67214
5.00559
4.33881
3.67178
3.00453
2.33708
1.66947
1.00173
0.333918
9.6673
9.00189
8.33639
7.67075
7.00494
6.33891
5.67264
5.00611
4.33931
3.67225
3.00495
2.33742
1.66972
1.00189
0.333973
9.66738
9.0021
8.33674
7.67122
7.00551
6.33955
5.67333
5.00681
4.34
3.67289
3.00551
2.3379
1.67008
1.00211
0.334046
9.66747
9.00238
8.33719
7.67183
7.00624
6.34038
5.67422
5.00772
4.34089
3.67372
3.00625
2.3385
1.67053
1.00239
0.334141
9.66759
9.00274
8.33776
7.67259
7.00716
6.34143
5.67533
5.00886
4.34201
3.67477
3.00718
2.33927
1.6711
1.00274
0.334261
9.66774
9.00317
8.33846
7.67353
7.0083
6.34271
5.67671
5.01028
4.34339
3.67606
3.00832
2.34022
1.67181
1.00318
0.334409
9.66792
9.0037
8.33932
7.67468
7.0097
6.34429
5.6784
5.012
4.34508
3.67764
3.00972
2.34138
1.67268
1.00372
0.33459
9.66814
9.00434
8.34036
7.67607
7.01138
6.34619
5.68044
5.01409
4.34712
3.67955
3.01142
2.34278
1.67373
1.00436
0.33481
9.6684
9.00512
8.34161
7.67775
7.01341
6.34848
5.6829
5.0166
4.34958
3.68185
3.01346
2.34447
1.67499
1.00515
0.335074
9.66871
9.00604
8.34311
7.67976
7.01584
6.35123
5.68585
5.01962
4.35254
3.68462
3.01591
2.3465
1.67651
1.00609
0.335392
9.66908
9.00715
8.34491
7.68216
7.01875
6.35452
5.68937
5.02324
4.35608
3.68793
3.01885
2.34894
1.67833
1.00721
0.335773
9.66953
9.00847
8.34705
7.68503
7.02222
6.35845
5.69359
5.02756
4.36032
3.6919
3.02237
2.35185
1.68051
1.00856
0.33623
9.67006
9.01005
8.3496
7.68845
7.02636
6.36314
5.69862
5.03271
4.36537
3.69663
3.02657
2.35533
1.68312
1.01017
0.336775
9.6707
9.01192
8.35264
7.69252
7.0313
6.36872
5.70462
5.03886
4.37141
3.70228
3.03158
2.35949
1.68623
1.0121
0.337427
9.67145
9.01415
8.35625
7.69736
7.03717
6.37537
5.71176
5.04619
4.3786
3.70902
3.03757
2.36445
1.68995
1.0144
0.338206
9.67235
9.0168
8.36054
7.70312
7.04415
6.38328
5.72026
5.05492
4.38717
3.71706
3.04471
2.37038
1.69439
1.01715
0.339137
9.67341
9.01994
8.36563
7.70995
7.05244
6.39269
5.73038
5.06531
4.39739
3.72665
3.05324
2.37746
1.69969
1.02043
0.340249
9.67467
9.02366
8.37167
7.71807
7.06229
6.40386
5.74241
5.07768
4.40956
3.73808
3.06342
2.38592
1.70603
1.02436
0.34158
9.67616
9.02808
8.37883
7.72769
7.07398
6.41714
5.75672
5.09241
4.42407
3.75172
3.07558
2.39602
1.71362
1.02906
0.343173
9.67792
9.0333
8.38731
7.73908
7.08784
6.43291
5.77373
5.10995
4.44136
3.768
3.0901
2.40811
1.7227
1.03469
0.345081
9.68001
9.03947
8.39734
7.75258
7.10427
6.45161
5.79394
5.13081
4.46197
3.78743
3.10745
2.42257
1.73357
1.04144
0.347368
9.68247
9.04676
8.40918
7.76854
7.12372
6.47379
5.81795
5.15563
4.48653
3.81063
3.12822
2.4399
1.74661
1.04954
0.350116
9.68536
9.05536
8.42316
7.78738
7.14673
6.50007
5.84645
5.18517
4.51582
3.83835
3.15307
2.46068
1.76228
1.05928
0.35342
9.68877
9.06547
8.43962
7.80961
7.17392
6.53118
5.88027
5.2203
4.55075
3.8715
3.18287
2.48565
1.78112
1.07102
0.357404
9.69278
9.07735
8.45898
7.83579
7.20599
6.56798
5.92037
5.26208
4.59242
3.91116
3.21862
2.51568
1.80385
1.08518
0.362218
9.69747
9.09126
8.48168
7.86654
7.24376
6.61143
5.96788
5.31176
4.64214
3.95867
3.26158
2.55188
1.83131
1.10234
0.368053
9.70294
9.10752
8.50825
7.90261
7.28817
6.66268
6.02412
5.37079
4.70149
4.01561
3.31331
2.59564
1.86461
1.12318
0.375151
9.70931
9.12646
8.53924
7.94477
7.34025
6.72301
6.0906
5.44092
4.77235
4.08396
3.37571
2.64867
1.90512
1.14862
0.383824
9.71669
9.14844
8.57526
7.99391
7.40116
6.79386
6.16908
5.52417
4.85697
4.16609
3.45116
2.71315
1.95462
1.1798
0.39448
9.72522
9.17383
8.61697
8.05097
7.47215
6.87686
6.26154
5.62289
4.95804
4.26492
3.54263
2.79189
2.01543
1.21829
0.407661
9.735
9.20301
8.66501
8.11692
7.55459
6.97376
6.37021
5.73978
5.07873
4.38401
3.65386
2.88847
2.0906
1.26614
0.424102
9.74618
9.23638
8.72006
8.19277
7.64985
7.08645
6.49752
5.87795
5.22279
4.52768
3.78957
3.0076
2.18423
1.3262
0.444822
9.75885
9.27426
8.78274
8.27947
7.75933
7.21685
6.6461
6.04082
5.39458
4.70122
3.95573
3.15548
2.30194
1.40246
0.471284
9.77311
9.31695
8.85356
8.37787
7.88433
7.36687
6.81866
6.23214
5.59907
4.91095
4.1599
3.34036
2.45155
1.50072
0.505661
9.78902
9.36465
8.93294
8.48864
8.02595
7.53823
7.01782
6.45578
5.84179
5.16436
4.41164
3.57332
2.64422
1.62969
0.551331
9.8066
9.41744
9.02106
8.6122
8.18492
7.73228
7.24588
6.71548
6.12855
5.47006
4.72282
3.86931
2.89622
1.80298
0.613877
9.82583
9.47525
9.11783
8.74853
8.36151
7.94976
7.50448
7.01442
6.465
5.83737
5.10777
4.24835
3.23163
2.04283
0.703263
9.8466
9.5378
9.22285
8.89715
8.55527
8.19051
7.79416
7.35457
6.85575
6.27547
5.58287
4.7366
3.68654
2.38736
0.839149
9.86877
9.60462
9.33533
9.05698
8.76492
8.45319
8.11385
7.73582
7.30305
6.79154
6.16465
5.36637
4.31443
2.90482
1.06537
9.89209
9.67502
9.45408
9.22634
8.9882
8.73502
8.46039
8.15508
7.80501
7.38772
6.86545
6.17224
5.1907
3.72077
1.49387
9.91628
9.74808
9.57756
9.40291
9.22193
9.03172
8.82822
8.60538
8.35364
8.05676
7.68491
7.17832
6.40609
5.06236
2.45071
9.94099
9.82277
9.70389
9.58385
9.46204
9.33763
9.20945
9.07573
8.93359
8.77782
8.5979
8.36885
8.01831
7.28442
4.99767
9.96585
9.8979
9.83101
9.76602
9.70395
9.64614
9.5945
9.5519
9.52296
9.51561
9.54497
9.64368
9.8967
10.5848
12.8978
9.99046
9.97227
9.95681
9.94615
9.94287
9.95033
9.97324
10.0186
10.0973
10.2279
10.4438
10.8113
11.4729
12.7567
15.4015
10.0145
10.0448
10.0792
10.1211
10.1743
10.2438
10.3364
10.462
10.6355
10.8808
11.2374
11.7746
12.6168
13.9835
16.2167
0.253455
0.454384
0.542074
0.574687
0.575236
0.55505
0.520594
0.475932
0.423799
0.366124
0.30433
0.239506
0.172513
0.104065
0.0347797
0.136009
0.311423
0.409946
0.458586
0.474562
0.468275
0.446243
0.41276
0.370794
0.322479
0.26941
0.212821
0.153701
0.0928754
0.0310657
0.0856498
0.221854
0.312456
0.365165
0.389344
0.39243
0.379839
0.355475
0.322194
0.282132
0.236932
0.187892
0.136071
0.0823681
0.027575
0.0596611
0.163952
0.241277
0.291552
0.31877
0.327468
0.321608
0.30438
0.2783
0.245352
0.207119
0.164891
0.119747
0.072617
0.024332
0.0441107
0.124774
0.188882
0.233949
0.261054
0.272614
0.271267
0.259429
0.239174
0.212239
0.180077
0.143914
0.104802
0.0636672
0.0213518
0.0338088
0.0970906
0.149708
0.188818
0.214131
0.226721
0.228209
0.220322
0.204684
0.182754
0.155813
0.124984
0.09126
0.0555368
0.0186411
0.0265174
0.0768129
0.119912
0.153267
0.176041
0.188535
0.191661
0.186594
0.174562
0.156748
0.134248
0.108063
0.0791056
0.0482202
0.0161985
0.0211282
0.0615322
0.0968812
0.125062
0.14509
0.156852
0.160801
0.157701
0.148454
0.133995
0.115241
0.0930652
0.0682896
0.0416923
0.0140165
0.0170252
0.0497614
0.0788276
0.102519
0.119876
0.130593
0.134835
0.133076
0.125963
0.114223
0.0986098
0.0798721
0.0587381
0.035913
0.0120822
0.0138348
0.0405388
0.0645062
0.0843719
0.0992743
0.108829
0.113035
0.112169
0.106684
0.0971392
0.0841475
0.0683424
0.0503603
0.0308318
0.0103797
0.0113148
0.0332161
0.0530326
0.0696712
0.0823851
0.0907778
0.0947572
0.0944677
0.090223
0.0824485
0.0716382
0.0583239
0.043056
0.0263918
0.00889026
0.00930051
0.027341
0.0437653
0.0576954
0.0684959
0.0757908
0.0794427
0.0795123
0.0762125
0.0698653
0.0608672
0.0496616
0.0367209
0.022533
0.00759453
0.0076754
0.0225878
0.0362299
0.0478924
0.0570406
0.063333
0.0666152
0.0668962
0.0643175
0.0591225
0.0516285
0.0422039
0.0312514
0.0191954
0.00647274
0.00635465
0.0187167
0.0300687
0.0398351
0.0475678
0.0529651
0.0558714
0.0562652
0.0542388
0.0499757
0.0437299
0.0358067
0.0265481
0.0163204
0.00550566
0.00527494
0.015547
0.0250082
0.0331896
0.0397166
0.0443265
0.0468718
0.0473145
0.0457127
0.0422054
0.0369958
0.0303367
0.0225175
0.013853
0.00467504
0.00438812
0.0129402
0.0208364
0.0276926
0.0331964
0.0371211
0.039332
0.0397831
0.0385096
0.0356168
0.0312679
0.0256721
0.0190736
0.011742
0.00396394
0.00365695
0.0107887
0.0173865
0.0231347
0.0277723
0.0311056
0.0330139
0.0334489
0.0324306
0.0300391
0.0264057
0.0217036
0.0161386
0.00994081
0.00335686
0.00305225
0.00900788
0.0145265
0.0193478
0.0232538
0.0260795
0.0277185
0.0281237
0.027305
0.0253235
0.0222854
0.0183342
0.013643
0.00840774
0.00283987
0.00255089
0.00753044
0.0121507
0.0161963
0.0194851
0.0218772
0.0232796
0.0236483
0.0229865
0.0213415
0.0187991
0.0154784
0.0115251
0.00710555
0.00240055
0.00213439
0.0063024
0.0101739
0.0135703
0.0163391
0.018362
0.0195584
0.0198883
0.0193507
0.0179823
0.0158531
0.0130617
0.00973086
0.00600155
0.00202795
0.00178786
0.0052802
0.00852705
0.0113798
0.013711
0.0154204
0.0164389
0.0167304
0.0162917
0.0151515
0.0133667
0.0110196
0.00821324
0.00506714
0.00171248
0.0014992
0.00442841
0.00715377
0.00955142
0.0115146
0.0129586
0.0138241
0.0140793
0.0137198
0.012768
0.0112706
0.00929625
0.00693151
0.00427753
0.00144582
0.00125858
0.00371816
0.006008
0.00802467
0.00967862
0.0108983
0.0116331
0.011855
0.0115592
0.0107633
0.0095058
0.00784392
0.00585057
0.00361129
0.00122077
0.00105793
0.00312575
0.00505186
0.00674973
0.00814414
0.00917463
0.00979805
0.00999006
0.0097457
0.00907898
0.00802172
0.0066217
0.00494035
0.00305006
0.00103115
0.000890636
0.00263171
0.00425419
0.00568548
0.00686231
0.00773358
0.00826253
0.00842809
0.00822545
0.00766582
0.00677559
0.00559478
0.0041752
0.0025781
0.000871671
0.000751248
0.00222002
0.00358923
0.00479788
0.00579261
0.00653019
0.00697929
0.00712174
0.00695302
0.00648219
0.00573118
0.00473363
0.00353328
0.00218204
0.000737815
0.000635276
0.00187743
0.00303576
0.00405879
0.00490145
0.00552706
0.00590894
0.00603141
0.00589033
0.00549306
0.00485793
0.00401327
0.00299612
0.00185053
0.000625761
0.000539018
0.00159305
0.0025762
0.00344492
0.00416096
0.00469315
0.00501868
0.00512405
0.0050055
0.00466906
0.00413013
0.00341267
0.00254813
0.00157399
0.000532277
0.000459423
0.00135788
0.0021961
0.00293703
0.00354811
0.00400271
0.00428127
0.00437213
0.00427193
0.00398564
0.00352627
0.00291419
0.00217621
0.00134438
0.000454648
0.000393987
0.00116452
0.00188353
0.0025193
0.00304391
0.00343448
0.00367417
0.00375286
0.00366755
0.00342238
0.00302843
0.00250311
0.00186944
0.00115495
0.000390603
0.000340659
0.00100693
0.00162875
0.00217874
0.00263275
0.00297099
0.00317884
0.00324745
0.00317415
0.00296242
0.00262178
0.00216726
0.00161876
0.00100015
0.00033826
0.000297776
0.000880202
0.00142385
0.0019048
0.00230197
0.00259804
0.00278016
0.00284057
0.00277684
0.00259196
0.00229419
0.00189666
0.00141676
0.000875394
0.000296075
0.000264005
0.000780398
0.00126246
0.00168902
0.00204139
0.00230418
0.00246599
0.00251987
0.00246363
0.00229986
0.00203587
0.00168325
0.00125743
0.000776985
0.000262798
0.000238299
0.000704427
0.00113961
0.00152475
0.00184299
0.00208043
0.00222674
0.00227563
0.00222506
0.00207736
0.00183906
0.00152064
0.00113603
0.000701998
0.00023744
0.000219863
0.000649939
0.0010515
0.00140693
0.00170069
0.00191994
0.00205513
0.00210043
0.00205393
0.00191774
0.00169788
0.001404
0.00104894
0.000648204
0.000219249
0.000208125
0.000615249
0.000995403
0.00133193
0.00161012
0.0018178
0.00194593
0.00198896
0.00194506
0.00181622
0.00160809
0.00132982
0.000993562
0.000613999
0.000207683
0.000202722
0.000599284
0.000969595
0.00129744
0.00156849
0.00177088
0.00189581
0.00193784
0.00189518
0.00176973
0.00156701
0.00129589
0.000968247
0.000598369
0.000202398
0.000203484
0.000601543
0.000973267
0.00130239
0.00157451
0.00177775
0.00190324
0.00194551
0.00190276
0.00177688
0.0015734
0.00130122
0.00097225
0.000600853
0.00020324
0.000210431
0.000622085
0.00100651
0.0013469
0.00162836
0.0018386
0.00196844
0.00201222
0.00196806
0.00183791
0.00162748
0.00134598
0.00100571
0.000621537
0.000210238
0.000223772
0.000661526
0.00107034
0.00143233
0.00173166
0.00195527
0.00209338
0.00213998
0.00209305
0.00195467
0.0017309
0.00143153
0.00106964
0.000661055
0.000223606
0.00024391
0.000721061
0.00116667
0.00156124
0.00188754
0.00213129
0.00228185
0.00233267
0.00228154
0.00213071
0.0018868
0.00156048
0.001166
0.000720609
0.000243751
0.000271456
0.000802494
0.00129843
0.00173757
0.00210071
0.002372
0.00253957
0.00259614
0.00253924
0.00237138
0.00209993
0.00173674
0.00129771
0.000802007
0.000271284
0.000307246
0.000908298
0.00146961
0.00196665
0.00237766
0.00268471
0.00287437
0.00293838
0.00287396
0.00268397
0.00237673
0.00196567
0.00146876
0.000907718
0.000307041
0.000352368
0.00104169
0.00168543
0.00225544
0.0027268
0.00307891
0.00329639
0.00336977
0.00329587
0.00307797
0.0027256
0.00225419
0.00168434
0.00104094
0.000352106
0.000408193
0.00120672
0.00195244
0.00261273
0.00315873
0.00356657
0.00381845
0.00390341
0.00381776
0.00356531
0.00315712
0.00261105
0.00195097
0.00120572
0.000407841
0.000476419
0.0014084
0.00227875
0.00304937
0.00368657
0.0041625
0.00445641
0.00455548
0.00445546
0.00416078
0.00368436
0.00304706
0.00227673
0.00140704
0.000475936
0.000559122
0.00165289
0.00267429
0.00357863
0.00432636
0.00488481
0.00522962
0.00534578
0.0052283
0.00488241
0.00432329
0.00357541
0.00267149
0.00165099
0.00055845
0.00065882
0.00194761
0.0031511
0.00421662
0.00509757
0.00575544
0.00616156
0.00629827
0.00615972
0.00575207
0.00509325
0.00421211
0.00314717
0.00194494
0.000657878
0.000778551
0.00230154
0.0037237
0.00498275
0.00602363
0.00680085
0.00728054
0.00744186
0.00727795
0.00679611
0.00601756
0.00497641
0.00371817
0.00229779
0.000777225
0.000921963
0.00272547
0.00440953
0.00590036
0.00713274
0.00805283
0.00862054
0.00881126
0.00861688
0.00804615
0.00712419
0.00589142
0.00440174
0.00272019
0.000920094
0.00109343
0.00323234
0.0052295
0.00699739
0.00845864
0.00954944
0.0102223
0.010448
0.0102171
0.00954001
0.00844659
0.00698478
0.00521852
0.00322489
0.0010908
0.0012982
0.00383762
0.00620864
0.0083073
0.0100417
0.0113362
0.0121344
0.0124017
0.0121271
0.0113229
0.0100247
0.00828951
0.00619314
0.0038271
0.00129448
0.00154252
0.00455981
0.00737685
0.00987007
0.0119303
0.0134676
0.014415
0.0147318
0.0144047
0.0134488
0.0119063
0.00984496
0.00735498
0.00454497
0.00153727
0.00183389
0.00542103
0.00876988
0.0117334
0.0141819
0.0160084
0.0171335
0.0175088
0.017119
0.0159819
0.014148
0.011698
0.00873901
0.00540008
0.00182648
0.00218123
0.00644767
0.0104304
0.0139544
0.0168653
0.0190361
0.0203724
0.0208171
0.0203519
0.0189987
0.0168175
0.0139044
0.0103868
0.00641809
0.00217077
0.00259522
0.00767129
0.0124094
0.0166011
0.0200627
0.022643
0.0242304
0.0247569
0.0242015
0.0225902
0.0199951
0.0165304
0.0123478
0.00762953
0.00258045
0.00308863
0.00912955
0.0147676
0.0197546
0.0238717
0.0269394
0.0288249
0.029448
0.0287841
0.0268649
0.0237764
0.0196549
0.0146808
0.0090706
0.00306778
0.0036767
0.0108675
0.0175779
0.023512
0.0284094
0.0320565
0.0342958
0.0350325
0.0342382
0.0319513
0.0282748
0.0233712
0.0174553
0.0107843
0.00364727
0.00437766
0.0129389
0.020927
0.0279892
0.0338152
0.0381509
0.0408098
0.0416799
0.0407285
0.0380024
0.0336251
0.0277904
0.0207539
0.0128215
0.00433611
0.00521335
0.0154083
0.024919
0.0333246
0.0402555
0.0454096
0.0485656
0.0495918
0.0484508
0.0451999
0.0399871
0.033044
0.0246747
0.0152425
0.00515468
0.00620989
0.0183528
0.0296782
0.0396839
0.0479293
0.0540554
0.0578
0.0590083
0.057638
0.0537594
0.0475505
0.0392877
0.0293332
0.0181187
0.00612707
0.00739864
0.0218648
0.0353536
0.0472651
0.0570744
0.0643545
0.0687952
0.0702149
0.0685665
0.0639367
0.0565396
0.0467059
0.0348666
0.0215343
0.00728172
0.00881725
0.0260554
0.0421239
0.056306
0.0679754
0.0766249
0.0818877
0.0835516
0.0815649
0.076035
0.0672204
0.0555165
0.0414364
0.0255888
0.00865218
0.010511
0.0310581
0.0502039
0.0670912
0.0809729
0.0912465
0.0974788
0.0994228
0.0970231
0.0904138
0.0799072
0.0659766
0.0492333
0.0303993
0.010278
0.0125345
0.0370336
0.0598518
0.079963
0.0964755
0.108674
0.116047
0.118309
0.115404
0.107498
0.094971
0.0783896
0.0584816
0.0361035
0.0122055
0.0149537
0.0441761
0.0713792
0.0953331
0.114973
0.12945
0.138164
0.140784
0.137256
0.127791
0.11285
0.0931119
0.0694446
0.0428629
0.0144892
0.0178484
0.0527204
0.0851623
0.113698
0.137056
0.154228
0.164511
0.167527
0.163229
0.151886
0.134058
0.110562
0.0824311
0.0508664
0.0171926
0.0213158
0.062952
0.101657
0.135658
0.163433
0.183789
0.195902
0.199348
0.194093
0.180482
0.159201
0.131231
0.0978012
0.0603342
0.0203897
0.0254743
0.0752183
0.121418
0.161939
0.194961
0.219071
0.233312
0.237209
0.230759
0.214405
0.188987
0.155689
0.115974
0.071522
0.0241666
0.0304691
0.0899449
0.145123
0.193426
0.232677
0.261205
0.277903
0.282252
0.2743
0.254619
0.224245
0.184603
0.137436
0.0847252
0.0286223
0.0364791
0.107655
0.173601
0.231197
0.277838
0.311551
0.331068
0.335836
0.325984
0.302257
0.265936
0.218741
0.162746
0.100283
0.0338706
0.0437262
0.128997
0.207874
0.276575
0.331973
0.371752
0.394472
0.39957
0.3873
0.358639
0.315175
0.258989
0.192545
0.118584
0.0400412
0.0524878
0.154779
0.249213
0.331187
0.396953
0.443797
0.470111
0.475361
0.459994
0.425297
0.373246
0.306359
0.227561
0.140066
0.0472805
0.0631135
0.186014
0.299203
0.397053
0.475069
0.530095
0.560372
0.565466
0.546109
0.504003
0.441616
0.361999
0.268616
0.165221
0.0557522
0.0760488
0.223992
0.359841
0.47669
0.569146
0.633574
0.668117
0.672546
0.648017
0.596787
0.521949
0.427194
0.31662
0.194592
0.0656369
0.0918683
0.270367
0.433671
0.573261
0.682681
0.757801
0.796769
0.799731
0.76846
0.70596
0.616109
0.50337
0.372575
0.228773
0.0771308
0.111324
0.327292
0.523966
0.69078
0.820028
0.907129
0.950417
0.950681
0.910584
0.834121
0.726157
0.59208
0.43756
0.268397
0.0904428
0.135418
0.397612
0.634993
0.834378
0.986639
1.08687
1.13394
1.12965
1.07795
0.98415
0.854334
0.694982
0.512708
0.314124
0.105789
0.165513
0.485161
0.772399
1.0107
1.18937
1.30353
1.3531
1.34153
1.27455
1.15918
1.00301
0.813796
0.599179
0.36662
0.123387
0.203506
0.595214
0.943785
1.22841
1.43689
1.56503
1.61472
1.59188
1.50475
1.36253
1.17463
0.950241
0.698103
0.426525
0.143444
0.252124
0.735217
1.15957
1.49898
1.74021
1.881
1.92667
1.88688
1.77319
1.59758
1.37159
1.10594
0.81052
0.494415
0.166143
0.315431
0.916004
1.43435
1.83772
2.11325
2.26301
2.29797
2.23317
2.08461
1.86761
1.59607
1.28232
0.937292
0.570748
0.191629
0.399769
1.15389
1.78895
2.26522
2.57361
2.72472
2.73853
2.6376
2.44355
2.1755
1.84984
1.48041
1.079
0.655811
0.219985
0.515644
1.47444
2.25382
2.80927
3.14318
3.28176
3.25873
3.10669
2.85385
2.52339
2.13399
1.70069
1.23581
0.749646
0.251218
0.681858
1.91957
2.87417
3.50717
3.84835
3.95101
3.8685
3.64575
3.31803
2.91218
2.4486
1.94291
1.40738
0.851992
0.285231
0.935574
2.56128
3.71784
4.40767
4.71914
4.74882
4.57561
4.25769
3.83643
3.34104
2.79243
2.20582
1.59274
0.962228
0.321813
1.35973
3.52875
4.8856
5.57089
5.78556
5.68749
5.38318
4.94136
4.40626
3.80685
3.16261
2.48711
1.79019
1.07933
0.360623
2.16613
5.06021
6.51968
7.06087
7.06913
6.76933
6.2862
5.68977
5.02073
4.30376
3.55448
2.78326
1.99729
1.20188
0.401192
3.97125
7.58787
8.7914
8.92088
8.56658
7.97842
7.26785
6.48855
5.66844
4.82306
3.96156
3.08962
2.21094
1.32808
0.442935
8.78042
11.7912
11.8089
11.1168
10.2264
9.27245
8.29716
7.31561
6.33366
5.35352
4.37585
3.40063
2.42747
1.45585
0.485178
10.0398
10.1213
10.2083
10.305
10.4164
10.5489
10.7106
10.9131
11.1728
11.5139
11.9723
12.6013
13.4744
14.6708
16.187
10.0657
10.1992
10.3393
10.4908
10.6595
10.8523
11.078
11.3479
11.6775
12.0871
12.6033
13.2588
14.0866
15.1008
16.2513
10.0894
10.2705
10.4588
10.6595
10.8785
11.1229
11.401
11.7231
12.1022
12.5535
13.0949
13.7439
14.5123
15.3941
16.3496
10.1107
10.3346
10.5658
10.8097
11.0722
11.3596
11.6798
12.0414
12.4544
12.9299
13.4787
14.1095
14.8244
15.6136
16.4503
10.1296
10.3913
10.6602
10.9415
11.2407
11.5637
11.9171
12.3081
12.7441
13.2328
13.7804
14.3907
15.0622
15.7855
16.5428
10.1461
10.4406
10.7421
11.0554
11.3853
11.7373
12.1169
12.5296
12.9812
13.4766
14.0194
14.6107
15.2479
15.9233
16.6246
10.1603
10.4831
10.8123
11.1524
11.5079
11.8833
12.2833
12.7123
13.1743
13.6728
14.2096
14.7847
15.3952
16.0351
16.6955
10.1723
10.519
10.8716
11.2341
11.6105
12.0048
12.4207
12.8618
13.331
13.8306
14.3616
14.9232
15.513
16.1261
16.7561
10.1824
10.5489
10.9209
11.3018
11.6952
12.1045
12.5328
12.983
13.4572
13.9569
14.4826
15.0335
15.6072
16.2001
16.8071
10.1906
10.5734
10.9611
11.357
11.764
12.1852
12.6231
13.0801
13.5577
14.0572
14.5785
15.1208
15.6822
16.2597
16.8494
10.1972
10.593
10.9933
11.4009
11.8186
12.249
12.6943
13.1563
13.6365
14.1354
14.6532
15.1889
15.741
16.3069
16.8836
10.2022
10.6081
11.018
11.4347
11.8606
12.2979
12.7487
13.2144
13.6963
14.1947
14.7098
15.2406
15.7857
16.3431
16.9103
10.2059
10.6191
11.0361
11.4593
11.891
12.3333
12.7879
13.2563
13.7393
14.2374
14.7505
15.2777
15.818
16.3695
16.9299
10.2084
10.6263
11.0478
11.4753
11.9108
12.3563
12.8134
13.2835
13.7672
14.265
14.7768
15.3018
15.839
16.3866
16.9428
10.2095
10.6298
11.0536
11.4831
11.9205
12.3676
12.826
13.2968
13.7809
14.2786
14.7897
15.3137
15.8493
16.3951
16.9492
17.488
18.1917
19.3146
19.9052
20.7104
21.1421
21.7193
21.9931
22.2445
22.7262
23.0385
23.5501
23.8794
24.4225
24.7789
25.393
25.7295
26.2072
26.4795
26.8702
27.0948
27.4127
27.5718
27.7282
28.0344
28.2454
28.6048
28.8508
29.2755
29.5709
30.1049
30.4117
30.8764
31.1494
31.5617
31.8031
32.1595
32.3387
32.5214
32.8921
33.1534
33.6138
33.9347
34.5067
34.9076
35.6482
36.0723
36.7236
37.104
37.687
38.0251
38.5319
38.7804
39.0337
39.561
39.9234
40.5673
40.9994
41.7649
42.2764
43.2037
43.7118
44.4683
44.8911
45.5214
45.8697
46.3777
46.6119
46.8379
47.3137
47.6197
48.1591
48.4959
49.0871
49.455
50.1196
50.4629
50.9863
51.261
51.7091
51.9419
52.3662
52.5009
52.6636
53.2928
53.2307
52.7854
51.8261
49.6791
44.0641
17.2746
18.0922
18.9179
19.6142
20.2733
20.821
21.3293
21.7462
22.1363
22.5595
22.9655
23.4021
23.8193
24.2692
24.6984
25.158
25.5642
25.9652
26.3155
26.6587
26.959
27.2509
27.5037
27.753
28.034
28.3164
28.6327
28.9495
29.3062
29.6623
30.0601
30.4264
30.8045
31.1464
31.4944
31.807
32.1208
32.3985
32.6811
33.0105
33.3504
33.742
34.1427
34.6046
35.0717
35.602
36.0913
36.6002
37.0595
37.529
37.9481
38.3689
38.7359
39.1079
39.5443
39.9893
40.5
41.0109
41.5919
42.1617
42.7944
43.3568
43.9226
44.4116
44.8931
45.3018
45.6942
46.0144
46.3207
46.6703
47.0076
47.3826
47.7352
48.1224
48.4773
48.8576
49.1656
49.4574
49.6737
49.8665
49.9791
50.0509
49.9978
49.8539
49.6178
48.9879
47.8399
45.9321
42.7754
37.5649
17.2232
17.9808
18.7073
19.3766
19.9962
20.5566
21.0704
21.5379
21.9801
22.4172
22.8482
23.2817
23.7119
24.1455
24.5739
24.9996
25.4061
25.7957
26.1613
26.5088
26.8346
27.1453
27.4404
27.7318
28.0313
28.3384
28.6592
28.9904
29.3373
29.6932
30.0603
30.4235
30.7844
31.1343
31.4777
31.8089
32.1337
32.4506
32.7728
33.1136
33.4725
33.8568
34.2619
34.6944
35.1446
35.6144
36.0817
36.5479
36.9998
37.4429
37.8682
38.283
38.6839
39.0886
39.515
39.96
40.4318
40.9211
41.4343
41.9557
42.486
42.9962
43.4869
43.9424
44.369
44.7569
45.114
45.4363
45.7407
46.0437
46.3408
46.6376
46.924
47.2036
47.4622
47.6991
47.8912
48.0366
48.1197
48.1387
48.0744
47.9149
47.625
47.1762
46.5093
45.4904
43.9881
41.8362
38.8284
34.8147
17.2245
17.9137
18.579
19.2102
19.8042
20.359
20.878
21.3656
21.8311
22.2835
22.7271
23.1656
23.5992
24.0291
24.4528
24.8687
25.2718
25.6605
26.0329
26.3898
26.7318
27.0616
27.382
27.6987
28.0172
28.3402
28.6705
29.0085
29.3548
29.7078
30.0656
30.4237
30.7798
31.1313
31.478
31.8194
32.1576
32.4949
32.8371
33.1904
33.5575
33.9411
34.3413
34.7583
35.1888
35.6297
36.0733
36.5158
36.9523
37.3819
37.8028
38.2166
38.6258
39.0374
39.4585
39.8914
40.338
40.7962
41.2644
41.7363
42.2061
42.663
43.1012
43.5142
43.8999
44.2559
44.5832
44.8833
45.1621
45.4253
45.6736
45.907
46.1218
46.3145
46.4779
46.6046
46.6833
46.7048
46.6575
46.5301
46.3063
45.9661
45.4802
44.8119
43.9072
42.6883
41.0713
38.9722
36.3292
33.1649
17.2467
17.8807
18.4998
19.097
19.6685
20.2127
20.7305
21.2249
21.7006
22.1621
22.6132
23.056
23.4919
23.921
24.3427
24.7557
25.158
25.5485
25.9264
26.292
26.6462
26.991
27.3286
27.6626
27.996
28.3313
28.6704
29.014
29.3624
29.7149
30.0701
30.4262
30.7814
31.1346
31.4855
31.8343
32.1822
32.5315
32.8853
33.2467
33.6182
34.0011
34.396
34.8022
35.2179
35.6404
36.066
36.4916
36.9145
37.3331
37.7469
38.1565
38.5638
38.9721
39.3844
39.8025
40.2269
40.6564
41.0886
41.5195
41.9441
42.3564
42.7513
43.1245
43.4732
43.7955
44.091
44.3603
44.6054
44.8277
45.0273
45.2027
45.3508
45.4672
45.5456
45.5787
45.5572
45.4714
45.3099
45.0599
44.7053
44.2263
43.5976
42.7876
41.7569
40.459
38.8484
36.8908
34.5805
31.9674
17.2773
17.8689
18.4518
19.0207
19.572
20.1039
20.6165
21.1111
21.59
22.0558
22.5107
22.9564
23.3938
23.8234
24.2449
24.6577
25.061
25.4542
25.8372
26.2102
26.574
26.9302
27.2804
27.6269
27.9717
28.3168
28.6634
29.0123
29.3638
29.7176
30.0732
30.4294
30.7856
31.141
31.4957
31.8499
32.2046
32.5613
32.9219
33.2883
33.6619
34.0436
34.4338
34.8319
35.2367
35.6462
36.0584
36.4709
36.8821
37.2908
37.6964
38.0992
38.5
38.9003
39.3015
39.7041
40.1081
40.5122
40.9142
41.3112
41.6992
42.0742
42.4322
42.7697
43.0839
43.3731
43.6359
43.8719
44.0808
44.2623
44.4151
44.5372
44.625
44.6739
44.6782
44.6307
44.5232
44.3463
44.0893
43.7397
43.2829
42.7016
41.9755
41.0807
39.9909
38.6795
37.1246
35.3166
33.2676
31.0214
17.3102
17.8694
18.424
18.9695
19.503
20.0228
20.5282
21.0196
21.498
21.9647
22.4211
22.8683
23.3068
23.7372
24.1593
24.5731
24.9782
25.3745
25.762
26.1411
26.5126
26.8775
27.2372
27.5931
27.9468
28.2996
28.6526
29.0064
29.3614
29.7176
30.0747
30.4324
30.7903
31.1482
31.506
31.8643
32.2237
32.5851
32.9498
33.3189
33.6933
34.0736
34.4598
34.8516
35.248
35.6479
36.0496
36.4517
36.853
37.2525
37.6496
38.0441
38.4365
38.8269
39.2159
39.6033
39.9885
40.3703
40.7467
41.1151
41.4727
41.816
42.142
42.4476
42.7303
42.988
43.219
43.4218
43.5951
43.7375
43.8469
43.9204
43.9544
43.9444
43.8847
43.7686
43.5887
43.3362
43.0014
42.5732
42.0391
41.3851
40.5956
39.654
38.5436
37.2502
35.7649
34.089
32.2382
30.2463
17.3421
17.8766
18.4088
18.9353
19.4537
19.9622
20.4599
20.9466
21.4225
21.8883
22.3447
22.7922
23.2314
23.6624
24.0855
24.5006
24.9078
25.307
25.6985
26.0827
26.4603
26.832
27.1989
27.5621
27.9228
28.2819
28.6402
28.9984
29.3569
29.7158
30.0751
30.4348
30.7947
31.1548
31.5154
31.8767
32.2393
32.6038
32.9709
33.3414
33.7159
34.0945
34.4774
34.8641
35.254
35.6463
36.0397
36.4333
36.826
37.217
37.6058
37.9918
38.375
38.7552
39.132
39.505
39.8733
40.2356
40.59
40.9343
41.266
41.5823
41.8805
42.158
42.4122
42.6409
42.842
43.0135
43.1535
43.2597
43.3296
43.3599
43.3468
43.2859
43.1716
42.998
42.758
42.444
42.0473
41.5586
40.9675
40.2633
39.4344
38.4697
37.3595
36.0966
34.6792
33.1126
31.4119
29.602
17.3715
17.8869
18.4015
18.9127
19.4184
19.9169
20.4071
20.8887
21.3613
21.8253
22.2807
22.7279
23.1673
23.5988
24.0228
24.4393
24.8484
25.2503
25.6453
26.0336
26.416
26.7931
27.1656
27.5346
27.9007
28.2648
28.6276
28.9897
29.3514
29.7129
30.0746
30.4363
30.7983
31.1605
31.5233
31.8869
32.2517
32.6181
32.9867
33.3579
33.7319
34.1089
34.4889
34.8715
35.2563
35.6424
36.0292
36.4156
36.8009
37.1844
37.5654
37.9432
38.3175
38.6876
39.0531
39.413
39.7663
40.1116
40.4472
40.771
41.0808
41.3741
41.6485
41.9013
42.1302
42.3329
42.5069
42.6501
42.7599
42.8337
42.8686
42.8613
42.8077
42.7035
42.5436
42.3223
42.0335
41.6703
41.2253
40.6908
40.0585
39.3203
38.4681
37.4947
36.3946
35.1652
33.8078
32.3291
30.7422
29.0659
17.3973
17.898
18.399
18.898
19.3932
19.8831
20.3667
20.8433
21.3125
21.7742
22.2282
22.6748
23.114
23.5459
23.9707
24.3884
24.7992
25.2034
25.6011
25.9928
26.3791
26.7603
27.1373
27.5107
27.8811
28.2493
28.6158
28.9811
29.3456
29.7097
30.0735
30.4372
30.801
31.1651
31.5297
31.895
32.2613
32.629
32.9984
33.3697
33.7431
34.1187
34.4962
34.8755
35.2561
35.6373
36.0185
36.3991
36.7781
37.155
37.5289
37.8992
38.2653
38.6264
38.9816
39.33
39.6704
40.0012
40.3209
40.6275
40.9189
41.1927
41.4468
41.6785
41.8856
42.0656
42.2159
42.3341
42.4175
42.4632
42.4681
42.4286
42.3409
42.2008
42.0033
41.7435
41.4156
41.0137
40.5317
39.9631
39.3016
38.541
37.6758
36.7015
35.6155
34.4176
33.1106
31.7013
30.2007
28.6235
17.4191
17.9086
18.3991
18.8885
19.3754
19.8583
20.3362
20.8084
21.2744
21.7337
22.1863
22.6321
23.0709
23.503
23.9283
24.347
24.7593
25.1653
25.5653
25.9597
26.3489
26.7334
27.1138
27.4906
27.8644
28.2358
28.6053
28.9733
29.3402
29.7064
30.0721
30.4375
30.803
31.1686
31.5345
31.9011
32.2686
32.6371
33.0069
33.3781
33.7509
34.1251
34.5006
34.8772
35.2544
35.6317
36.0085
36.3842
36.758
37.1292
37.4971
37.8609
38.2199
38.5731
38.9195
39.2581
39.5876
39.9064
40.213
40.5054
40.7816
41.0394
41.2766
41.4908
41.6795
41.8404
41.9707
42.0678
42.1289
42.151
42.1308
42.0649
41.9493
41.78
41.5525
41.262
40.9037
40.4722
39.9623
39.3689
38.6869
37.9119
37.04
36.0689
34.9973
33.8266
32.5602
31.2046
29.7691
28.2655
17.4366
17.9179
18.4004
18.8826
19.363
19.8403
20.3137
20.7823
21.2455
21.7028
22.154
22.5989
23.0374
23.4695
23.8953
24.3147
24.7281
25.1355
25.5372
25.9337
26.3252
26.7121
27.0951
27.4745
27.8509
28.2247
28.5965
28.9666
29.3355
29.7034
30.0707
30.4376
30.8043
31.1711
31.5381
31.9056
32.2738
32.6429
33.0129
33.3839
33.7561
34.1292
34.5031
34.8775
35.2521
35.6263
35.9997
36.3715
36.7411
37.1078
37.4707
37.8292
38.1823
38.529
38.8682
39.1989
39.5196
39.8288
40.1249
40.406
40.6702
40.9153
41.139
41.3391
41.5132
41.6586
41.7727
41.8528
41.896
41.8991
41.859
41.772
41.6345
41.4425
41.1917
40.8779
40.4965
40.0429
39.5128
38.9017
38.2058
37.4217
36.5469
35.5802
34.5216
33.3729
32.1379
30.8227
29.4352
27.9852
17.4497
17.9251
18.402
18.879
19.3547
19.828
20.2979
20.7637
21.2247
21.6804
22.1304
22.5746
23.0128
23.4449
23.8709
24.2909
24.7051
25.1135
25.5165
25.9144
26.3076
26.6963
27.0811
27.4624
27.8406
28.2163
28.5897
28.9615
29.3318
29.701
30.0694
30.4374
30.8051
31.1728
31.5406
31.9088
32.2775
32.6468
33.0169
33.3878
33.7594
34.1316
34.5043
34.8772
35.2498
35.6218
35.9925
36.3615
36.7279
37.0911
37.4504
37.8047
38.1533
38.495
38.8289
39.1535
39.4676
39.7696
40.0579
40.3305
40.5857
40.8213
41.035
41.2245
41.3875
41.5212
41.6231
41.6904
41.7201
41.709
41.6539
41.5514
41.3977
41.189
40.9213
40.5906
40.1927
39.7235
39.1792
38.5561
37.8511
37.0615
36.1859
35.2235
34.1751
33.0429
31.8308
30.5444
29.1908
27.7784
17.4585
17.9302
18.4034
18.877
19.3496
19.8202
20.2879
20.7518
21.2113
21.6658
22.1151
22.5588
22.9967
23.4287
23.8549
24.2752
24.6899
25.099
25.5029
25.9017
26.2959
26.6858
27.0718
27.4543
27.8338
28.2106
28.5852
28.9579
29.3292
29.6993
30.0685
30.4372
30.8056
31.1738
31.5421
31.9107
32.2797
32.6493
33.0194
33.3901
33.7613
34.133
34.5049
34.8767
35.248
35.6185
35.9875
36.3545
36.7189
37.0798
37.4365
37.7881
38.1336
38.472
38.8022
39.1228
39.4324
39.7296
40.0127
40.2798
40.529
40.7582
40.9652
41.1477
41.3032
41.4292
41.523
41.5816
41.6023
41.5818
41.5168
41.4039
41.2395
41.0198
40.7411
40.3994
39.9909
39.5119
38.9586
38.3281
37.6176
36.825
35.9492
34.9901
33.9488
32.8276
31.6304
30.3626
29.0305
27.6421
17.4628
17.9327
18.4042
18.8761
19.3472
19.8165
20.283
20.7459
21.2047
21.6587
22.1075
22.5509
22.9887
23.4207
23.847
24.2675
24.6824
25.0919
25.4961
25.8954
26.2901
26.6806
27.0672
27.4503
27.8303
28.2077
28.5828
28.9561
29.3278
29.6984
30.068
30.4371
30.8058
31.1743
31.5429
31.9117
32.2808
32.6504
33.0205
33.3912
33.7622
34.1336
34.505
34.8763
35.247
35.6168
35.9849
36.351
36.7143
37.0741
37.4295
37.7797
38.1237
38.4604
38.7887
39.1073
39.4147
39.7095
39.99
40.2543
40.5005
40.7265
40.9302
41.1091
41.261
41.383
41.4727
41.5271
41.5432
41.518
41.4481
41.33
41.1603
40.9353
40.6511
40.304
39.8903
39.4064
38.8489
38.2148
37.5017
36.7077
35.8321
34.8747
33.837
32.7213
31.5315
30.2727
28.9512
27.5743
25.1851
18.7012
15.6703
13.6836
12.1005
10.7121
9.43411
8.22563
7.06395
5.93508
4.82968
3.74113
2.66446
1.59567
0.531399
28.9692
22.7862
18.8385
16.08
13.9502
12.1722
10.6048
9.17147
7.82775
6.54595
5.30784
4.10068
2.91507
1.74366
0.580344
29.5589
24.6356
20.8171
17.8474
15.448
13.4214
11.6412
10.0276
8.52953
7.11307
5.755
4.43862
3.15143
1.88354
0.626655
29.3381
25.3797
21.9468
19.0443
16.5727
14.4241
12.5109
10.7682
9.14956
7.62173
6.16038
4.74732
3.36847
2.01239
0.66938
28.9006
25.598
22.5458
19.81
17.3743
15.1914
13.2098
11.3845
9.67871
8.06381
6.51739
5.02177
3.56267
2.12816
0.707843
28.4198
25.5656
22.8282
20.2754
17.9228
15.757
13.7525
11.8811
10.1169
8.43731
6.82352
5.25963
3.73224
2.22972
0.74166
27.9548
25.416
22.9258
20.5402
18.2843
16.1613
14.1618
12.2704
10.4702
8.74496
7.07965
5.46093
3.8769
2.3168
0.770726
27.5283
25.2177
22.9185
20.6749
18.5126
16.442
14.4628
12.5683
10.7485
8.99254
7.28911
5.62749
3.99757
2.38982
0.795161
27.15
25.0075
22.8554
20.7281
18.6491
16.6312
14.6789
12.7912
10.963
9.18746
7.45665
5.76228
4.09603
2.4497
0.815253
26.8239
24.8066
22.7671
20.7329
18.7242
16.7544
14.8304
12.9543
11.1246
9.33753
7.58767
5.86889
4.17452
2.49768
0.831389
26.5517
24.6274
22.6734
20.7117
18.7602
16.8316
14.9339
13.0709
11.2436
9.45023
7.68752
5.951
4.23542
2.53509
0.843997
26.334
24.4777
22.5869
20.6802
18.7732
16.8777
15.0023
13.1518
11.3284
9.53216
7.7611
6.01208
4.28104
2.56322
0.8535
26.1708
24.3622
22.5161
20.6488
18.7743
16.9037
15.0455
13.2053
11.3861
9.58877
7.81252
6.05513
4.31336
2.58323
0.860269
26.0621
24.2838
22.4663
20.6244
18.7711
16.917
15.0706
13.2376
11.4217
9.62419
7.84499
6.08249
4.33399
2.59603
0.864606
26.0078
24.2442
22.4407
20.6113
18.7684
16.9226
15.0821
13.2528
11.4386
9.6412
7.86068
6.09576
4.34402
2.60227
0.866722
)
;

boundaryField
{
    hot
    {
        type            fixedValue;
        value           uniform 10;
    }
    cold
    {
        type            fixedValue;
        value           uniform 0;
    }
    interface_left
    {
        type            fixedValue;
        value           nonuniform List<scalar> 
90
(
0
0
0
0
0
0
0
0
0
0
0
0
0
0
0
0
0
0
0
0
0
0
0
0
0
0
0
0
0
0
0
0
0
0
0
0
0
0
0
0
0
0
0
0
0
0
0
0
0
0
0
0
0
0
0
0
0
0
0
0
0
0
0
0
0
0
0
0
0
0
0
0
0
0
0
0
0
0
0
0
0
0
0
0
0
0
0
17.9396
17.9396
17.9396
)
;
    }
    interface_right
    {
        type            fixedValue;
        value           uniform 0;
    }
    interface_top
    {
        type            fixedValue;
        value           nonuniform List<scalar> 
90
(
17.9396
17.9396
19.896
19.896
21.1978
21.1978
22.1325
22.1325
22.1325
22.9314
22.9314
23.7553
23.7553
24.6334
24.6334
25.7102
25.7102
26.476
26.476
27.0954
27.0954
27.6076
27.6076
27.6076
28.1029
28.1029
28.6725
28.6725
29.3532
29.3532
30.2906
30.2906
31.0502
31.0502
31.7181
31.7181
32.3061
32.3061
32.3061
32.9113
32.9113
33.6499
33.6499
34.5806
34.5806
35.8989
35.8989
36.9801
36.9801
37.942
37.942
38.799
38.799
38.799
39.6877
39.6877
40.7532
40.7532
42.0341
42.0341
43.71
43.71
44.9812
44.9812
46.0383
46.0383
46.9163
46.9163
46.9163
47.7574
47.7574
48.6929
48.6929
49.7299
49.7299
50.9816
50.9816
51.9295
51.9295
52.7851
52.7851
53.7321
53.7321
53.7321
55.6278
55.6278
55.6278
55.6278
55.6278
55.6278
)
;
    }
    interface_bottom
    {
        type            fixedValue;
        value           nonuniform List<scalar> 
90
(
17.9396
17.9396
18.8123
18.8123
19.5726
19.5726
20.1427
20.1427
20.1427
20.6311
20.6311
21.1283
21.1283
21.6366
21.6366
22.2054
22.2054
22.5427
22.5427
22.7476
22.7476
22.8544
22.8544
22.8544
22.8826
22.8826
22.8367
22.8367
22.6992
22.6992
22.4343
22.4343
22.1683
22.1683
21.8846
21.8846
21.5866
21.5866
21.5866
21.2271
21.2271
20.7566
20.7566
20.1642
20.1642
19.3912
19.3912
18.784
18.784
18.2307
18.2307
17.708
17.708
17.708
17.1282
17.1282
16.4115
16.4115
15.5473
15.5473
14.4528
14.4528
13.6106
13.6106
12.8522
12.8522
12.1426
12.1426
12.1426
11.3617
11.3617
10.3947
10.3947
9.20933
9.20933
7.63045
7.63045
6.35654
6.35654
5.1654
5.1654
4.00841
4.00841
4.00841
2.58685
2.58685
2.58685
0
0
0
)
;
    }
    defaultFaces
    {
        type            empty;
    }
}


// ************************************************************************* //
