/*--------------------------------*- C++ -*----------------------------------*\
| =========                 |                                                 |
| \\      /  F ield         | OpenFOAM: The Open Source CFD Toolbox           |
|  \\    /   O peration     | Version:  5.x                                   |
|   \\  /    A nd           | Web:      www.OpenFOAM.org                      |
|    \\/     M anipulation  |                                                 |
\*---------------------------------------------------------------------------*/
FoamFile
{
    version     2.0;
    format      ascii;
    class       volScalarField;
    location    "9.1";
    object      gradTx;
}
// * * * * * * * * * * * * * * * * * * * * * * * * * * * * * * * * * * * * * //

dimensions      [0 -1 0 1 0 0 0];

internalField   nonuniform List<scalar> 
6300
(
56.0083
56.4617
57.36
58.6852
60.4089
62.4905
64.8751
67.4919
70.2531
73.0542
75.7763
78.2911
80.4681
82.1851
83.3384
55.5533
56.0154
56.9315
58.2852
60.0496
62.186
64.6413
67.3459
70.2115
73.1315
75.982
78.6271
80.9265
82.7471
83.9755
54.6349
55.1135
56.0641
57.4728
59.3166
61.5609
64.1568
67.0371
70.114
73.2765
76.3914
79.3069
81.8618
83.8993
85.2845
53.2364
53.7381
54.7371
56.2239
58.1816
60.5829
63.3861
66.5301
69.9291
73.4676
76.9986
80.3457
83.3128
85.7022
87.3405
51.3348
51.8639
52.9209
54.5026
56.6014
59.2013
62.2731
65.7666
69.6029
73.6644
77.7879
81.7627
85.3395
88.2545
90.2686
48.9027
49.4602
50.5785
52.2629
54.5186
57.3464
60.7366
64.6589
69.0499
73.7976
78.7242
83.5759
88.0263
91.706
94.2645
45.9117
46.4944
47.6685
49.4503
51.8621
54.9278
58.6665
63.0807
68.1388
73.7501
79.7336
85.7888
91.482
96.2768
99.6292
42.3366
42.9359
44.1494
46.0065
48.5502
51.8347
55.9193
60.857
66.6729
73.3286
80.6697
88.3617
95.8344
102.288
106.832
38.1609
38.762
39.9854
41.8746
44.4961
47.9399
52.3175
57.7537
64.3657
72.22
81.2534
91.152
101.204
110.208
116.628
33.3829
33.9643
35.1543
37.0091
39.6184
43.11
47.6558
53.4731
60.8148
69.9305
80.97
93.7873
107.618
120.711
130.301
28.0222
28.5568
29.657
31.3881
33.8571
37.2246
41.7211
47.6667
55.4883
65.7156
78.907
95.4073
114.767
134.715
150.181
22.1257
22.5827
23.5277
25.0278
27.196
30.209
34.336
39.9828
47.7549
58.5347
73.5334
94.1654
121.327
153.198
180.928
15.7712
16.1193
16.8422
17.9984
19.6889
22.0781
25.4299
30.1724
37.0122
47.1336
62.5244
86.392
123.174
175.82
233.082
9.06765
9.28008
9.72248
10.4336
11.4822
12.9836
15.132
18.2636
22.9864
30.4614
43.0371
65.7021
109.155
193.822
334.684
2.15071
2.20993
2.33303
2.53052
2.82179
3.24114
3.84988
4.7625
6.20747
8.68708
13.459
24.2225
53.9198
155.626
576.223
83.861
83.8185
83.2997
82.3161
80.8936
79.0692
76.8867
74.3933
71.6361
68.6597
65.5046
62.2064
58.7958
55.2986
51.7367
48.1284
44.4894
40.8335
37.1729
33.5184
29.88
26.2668
22.6871
19.1481
15.6563
12.2175
8.83628
5.51661
2.26152
-0.926724
-4.04657
-7.09711
-10.0779
-12.989
-15.8305
-18.6026
-21.3053
-23.9387
-26.5023
-28.9956
-31.4178
-33.7684
-36.047
-38.2536
-40.389
-42.4547
-44.4529
-46.3862
-48.2578
-50.0707
-51.8278
-53.5313
-55.1824
-56.7816
-58.328
-59.8201
-61.2558
-62.6324
-63.9476
-65.199
-66.385
-67.5041
-68.5552
-69.5372
-70.4482
-71.2856
-72.0453
-72.7213
-73.3056
-73.7886
-74.1586
-74.4033
-74.5094
-74.4641
-74.2557
-73.874
-73.311
-72.5616
-71.6233
-70.497
-69.1865
-67.6988
-66.0441
-64.236
-62.291
-60.2294
-58.0739
-55.8505
-53.5867
-51.3113
84.5377
84.5029
83.9674
82.9464
81.4707
79.5831
77.3328
74.7717
71.9503
68.9156
65.7092
62.367
58.9192
55.3908
51.8024
48.1715
44.5128
40.8395
37.1631
33.4943
29.843
26.218
22.6277
19.0794
15.5797
12.1341
8.74731
5.42329
2.16499
-1.02542
-4.14653
-7.19761
-10.1784
-13.0892
-15.9304
-18.7022
-21.4051
-24.039
-26.6034
-29.0976
-31.5207
-33.8718
-36.1501
-38.3556
-40.4889
-42.5515
-44.5457
-46.4745
-48.3416
-50.1504
-51.9043
-53.6059
-55.2565
-56.8567
-58.4053
-59.9006
-61.3398
-62.72
-64.0383
-65.2923
-66.4802
-67.6009
-68.6538
-69.6381
-70.5531
-71.3965
-72.1647
-72.852
-73.4505
-73.9499
-74.338
-74.6015
-74.726
-74.6978
-74.504
-74.1337
-73.5783
-72.8322
-71.8929
-70.761
-69.4404
-67.938
-66.264
-64.4318
-62.4581
-60.3633
-58.1709
-55.9076
-53.6024
-51.2858
85.9279
85.9064
85.3324
84.2294
82.6394
80.6176
78.2249
75.5231
72.57
69.4171
66.1079
62.6784
59.1575
55.5679
51.9282
48.2533
44.5564
40.8489
37.1415
33.4444
29.7672
26.1187
22.5073
18.9404
15.4245
11.9654
8.56762
5.23501
1.97044
-1.22412
-4.34751
-7.39935
-10.3799
-13.2897
-16.1299
-18.9012
-21.6042
-24.2391
-26.8053
-29.3018
-31.727
-34.0794
-36.3577
-38.5612
-40.6902
-42.7462
-44.7319
-46.6512
-48.5085
-50.3085
-52.0555
-53.7529
-55.4026
-57.005
-58.5586
-60.0608
-61.5079
-62.8957
-64.2207
-65.4798
-66.6712
-67.7944
-68.8497
-69.838
-70.7597
-71.6143
-72.3993
-73.1094
-73.7367
-74.27
-74.6957
-74.9983
-75.1613
-75.1686
-75.0052
-74.6585
-74.1188
-73.3798
-72.4385
-71.2956
-69.9548
-68.4231
-66.7105
-64.83
-62.7985
-60.6365
-58.3688
-56.0238
-53.6337
-51.232
88.1112
88.1036
87.4577
86.2117
84.4284
82.1843
79.5606
76.6349
73.4761
70.142
66.6785
63.1203
59.4932
55.8162
52.1034
48.3661
44.6142
40.8571
37.1043
33.3651
29.6491
25.9653
22.3222
18.7273
15.1873
11.7079
8.29371
4.94845
1.6748
-1.52551
-4.65169
-7.7039
-10.683
-13.5906
-16.4285
-19.1983
-21.9013
-24.5379
-27.1074
-29.6082
-32.0378
-34.3935
-36.6727
-38.8736
-40.9961
-43.0415
-45.0133
-46.9165
-48.7572
-50.5422
-52.2775
-53.9678
-55.6161
-57.2226
-58.7852
-60.2996
-61.7602
-63.1611
-64.4969
-65.7636
-66.9593
-68.0844
-69.1411
-70.1324
-71.0619
-71.9313
-72.7404
-73.485
-74.157
-74.7439
-75.2295
-75.5949
-75.8197
-75.8839
-75.7691
-75.46
-74.9451
-74.2172
-73.2732
-72.1138
-70.7429
-69.1676
-67.3973
-65.4447
-63.3257
-61.0611
-58.6768
-56.2043
-53.6804
-51.1448
91.2207
91.2184
90.4451
88.9662
86.8791
84.2962
81.3297
78.0806
74.6331
71.052
67.3838
63.6599
59.8997
56.1149
52.3127
48.4987
44.6784
40.8583
37.0464
33.2518
29.4841
25.7528
22.0669
18.4345
14.8623
11.356
7.92021
4.55847
1.2733
-1.93383
-5.06256
-8.11374
-11.0893
-13.992
-16.8251
-19.5916
-22.2939
-24.933
-27.5081
-30.0167
-32.4548
-34.8174
-37.0998
-39.2986
-41.4123
-43.4423
-45.3929
-47.271
-49.0858
-50.8468
-52.5633
-54.2426
-55.8889
-57.5026
-59.0802
-60.6149
-62.0977
-63.5193
-64.8715
-66.1485
-67.3481
-68.4721
-69.5253
-70.515
-71.4492
-72.3341
-73.173
-73.9638
-74.6985
-75.3623
-75.9352
-76.3926
-76.7081
-76.8555
-76.8114
-76.5565
-76.0769
-75.3646
-74.4168
-73.2351
-71.8243
-70.1916
-68.3457
-66.2976
-64.0615
-61.6569
-59.1105
-56.458
-53.743
-51.0152
95.4651
95.4417
94.4469
92.5948
90.0422
86.959
83.504
79.8107
75.9811
72.0859
68.1682
64.2504
60.3402
56.4373
52.5381
48.6395
44.7413
40.8467
36.9628
33.0989
29.2658
25.4742
21.7342
18.0544
14.4419
10.9022
7.43974
4.05791
0.759147
-2.45522
-5.58525
-8.63259
-11.6005
-14.4936
-17.3174
-20.0772
-22.7773
-25.42
-28.0044
-30.5267
-32.9801
-35.3563
-37.647
-39.8456
-41.9487
-43.9569
-45.8761
-47.7164
-49.4909
-51.2147
-52.902
-54.5642
-56.2079
-57.8339
-59.4362
-61.0039
-62.5224
-63.9766
-65.3534
-66.6438
-67.8449
-68.9604
-69.9998
-70.9766
-71.9062
-72.8022
-73.6737
-74.5224
-75.3407
-76.1107
-76.8058
-77.3933
-77.8371
-78.1018
-78.1561
-77.9752
-77.5426
-76.8499
-75.896
-74.685
-73.2241
-71.5212
-69.5841
-67.4202
-65.039
-62.4558
-59.6962
-56.8005
-53.8232
-50.8298
101.167
101.062
99.6814
97.2302
93.968
90.1557
86.02
81.7355
77.4223
73.1506
68.9515
64.8286
60.7691
56.7533
52.7615
48.7788
44.7978
40.8191
36.8496
32.9011
28.9869
25.1207
21.3142
17.577
13.9162
10.3368
6.84282
3.43744
0.123236
-3.09825
-6.22714
-9.26588
-12.2194
-15.0951
-17.9017
-20.6486
-23.3434
-25.9907
-28.5901
-31.1355
-33.6161
-36.0179
-38.3265
-40.5299
-42.6209
-44.5993
-46.4726
-48.2556
-49.9686
-51.6347
-53.2762
-54.9115
-56.5518
-58.1982
-59.8413
-61.4627
-63.0387
-64.5445
-65.9586
-67.2666
-68.4641
-69.5574
-70.5632
-71.5052
-72.4104
-73.3043
-74.2061
-75.1238
-76.0511
-76.9654
-77.8304
-78.5997
-79.2227
-79.6498
-79.8381
-79.7552
-79.3815
-78.7099
-77.7441
-76.4937
-74.9711
-73.187
-71.1478
-68.8546
-66.3063
-63.5074
-60.4772
-57.2594
-53.9255
-50.568
108.834
108.517
106.456
103.031
98.6839
93.8167
88.7486
83.7004
78.8023
74.1096
69.6239
65.3142
61.1338
57.0336
52.9706
48.9146
44.8502
40.7771
36.7056
32.6529
28.6384
24.6804
20.7938
16.9892
13.2727
9.64807
6.11799
2.6854
-0.646414
-3.87477
-6.99899
-10.0219
-12.9505
-15.7959
-18.5722
-21.2948
-23.9776
-26.6301
-29.2531
-31.8375
-34.3653
-36.8133
-39.1571
-41.3755
-43.4549
-45.3925
-47.1985
-48.895
-50.5133
-52.0893
-53.6584
-55.251
-56.8861
-58.5666
-60.2768
-61.9861
-63.6553
-65.2436
-66.7156
-68.0477
-69.232
-70.2794
-71.2173
-72.0856
-72.9298
-73.794
-74.7142
-75.7103
-76.7788
-77.8901
-78.9915
-80.0156
-80.8889
-81.5404
-81.9095
-81.9527
-81.6478
-80.9926
-80.0005
-78.6931
-77.0933
-75.219
-73.0761
-70.6551
-67.9336
-64.8909
-61.5272
-57.8847
-54.0607
-50.1972
119.29
118.483
115.192
110.16
104.146
97.765
91.4466
85.4478
79.8853
74.7691
70.0416
65.6122
61.382
57.259
53.1687
49.0612
44.9144
40.7317
36.5336
32.349
28.2079
24.1367
20.1549
16.2738
12.4966
8.82283
5.25245
1.78799
-1.56526
-4.80138
-7.91685
-10.9138
-13.8015
-16.5962
-19.3199
-21.9979
-24.6555
-27.3117
-29.9715
-32.6206
-35.2292
-37.7585
-40.1677
-42.4208
-44.4925
-46.3747
-48.0813
-49.6464
-51.1184
-52.5529
-54.0062
-55.5285
-57.1544
-58.8912
-60.7126
-62.5665
-64.3874
-66.1089
-67.6733
-69.0404
-70.1962
-71.1577
-71.9706
-72.6998
-73.419
-74.2017
-75.1119
-76.1912
-77.4439
-78.8276
-80.2625
-81.6472
-82.8731
-83.8362
-84.4487
-84.6502
-84.417
-83.7591
-82.7096
-81.312
-79.6097
-77.6364
-75.4038
-72.8869
-70.0224
-66.7355
-62.9775
-58.7703
-54.2519
-49.6615
133.957
132.023
126.432
118.701
110.134
101.621
93.682
86.5649
80.3241
74.8675
70.0286
65.6222
61.4745
57.436
53.3905
49.2632
45.0292
40.7076
36.3413
31.9816
27.6759
23.4635
19.3706
15.4082
11.571
7.84835
4.23406
0.730194
-2.65299
-5.9019
-9.00548
-11.963
-14.7863
-17.4989
-20.1333
-22.7304
-25.3353
-27.988
-30.7049
-33.4617
-36.2069
-38.8759
-41.4028
-43.7268
-45.8022
-47.6094
-49.1673
-50.5312
-51.7768
-52.9887
-54.2539
-55.6562
-57.262
-59.093
-61.1009
-63.1934
-65.2616
-67.1995
-68.9138
-70.3364
-71.4391
-72.2489
-72.8433
-73.3271
-73.8155
-74.4247
-75.2647
-76.4211
-77.919
-79.69
-81.6045
-83.5062
-85.2344
-86.6355
-87.5779
-87.9724
-87.7961
-87.0879
-85.9186
-84.3683
-82.5147
-80.4259
-78.1393
-75.618
-72.7182
-69.2569
-65.0736
-60.1031
-54.5455
-48.8552
155.46
150.826
140.751
128.444
116.042
104.649
94.7316
86.4182
79.632
74.0749
69.3914
65.2584
61.4083
57.6221
53.7289
49.6179
45.2691
40.7467
36.1389
31.5356
27.0089
22.6176
18.398
14.3616
10.4801
6.71747
3.05635
-0.501631
-3.93426
-7.21183
-10.3045
-13.2054
-15.9308
-18.5139
-21.0002
-23.4513
-25.946
-28.5718
-31.3803
-34.3193
-37.2939
-40.1977
-42.9296
-45.3904
-47.4976
-49.2023
-50.5322
-51.5858
-52.4831
-53.3471
-54.3033
-55.49
-57.0448
-59.039
-61.3666
-63.8543
-66.3225
-68.6111
-70.5732
-72.0919
-73.1027
-73.649
-73.874
-73.9466
-74.0369
-74.3139
-74.9607
-76.1581
-77.9993
-80.3444
-82.9636
-85.6133
-88.0653
-90.0939
-91.4947
-92.1151
-91.9395
-91.079
-89.6748
-87.8598
-85.7568
-83.4987
-81.2113
-78.893
-76.2209
-72.817
-68.302
-62.2803
-55.0293
-47.5498
189.151
177.462
158.281
138.322
120.497
105.551
93.4701
84.0707
77.1687
72.0231
67.9601
64.4858
61.249
57.9614
54.3796
50.3142
45.7579
40.9081
35.9291
30.9788
26.1462
21.5239
17.1609
13.0917
9.21753
5.44016
1.72989
-1.91416
-5.43897
-8.78807
-11.8798
-14.7006
-17.28
-19.6682
-21.9179
-24.1094
-26.3679
-28.8922
-31.8674
-35.1254
-38.4827
-41.7664
-44.8462
-47.5628
-49.772
-51.3346
-52.2941
-52.8648
-53.2366
-53.5718
-54.0204
-54.7928
-56.1939
-58.5042
-61.4007
-64.5423
-67.6412
-70.4917
-72.87
-74.5776
-75.4342
-75.5109
-75.1228
-74.5396
-73.9883
-73.6695
-73.8627
-74.967
-77.3525
-80.6029
-84.2775
-88.0036
-91.5044
-94.4548
-96.5336
-97.4026
-97.0674
-95.8518
-94.0213
-91.7644
-89.2209
-86.6124
-84.3264
-82.6762
-80.7764
-77.9756
-73.699
-66.2266
-55.8413
-45.1895
247.255
214.885
176.928
145.121
120.806
102.325
88.345
78.1254
72.1747
68.411
65.6795
63.3703
61.1614
58.723
55.7257
51.716
46.6685
41.2544
35.6771
30.2517
24.9797
20.0564
15.5002
11.5406
7.81515
4.06587
0.307824
-3.49861
-7.19685
-10.735
-13.8454
-16.5436
-18.9043
-21.0219
-22.9191
-24.6708
-26.4066
-28.5633
-31.9467
-35.7883
-39.7769
-43.6281
-47.2854
-50.4651
-52.9769
-54.3348
-54.6152
-54.4296
-54.0421
-53.6327
-53.2704
-53.1896
-54.0331
-57.1242
-61.0812
-65.2909
-69.3164
-73.0512
-76.1316
-78.2877
-78.8874
-78.0406
-76.6517
-75.0851
-73.6035
-72.2867
-71.4513
-71.9295
-75.459
-80.2492
-85.5157
-90.7168
-95.7346
-100.069
-103.313
-104.422
-103.462
-101.508
-98.98
-96.0801
-92.7768
-89.2601
-86.5246
-86.8169
-86.6278
-85.2579
-83.6967
-74.366
-57.0363
-40.2849
361.34
260.35
186.718
141.13
112.711
92.6144
77.804
66.0312
64.0301
63.3112
62.7897
62.1089
61.4031
60.2881
58.5286
54.6112
48.1058
41.8347
35.2057
29.3031
23.3106
18.0595
12.9802
9.65198
6.44673
2.70397
-1.04479
-5.23901
-9.18541
-13.2978
-16.4046
-18.8726
-20.8786
-22.6929
-24.1299
-25.2547
-25.8391
-26.4675
-31.3659
-36.2391
-41.2687
-45.7687
-50.4119
-54.3287
-57.843
-58.886
-57.6066
-56.2843
-54.8786
-53.6251
-52.1144
-50.2545
-48.635
-54.4965
-60.3968
-66.3039
-71.4091
-76.5521
-80.7229
-84.2377
-84.4226
-81.3498
-78.435
-75.5073
-72.9803
-70.2095
-67.1474
-64.4968
-71.7489
-79.2083
-86.8465
-93.6924
-100.947
-107.253
-113.164
-114.42
-111.284
-107.99
-104.473
-100.975
-96.6385
-90.7812
-84.3612
-91.6495
-94.1783
-92.814
-104.881
-94.023
-57.3974
-28.6452
621.946
266.415
156.12
112.413
92.6301
75.2906
62.8872
39.8646
54.0378
57.9258
60.1281
60.8824
62.2328
62.7799
64.4376
61.232
49.2048
42.9295
33.6874
28.4831
20.5735
15.8145
7.93827
7.58589
5.85205
1.35043
-1.75614
-7.3364
-10.9351
-17.3087
-19.8836
-21.8666
-23.1289
-24.9073
-25.7897
-26.6168
-25.2081
-18.2228
-30.8212
-36.464
-43.5229
-47.7023
-54.584
-58.7712
-66.267
-66.7809
-60.6591
-58.2584
-55.4954
-53.9869
-51.4607
-46.9725
-32.4635
-51.8123
-59.7017
-68.4705
-73.4466
-81.4515
-86.2577
-94.9817
-94.6474
-84.4301
-80.2359
-75.351
-72.7071
-68.5507
-62.2496
-42.8029
-67.7392
-77.9085
-89.3167
-96.0778
-107.523
-115.003
-129.717
-130.741
-119.334
-114.79
-109.935
-107.076
-102.689
-93.1108
-62.4563
-103.334
-107.333
-81.0277
-159.075
-150.783
-46.4199
1.09553
-48.8307
-46.1888
-43.6572
-41.2718
-39.06
-37.0414
-35.2284
-33.627
-32.2386
-31.061
-30.0903
-29.3217
-28.7503
-28.372
-28.1836
-48.762
-46.0775
-43.5104
-41.0973
-38.866
-36.8353
-35.0162
-33.4135
-32.0271
-30.8535
-29.8877
-29.124
-28.5568
-28.1815
-27.9947
-48.6194
-45.848
-43.2088
-40.7404
-38.4706
-36.4167
-34.587
-32.9832
-31.6021
-30.4377
-29.4826
-28.7293
-28.1709
-27.802
-27.6185
-48.3926
-45.4856
-42.7355
-40.1842
-37.8588
-35.7733
-33.9314
-32.3296
-30.9599
-29.812
-28.8751
-28.1391
-27.5952
-27.2365
-27.0584
-48.0636
-44.9654
-42.0628
-39.4014
-37.0063
-34.8855
-33.035
-31.4433
-30.0953
-28.9747
-28.0662
-27.3562
-26.8337
-26.49
-26.3196
-47.6044
-44.2487
-41.1481
-38.3517
-35.8788
-33.7268
-31.8792
-30.3128
-29.0026
-27.9248
-27.0583
-26.3856
-25.8928
-25.5698
-25.41
-46.9711
-43.2762
-39.9285
-36.9777
-34.4299
-32.2632
-30.4417
-28.9256
-27.6772
-26.6631
-25.8561
-25.2345
-24.7817
-24.4861
-24.3401
-46.0932
-41.9557
-38.3113
-35.2002
-32.5994
-30.4538
-28.6981
-27.2703
-26.1167
-25.1939
-24.4682
-23.914
-23.513
-23.2523
-23.1238
-44.8523
-40.1413
-36.1602
-32.9117
-30.3132
-28.2538
-26.6263
-25.3404
-24.325
-23.5272
-22.9081
-22.44
-22.1035
-21.8857
-21.7787
-43.038
-37.5961
-33.2759
-29.9725
-27.4872
-25.6214
-24.2126
-23.1393
-22.3154
-21.6814
-21.1967
-20.834
-20.575
-20.408
-20.3262
-40.2516
-33.9284
-29.3743
-26.2147
-24.0412
-22.5317
-21.4628
-20.6884
-20.1155
-19.686
-19.363
-19.1238
-18.954
-18.8449
-18.7915
-35.6908
-28.491
-24.078
-21.4703
-19.9307
-19.0011
-18.4182
-18.0355
-17.7721
-17.5835
-17.4453
-17.3439
-17.272
-17.2257
-17.203
-27.6661
-20.2664
-16.9757
-15.6574
-15.2098
-15.1233
-15.1731
-15.2629
-15.3534
-15.4304
-15.4903
-15.5342
-15.5642
-15.5827
-15.5915
-12.5511
-7.93233
-7.90076
-8.97365
-10.1274
-11.109
-11.8878
-12.4894
-12.948
-13.294
-13.5513
-13.738
-13.8676
-13.9491
-13.9885
17.3641
8.98905
2.27877
-2.20885
-5.21698
-7.29741
-8.77949
-9.85865
-10.6551
-11.2461
-11.6825
-11.9989
-12.2187
-12.3574
-12.4246
-4.24489
-4.33035
-4.50961
-4.80075
-5.23508
-5.86384
-6.7714
-8.10236
-10.1226
-13.3749
-19.1476
-31.1576
-62.7226
-171.704
-647.912
-10.0003
-10.2115
-10.653
-11.3666
-12.425
-13.948
-16.1336
-19.3196
-24.113
-31.6816
-44.4586
-67.9233
-115
-214.259
-398.507
-15.6095
-15.9331
-16.6079
-17.6935
-19.2927
-21.5724
-24.8015
-29.421
-36.1766
-46.3719
-62.3478
-88.2916
-131.039
-197.793
-277.049
-20.9943
-21.4114
-22.278
-23.6641
-25.6882
-28.5378
-32.5041
-38.0395
-45.8517
-57.0481
-73.3153
-96.9909
-130.405
-172.643
-210.629
-26.0899
-26.5779
-27.5878
-29.192
-31.5108
-34.7282
-39.1174
-45.077
-53.1771
-64.2027
-79.1377
-98.9278
-123.643
-150.445
-170.586
-30.8471
-31.3823
-32.4852
-34.224
-36.7095
-40.1049
-44.6405
-50.6283
-58.471
-68.6424
-81.5881
-97.4446
-115.431
-132.872
-144.529
-35.2329
-35.7927
-36.9412
-38.7378
-41.2765
-44.6902
-49.1553
-54.8916
-62.1479
-71.1556
-82.0168
-94.4824
-107.596
-119.316
-126.567
-39.2302
-39.7946
-40.9474
-42.7366
-45.236
-48.5453
-52.7875
-58.0996
-64.6088
-72.3817
-81.3312
-91.0696
-100.73
-108.861
-113.64
-42.8357
-43.3883
-44.5118
-46.2423
-48.6333
-51.7528
-55.6767
-60.4763
-66.1921
-72.7907
-80.0976
-87.7108
-94.9249
-100.735
-104.032
-46.0577
-46.5858
-47.6548
-49.2895
-51.5249
-54.4016
-57.958
-62.2167
-67.1624
-72.7079
-78.651
-84.6291
-90.0946
-94.3541
-96.7119
-48.9132
-49.4078
-50.405
-51.9198
-53.9714
-56.5784
-59.7515
-63.4802
-67.7161
-72.3488
-77.1802
-81.903
-86.1016
-89.2936
-91.0293
-51.4254
-51.881
-52.7961
-54.1775
-56.0321
-58.3624
-61.1591
-64.3915
-67.9942
-71.8518
-75.7846
-79.541
-82.8073
-85.2441
-86.5519
-53.6214
-54.0351
-54.8633
-56.1066
-57.7627
-59.8225
-62.2642
-65.0456
-68.0952
-71.3026
-74.5115
-77.5192
-80.0891
-81.9784
-82.9824
-55.5303
-55.9015
-56.6425
-57.7492
-59.2131
-61.0175
-63.1333
-65.5135
-68.0867
-70.7524
-73.3779
-75.8014
-77.8433
-79.3274
-80.1101
-57.1814
-57.5112
-58.1677
-59.1439
-60.4271
-61.9963
-63.819
-65.8472
-68.0139
-70.23
-72.3845
-74.3485
-75.9848
-77.1633
-77.7812
-58.6036
-58.8941
-59.471
-60.3255
-61.4425
-62.7991
-64.3619
-66.0849
-67.9067
-69.7503
-71.5234
-73.1232
-74.444
-75.3884
-75.8813
-59.8242
-60.0782
-60.5817
-61.3247
-62.2915
-63.4586
-64.7937
-66.2539
-67.7845
-69.3195
-70.7826
-72.0917
-73.1644
-73.9271
-74.3236
-60.8684
-61.0892
-61.526
-62.1687
-63.0015
-64.0016
-65.1387
-66.3739
-67.6592
-68.9385
-70.1489
-71.2242
-72.1001
-72.72
-73.0413
-61.7593
-61.9502
-62.3273
-62.8807
-63.5952
-64.4495
-65.4157
-66.4591
-67.5382
-68.6053
-69.6088
-70.4952
-71.2136
-71.7201
-71.982
-62.5176
-62.682
-63.0062
-63.4809
-64.0919
-64.8196
-65.639
-66.5195
-67.4254
-68.3164
-69.15
-69.8828
-70.4743
-70.89
-71.1045
-63.1618
-63.3028
-63.5806
-63.9865
-64.5075
-65.1261
-65.8199
-66.5624
-67.3228
-68.0675
-68.7611
-69.3684
-69.857
-70.1995
-70.376
-63.7082
-63.8288
-64.066
-64.4122
-64.8555
-65.3803
-65.9671
-66.5928
-67.2312
-67.854
-68.432
-68.9365
-69.3412
-69.6243
-69.7699
-64.1708
-64.2737
-64.4758
-64.7704
-65.1469
-65.5915
-66.0873
-66.6143
-67.1504
-67.6717
-68.154
-68.5738
-68.9098
-69.1445
-69.265
-64.5621
-64.6496
-64.8215
-65.0717
-65.391
-65.7672
-66.1858
-66.6296
-67.0798
-67.5164
-67.9194
-68.2693
-68.5489
-68.7438
-68.8439
-64.8926
-64.9669
-65.1129
-65.3251
-65.5955
-65.9136
-66.2667
-66.6404
-67.0186
-67.3846
-67.7216
-68.0137
-68.2467
-68.4089
-68.4922
-65.1715
-65.2345
-65.3583
-65.5381
-65.7668
-66.0356
-66.3335
-66.6481
-66.9658
-67.2728
-67.555
-67.7992
-67.9936
-68.1289
-68.1983
-65.4065
-65.46
-65.5648
-65.717
-65.9104
-66.1374
-66.3886
-66.6535
-66.9206
-67.1783
-67.4147
-67.6191
-67.7817
-67.8947
-67.9526
-65.6045
-65.6498
-65.7385
-65.8673
-66.0308
-66.2224
-66.4342
-66.6573
-66.882
-67.0984
-67.2968
-67.468
-67.6041
-67.6987
-67.7471
-65.7711
-65.8094
-65.8845
-65.9934
-66.1316
-66.2934
-66.4721
-66.66
-66.8492
-67.0311
-67.1977
-67.3413
-67.4554
-67.5346
-67.5752
-65.911
-65.9435
-66.007
-66.0991
-66.216
-66.3527
-66.5035
-66.662
-66.8213
-66.9744
-67.1145
-67.2352
-67.331
-67.3975
-67.4315
-66.0284
-66.0559
-66.1097
-66.1877
-66.2865
-66.4021
-66.5295
-66.6633
-66.7977
-66.9268
-67.0447
-67.1463
-67.2269
-67.2828
-67.3114
-66.1268
-66.1501
-66.1957
-66.2618
-66.3455
-66.4434
-66.5512
-66.6643
-66.7779
-66.8868
-66.9864
-67.072
-67.14
-67.1871
-67.2112
-66.2089
-66.2287
-66.2675
-66.3236
-66.3947
-66.4777
-66.5691
-66.665
-66.7612
-66.8534
-66.9376
-67.0101
-67.0675
-67.1073
-67.1277
-66.2774
-66.2942
-66.3273
-66.375
-66.4355
-66.5062
-66.584
-66.6655
-66.7472
-66.8256
-66.8971
-66.9585
-67.0073
-67.041
-67.0583
-66.3341
-66.3485
-66.3768
-66.4176
-66.4694
-66.5298
-66.5962
-66.6658
-66.7356
-66.8025
-66.8635
-66.9159
-66.9574
-66.9862
-67.0009
-66.3808
-66.3932
-66.4175
-66.4527
-66.4972
-66.5491
-66.6062
-66.6661
-66.726
-66.7834
-66.8358
-66.8808
-66.9164
-66.9411
-66.9537
-66.4188
-66.4296
-66.4507
-66.4812
-66.5198
-66.5649
-66.6144
-66.6662
-66.7182
-66.7679
-66.8132
-66.8522
-66.883
-66.9044
-66.9153
-66.4494
-66.4589
-66.4774
-66.5042
-66.538
-66.5775
-66.6209
-66.6664
-66.7119
-66.7554
-66.7951
-66.8292
-66.8562
-66.8749
-66.8845
-66.4735
-66.4819
-66.4983
-66.5222
-66.5523
-66.5874
-66.626
-66.6664
-66.7069
-66.7456
-66.7809
-66.8112
-66.8352
-66.8518
-66.8603
-66.4916
-66.4993
-66.5142
-66.5358
-66.5631
-66.5949
-66.6299
-66.6665
-66.7031
-66.7382
-66.7702
-66.7976
-66.8193
-66.8343
-66.842
-66.5045
-66.5116
-66.5254
-66.5454
-66.5707
-66.6002
-66.6326
-66.6665
-66.7005
-66.7329
-66.7625
-66.7879
-66.808
-66.8219
-66.829
-66.5125
-66.5192
-66.5324
-66.5514
-66.5755
-66.6035
-66.6343
-66.6666
-66.6988
-66.7297
-66.7578
-66.7819
-66.801
-66.8143
-66.821
-66.5158
-66.5224
-66.5353
-66.5539
-66.5774
-66.6049
-66.635
-66.6666
-66.6981
-66.7283
-66.7558
-66.7795
-66.7981
-66.8111
-66.8177
-66.5146
-66.5212
-66.5342
-66.5529
-66.5767
-66.6044
-66.6348
-66.6666
-66.6984
-66.7289
-66.7566
-66.7804
-66.7992
-66.8123
-66.8189
-66.5087
-66.5156
-66.5291
-66.5486
-66.5732
-66.602
-66.6335
-66.6666
-66.6996
-66.7312
-66.7601
-66.7848
-66.8044
-66.8179
-66.8248
-66.498
-66.5054
-66.5198
-66.5406
-66.5669
-66.5976
-66.6313
-66.6665
-66.7018
-66.7356
-66.7664
-66.7928
-66.8137
-66.8281
-66.8355
-66.4823
-66.4903
-66.506
-66.5288
-66.5576
-66.5911
-66.6279
-66.6665
-66.7051
-66.742
-66.7757
-66.8046
-66.8274
-66.8433
-66.8514
-66.4609
-66.4699
-66.4874
-66.5128
-66.5449
-66.5823
-66.6234
-66.6665
-66.7095
-66.7507
-66.7883
-66.8206
-66.8461
-66.8638
-66.8728
-66.4334
-66.4435
-66.4634
-66.4922
-66.5285
-66.5709
-66.6176
-66.6664
-66.7152
-66.762
-66.8046
-66.8412
-66.8702
-66.8903
-66.9005
-66.3988
-66.4104
-66.4332
-66.4662
-66.508
-66.5567
-66.6102
-66.6663
-66.7224
-66.7761
-66.8251
-66.8672
-66.9005
-66.9236
-66.9354
-66.3561
-66.3696
-66.396
-66.4342
-66.4826
-66.539
-66.6011
-66.6661
-66.7312
-66.7935
-66.8504
-66.8992
-66.9379
-66.9647
-66.9784
-66.304
-66.3197
-66.3506
-66.3951
-66.4516
-66.5175
-66.5899
-66.6659
-66.7419
-66.8148
-66.8812
-66.9384
-66.9836
-67.0149
-67.0309
-66.241
-66.2594
-66.2956
-66.3479
-66.4141
-66.4913
-66.5764
-66.6655
-66.7549
-66.8405
-66.9186
-66.9857
-67.0389
-67.0758
-67.0946
-66.1651
-66.1868
-66.2294
-66.2909
-66.3688
-66.4598
-66.56
-66.6651
-66.7704
-66.8713
-66.9635
-67.0428
-67.1056
-67.1491
-67.1714
-66.0742
-66.0998
-66.15
-66.2226
-66.3145
-66.4219
-66.5403
-66.6644
-66.7889
-66.9083
-67.0174
-67.1113
-67.1856
-67.2372
-67.2636
-65.9655
-65.9958
-66.055
-66.1408
-66.2495
-66.3765
-66.5165
-66.6635
-66.811
-66.9525
-67.0819
-67.1932
-67.2815
-67.3428
-67.3741
-65.8358
-65.8716
-65.9416
-66.043
-66.1717
-66.3221
-66.4879
-66.6621
-66.8371
-67.0052
-67.1589
-67.2912
-67.3962
-67.4691
-67.5064
-65.6813
-65.7236
-65.8064
-65.9265
-66.0787
-66.2569
-66.4536
-66.6603
-66.8681
-67.0679
-67.2507
-67.4082
-67.5333
-67.6201
-67.6645
-65.4975
-65.5475
-65.6455
-65.7875
-65.9678
-66.179
-66.4122
-66.6576
-66.9046
-67.1423
-67.36
-67.5478
-67.6969
-67.8005
-67.8535
-65.279
-65.338
-65.4539
-65.6219
-65.8354
-66.0857
-66.3624
-66.6539
-66.9476
-67.2306
-67.4901
-67.7141
-67.8922
-68.0159
-68.0793
-65.0194
-65.0892
-65.2261
-65.4248
-65.6775
-65.974
-66.3023
-66.6487
-66.9981
-67.3352
-67.6447
-67.9123
-68.1253
-68.2733
-68.3492
-64.7114
-64.7938
-64.9554
-65.1902
-65.4891
-65.8403
-66.2298
-66.6413
-67.0571
-67.459
-67.8286
-68.1485
-68.4034
-68.5807
-68.6717
-64.3462
-64.4433
-64.6339
-64.911
-65.2643
-65.6801
-66.1419
-66.6308
-67.1259
-67.6052
-68.0468
-68.4298
-68.7353
-68.9481
-69.0573
-63.9136
-64.0279
-64.2523
-64.5791
-64.9961
-65.4879
-66.0353
-66.616
-67.2055
-67.7776
-68.3058
-68.7648
-69.1316
-69.3874
-69.5188
-63.4018
-63.5359
-63.7998
-64.1844
-64.6761
-65.2572
-65.9055
-66.5952
-67.2972
-67.9804
-68.6129
-69.1638
-69.605
-69.9131
-70.0715
-62.7968
-62.954
-63.2635
-63.7152
-64.2941
-64.9798
-65.747
-66.5658
-67.402
-68.2184
-68.9767
-69.639
-70.1707
-70.5427
-70.7342
-62.0826
-62.2663
-62.6284
-63.1578
-63.8378
-64.6457
-65.5528
-66.5243
-67.5204
-68.4968
-69.4071
-70.2049
-70.8472
-71.2977
-71.5299
-61.2408
-61.4549
-61.8772
-62.4959
-63.2928
-64.2429
-65.3138
-66.4658
-67.6525
-68.8212
-69.9156
-70.8788
-71.657
-72.2042
-72.4867
-60.2505
-60.4989
-60.9896
-61.7102
-62.6415
-63.7561
-65.0184
-66.3833
-67.797
-69.197
-70.5152
-71.6811
-72.6271
-73.2944
-73.6397
-59.0877
-59.3746
-59.9423
-60.7784
-61.8628
-63.1668
-64.6517
-66.2671
-67.9509
-69.6297
-71.2206
-72.6361
-73.7906
-74.6083
-75.0324
-57.7258
-58.0554
-58.7088
-59.6742
-60.9317
-62.4521
-64.1943
-66.1033
-68.1084
-70.1233
-72.0477
-73.7724
-75.1878
-76.1953
-76.7196
-56.1352
-56.5113
-57.2588
-58.3671
-59.818
-61.5833
-63.6211
-65.8727
-68.2591
-70.6798
-73.0134
-75.1233
-76.8683
-78.118
-78.7707
-54.2834
-54.7095
-55.5583
-56.8221
-58.4861
-60.5253
-62.8995
-65.5484
-68.3861
-71.2967
-74.1343
-76.7276
-78.8928
-80.455
-81.2749
-52.1357
-52.6141
-53.5698
-54.9994
-56.8938
-59.2346
-61.9871
-65.0931
-68.4623
-71.9643
-75.4249
-78.6291
-81.3359
-83.3073
-84.3484
-49.6561
-50.1875
-51.2524
-52.8538
-54.9917
-57.6581
-60.8294
-64.4551
-68.4462
-72.6605
-76.8935
-80.8759
-84.2895
-86.8055
-88.1448
-46.8075
-47.3904
-48.5627
-50.3358
-52.7226
-55.7312
-59.356
-63.5636
-68.2749
-73.3438
-78.536
-83.5175
-87.8663
-91.1208
-92.871
-43.5544
-44.1842
-45.4559
-47.3918
-50.0217
-53.3765
-57.4779
-62.3221
-67.8553
-73.9414
-80.3247
-86.5984
-92.2028
-96.4804
-98.8124
-39.864
-40.5326
-41.8879
-43.966
-46.8176
-50.5034
-55.0842
-60.6022
-67.0518
-74.3327
-82.1892
-90.144
-97.4605
-103.191
-106.373
-35.7097
-36.4041
-37.8184
-40.0033
-43.0343
-47.0091
-52.0396
-58.2355
-65.6709
-74.3241
-83.9853
-94.1327
-103.82
-111.67
-116.143
-31.0734
-31.7761
-33.2139
-35.4532
-38.5959
-42.7817
-48.1857
-55.0083
-63.4442
-73.6155
-85.4434
-98.4411
-111.454
-122.494
-129.02
-25.9495
-26.6379
-28.0533
-30.2759
-33.4334
-37.7084
-43.3469
-50.6606
-60.0123
-71.7565
-86.0892
-102.739
-120.457
-136.453
-146.428
-20.3479
-20.9951
-22.3323
-24.4498
-27.4951
-31.6886
-37.3449
-44.8979
-54.9191
-68.0999
-85.1257
-106.294
-130.655
-154.592
-170.762
-14.2973
-14.8736
-16.07
-17.9798
-20.7598
-24.6532
-30.026
-37.4214
-47.6318
-61.773
-81.2852
-107.633
-141.148
-178.124
-206.324
-7.84688
-8.32201
-9.31254
-10.9058
-13.2517
-16.5908
-21.3029
-27.9902
-37.615
-51.7165
-72.698
-103.993
-149.237
-207.75
-261.468
-1.06706
-1.41299
-2.13702
-3.30969
-5.05442
-7.57524
-11.2084
-16.5193
-24.4896
-36.8824
-56.9489
-90.6651
-148.112
-240.703
-353.915
5.95241
5.75801
5.3495
4.68318
3.68135
2.21227
0.0507447
-3.20229
-8.29358
-16.7196
-31.7209
-60.8579
-122.58
-259.334
-524.98
13.1062
13.0771
13.0145
12.9085
12.741
12.4801
12.0673
11.3907
10.2176
8.00859
3.32315
-8.42225
-44.9413
-188.455
-880.516
20.2796
20.4188
20.7088
21.1758
21.865
22.8527
24.2662
26.3277
29.4474
34.4558
43.2693
61.2169
106.998
263.362
968.794
27.3556
27.6549
28.2797
29.2879
30.7811
32.9287
36.0144
40.5288
47.3645
58.2595
76.8716
111.526
182.143
333.877
622.565
34.2229
34.6641
35.5836
37.0626
39.242
42.3524
46.7695
53.1166
62.4615
76.7031
99.3327
136.858
200.955
309.282
476.832
56.3621
22.9741
9.57254
2.63606
-1.56607
-4.35178
-6.2994
-7.70606
-8.74159
-9.51024
-10.0792
-10.493
-10.7814
-10.9639
-11.0523
35.6251
21.808
11.7135
5.14163
0.769328
-2.25589
-4.42035
-6.00681
-7.18721
-8.07079
-8.72931
-9.21093
-9.54809
-9.76214
-9.8661
24.483
18.0565
11.408
6.11965
2.16925
-0.757717
-2.94265
-4.58946
-5.83888
-6.78754
-7.50217
-8.02909
-8.40018
-8.63677
-8.75195
17.8033
14.459
10.158
6.16843
2.85842
0.225162
-1.8386
-3.44802
-4.69935
-5.66672
-6.4053
-6.95536
-7.34558
-7.59561
-7.71769
13.4458
11.5257
8.69142
5.74525
3.0776
0.812553
-1.05005
-2.55521
-3.75694
-4.7047
-5.43928
-5.99253
-6.38825
-6.64321
-6.7681
10.4215
9.2271
7.3025
5.12858
3.01714
1.12046
-0.509728
-1.87307
-2.99087
-3.89067
-4.59911
-5.13904
-5.52858
-5.78106
-5.90516
8.22659
7.43545
6.08664
4.46844
2.80752
1.2433
-0.154705
-1.36144
-2.37616
-3.20948
-3.8759
-4.38991
-4.76404
-5.00799
-5.12832
6.58097
6.03098
5.05779
3.83791
2.53071
1.25068
0.0674918
-0.983123
-1.88739
-2.64414
-3.25848
-3.73787
-4.08983
-4.32071
-4.43499
5.31719
4.92035
4.20017
3.26798
2.235
1.19081
0.19762
-0.706427
-1.50104
-2.17768
-2.73475
-3.17427
-3.49965
-3.71433
-3.82096
4.32895
4.03418
3.48973
2.76799
1.94706
1.09549
0.265842
-0.505718
-1.1966
-1.79421
-2.29261
-2.6899
-2.98631
-3.18295
-3.28094
3.54534
3.32136
2.90236
2.33687
1.68036
0.984952
0.293719
-0.361029
-0.956924
-1.47962
-1.92066
-2.27554
-2.54222
-2.72004
-2.80891
2.91724
2.74393
2.41667
1.96891
1.44064
0.871499
0.296255
-0.257204
-0.768064
-1.22172
-1.60852
-1.92239
-2.15982
-2.31886
-2.39857
2.40944
2.27339
2.01464
1.65685
1.2293
0.762272
0.283659
-0.182957
-0.618917
-1.01025
-1.34698
-1.62232
-1.83182
-1.97275
-2.04356
1.99609
1.88802
1.68136
1.39321
1.04535
0.66108
0.262728
-0.129997
-0.500754
-0.836677
-1.12808
-1.36794
-1.55141
-1.6753
-1.73769
1.65777
1.5711
1.40464
1.17102
0.88667
0.569661
0.237885
-0.0922912
-0.406774
-0.694013
-0.944939
-1.15271
-1.31237
-1.42054
-1.47512
1.37962
1.30956
1.17454
0.984056
0.750657
0.48849
0.211929
-0.0654824
-0.331708
-0.576558
-0.791762
-0.970869
-1.10907
-1.20297
-1.25044
1.15011
1.0931
0.982946
0.826878
0.634612
0.417309
0.18656
-0.0464406
-0.271482
-0.479684
-0.663641
-0.817427
-0.936509
-1.01763
-1.05871
0.960183
0.91354
0.823224
0.694825
0.535947
0.355461
0.162752
-0.0329254
-0.222946
-0.399639
-0.556464
-0.688074
-0.7903
-0.860098
-0.895485
0.802629
0.764296
0.689937
0.583929
0.452281
0.302095
0.141004
-0.0233379
-0.183663
-0.333387
-0.466791
-0.579119
-0.6666
-0.726448
-0.756826
0.671686
0.640059
0.578621
0.490832
0.381483
0.256299
0.121511
-0.0165394
-0.15174
-0.278464
-0.39175
-0.487409
-0.562082
-0.613253
-0.639254
0.562697
0.536516
0.485597
0.412701
0.321677
0.217168
0.104282
-0.0117199
-0.125701
-0.232869
-0.328944
-0.410269
-0.473877
-0.51753
-0.53973
0.471882
0.450145
0.407828
0.347152
0.271233
0.183853
0.0892162
-0.00830403
-0.104391
-0.194974
-0.276377
-0.345426
-0.399524
-0.436697
-0.455617
0.396156
0.37806
0.342804
0.292186
0.228743
0.155574
0.0761516
-0.00588337
-0.0869024
-0.163452
-0.232385
-0.290961
-0.336921
-0.368535
-0.384636
0.332991
0.317889
0.288443
0.246122
0.193003
0.131637
0.0649002
-0.00416815
-0.0725165
-0.137217
-0.195582
-0.245253
-0.284275
-0.311141
-0.324832
0.28031
0.267673
0.24302
0.207555
0.162988
0.111428
0.0552672
-0.0029529
-0.0606627
-0.115381
-0.164814
-0.206939
-0.240067
-0.262893
-0.274531
0.236402
0.225798
0.205101
0.175306
0.137826
0.0944133
0.0470633
-0.00209193
-0.0508857
-0.0972135
-0.139119
-0.174869
-0.203009
-0.222412
-0.232308
0.199855
0.190928
0.173499
0.148392
0.116782
0.0801318
0.0401126
-0.00148199
-0.0428204
-0.0821154
-0.117698
-0.148082
-0.172017
-0.18853
-0.196955
0.169505
0.161961
0.147227
0.125991
0.0992362
0.0681891
0.0342553
-0.00104991
-0.0361736
-0.0695943
-0.0998853
-0.125772
-0.146177
-0.160262
-0.16745
0.144391
0.137984
0.125469
0.107421
0.0846702
0.05825
0.02935
-0.000743847
-0.0307091
-0.0592456
-0.0851301
-0.107266
-0.124725
-0.136781
-0.142935
0.123724
0.118249
0.10755
0.0921168
0.0726511
0.0500324
0.0252735
-0.000527073
-0.0262365
-0.0507378
-0.072977
-0.0920067
-0.107023
-0.117396
-0.122693
0.106857
0.102139
0.0929179
0.0796114
0.0628208
0.0433002
0.0219201
-0.000373569
-0.0226027
-0.0438002
-0.0630518
-0.0795333
-0.0925444
-0.101535
-0.106126
0.093266
0.089156
0.0811215
0.0695245
0.0548856
0.0378589
0.0192008
-0.00026491
-0.0196848
-0.0382134
-0.0550494
-0.0694691
-0.0808566
-0.0887274
-0.0927478
0.0825277
0.0788969
0.0717981
0.0615492
0.0486079
0.03355
0.0170422
-0.000188051
-0.0173858
-0.0338016
-0.0487241
-0.0615099
-0.07161
-0.0785926
-0.0821598
0.0743099
0.0710451
0.0646613
0.0554428
0.0437995
0.0302475
0.0153851
-0.000133768
-0.0156295
-0.0304265
-0.0438822
-0.0554149
-0.0645275
-0.0708287
-0.0740482
0.0683583
0.0653585
0.0594923
0.0510197
0.0403162
0.0278545
0.0141838
-9.55425e-05
-0.0143583
-0.0279823
-0.0403752
-0.0509998
-0.0593967
-0.0652039
-0.0681713
0.064489
0.0616618
0.0561324
0.0481453
0.0380532
0.0263008
0.0134048
-6.87872e-05
-0.0135305
-0.0263928
-0.0380957
-0.048131
-0.0560636
-0.0615505
-0.0643544
0.0625823
0.0598407
0.0544786
0.0467323
0.0369428
0.0255408
0.013027
-5.02898e-05
-0.0131188
-0.0256081
-0.0369739
-0.0467217
-0.0544283
-0.0597594
-0.0624839
0.0625787
0.0598389
0.0544799
0.0467374
0.0369518
0.0255527
0.0130402
-3.78301e-05
-0.0131093
-0.0256034
-0.0369752
-0.0467295
-0.0544421
-0.0597777
-0.0625047
0.064477
0.0616553
0.0561358
0.0481609
0.0380808
0.0263376
0.0134459
-2.99125e-05
-0.0135005
-0.0263776
-0.0380993
-0.0481547
-0.0561058
-0.0616069
-0.0644185
0.0683342
0.0653444
0.0594961
0.0510458
0.0403643
0.0279197
0.0142571
-2.55867e-05
-0.0143039
-0.027954
-0.0403801
-0.0510405
-0.0594705
-0.065303
-0.0682841
0.0742668
0.0710179
0.0646626
0.0554797
0.0438718
0.0303474
0.0154988
-2.43338e-05
-0.0155432
-0.0303799
-0.0438868
-0.0554746
-0.0646383
-0.0709785
-0.0742192
0.0824547
0.0788478
0.0717921
0.061597
0.0487096
0.0336943
0.0172087
-2.60037e-05
-0.0172562
-0.0337291
-0.0487256
-0.0615916
-0.0717661
-0.0788057
-0.0824039
0.0931466
0.0890718
0.0811009
0.0695834
0.0550245
0.0380619
0.0194385
-3.07974e-05
-0.0194948
-0.0381031
-0.0550435
-0.069577
-0.0810701
-0.089022
-0.0930864
0.106667
0.102
0.0928716
0.0796813
0.0630079
0.0435824
0.0222556
-3.92909e-05
-0.0223274
-0.043635
-0.0630322
-0.079673
-0.0928323
-0.101937
-0.10659
0.123428
0.118027
0.107462
0.092197
0.072902
0.0504229
0.0257447
-5.25046e-05
-0.0258406
-0.0504932
-0.0729344
-0.092186
-0.107409
-0.117942
-0.123325
0.143937
0.137638
0.125315
0.10751
0.0850064
0.0587901
0.0300106
-7.20256e-05
-0.0301422
-0.0588864
-0.0850509
-0.107495
-0.125243
-0.137521
-0.143797
0.168821
0.16143
0.146973
0.126086
0.0996879
0.0689365
0.035181
-0.000100198
-0.0353641
-0.0690706
-0.0997498
-0.126065
-0.146873
-0.161268
-0.168625
0.198835
0.190127
0.173095
0.148489
0.117391
0.0811685
0.0414107
-0.000140406
-0.0416672
-0.0813564
-0.117478
-0.148459
-0.172954
-0.1899
-0.19856
0.234894
0.224603
0.204475
0.175398
0.138652
0.0958547
0.0488852
-0.000197478
-0.049246
-0.096119
-0.138774
-0.175356
-0.204277
-0.224283
-0.234507
0.278097
0.265907
0.242067
0.20763
0.164114
0.113437
0.0578267
-0.000278267
-0.0583351
-0.11381
-0.164286
-0.207572
-0.241789
-0.265457
-0.277552
0.329762
0.3153
0.287016
0.246164
0.194548
0.134445
0.0684997
-0.000392475
-0.0692168
-0.13497
-0.19479
-0.246082
-0.286624
-0.314665
-0.328994
0.391466
0.374287
0.340691
0.29217
0.230873
0.159507
0.0812188
-0.000553816
-0.0822307
-0.160248
-0.231215
-0.292055
-0.340138
-0.373391
-0.390383
0.465097
0.44467
0.404728
0.347046
0.274187
0.189376
0.0963565
-0.000781663
-0.0977847
-0.190422
-0.27467
-0.346883
-0.403946
-0.443406
-0.463568
0.552907
0.528602
0.481079
0.412459
0.325798
0.224943
0.114353
-0.00110337
-0.116369
-0.22642
-0.32648
-0.412228
-0.479975
-0.526817
-0.550749
0.65759
0.628652
0.572075
0.490395
0.387263
0.267268
0.135729
-0.00155758
-0.138575
-0.269353
-0.388225
-0.49007
-0.570518
-0.626132
-0.654543
0.782362
0.747889
0.680498
0.583224
0.460432
0.317608
0.161094
-0.00219881
-0.165112
-0.32055
-0.461791
-0.582765
-0.678299
-0.744331
-0.778061
0.931066
0.889978
0.809666
0.693768
0.547509
0.37745
0.191166
-0.00310406
-0.196837
-0.381604
-0.549428
-0.693119
-0.806562
-0.884955
-0.924993
1.10829
1.0593
0.963539
0.825388
0.651109
0.448554
0.226781
-0.00438202
-0.234788
-0.454419
-0.653817
-0.824472
-0.959157
-1.0522
-1.09972
1.31954
1.26107
1.14684
0.982089
0.774337
0.533
0.268915
-0.0061861
-0.280218
-0.541279
-0.77816
-0.980796
-1.14066
-1.25106
-1.30743
1.57136
1.50157
1.36522
1.16864
0.920879
0.633239
0.318696
-0.00873288
-0.334652
-0.644926
-0.926277
-1.16681
-1.35648
-1.48743
-1.55428
1.87164
1.78826
1.62541
1.39072
1.09511
0.752153
0.377423
-0.0123281
-0.399948
-0.768652
-1.10273
-1.38814
-1.61308
-1.76831
-1.84752
2.22982
2.13011
1.93546
1.6551
1.3022
0.893126
0.446578
-0.0174032
-0.478376
-0.916419
-1.31295
-1.65146
-1.91806
-2.10195
-2.19576
2.6572
2.53788
2.30502
1.96983
1.54828
1.06012
0.527834
-0.0245673
-0.572723
-1.093
-1.56347
-1.9647
-2.28045
-2.49812
-2.60913
3.16742
3.02447
2.74561
2.34453
1.84059
1.25774
0.623057
-0.0346801
-0.686423
-1.30416
-1.86204
-2.33729
-2.71093
-2.96834
-3.09956
3.77689
3.60539
3.27106
2.79061
2.18769
1.49134
0.734282
-0.0489545
-0.823732
-1.55688
-2.21797
-2.7804
-3.22211
-3.52616
-3.68107
4.50541
4.29936
3.89795
3.32173
2.59964
1.76709
0.863676
-0.0691025
-0.989945
-1.85961
-2.6424
-3.30732
-3.82885
-4.1875
-4.37013
5.37696
5.12896
4.6462
3.95409
3.08827
2.09204
1.01345
-0.0975389
-1.19169
-2.22265
-3.14866
-3.93378
-4.54866
-4.97104
-5.18597
6.42068
6.12154
5.53978
4.70705
3.66744
2.47416
1.18572
-0.13767
-1.4373
-2.65854
-3.75273
-4.67843
-5.40211
-5.89858
-6.15101
7.67207
7.31031
6.6076
5.60361
4.35329
2.92233
1.38224
-0.194299
-1.73733
-3.18264
-4.47378
-5.5633
-6.4133
-6.99552
-7.29128
9.1746
8.73577
7.88457
6.67117
5.16454
3.44626
1.60406
-0.274196
-2.10521
-3.81375
-5.33479
-6.61446
-7.61038
-8.29133
-8.63686
10.9818
10.4475
9.413
7.94229
6.1227
4.05623
1.85088
-0.386895
-2.55811
-4.57505
-6.36334
-7.86261
-9.02611
-9.81998
-10.2223
13.1598
12.5066
11.2442
9.45561
7.25225
4.76258
2.12022
-0.545815
-3.11812
-5.49507
-7.59255
-9.34384
-10.6984
-11.6204
-12.087
15.7914
14.9884
13.4408
11.2568
8.58055
5.57493
2.40597
-0.76982
-3.81375
-6.60912
-9.0621
-11.1004
-12.671
-13.7371
-14.2756
18.9804
17.9873
16.0791
13.3998
10.1375
6.50063
2.69644
-1.08539
-4.68196
-7.96086
-10.8195
-13.1818
-14.9939
-16.2199
-16.838
22.859
21.6213
19.2529
15.9475
11.9544
7.54249
2.97133
-1.52959
-5.77071
-9.60438
-12.9214
-15.645
-17.7236
-19.1247
-19.8294
27.5967
26.0405
23.077
18.9727
14.0619
8.69488
3.19742
-2.15419
-7.14235
-11.6066
-15.4354
-18.556
-20.9237
-22.5128
-23.3101
33.4148
31.4367
27.6931
22.5578
16.486
9.93779
3.32218
-3.03118
-8.87778
-14.0498
-18.441
-21.9897
-24.6641
-26.4505
-27.3442
40.6063
38.0586
33.2755
26.7928
19.2408
11.2274
3.26476
-4.26005
-11.0816
-17.0353
-22.0315
-26.0302
-29.021
-31.0079
-31.9987
49.5665
46.2324
40.0377
31.7703
22.3158
12.4817
2.90323
-5.97729
-13.8879
-20.6855
-26.3144
-30.7703
-34.0748
-36.2567
-37.3408
60.8416
56.3924
48.2388
37.5718
25.6543
13.5582
2.05699
-8.3681
-17.4669
-25.1472
-31.4115
-36.3098
-39.9078
-42.2676
-43.4352
75.2059
69.1242
58.185
44.2413
29.1164
14.2215
0.463431
-11.6799
-22.0308
-30.592
-37.4569
-42.7517
-46.6004
-49.1058
-50.3401
93.7928
85.2286
70.217
51.7306
32.4186
14.0952
-2.25146
-16.2363
-27.8376
-37.2145
-44.5924
-50.1975
-54.2252
-56.8262
-58.1015
118.326
105.809
84.6613
59.7928
35.0338
12.596
-6.60639
-22.4479
-35.1887
-45.225
-52.9585
-58.7381
-62.8402
-65.4667
-66.748
151.551
132.383
101.688
67.7783
36.0368
8.84973
-13.2951
-30.8124
-44.4177
-54.8344
-62.6811
-68.4429
-72.4794
-75.0406
-76.2835
198.084
166.961
120.947
74.2573
33.8766
1.60172
-23.197
-41.8933
-55.8604
-66.2282
-73.8508
-79.3454
-83.1424
-85.5293
-86.6812
266.229
211.877
140.675
76.3542
26.0872
-10.8383
-37.3365
-56.2576
-69.8021
-79.5277
-86.4978
-91.4259
-94.7839
-96.8746
-97.878
372.115
268.494
155.622
68.691
9.0327
-30.5196
-56.7375
-74.3549
-86.3949
-94.74
-100.562
-104.596
-107.305
-108.974
-109.77
549.956
331.532
152.552
42.0877
-21.984
-59.4608
-82.1106
-96.3246
-105.553
-111.703
-115.867
-118.686
-120.546
-121.678
-122.215
879.476
367.174
101.901
-16.7334
-71.469
-98.6976
-113.341
-121.756
-126.847
-130.046
-132.105
-133.44
-134.291
-134.796
-135.031
1564.75
231.265
-50.5833
-119.929
-140.056
-146.673
-148.896
-149.493
-149.454
-149.179
-148.843
-148.529
-148.275
-148.099
-148.009
41.439
42.0079
43.1895
45.0787
47.8367
51.7193
57.1246
64.6717
75.3262
90.5823
112.66
144.425
187.857
236.982
252.742
48.7409
49.4052
50.7781
52.9536
56.0868
60.4134
66.2774
74.1681
84.7568
98.9002
117.508
141.009
167.872
191.472
196.954
55.3771
56.0926
57.5628
59.8693
63.142
67.5684
73.4017
80.9646
90.6309
102.752
117.459
134.231
151.146
164.076
167.367
61.2962
62.0238
63.5098
65.8172
69.0421
73.3147
78.7944
85.6556
94.0484
104.017
115.343
127.305
138.403
146.317
148.696
66.4863
67.195
68.634
70.8459
73.893
77.8519
82.8036
88.8127
95.8885
103.922
112.589
121.241
128.842
134.09
135.886
70.9661
71.6343
72.9835
75.0381
77.8305
81.3944
85.7533
90.9006
96.7695
103.192
109.847
116.225
121.632
125.312
126.692
74.776
75.3908
76.6261
78.491
80.9949
84.1402
87.9124
92.2642
97.0949
102.227
107.382
112.177
116.147
118.834
119.907
77.9692
78.5253
79.6374
81.3034
83.5162
86.2575
89.4901
93.1466
97.1168
101.235
105.275
108.95
111.945
113.966
114.81
80.6045
81.102
82.0929
83.5673
85.5073
87.882
90.6422
93.7133
96.9881
100.321
103.53
106.401
108.714
110.272
110.942
82.7405
83.1836
84.063
85.364
87.0619
89.1193
91.4818
94.0747
96.7988
99.5298
102.12
104.409
106.237
107.465
108.002
84.4315
84.8271
85.6097
86.7619
88.2554
90.0496
92.0894
94.303
96.6009
98.8767
101.011
102.877
104.356
105.347
105.782
85.7252
86.0816
86.7851
87.8165
89.1462
90.7325
92.5214
94.4452
96.4233
98.3636
100.166
101.731
102.962
103.783
104.142
86.6606
86.9872
87.6307
88.5712
89.7783
91.211
92.8165
94.5313
96.2817
97.9861
99.5587
100.915
101.976
102.681
102.984
87.2675
87.5741
88.1774
89.0572
90.1832
91.5146
93.0004
94.5798
96.1841
97.7384
99.1657
100.391
101.346
101.977
102.245
87.5659
87.8625
88.4456
89.2951
90.3807
91.6619
93.0886
94.6016
96.1345
97.6159
98.9728
100.135
101.039
101.634
101.885
193.099
181.104
168.173
137.015
121.242
98.6114
82.9826
51.0308
70.4874
75.9026
77.9222
79.03
81.2227
83.2497
88.949
86.8349
74.235
68.255
60.1433
55.6677
48.8187
42.8028
28.2087
40.9006
45.5147
49.8096
52.685
58.1646
62.4463
72.0923
73.2744
67.7356
65.011
60.7478
58.1559
53.474
48.0853
32.7588
50.218
57.5685
66.2769
72.1955
83.422
91.5459
108.719
111.599
104.263
100.663
94.8849
91.1741
84.2058
75.4712
50.1755
78.3656
89.461
101.379
108.421
120.622
128.489
144.38
143.769
126.089
117.154
103.735
95.8159
82.8163
71.245
43.4556
65.2232
71.8602
75.9327
77.4756
79.7089
80.8188
84.1383
80.5986
66.7209
59.8419
51.9637
47.6729
44.8558
36.9509
17.6289
55.0075
35.4356
-51.9577
-130.366
-284.084
-707.399
-2074.06
179.832
166.368
152.476
135.068
119.779
104.417
91.1178
79.0638
79.0189
79.9345
80.5433
80.9914
81.618
82.1724
82.5171
80.023
74.3811
69.0433
63.5525
58.7795
53.9025
49.4075
45.3336
47.5426
50.2125
53.0572
55.889
59.2932
62.6886
66.3418
67.3784
65.9078
64.0021
61.5946
59.2353
56.4444
53.5705
51.0644
56.0476
61.587
67.7034
73.7984
80.947
87.8199
95.0189
97.7893
96.4694
94.181
90.934
87.4691
83.0755
78.1756
73.5061
80.6802
88.1652
95.7402
102.413
109.441
115.24
120.225
119.203
112.116
104.361
95.4113
86.8866
77.4407
68.1379
59.0041
60.7358
62.5517
63.5662
63.5583
62.9845
61.5149
59.0364
53.4269
44.3436
35.2234
25.5522
15.7236
4.59595
-10.0049
-28.7621
-46.3083
-89.3697
-168.811
-282.65
-464.025
-763.773
-1187.17
161.081
152.245
141.84
130.07
118.417
107.25
97.4588
89.8025
86.1661
84.4069
83.3948
82.6944
82.116
81.3961
80.1719
77.7428
74.0883
70.0509
65.9273
62.0402
58.4354
55.4052
53.4107
53.5201
54.658
56.3225
58.2681
60.4336
62.5587
64.3583
65.0917
64.7056
63.7149
62.3709
60.9355
59.5331
58.5252
58.5846
61.0752
64.7735
69.1596
73.8825
78.8677
83.6227
87.6945
89.868
90.0683
89.0778
87.2951
85.0997
82.6724
80.5469
79.7807
82.5454
86.7383
91.3988
95.8916
100.026
103.162
104.718
103.367
99.1039
93.2868
86.4735
79.2825
71.8577
64.7867
58.9051
56.1266
54.3966
52.6711
50.4551
47.5492
43.6636
38.4425
31.2571
22.019
11.3985
-0.632807
-14.3547
-30.6622
-50.9749
-76.8963
-110.881
-161.786
-236.128
-337.678
-473.504
-642.082
-802.577
145.897
140.381
133.166
124.901
116.355
108.1
100.724
94.751
90.6088
87.8021
85.7962
84.2207
82.8166
81.3451
79.5604
77.2262
74.3458
71.1815
67.9608
64.8935
62.1402
59.9108
58.4573
58.016
58.3443
59.1823
60.3296
61.6314
62.8968
63.909
64.4161
64.3729
63.9354
63.2777
62.587
62.0529
61.9421
62.6027
64.3628
66.9682
70.1297
73.5876
77.1185
80.4075
83.1019
84.7865
85.3801
85.1136
84.249
83.0624
81.8331
80.9592
80.9691
82.3523
84.6365
87.2973
89.885
92.0453
93.358
93.3966
91.7218
88.328
83.6455
78.0779
72.014
65.7639
59.7218
54.3368
50.0067
46.2341
42.4819
38.3447
33.5244
27.7348
20.6771
12.0431
1.68523
-10.3945
-24.383
-40.7092
-60.152
-83.8671
-113.417
-151.087
-200.452
-264.264
-343.344
-435.81
-532.019
-607.515
134.473
130.958
126.003
120.134
113.872
107.68
101.969
97.0612
93.127
90.0429
87.5763
85.4989
83.6131
81.7437
79.7391
77.4949
75.0113
72.3921
69.7726
67.2937
65.0896
63.298
62.0457
61.4026
61.2956
61.5958
62.1677
62.8806
63.5984
64.1861
64.5318
64.6071
64.4721
64.2308
64.0122
63.9619
64.2472
65.0363
66.432
68.3609
70.6716
73.1862
75.716
78.0471
79.962
81.2741
81.929
82.009
81.665
81.0847
80.4806
80.0973
80.1784
80.8601
81.9906
83.2995
84.4922
85.2836
85.3871
84.5402
82.5505
79.4065
75.2772
70.3956
65.0126
59.3693
53.71
48.2485
43.0833
38.0417
32.8466
27.2174
20.8954
13.6317
5.18145
-4.68825
-16.1688
-29.4385
-44.7664
-62.5748
-83.4887
-108.355
-138.244
-174.448
-218.309
-270.408
-329.729
-392.718
-451.775
-494.752
125.923
123.606
120.156
115.929
111.288
106.567
102.055
97.9682
94.4195
91.3933
88.7947
86.5
84.3848
82.3359
80.2617
78.1072
75.8708
73.6022
71.3807
69.2973
67.4442
65.9077
64.7557
64.0165
63.6599
63.617
63.8017
64.1221
64.4862
64.8108
65.0357
65.1432
65.161
65.1503
65.1939
65.3865
65.8259
66.5953
67.7324
69.2027
70.9186
72.7618
74.5981
76.285
77.6884
78.707
79.3041
79.5134
79.4197
79.1399
78.8089
78.5649
78.5216
78.7201
79.0863
79.4679
79.6755
79.5112
78.7833
77.3282
75.0398
71.9025
67.9911
63.4342
58.3848
52.9971
47.4125
41.7327
35.9814
30.0699
23.8362
17.0875
9.62236
1.23751
-8.27002
-19.0996
-31.446
-45.5181
-61.577
-79.9674
-101.133
-125.608
-153.977
-186.781
-224.3
-266.152
-310.829
-355.281
-394.681
-423.025
119.467
117.885
115.424
112.319
108.817
105.151
101.527
98.0987
94.958
92.1265
89.5739
87.2414
85.0598
82.9632
80.8987
78.8363
76.7755
74.7437
72.7886
70.9682
69.3418
67.963
66.8704
66.0783
65.5713
65.3098
65.2394
65.2995
65.4299
65.5781
65.7079
65.8072
65.8897
65.9907
66.16
66.4544
66.9286
67.6234
68.5517
69.6897
70.9809
72.3462
73.6939
74.9296
75.9675
76.7452
77.236
77.4527
77.4408
77.2674
77.0101
76.7422
76.5152
76.3369
76.1586
75.8851
75.393
74.549
73.2251
71.315
68.7499
65.512
61.6331
57.1812
52.243
46.9076
41.2512
35.3194
29.1098
22.5616
15.5672
7.98899
-0.326214
-9.53989
-19.8174
-31.3262
-44.2377
-58.7356
-75.0294
-93.3625
-114.009
-137.25
-163.321
-192.319
-224.05
-257.824
-292.248
-325.114
-353.501
-374.304
114.547
113.425
111.619
109.281
106.578
103.673
100.714
97.814
95.0499
92.4564
90.0349
87.764
85.6112
83.5428
81.5313
79.5622
77.637
75.7735
74.0017
72.3585
70.8818
69.605
68.5512
67.7286
67.1282
66.7261
66.4881
66.3748
66.347
66.3708
66.4229
66.4942
66.5906
66.7315
66.9448
67.2622
67.7124
68.3139
69.0679
69.9548
70.9351
71.9544
72.9498
73.8574
74.6199
75.195
75.5611
75.7199
75.6928
75.5144
75.2249
74.8593
74.4372
73.9521
73.3665
72.6156
71.6158
70.2763
68.5098
66.2434
63.4278
60.0432
56.0991
51.6273
46.6722
41.2797
35.4857
29.3057
22.7252
15.6958
8.13854
-0.0481519
-8.98085
-18.785
-29.5912
-41.5324
-54.7442
-69.3662
-85.5438
-103.425
-123.148
-144.815
-168.447
-193.915
-220.853
-248.555
-275.907
-301.393
-323.234
-339.728
110.776
109.947
108.577
106.766
104.627
102.274
99.8135
97.3325
94.8942
92.5372
90.2775
88.115
86.0399
84.039
82.1017
80.2235
78.4086
76.6701
75.0285
73.5078
72.1329
70.9248
69.8981
69.0578
68.3985
67.9052
67.5562
67.3259
67.1885
67.1217
67.1093
67.1439
67.2267
67.3668
67.5785
67.8777
68.2773
68.7835
69.3916
70.0842
70.8318
71.5955
72.3308
72.9928
73.541
73.9441
74.1834
74.2535
74.161
73.9202
73.5477
73.0564
72.4484
71.7105
70.8113
69.703
68.3264
66.617
64.5131
61.9615
58.9239
55.3792
51.324
46.7685
41.7307
36.2291
30.2755
23.8682
16.9868
9.58984
1.6163
-7.01094
-16.3802
-26.587
-37.7298
-49.908
-63.2189
-77.7557
-93.6039
-110.834
-129.486
-149.549
-170.926
-193.393
-216.552
-239.786
-262.251
-282.913
-300.662
-314.503
107.886
107.247
106.17
104.722
102.981
101.028
98.9411
96.7876
94.6202
92.4763
90.3788
88.3388
86.3601
84.4425
82.5858
80.7923
79.0688
77.4263
75.8798
74.4464
73.1425
71.9824
70.9756
70.1254
69.4285
68.8756
68.4524
68.1421
67.9274
67.793
67.7271
67.723
67.779
67.8979
68.0854
68.3473
68.6876
69.1053
69.5924
70.1332
70.7043
71.2762
71.8162
72.2908
72.6697
72.9279
73.0478
73.02
72.8416
72.5143
72.0406
71.42
70.6454
69.7
68.556
67.1758
65.5147
63.5249
61.1599
58.3786
55.149
51.4493
47.2685
42.6036
37.4565
31.8288
25.7181
19.113
11.9905
4.31418
-3.96457
-12.9049
-22.5733
-33.0403
-44.3769
-56.6516
-69.927
-84.2553
-99.673
-116.193
-133.79
-152.388
-171.833
-191.874
-212.138
-232.119
-251.186
-268.625
-283.714
-295.837
105.692
105.176
104.296
103.098
101.637
99.9731
98.1634
96.2611
94.3108
92.3472
90.3955
88.4731
86.591
84.757
82.9775
81.2593
79.6109
78.0429
76.5674
75.197
73.944
72.8182
71.8263
70.971
70.2503
69.6581
69.1849
68.8194
68.5497
68.3645
68.2549
68.2144
68.2396
68.3293
68.4837
68.703
68.9854
69.3258
69.7148
70.1374
70.5743
71.0018
71.3943
71.7255
71.971
72.1094
72.1238
72.002
71.7354
71.3179
70.7436
70.0042
69.0873
67.9742
66.6395
65.0518
63.1753
60.9721
58.4051
55.4405
52.0499
48.2114
43.9092
39.1326
33.8734
28.1237
21.8723
15.1028
7.79139
-0.0939302
-8.5926
-17.7502
-27.6161
-38.2406
-49.6721
-61.9533
-75.1176
-89.1845
-104.154
-119.998
-136.652
-154.004
-171.88
-190.031
-208.13
-225.766
-242.464
-257.715
-271.032
-282.009
104.063
103.626
102.878
101.851
100.586
99.1259
97.5172
95.8022
94.0189
92.1992
90.3688
88.5478
86.7513
84.9918
83.2795
81.6243
80.0361
78.5252
77.1023
75.7777
74.561
73.4599
72.4794
71.6218
70.886
70.268
69.7612
69.3578
69.049
68.8262
68.682
68.6102
68.6062
68.6663
68.7876
68.9666
69.1983
69.4754
69.7873
70.1201
70.4565
70.7767
71.0593
71.2824
71.4251
71.4681
71.3948
71.1911
70.8452
70.3461
69.6829
68.8429
67.8106
66.5663
65.0862
63.3427
61.3053
58.942
56.2217
53.1147
49.5951
45.6405
41.2325
36.3557
30.9963
25.1404
18.7723
11.8729
4.41859
-3.61876
-12.2716
-21.5752
-31.5658
-42.2783
-53.7429
-65.9822
-79.0072
-92.8129
-107.373
-122.634
-138.507
-154.864
-171.526
-188.262
-204.784
-220.76
-235.82
-249.589
-261.717
-271.921
102.909
102.522
101.86
100.946
99.8116
98.4915
97.0224
95.4401
93.7778
92.0651
90.3273
88.5854
86.8571
85.1571
83.4981
81.8917
80.3487
78.8795
77.4942
76.2018
75.0105
73.9266
72.9544
72.0961
71.351
70.7164
70.1877
69.7589
69.4232
69.1737
69.0038
68.9073
68.8791
68.9141
69.0073
69.1531
69.3448
69.5736
69.8286
70.0962
70.3607
70.6045
70.8087
70.954
71.0214
70.993
70.8522
70.5839
70.1741
69.6092
68.8754
67.9573
66.8378
65.4966
63.9111
62.0557
59.9032
57.4253
54.5939
51.3823
47.7656
43.7216
39.2301
34.2731
28.8336
22.8943
16.4371
9.4417
1.88534
-6.25725
-15.0132
-24.4104
-34.4756
-45.2322
-56.6972
-68.8786
-81.7713
-95.3533
-109.581
-124.385
-139.664
-155.282
-171.065
-186.796
-202.224
-217.069
-231.032
-243.821
-255.169
-264.864
102.171
101.813
101.202
100.357
99.3031
98.07
96.6889
95.1914
93.6077
91.9656
90.2899
88.6021
86.9207
85.2618
83.6395
82.0663
80.5537
79.112
77.751
76.4792
75.304
74.2311
73.2645
72.406
71.6556
71.0112
70.4692
70.0248
69.6722
69.4055
69.2184
69.1051
69.0598
69.0768
69.1499
69.2725
69.4366
69.633
69.8503
70.0755
70.2936
70.4881
70.6417
70.7363
70.7544
70.6784
70.4919
70.1792
69.725
69.1145
68.3319
67.3607
66.1827
64.7777
63.1234
61.1955
58.9686
56.4164
53.5127
50.2322
46.5508
42.4461
37.8973
32.8849
27.3899
21.3936
14.8766
7.81813
0.196219
-8.01234
-16.8312
-26.2834
-36.3894
-47.165
-58.619
-70.7495
-83.5415
-96.9621
-110.958
-125.45
-140.33
-155.462
-170.673
-185.763
-200.502
-214.643
-227.932
-240.123
-250.997
-260.382
101.81
101.466
100.879
100.067
99.0512
97.8598
96.5212
95.0651
93.5201
91.9131
90.2685
88.6079
86.9504
85.3125
83.7089
82.1525
80.655
79.227
77.878
76.6163
75.449
74.3815
73.4176
72.5592
71.8063
71.1574
70.6091
70.1572
69.7965
69.5213
69.3257
69.2039
69.1498
69.1573
69.22
69.3307
69.4809
69.661
69.8596
70.0638
70.259
70.4294
70.5581
70.6278
70.6213
70.5216
70.3121
69.9768
69.5
68.866
68.0586
67.0607
65.8534
64.4166
62.7283
60.7647
58.5013
55.9125
52.9732
49.6585
45.9447
41.8095
37.2315
32.1908
26.6676
20.6425
14.0954
7.00576
-0.648152
-8.88844
-17.737
-27.2145
-37.3382
-48.1203
-59.5654
-71.667
-84.4049
-97.7414
-111.618
-125.952
-140.633
-155.523
-170.454
-185.232
-199.638
-213.442
-226.409
-238.316
-248.967
-258.205
-2054.3
-721.573
-380.644
-271.04
-225.82
-202.802
-189.245
-180.488
-174.5
-170.269
-167.238
-165.08
-163.596
-162.664
-162.214
-1181.42
-769.228
-509.379
-371.499
-297.176
-254.568
-228.461
-211.529
-200.065
-192.075
-186.43
-182.459
-179.755
-178.069
-177.259
-810.188
-664.536
-516.136
-408.398
-336.813
-289.828
-258.498
-237.101
-222.151
-211.533
-203.945
-198.57
-194.894
-192.596
-191.491
-619.242
-562.582
-482.226
-409.138
-351.844
-309.429
-278.599
-256.22
-239.902
-227.959
-219.243
-212.978
-208.651
-205.929
-204.614
-506.956
-484.315
-441.04
-394.076
-351.992
-317.439
-290.245
-269.276
-253.273
-241.156
-232.086
-225.446
-220.799
-217.851
-216.42
-434.671
-426.674
-403.536
-374.13
-344.604
-318.084
-295.663
-277.362
-262.755
-251.302
-242.496
-235.918
-231.246
-228.253
-226.791
-385.214
-384.169
-372.292
-354.3
-334.203
-314.626
-296.957
-281.749
-269.079
-258.797
-250.675
-244.48
-240.012
-237.119
-235.697
-349.968
-352.488
-347.157
-336.57
-323.278
-309.254
-295.786
-283.594
-273.01
-264.129
-256.924
-251.312
-247.201
-244.509
-243.178
-324.192
-328.654
-327.274
-321.539
-313.081
-303.323
-293.334
-283.828
-275.234
-267.783
-261.575
-256.639
-252.966
-250.535
-249.325
-305.089
-310.659
-311.74
-309.225
-304.179
-297.62
-290.395
-283.144
-276.312
-270.188
-264.95
-260.699
-257.485
-255.336
-254.259
-290.926
-297.147
-299.797
-299.439
-296.786
-292.578
-287.479
-282.037
-276.676
-271.704
-267.336
-263.716
-260.938
-259.059
-258.113
-280.59
-287.2
-290.86
-291.941
-290.946
-288.422
-284.9
-280.846
-276.648
-272.612
-268.969
-265.888
-263.487
-261.847
-261.016
-273.356
-280.198
-284.497
-286.517
-286.628
-285.261
-282.848
-279.794
-276.454
-273.123
-270.036
-267.375
-265.272
-263.822
-263.083
-268.762
-275.733
-280.411
-282.995
-283.786
-283.14
-281.432
-279.025
-276.248
-273.386
-270.674
-268.298
-266.401
-265.083
-264.408
-266.529
-273.56
-278.413
-281.263
-282.377
-282.078
-280.712
-278.621
-276.123
-273.494
-270.971
-268.74
-266.947
-265.696
-265.054
)
;

boundaryField
{
    hot
    {
        type            calculated;
        value           nonuniform List<scalar> 
120
(
55.8944
55.4373
54.5148
53.1107
51.2025
48.7636
45.7666
42.1877
38.012
33.2392
27.8904
22.0134
15.6858
9.01559
2.13618
-4.22402
-9.9486
-15.5302
-20.892
-25.97
-30.7152
-35.0947
-39.0905
-42.6987
-45.9265
-48.7901
-51.3118
-53.5181
-55.4374
-57.0988
-58.5308
-59.7604
-60.8129
-61.7112
-62.4762
-63.1263
-63.6778
-64.1449
-64.54
-64.8738
-65.1555
-65.393
-65.5931
-65.7614
-65.9028
-66.0215
-66.1209
-66.2039
-66.2731
-66.3304
-66.3776
-66.4161
-66.447
-66.4713
-66.4897
-66.5027
-66.5108
-66.5142
-66.5129
-66.5069
-66.4962
-66.4802
-66.4587
-66.4308
-66.3958
-66.3526
-66.3
-66.2363
-66.1596
-66.0677
-65.9579
-65.8268
-65.6707
-65.4849
-65.264
-65.0018
-64.6906
-64.3217
-63.8848
-63.3679
-62.7571
-62.0363
-61.187
-60.188
-59.0157
-57.6431
-56.0408
-54.1766
-52.0161
-49.5234
-46.6622
-43.3977
-39.6981
-35.5377
-30.8998
-25.7798
-20.1887
-14.1558
-7.73052
-0.982499
5.99983
13.1133
20.2455
27.2823
34.1148
41.2994
48.5775
55.2006
61.1163
66.3105
70.7999
74.6226
77.8302
80.4799
82.6293
84.3321
85.6355
86.5783
87.1902
87.4911
)
;
    }
    cold
    {
        type            calculated;
        value           nonuniform List<scalar> 
120
(
-28.1366
-27.9481
-27.5728
-27.014
-26.2772
-25.3703
-24.3039
-23.092
-21.7522
-20.3059
-18.7782
-17.1974
-15.5936
-13.9981
-12.4411
-11.0741
-9.89171
-8.78037
-7.74785
-6.79901
-5.93592
-5.1582
-4.46341
-3.84753
-3.30539
-2.83112
-2.41852
-2.0613
-1.75334
-1.48883
-1.26237
-1.06904
-0.904392
-0.764477
-0.645806
-0.545327
-0.460388
-0.388698
-0.328287
-0.277469
-0.234807
-0.199083
-0.169266
-0.14449
-0.124031
-0.107287
-0.0937636
-0.0830612
-0.0748617
-0.0689213
-0.065063
-0.0631725
-0.0631939
-0.0651291
-0.0690376
-0.0750383
-0.0833133
-0.0941137
-0.107767
-0.124686
-0.145383
-0.170484
-0.200749
-0.237091
-0.280609
-0.332615
-0.394677
-0.468663
-0.556796
-0.661722
-0.786583
-0.935109
-1.11172
-1.32167
-1.57116
-1.86753
-2.21945
-2.63715
-3.13268
-3.72016
-4.4162
-5.24017
-6.21464
-7.36579
-8.72387
-10.3235
-12.2043
-14.4109
-16.9931
-20.0061
-23.5098
-27.5677
-32.246
-37.6108
-43.7256
-50.6463
-58.4172
-67.0644
-76.5895
-86.9641
-98.1237
-109.965
-122.346
-135.088
-147.986
-162.104
-177.06
-191.219
-204.291
-216.067
-226.43
-235.345
-242.848
-249.024
-253.99
-257.875
-260.806
-262.897
-264.237
-264.891
)
;
    }
    interface_left
    {
        type            calculated;
        value           nonuniform List<scalar> 
90
(
-1038.44
-515.213
-316.165
-225.769
-177.428
-148.09
-128.641
-114.954
-104.916
-97.3347
-91.483
-86.8911
-83.2415
-80.3112
-77.9395
-76.0073
-74.4248
-73.1231
-72.0486
-71.159
-70.4207
-69.8069
-69.2956
-68.8692
-68.5133
-68.2159
-67.9673
-67.7593
-67.5855
-67.4401
-67.3186
-67.2173
-67.1328
-67.0626
-67.0046
-66.9569
-66.9181
-66.8869
-66.8624
-66.8439
-66.8308
-66.8227
-66.8194
-66.8206
-66.8266
-66.8374
-66.8534
-66.8751
-66.9031
-66.9384
-66.9819
-67.035
-67.0994
-67.177
-67.2702
-67.382
-67.5158
-67.6757
-67.8669
-68.0954
-68.3684
-68.6947
-69.085
-69.5521
-70.1117
-70.7828
-71.5888
-72.5585
-73.7275
-75.1404
-76.8533
-78.9375
-81.485
-84.6161
-88.4906
-93.3255
-99.4228
-107.215
-117.347
-130.821
-149.297
-175.741
-216.013
-283.199
-410.747
-696.16
-1457.07
1551.39
807.343
576.606
)
;
    }
    interface_right
    {
        type            calculated;
        value           nonuniform List<scalar> 
90
(
80.7331
43.3194
27.278
19.0003
14.0477
10.7668
8.44471
6.72846
5.42184
4.40583
3.60333
2.96187
2.44434
2.02374
1.67989
1.39747
1.16462
0.972035
0.812361
0.679709
0.569334
0.47739
0.400739
0.336815
0.283509
0.239086
0.202114
0.171413
0.146011
0.125108
0.10805
0.0943053
0.0834458
0.0751353
0.0691166
0.0652037
0.0632753
0.0632713
0.0651903
0.0690899
0.075088
0.0833665
0.0941766
0.107847
0.124793
0.14553
0.170689
0.201036
0.237495
0.281178
0.333418
0.395809
0.470261
0.559052
0.664907
0.791079
0.941456
1.12068
1.33432
1.58902
1.89274
2.25504
2.6874
3.20361
3.82031
4.5576
5.4398
6.49652
7.76384
9.286
11.1175
13.326
15.9959
19.2338
23.1754
27.9956
33.9236
41.2644
50.4327
62.0067
76.8162
96.098
121.782
157.066
207.669
284.894
413.964
659.279
1208.26
2670.53
)
;
    }
    interface_top
    {
        type            calculated;
        value           nonuniform List<scalar> 
90
(
193.099
181.104
168.173
137.015
121.242
98.6114
82.9826
51.0308
70.4874
75.9026
77.9222
79.03
81.2227
83.2497
88.949
86.8349
74.235
68.255
60.1433
55.6677
48.8187
42.8028
28.2087
40.9006
45.5147
49.8096
52.685
58.1646
62.4463
72.0923
73.2744
67.7356
65.011
60.7478
58.1559
53.474
48.0853
32.7588
50.218
57.5685
66.2769
72.1955
83.422
91.5459
108.719
111.599
104.263
100.663
94.8849
91.1741
84.2058
75.4712
50.1755
78.3656
89.461
101.379
108.421
120.622
128.489
144.38
143.769
126.089
117.154
103.735
95.8159
82.8163
71.245
43.4556
65.2232
71.8602
75.9327
77.4756
79.7089
80.8188
84.1383
80.5986
66.7209
59.8419
51.9637
47.6729
44.8558
36.9509
17.6289
55.0075
35.4356
-51.9577
-130.366
-284.084
-707.399
-2074.06
)
;
    }
    interface_bottom
    {
        type            calculated;
        value           nonuniform List<scalar> 
90
(
621.946
266.415
156.12
112.413
92.6301
75.2906
62.8872
39.8646
54.0378
57.9258
60.1281
60.8824
62.2328
62.7799
64.4376
61.232
49.2048
42.9295
33.6874
28.4831
20.5735
15.8145
7.93827
7.58589
5.85205
1.35043
-1.75614
-7.3364
-10.9351
-17.3087
-19.8836
-21.8666
-23.1289
-24.9073
-25.7897
-26.6168
-25.2081
-18.2228
-30.8212
-36.464
-43.5229
-47.7023
-54.584
-58.7712
-66.267
-66.7809
-60.6591
-58.2584
-55.4954
-53.9869
-51.4607
-46.9725
-32.4635
-51.8123
-59.7017
-68.4705
-73.4466
-81.4515
-86.2577
-94.9817
-94.6474
-84.4301
-80.2359
-75.351
-72.7071
-68.5507
-62.2496
-42.8029
-67.7392
-77.9085
-89.3167
-96.0778
-107.523
-115.003
-129.717
-130.741
-119.334
-114.79
-109.935
-107.076
-102.689
-93.1108
-62.4563
-103.334
-107.333
-81.0277
-159.075
-150.783
-46.4199
1.09553
)
;
    }
    defaultFaces
    {
        type            empty;
    }
}


// ************************************************************************* //
