/*--------------------------------*- C++ -*----------------------------------*\
| =========                 |                                                 |
| \\      /  F ield         | OpenFOAM: The Open Source CFD Toolbox           |
|  \\    /   O peration     | Version:  5.x                                   |
|   \\  /    A nd           | Web:      www.OpenFOAM.org                      |
|    \\/     M anipulation  |                                                 |
\*---------------------------------------------------------------------------*/
FoamFile
{
    version     2.0;
    format      ascii;
    class       volScalarField;
    location    "8.9";
    object      gradTx;
}
// * * * * * * * * * * * * * * * * * * * * * * * * * * * * * * * * * * * * * //

dimensions      [0 -1 0 1 0 0 0];

internalField   nonuniform List<scalar> 
6300
(
59.0235
59.487
60.4053
61.7599
63.5215
65.6483
68.0839
70.7554
73.5727
76.4284
79.2003
81.7567
83.9637
85.696
86.8472
58.5584
59.0308
59.9675
61.3513
63.1547
65.3379
67.8463
70.608
73.5327
76.5104
79.4141
82.1042
84.4367
86.2752
87.5033
57.6193
58.1088
59.0809
60.5215
62.4066
64.7008
67.3536
70.296
73.4377
76.6647
79.8399
82.8074
85.402
87.4626
88.8511
56.1893
56.7025
57.7245
59.2455
61.2478
63.7035
66.5696
69.7832
73.2558
76.8689
80.4714
83.882
86.8993
89.3206
90.9678
54.2445
54.7859
55.8677
57.4865
59.6341
62.2942
65.4365
69.0095
72.9317
77.0821
81.293
85.3479
88.9908
91.9507
93.9824
51.7567
52.3276
53.4725
55.197
57.5063
60.4012
63.8711
67.885
72.3775
77.233
82.2689
87.2242
91.7633
95.5071
98.096
48.6967
49.2936
50.4962
52.3213
54.7916
57.9314
61.7602
66.2803
71.4587
77.2019
83.3237
89.5147
95.3294
100.217
103.618
45.0384
45.6525
46.896
48.799
51.4056
54.7712
58.9565
64.0155
69.9735
76.7905
84.3074
92.1796
99.821
106.41
111.031
40.7645
41.3807
42.6349
44.5717
47.2593
50.7898
55.2775
60.8502
67.6277
75.6775
84.9339
95.0733
105.363
114.57
121.113
35.8732
36.4695
37.6899
39.5924
42.2685
45.8497
50.512
56.4785
64.008
73.3562
84.6757
97.8148
111.986
125.39
135.183
30.3842
30.9328
32.0617
33.8379
36.3715
39.827
44.4411
50.5421
58.5681
69.0619
82.596
99.5218
119.375
139.817
155.639
24.3455
24.8146
25.7849
27.325
29.5511
32.6445
36.8818
42.6795
50.6589
61.7258
77.1225
98.2993
126.172
158.863
187.273
17.8366
18.1942
18.937
20.1251
21.8621
24.317
27.761
32.6337
39.6606
50.0582
65.867
90.379
128.147
182.188
240.927
10.9689
11.1876
11.643
12.375
13.4542
14.9994
17.2102
20.4323
25.2905
32.9776
45.9065
69.2006
113.846
200.812
345.441
3.88163
3.94324
4.07126
4.27664
4.57946
5.01519
5.64722
6.59373
8.09025
10.654
15.5791
26.6689
57.2236
161.77
593.895
87.3521
87.2786
86.7151
85.6738
84.1816
82.2765
80.0038
77.4122
74.5499
71.463
68.193
64.7766
61.2451
57.625
53.9389
50.2054
46.4408
42.6591
38.8729
35.0934
31.3308
27.5946
23.8931
20.2341
16.6241
13.069
9.57355
6.14182
2.77687
-0.519003
-3.74427
-6.89805
-9.97998
-12.9901
-15.9286
-18.7957
-21.5917
-24.3165
-26.9697
-29.5509
-32.0594
-34.4947
-36.8564
-39.1446
-41.3603
-43.5048
-45.5805
-47.5902
-49.5369
-51.4239
-53.2539
-55.0292
-56.7511
-58.4197
-60.0344
-61.5933
-63.0942
-64.5344
-65.9112
-67.2224
-68.4659
-69.6403
-70.7444
-71.7768
-72.7357
-73.6181
-74.4198
-75.1344
-75.7537
-76.2675
-76.6638
-76.9297
-77.0515
-77.016
-76.8109
-76.4256
-75.8521
-75.0849
-74.1215
-72.9628
-71.6126
-70.0784
-68.3707
-66.5035
-64.494
-62.363
-60.1344
-57.8349
-55.4931
-53.1388
88.0485
87.9825
87.4015
86.3214
84.7743
82.8041
80.4616
77.8002
74.872
71.7251
68.4025
64.9409
61.3712
57.7191
54.0059
50.2492
46.4644
42.6648
38.8624
35.0681
31.2922
27.5438
23.8315
20.1629
16.5446
12.9825
9.48147
6.04533
2.67715
-0.620881
-3.84737
-7.00162
-10.0835
-13.0932
-16.0312
-18.8981
-21.6941
-24.4193
-27.0732
-29.6553
-32.1646
-34.6003
-36.9617
-39.2488
-41.4622
-43.6035
-45.6751
-47.6802
-49.6223
-51.5051
-53.332
-55.1054
-56.8269
-58.4967
-60.1137
-61.676
-63.1807
-64.6246
-66.0048
-67.3187
-68.5643
-69.7405
-70.8465
-71.8815
-72.8446
-73.7333
-74.5439
-75.2704
-75.9044
-76.4353
-76.8504
-77.1358
-77.2768
-77.2589
-77.0689
-76.6955
-76.1298
-75.366
-74.4016
-73.2371
-71.8765
-70.3271
-68.5993
-66.7071
-64.6678
-62.5025
-60.2355
-57.8947
-55.51
-53.1129
89.479
89.4259
88.8047
87.6397
85.9746
83.866
81.3769
78.5708
75.5071
72.2388
68.8107
65.2595
61.6148
57.9001
54.1341
50.3324
46.5082
42.6735
38.8392
35.0157
31.213
27.4404
23.7063
20.0185
16.3838
12.8078
9.2955
5.85064
2.47615
-0.825987
-4.05466
-7.20952
-10.2909
-13.2995
-16.2364
-19.1024
-21.8984
-24.6244
-27.28
-29.8642
-32.3755
-34.8124
-37.1736
-39.4585
-41.6674
-43.8019
-45.8649
-47.8602
-49.7924
-51.6663
-53.4863
-55.2556
-56.9764
-58.6487
-60.2711
-61.8407
-63.3536
-64.8057
-66.1929
-67.5122
-68.7617
-69.9407
-71.0495
-72.0888
-73.0592
-73.9598
-74.7879
-75.5383
-76.2023
-76.7684
-77.2226
-77.5486
-77.7294
-77.7483
-77.5897
-77.2408
-76.6913
-75.9348
-74.9683
-73.7924
-72.4109
-70.8312
-69.0634
-67.1212
-65.022
-62.7871
-60.442
-58.0165
-55.5436
-53.0584
91.7254
91.6855
90.9892
89.6764
87.8117
85.4741
82.7471
79.7106
76.4355
72.9812
69.3945
65.7113
61.958
58.1536
54.3128
50.447
46.5664
42.6806
38.7994
34.9326
31.0899
27.2808
23.5139
19.7973
16.1377
12.541
9.012
5.55432
2.17072
-1.13709
-4.36839
-7.52338
-10.6031
-13.6091
-16.5434
-19.4076
-22.2033
-24.9307
-27.5894
-30.1777
-32.6932
-35.1332
-37.495
-39.7771
-41.9792
-44.1028
-46.1515
-48.1304
-50.0458
-51.9045
-53.7127
-55.4752
-57.1947
-58.8717
-60.5036
-62.0861
-63.6134
-65.0791
-66.4778
-67.8052
-69.0595
-70.2408
-71.3513
-72.3943
-73.373
-74.2894
-75.1428
-75.9292
-76.6397
-77.2616
-77.778
-78.1691
-78.4139
-78.4917
-78.3835
-78.0735
-77.5497
-76.8047
-75.8353
-74.6423
-73.2297
-71.6048
-69.7773
-67.7603
-65.5705
-63.2292
-60.7632
-58.2055
-55.5939
-52.9697
94.9245
94.8884
94.0597
92.506
90.328
87.6413
84.5613
81.1923
77.6205
73.9125
70.116
66.2629
62.3732
58.4585
54.5262
50.5818
46.6309
42.6802
38.7381
34.814
30.9178
27.0596
23.2487
19.4933
15.8006
12.1764
8.62536
5.15101
1.75589
-1.55858
-4.79214
-7.94574
-11.0214
-14.0221
-16.9511
-19.8116
-22.6061
-25.3358
-27.9998
-30.5957
-33.1195
-35.5661
-37.9309
-40.2105
-42.4034
-44.5111
-46.538
-48.4914
-50.3803
-52.2148
-54.0041
-55.7557
-57.4737
-59.1585
-60.8064
-62.4102
-63.9607
-65.4482
-66.8641
-68.2026
-69.4613
-70.6419
-71.7494
-72.7912
-73.7753
-74.7083
-75.5932
-76.4279
-77.2037
-77.9055
-78.5123
-78.9988
-79.3376
-79.5017
-79.4666
-79.2126
-78.7253
-77.9964
-77.0231
-75.807
-74.3531
-72.6687
-70.763
-68.6472
-66.336
-63.8495
-61.2156
-58.4711
-55.6613
-52.8378
99.2909
99.2308
98.1723
96.2331
93.5752
90.3731
86.7904
82.9645
79.0001
74.9698
70.9175
66.866
62.8229
58.7876
54.756
50.7249
46.694
42.6666
38.6501
34.6542
30.6903
26.7696
22.9027
19.0986
15.3645
11.7061
8.12791
4.63332
1.22469
-2.09676
-5.33119
-8.4804
-11.5478
-14.5382
-17.4573
-20.3105
-23.1023
-25.8351
-28.5082
-31.1175
-33.6563
-36.1164
-38.4893
-40.7682
-42.9499
-45.0352
-47.03
-48.9446
-50.7927
-52.5894
-54.3492
-56.0838
-57.7998
-59.4978
-61.1718
-62.8101
-64.3978
-65.9194
-67.3611
-68.7138
-69.9746
-71.147
-72.2408
-73.27
-74.2502
-75.1954
-76.1148
-77.01
-77.8729
-78.685
-79.4187
-80.04
-80.5116
-80.797
-80.8637
-80.6862
-80.2474
-79.5388
-78.5591
-77.3128
-75.807
-74.0501
-72.0499
-69.8142
-67.3527
-64.6811
-61.8262
-58.8295
-55.7477
-52.6487
105.156
105.009
103.551
100.994
97.6042
93.6513
89.3682
84.9345
80.4735
76.0571
71.7167
67.4557
63.2603
59.11
54.984
50.8669
46.7509
42.6366
38.5315
34.4478
30.3998
26.4017
22.4659
18.6025
14.8187
11.1199
7.50975
3.99155
0.5677
-2.76041
-5.99308
-9.13292
-12.1851
-15.1572
-18.0582
-20.8976
-23.6834
-26.4204
-29.108
-31.7404
-34.3064
-36.7919
-39.1823
-41.4657
-43.6346
-45.6891
-47.6368
-49.493
-51.2783
-53.0163
-54.7299
-56.4378
-58.1511
-59.871
-61.5876
-63.2819
-64.9294
-66.5045
-67.9852
-69.3565
-70.614
-71.7642
-72.8242
-73.8183
-74.7743
-75.7184
-76.67
-77.6375
-78.6139
-79.576
-80.4858
-81.2954
-81.9525
-82.4059
-82.6112
-82.5349
-82.1569
-81.4701
-80.478
-79.1909
-77.6214
-75.7806
-73.6748
-71.3052
-68.6707
-65.7755
-62.64
-59.3094
-55.8577
-52.3811
113.042
112.673
110.512
106.95
102.442
97.4036
92.1612
86.9427
81.8813
77.0335
72.4004
67.9494
63.6317
59.3962
55.1982
51.0062
46.8044
42.5923
38.3813
34.1892
30.0368
25.9432
21.9244
17.9912
14.1504
10.4054
6.75894
3.21366
-0.22737
-3.56166
-6.78877
-9.91172
-12.9378
-15.8783
-18.7477
-21.5618
-24.3348
-27.0763
-29.7873
-32.4586
-35.0719
-37.6038
-40.0293
-42.3273
-44.4838
-46.4962
-48.3749
-50.1427
-51.8315
-53.4778
-55.1181
-56.7832
-58.4923
-60.2481
-62.0346
-63.8202
-65.5642
-67.2247
-68.7656
-70.1623
-71.4068
-72.5103
-73.5012
-74.4204
-75.3146
-76.2292
-77.2013
-78.2509
-79.3744
-80.5409
-81.6958
-82.7692
-83.6853
-84.3706
-84.7627
-84.8166
-84.5096
-83.8396
-82.8204
-81.4744
-79.8253
-77.8913
-75.6785
-73.1767
-70.3628
-67.215
-63.7337
-59.9626
-56.0027
-52.0012
123.796
122.917
119.485
114.268
108.044
101.447
94.9182
88.7229
82.9801
77.6995
72.8207
68.2497
63.8837
59.6271
55.4027
51.1584
46.8716
42.5458
38.2027
33.873
29.5883
25.3766
21.2588
17.2466
13.3435
9.54885
5.86208
2.28537
-1.17634
-4.51741
-7.73454
-10.8301
-13.8137
-16.7019
-19.517
-22.2849
-25.0314
-27.7759
-30.5235
-33.2598
-35.9546
-38.5683
-41.0597
-43.3921
-45.5399
-47.4952
-49.2721
-50.9055
-52.4451
-53.9474
-55.4701
-57.0643
-58.7652
-60.5803
-62.4823
-64.4173
-66.3181
-68.1164
-69.7527
-71.1859
-72.4016
-73.4174
-74.2804
-75.0573
-75.8241
-76.6562
-77.6195
-78.7567
-80.0719
-81.5211
-83.0216
-84.4683
-85.7491
-86.7563
-87.3996
-87.6168
-87.3835
-86.7104
-85.6319
-84.1928
-82.438
-80.4021
-78.0969
-75.4963
-72.5344
-69.1336
-65.2435
-60.8868
-56.2065
-51.4512
138.878
136.832
131.03
123.032
114.179
105.388
97.1933
89.8494
83.412
77.7852
72.7965
68.2537
63.9767
59.8106
55.6346
51.3709
46.9938
42.5231
38.0042
33.491
29.0337
24.6743
20.4405
16.3443
12.3801
8.53651
4.80643
1.19125
-2.29924
-5.65176
-8.85545
-11.9098
-14.8269
-17.6306
-20.354
-23.0387
-25.7307
-28.4708
-31.2755
-34.1206
-36.9535
-39.7085
-42.3187
-44.7222
-46.8728
-48.7506
-50.3752
-51.8031
-53.1115
-54.387
-55.7182
-57.1909
-58.873
-60.7864
-62.8814
-65.0629
-67.2188
-69.2402
-71.0311
-72.5217
-73.6832
-74.5434
-75.1823
-75.7077
-76.2381
-76.893
-77.7859
-79.0047
-80.5751
-82.4261
-84.4234
-86.405
-88.2051
-89.6647
-90.6484
-91.0642
-90.8891
-90.1636
-88.9612
-87.3645
-85.4538
-83.2993
-80.9392
-78.3349
-75.3368
-71.7553
-67.424
-62.2756
-56.5176
-50.6213
160.989
156.155
145.733
133.024
120.225
108.47
98.2406
89.6684
82.6746
76.9507
72.1285
67.8736
63.9088
60.0072
55.9914
51.7459
47.2495
42.569
37.7967
33.0275
28.3378
23.7902
19.4238
15.2512
11.2427
7.36035
3.58504
-0.0826546
-3.62101
-7.00055
-10.1915
-13.187
-16.0036
-18.6747
-21.2467
-23.7819
-26.3607
-29.0722
-31.9692
-34.9988
-38.0641
-41.057
-43.8747
-46.4162
-48.5978
-50.3699
-51.761
-52.8719
-53.8249
-54.7454
-55.7618
-57.0153
-58.647
-60.7301
-63.1552
-65.7442
-68.3123
-70.6947
-72.7408
-74.3303
-75.3974
-75.987
-76.2464
-76.3497
-76.4715
-76.786
-77.4817
-78.7452
-80.6727
-83.1191
-85.8462
-88.6017
-91.1497
-93.2571
-94.7131
-95.3611
-95.1854
-94.3019
-92.8566
-90.9867
-88.8191
-86.4909
-84.1317
-81.7391
-78.9777
-75.4555
-70.7799
-64.541
-57.0268
-49.275
195.626
183.523
163.728
143.144
124.766
109.355
96.8998
87.2131
80.1074
74.8164
70.6425
67.0744
63.7486
60.3673
56.6777
52.4813
47.7694
42.7463
37.584
32.449
27.4364
22.6449
18.1274
13.9214
9.92331
6.02977
2.20845
-1.54299
-5.17159
-8.62098
-11.809
-14.7221
-17.3894
-19.8618
-22.1921
-24.4622
-26.7993
-29.4063
-32.4718
-35.825
-39.2788
-42.6573
-45.8278
-48.6282
-50.9118
-52.5374
-53.5497
-54.1675
-54.5843
-54.9653
-55.4635
-56.2941
-57.7704
-60.1804
-63.1921
-66.4547
-69.672
-72.6328
-75.1067
-76.8902
-77.7983
-77.9048
-77.5343
-76.9638
-76.4265
-76.1287
-76.3585
-77.5285
-80.0218
-83.4067
-87.2266
-91.0956
-94.7273
-97.7858
-99.9401
-100.842
-100.5
-99.2478
-97.3619
-95.036
-92.4144
-89.7258
-87.371
-85.6731
-83.713
-80.8154
-76.3858
-68.6417
-57.8772
-46.8358
255.354
221.964
182.854
150.084
125.03
105.981
91.5704
81.0393
74.9254
71.0718
68.2829
65.9251
63.667
61.1701
58.0927
53.9578
48.7365
43.1232
37.3308
31.6935
26.216
21.1046
16.3819
12.2919
8.45295
4.59488
0.731
-3.1804
-6.98038
-10.6178
-13.8226
-16.611
-19.056
-21.2532
-23.2242
-25.0457
-26.849
-29.0799
-32.5598
-36.5059
-40.6015
-44.5565
-48.3136
-51.5835
-54.173
-55.5874
-55.9058
-55.7517
-55.3946
-55.0158
-54.6855
-54.6425
-55.5482
-58.7634
-62.867
-67.2294
-71.4003
-75.2707
-78.4658
-80.7093
-81.3521
-80.5084
-79.109
-77.5287
-76.0353
-74.7106
-73.8798
-74.405
-78.0855
-83.0662
-88.5349
-93.9297
-99.1287
-103.615
-106.968
-108.114
-107.121
-105.105
-102.499
-99.5095
-96.1043
-92.4785
-89.6626
-89.9828
-89.7967
-88.3799
-86.763
-77.0906
-59.1252
-41.7596
372.607
268.64
192.849
145.913
116.642
95.929
80.6521
68.5032
66.4872
65.7928
65.3011
64.631
63.9282
62.8074
61.0294
56.9977
50.267
43.757
36.8537
30.707
24.468
19.0038
13.7248
10.3006
7.00982
3.16813
-0.678217
-4.9784
-9.02331
-13.2378
-16.4357
-18.9943
-21.0794
-22.9701
-24.4716
-25.6552
-26.2829
-26.9545
-31.9765
-36.9709
-42.1265
-46.7401
-51.5007
-55.5181
-59.1257
-60.2151
-58.9416
-57.6277
-56.2356
-54.9957
-53.4933
-51.6238
-49.9999
-56.0661
-62.1684
-68.2788
-73.5603
-78.8798
-83.1943
-86.8322
-87.0452
-83.9112
-80.9428
-77.9674
-75.4001
-72.58
-69.4474
-66.7365
-74.2758
-82.0218
-89.9479
-97.0443
-104.555
-111.073
-117.174
-118.463
-115.215
-111.811
-108.185
-104.581
-100.11
-94.0632
-87.4368
-95.0199
-97.6511
-96.231
-108.738
-97.4802
-59.5083
-29.7017
640.385
274.74
161.287
116.303
95.9289
78.047
65.2279
41.3743
56.1449
60.2207
62.5751
63.3825
64.7901
65.39
67.2102
63.9227
51.4787
44.956
35.2864
29.8528
21.6036
16.6362
8.39621
8.1171
6.35966
1.74786
-1.43408
-7.14409
-10.8221
-17.3217
-19.9692
-22.0595
-23.3826
-25.2471
-26.1767
-27.065
-25.6532
-18.5643
-31.4325
-37.2035
-44.4315
-48.7117
-55.7572
-60.0422
-67.7039
-68.2447
-62.0351
-59.6154
-56.857
-55.3527
-52.8293
-48.2508
-33.377
-53.3163
-61.457
-70.5211
-75.6645
-83.9348
-88.8957
-97.8859
-97.5566
-87.0741
-82.7854
-77.8171
-75.1278
-70.8979
-64.4068
-44.3067
-70.167
-80.7165
-92.5541
-99.5611
-111.407
-119.132
-134.305
-135.346
-123.53
-118.834
-113.838
-110.897
-106.385
-96.4803
-64.7479
-107.186
-111.338
-84.0246
-164.935
-156.336
-48.1323
1.12137
-50.5718
-47.8373
-45.2169
-42.7473
-40.4574
-38.3674
-36.4901
-34.8318
-33.394
-32.1745
-31.1693
-30.3733
-29.7815
-29.3897
-29.1945
-50.5011
-47.7225
-45.0651
-42.5669
-40.2567
-38.154
-36.2704
-34.6108
-33.175
-31.9596
-30.9595
-30.1685
-29.5811
-29.1924
-28.9989
-50.3544
-47.4857
-44.7534
-42.1978
-39.8476
-37.7208
-35.8261
-34.1653
-32.735
-31.529
-30.5399
-29.7597
-29.1815
-28.7993
-28.6093
-50.1209
-47.1115
-44.2643
-41.6225
-39.2145
-37.0548
-35.1474
-33.4885
-32.07
-30.8811
-29.9108
-29.1485
-28.5852
-28.2137
-28.0292
-49.7821
-46.5743
-43.5688
-40.8128
-38.3324
-36.136
-34.2194
-32.5709
-31.1747
-30.0141
-29.0731
-28.3378
-27.7965
-27.4406
-27.2641
-49.309
-45.834
-42.623
-39.7268
-37.1655
-34.9366
-33.0229
-31.4004
-30.0433
-28.9269
-28.0293
-27.3325
-26.8221
-26.4876
-26.322
-48.656
-44.8291
-41.3616
-38.305
-35.6658
-33.4213
-31.5344
-29.964
-28.6707
-27.6202
-26.7843
-26.1403
-25.6713
-25.3651
-25.2139
-47.7501
-43.4639
-39.6885
-36.4653
-33.7708
-31.5479
-29.729
-28.2498
-27.0547
-26.0987
-25.3468
-24.7727
-24.3572
-24.0871
-23.9541
-46.4685
-41.5873
-37.4623
-34.0963
-31.4037
-29.2699
-27.5835
-26.2511
-25.1991
-24.3725
-23.731
-23.246
-22.8974
-22.6717
-22.5609
-44.5932
-38.9536
-34.4765
-31.053
-28.4773
-26.5438
-25.0837
-23.9714
-23.1177
-22.4607
-21.9584
-21.5825
-21.3141
-21.1412
-21.0563
-41.7107
-35.1568
-30.4365
-27.1613
-24.9083
-23.3436
-22.2356
-21.4328
-20.8391
-20.3938
-20.0591
-19.8111
-19.6351
-19.522
-19.4667
-36.9895
-29.5259
-24.9508
-22.2471
-20.6506
-19.6865
-19.0819
-18.6849
-18.4116
-18.216
-18.0726
-17.9674
-17.8929
-17.8448
-17.8212
-28.6779
-21.0059
-17.5932
-16.2253
-15.76
-15.6694
-15.7203
-15.8128
-15.9062
-15.9856
-16.0475
-16.0928
-16.1238
-16.1429
-16.1519
-13.017
-8.22629
-8.19065
-9.30039
-10.4945
-11.5106
-12.3168
-12.9396
-13.4144
-13.7725
-14.0388
-14.2322
-14.3663
-14.4507
-14.4914
17.9843
9.3086
2.35748
-2.29098
-5.40675
-7.56152
-9.09649
-10.2141
-11.039
-11.651
-12.1029
-12.4305
-12.6582
-12.8019
-12.8714
-2.67233
-2.75911
-2.94116
-3.23694
-3.67838
-4.31777
-5.24128
-6.5967
-8.65593
-11.9748
-17.873
-30.1624
-62.5078
-174.302
-663.08
-8.57077
-8.78654
-9.23765
-9.96684
-11.0485
-12.6055
-14.8405
-18.0998
-23.0056
-30.7557
-43.8461
-67.8996
-116.182
-218.026
-407.128
-14.3199
-14.6511
-15.3415
-16.4524
-18.0891
-20.4227
-23.7289
-28.4599
-35.3806
-45.8285
-62.2059
-88.8107
-132.661
-201.155
-282.493
-19.8395
-20.2665
-21.1539
-22.5732
-24.6462
-27.5649
-31.6281
-37.2999
-45.3065
-56.784
-73.4638
-97.746
-132.024
-175.362
-214.342
-25.0629
-25.5627
-26.5972
-28.2406
-30.6161
-33.9127
-38.4106
-44.5187
-52.8221
-64.1265
-79.4421
-99.7403
-125.094
-152.593
-173.26
-29.9396
-30.488
-31.618
-33.3998
-35.9467
-39.4265
-44.0753
-50.2133
-58.2538
-68.6835
-81.9599
-98.2237
-116.674
-134.568
-146.529
-34.4359
-35.0096
-36.1866
-38.0279
-40.6298
-44.1288
-48.7059
-54.5868
-62.0268
-71.2637
-82.4026
-95.1884
-108.641
-120.664
-128.103
-38.5341
-39.1126
-40.2941
-42.128
-44.69
-48.0824
-52.4314
-57.8777
-64.552
-72.523
-81.7014
-91.6899
-101.599
-109.941
-114.843
-42.2308
-42.7972
-43.9487
-45.7227
-48.1738
-51.3717
-55.3948
-60.3159
-66.177
-72.9438
-80.4376
-88.2462
-95.646
-101.606
-104.988
-45.5343
-46.0756
-47.1714
-48.8473
-51.139
-54.0883
-57.7346
-62.1014
-67.1729
-72.8598
-78.955
-85.0863
-90.6923
-95.0616
-97.4802
-48.4621
-48.9692
-49.9915
-51.5445
-53.6478
-56.3208
-59.5742
-63.3976
-67.7413
-72.4923
-77.4472
-82.291
-86.5973
-89.8714
-91.6518
-51.038
-51.505
-52.4432
-53.8595
-55.7611
-58.1503
-61.018
-64.3325
-68.027
-71.983
-76.0163
-79.8689
-83.219
-85.7183
-87.0597
-53.2897
-53.7138
-54.563
-55.8378
-57.5358
-59.6478
-62.1514
-65.0036
-68.1309
-71.4201
-74.711
-77.7957
-80.4314
-82.3692
-83.399
-55.247
-55.6276
-56.3874
-57.5221
-59.0231
-60.8733
-63.0429
-65.4836
-68.1223
-70.856
-73.5486
-76.0341
-78.1283
-79.6504
-80.4532
-56.9401
-57.2782
-57.9514
-58.9523
-60.268
-61.8771
-63.7461
-65.826
-68.0478
-70.3205
-72.53
-74.5443
-76.2223
-77.431
-78.0648
-58.3984
-58.6963
-59.2878
-60.1639
-61.3093
-62.7004
-64.303
-66.0698
-67.9381
-69.8286
-71.6471
-73.2877
-74.6422
-75.6109
-76.1164
-59.65
-59.9105
-60.4267
-61.1887
-62.18
-63.3768
-64.7459
-66.2432
-67.8128
-69.3869
-70.8874
-72.2299
-73.3301
-74.1122
-74.5189
-60.7207
-60.9472
-61.395
-62.0541
-62.908
-63.9336
-65.0997
-66.3663
-67.6844
-68.9963
-70.2375
-71.3403
-72.2386
-72.8743
-73.2038
-61.6343
-61.8301
-62.2168
-62.7843
-63.5169
-64.3929
-65.3837
-66.4537
-67.5603
-68.6547
-69.6837
-70.5927
-71.3295
-71.8489
-72.1175
-62.412
-62.5805
-62.913
-63.3997
-64.0263
-64.7725
-65.6128
-66.5157
-67.4446
-68.3584
-69.2132
-69.9647
-70.5713
-70.9976
-71.2176
-63.0726
-63.2172
-63.502
-63.9182
-64.4525
-65.0868
-65.7983
-66.5597
-67.3395
-68.1032
-68.8144
-69.4372
-69.9383
-70.2895
-70.4705
-63.6328
-63.7565
-63.9998
-64.3547
-64.8094
-65.3475
-65.9493
-66.5909
-67.2455
-67.8843
-68.477
-68.9943
-69.4094
-69.6997
-69.849
-64.1073
-64.2127
-64.42
-64.7221
-65.1082
-65.5641
-66.0725
-66.613
-67.1627
-67.6973
-68.1919
-68.6224
-68.967
-69.2076
-69.3313
-64.5085
-64.5982
-64.7745
-65.0311
-65.3585
-65.7443
-66.1735
-66.6286
-67.0903
-67.5381
-67.9513
-68.3102
-68.5969
-68.7967
-68.8994
-64.8474
-64.9236
-65.0733
-65.2909
-65.5682
-65.8944
-66.2565
-66.6397
-67.0275
-67.4029
-67.7485
-68.048
-68.287
-68.4533
-68.5387
-65.1334
-65.198
-65.325
-65.5093
-65.7439
-66.0195
-66.325
-66.6476
-66.9735
-67.2883
-67.5776
-67.828
-68.0275
-68.1662
-68.2374
-65.3744
-65.4293
-65.5368
-65.6928
-65.8912
-66.1239
-66.3815
-66.6531
-66.9271
-67.1913
-67.4338
-67.6434
-67.8101
-67.926
-67.9854
-65.5775
-65.6239
-65.7149
-65.8469
-66.0146
-66.2111
-66.4283
-66.6571
-66.8875
-67.1094
-67.3128
-67.4884
-67.628
-67.725
-67.7746
-65.7482
-65.7875
-65.8646
-65.9762
-66.1179
-66.2839
-66.4671
-66.6599
-66.8538
-67.0404
-67.2112
-67.3585
-67.4756
-67.5568
-67.5984
-65.8918
-65.925
-65.9902
-66.0847
-66.2045
-66.3447
-66.4993
-66.6619
-66.8252
-66.9822
-67.1259
-67.2497
-67.3479
-67.4161
-67.451
-66.0122
-66.0403
-66.0955
-66.1755
-66.2769
-66.3954
-66.526
-66.6633
-66.8011
-66.9334
-67.0544
-67.1586
-67.2412
-67.2985
-67.3278
-66.113
-66.1369
-66.1837
-66.2515
-66.3373
-66.4377
-66.5482
-66.6643
-66.7807
-66.8924
-66.9945
-67.0824
-67.152
-67.2003
-67.225
-66.1973
-66.2176
-66.2573
-66.3149
-66.3877
-66.4729
-66.5666
-66.665
-66.7636
-66.8582
-66.9445
-67.0188
-67.0777
-67.1185
-67.1394
-66.2674
-66.2847
-66.3186
-66.3676
-66.4296
-66.5021
-66.5819
-66.6655
-66.7493
-66.8296
-66.9029
-66.966
-67.016
-67.0506
-67.0683
-66.3256
-66.3404
-66.3694
-66.4113
-66.4643
-66.5263
-66.5944
-66.6658
-66.7374
-66.8059
-66.8685
-66.9222
-66.9648
-66.9943
-67.0094
-66.3735
-66.3862
-66.4111
-66.4472
-66.4928
-66.5461
-66.6047
-66.6661
-66.7275
-66.7864
-66.8401
-66.8863
-66.9228
-66.9481
-66.9611
-66.4125
-66.4236
-66.4452
-66.4765
-66.5161
-66.5623
-66.613
-66.6662
-66.7195
-66.7705
-66.817
-66.8569
-66.8886
-66.9105
-66.9217
-66.4439
-66.4536
-66.4725
-66.5
-66.5347
-66.5752
-66.6197
-66.6664
-66.713
-66.7577
-66.7984
-66.8334
-66.8611
-66.8803
-66.8901
-66.4685
-66.4771
-66.494
-66.5185
-66.5493
-66.5854
-66.625
-66.6664
-66.7079
-66.7476
-66.7838
-66.8149
-66.8395
-66.8566
-66.8653
-66.4871
-66.495
-66.5103
-66.5324
-66.5604
-66.5931
-66.629
-66.6665
-66.7041
-66.74
-66.7728
-66.801
-66.8232
-66.8386
-66.8465
-66.5004
-66.5076
-66.5218
-66.5423
-66.5683
-66.5985
-66.6318
-66.6665
-66.7013
-66.7347
-66.765
-66.791
-66.8117
-66.8259
-66.8332
-66.5085
-66.5154
-66.5289
-66.5484
-66.5731
-66.6019
-66.6335
-66.6666
-66.6997
-66.7313
-66.7602
-66.7849
-66.8045
-66.8181
-66.825
-66.5119
-66.5187
-66.5319
-66.551
-66.5751
-66.6033
-66.6342
-66.6666
-66.699
-66.7299
-66.7582
-66.7824
-66.8016
-66.8148
-66.8216
-66.5106
-66.5174
-66.5307
-66.55
-66.5743
-66.6027
-66.6339
-66.6666
-66.6992
-66.7305
-66.7589
-66.7834
-66.8027
-66.8161
-66.8229
-66.5046
-66.5116
-66.5255
-66.5455
-66.5708
-66.6003
-66.6327
-66.6666
-66.7005
-66.7329
-66.7625
-66.7879
-66.808
-66.8219
-66.829
-66.4936
-66.5012
-66.5159
-66.5373
-66.5643
-66.5958
-66.6304
-66.6665
-66.7028
-66.7374
-66.769
-66.7961
-66.8175
-66.8324
-66.8399
-66.4774
-66.4857
-66.5018
-66.5252
-66.5547
-66.5891
-66.6269
-66.6665
-66.7061
-66.744
-66.7785
-66.8082
-66.8317
-66.8479
-66.8562
-66.4555
-66.4647
-66.4827
-66.5088
-66.5417
-66.5801
-66.6223
-66.6664
-66.7106
-66.753
-66.7915
-66.8246
-66.8508
-66.8689
-66.8782
-66.4272
-66.4377
-66.4581
-66.4876
-66.5249
-66.5684
-66.6163
-66.6664
-66.7165
-66.7645
-66.8083
-66.8458
-66.8756
-66.8962
-66.9067
-66.3917
-66.4037
-66.4271
-66.4609
-66.5038
-66.5538
-66.6087
-66.6662
-66.7238
-66.779
-66.8293
-66.8725
-66.9067
-66.9303
-66.9424
-66.3479
-66.3617
-66.3889
-66.4281
-66.4777
-66.5357
-66.5994
-66.6661
-66.7329
-66.7969
-66.8552
-66.9054
-66.9451
-66.9726
-66.9866
-66.2944
-66.3106
-66.3422
-66.388
-66.4459
-66.5135
-66.5879
-66.6658
-66.7439
-66.8187
-66.8869
-66.9455
-66.9919
-67.0241
-67.0405
-66.2297
-66.2487
-66.2858
-66.3394
-66.4074
-66.4867
-66.574
-66.6655
-66.7572
-66.845
-66.9252
-66.9941
-67.0487
-67.0866
-67.1059
-66.1519
-66.1742
-66.2178
-66.281
-66.361
-66.4544
-66.5572
-66.665
-66.7731
-66.8767
-66.9713
-67.0527
-67.1172
-67.1618
-67.1847
-66.0586
-66.0849
-66.1363
-66.2108
-66.3052
-66.4155
-66.5369
-66.6643
-66.7921
-66.9147
-67.0267
-67.123
-67.1993
-67.2522
-67.2793
-65.947
-65.9781
-66.0389
-66.1269
-66.2384
-66.3688
-66.5125
-66.6634
-66.8148
-66.9601
-67.0929
-67.2071
-67.2978
-67.3606
-67.3928
-65.8139
-65.8506
-65.9225
-66.0266
-66.1586
-66.313
-66.4832
-66.662
-66.8416
-67.0141
-67.1719
-67.3077
-67.4155
-67.4903
-67.5285
-65.6553
-65.6987
-65.7837
-65.9069
-66.0632
-66.2461
-66.4479
-66.6601
-66.8734
-67.0784
-67.2661
-67.4278
-67.5562
-67.6452
-67.6909
-65.4666
-65.5179
-65.6185
-65.7643
-65.9493
-66.1661
-66.4055
-66.6574
-66.9109
-67.1548
-67.3783
-67.571
-67.7241
-67.8304
-67.8848
-65.2423
-65.303
-65.4219
-65.5943
-65.8134
-66.0703
-66.3544
-66.6536
-66.955
-67.2455
-67.5118
-67.7417
-67.9246
-68.0516
-68.1166
-64.9759
-65.0476
-65.1881
-65.392
-65.6513
-65.9557
-66.2927
-66.6482
-67.0068
-67.3529
-67.6706
-67.9452
-68.1638
-68.3157
-68.3936
-64.6598
-64.7443
-64.9102
-65.1512
-65.458
-65.8185
-66.2182
-66.6406
-67.0674
-67.4799
-67.8592
-68.1876
-68.4492
-68.6313
-68.7246
-64.285
-64.3846
-64.5802
-64.8647
-65.2273
-65.654
-66.1281
-66.6298
-67.138
-67.63
-68.0833
-68.4763
-68.7899
-69.0084
-69.1205
-63.841
-63.9582
-64.1886
-64.524
-64.952
-65.4568
-66.0186
-66.6147
-67.2197
-67.8069
-68.3491
-68.8202
-69.1967
-69.4593
-69.5942
-63.3156
-63.4533
-63.7241
-64.1188
-64.6235
-65.22
-65.8854
-66.5933
-67.3138
-68.0151
-68.6643
-69.2298
-69.6826
-69.9989
-70.1615
-62.6947
-62.856
-63.1737
-63.6373
-64.2314
-64.9352
-65.7227
-66.5631
-67.4213
-68.2594
-69.0377
-69.7175
-70.2632
-70.6451
-70.8417
-61.9616
-62.1502
-62.5219
-63.0652
-63.7631
-64.5923
-65.5233
-66.5205
-67.5429
-68.5451
-69.4794
-70.2984
-70.9577
-71.42
-71.6584
-61.0977
-61.3174
-61.7508
-62.3858
-63.2037
-64.1788
-65.2779
-66.4604
-67.6784
-68.8779
-70.0013
-70.99
-71.7888
-72.3505
-72.6405
-60.0813
-60.3362
-60.8398
-61.5794
-62.5352
-63.6791
-64.9747
-66.3757
-67.8266
-69.2637
-70.6168
-71.8135
-72.7845
-73.4696
-73.824
-58.8879
-59.1823
-59.765
-60.623
-61.7359
-63.0743
-64.5982
-66.2562
-67.9846
-69.7077
-71.3407
-72.7937
-73.9788
-74.8181
-75.2535
-57.4902
-57.8284
-58.499
-59.4896
-60.7802
-62.3406
-64.1287
-66.088
-68.1461
-70.2143
-72.1896
-73.96
-75.413
-76.4472
-76.9853
-55.8576
-56.2436
-57.0107
-58.1481
-59.6371
-61.4488
-63.5402
-65.8512
-68.3006
-70.7853
-73.1807
-75.3466
-77.1379
-78.4207
-79.0908
-53.9571
-54.3944
-55.2655
-56.5624
-58.27
-60.3627
-62.7994
-65.5182
-68.4307
-71.4183
-74.3311
-76.9932
-79.2159
-80.8196
-81.6614
-51.7531
-52.244
-53.2247
-54.6916
-56.6357
-59.0379
-61.8627
-65.0506
-68.5086
-72.1033
-75.6556
-78.9449
-81.7236
-83.7475
-84.8164
-49.2083
-49.7536
-50.8463
-52.4895
-54.6833
-57.4196
-60.6741
-64.3953
-68.4916
-72.8175
-77.1627
-81.2509
-84.7554
-87.3385
-88.7135
-46.2851
-46.8831
-48.0859
-49.9051
-52.3542
-55.4415
-59.1614
-63.4796
-68.3152
-73.5182
-78.8482
-83.9622
-88.4269
-91.7682
-93.5653
-42.9467
-43.5928
-44.8975
-46.8836
-49.582
-53.0243
-57.2331
-62.2046
-67.8837
-74.1308
-80.6834
-87.1243
-92.8783
-97.2702
-99.6647
-39.1598
-39.8456
-41.2359
-43.3677
-46.2933
-50.075
-54.7754
-60.4382
-67.0576
-74.5311
-82.5962
-90.7631
-98.2752
-104.159
-107.427
-34.897
-35.6092
-37.0598
-39.3009
-42.4102
-46.4879
-51.6494
-58.0075
-65.6384
-74.5204
-84.4382
-94.8565
-104.803
-112.864
-117.458
-30.1399
-30.8604
-32.3349
-34.6314
-37.8547
-42.1484
-47.6925
-54.693
-63.3504
-73.7904
-85.9325
-99.2773
-112.639
-123.977
-130.679
-24.8827
-25.5884
-27.0395
-29.3184
-32.5562
-36.9407
-42.7245
-50.2281
-59.8244
-71.8782
-86.5915
-103.686
-121.88
-138.308
-148.553
-19.1359
-19.7991
-21.1696
-23.34
-26.4618
-30.7615
-36.5622
-44.3099
-54.592
-68.1192
-85.5965
-107.331
-132.348
-156.932
-173.541
-12.9288
-13.5191
-14.7446
-16.7011
-19.5497
-23.5401
-29.0482
-36.6321
-47.1061
-61.6169
-81.6451
-108.696
-143.115
-181.094
-210.062
-6.31238
-6.79859
-7.81234
-9.44328
-11.8452
-15.2651
-20.093
-26.9474
-36.817
-51.2833
-72.8164
-104.945
-151.409
-211.512
-266.699
0.64117
0.287772
-0.451997
-1.65048
-3.43426
-6.01266
-9.7308
-15.1692
-23.336
-36.0425
-56.6295
-91.2388
-150.232
-245.343
-361.658
7.83953
7.64186
7.22632
6.54822
5.52801
4.03072
1.82552
-1.4969
-6.70298
-15.3294
-30.7051
-60.5989
-123.971
-264.447
-537.389
15.1745
15.1466
15.0864
14.9839
14.821
14.5651
14.1571
13.4829
12.3046
10.0699
5.30086
-6.71017
-44.1649
-191.559
-902.659
22.5282
22.673
22.975
23.4609
24.1778
25.2045
26.6727
28.8118
32.045
37.2285
46.3353
64.8473
111.988
272.792
997.821
29.7804
30.0896
30.7352
31.7767
33.3189
35.5364
38.7216
43.3797
50.4301
61.6614
80.8376
116.523
189.205
345.316
642.249
36.8171
37.2718
38.2196
39.744
41.9901
45.1954
49.7466
56.2853
65.9104
80.5759
103.874
142.504
208.484
320.043
492.899
58.397
23.8012
9.91578
2.72939
-1.62383
-4.50953
-6.52697
-7.984
-9.05657
-9.8527
-10.442
-10.8705
-11.1692
-11.3582
-11.4498
36.9106
22.5938
12.1347
5.32584
0.796093
-2.33792
-4.58012
-6.2235
-7.44622
-8.36146
-9.04355
-9.54241
-9.89163
-10.1133
-10.221
25.366
18.7073
11.8187
6.3395
2.24674
-0.785576
-3.04907
-4.75505
-6.04932
-7.03201
-7.77227
-8.31807
-8.70246
-8.94753
-9.06683
18.4452
14.9801
10.5237
6.39027
2.96096
0.232865
-1.90516
-3.57244
-4.86872
-5.87083
-6.63593
-7.20572
-7.60994
-7.86893
-7.99539
13.9304
11.941
9.00444
5.95198
3.18817
0.841533
-1.08812
-2.64742
-3.89236
-4.87417
-5.63513
-6.20825
-6.61817
-6.88229
-7.01166
10.7971
9.55956
7.56551
5.31318
3.12563
1.16062
-0.528267
-1.94067
-3.09868
-4.03082
-4.76472
-5.32405
-5.72758
-5.98913
-6.11768
8.52303
7.70334
6.30587
4.62931
2.90852
1.28794
-0.160408
-1.41057
-2.4618
-3.32509
-4.01547
-4.54796
-4.93553
-5.18825
-5.3129
6.81808
6.24825
5.23995
3.97609
2.62178
1.29563
0.0698292
-1.01861
-1.95542
-2.73939
-3.37583
-3.87245
-4.23706
-4.47624
-4.59463
5.50875
5.09759
4.35144
3.38565
2.31544
1.23363
0.204671
-0.731926
-1.55514
-2.25612
-2.83323
-3.28856
-3.62565
-3.84804
-3.95851
4.48489
4.1795
3.61541
2.86766
2.01714
1.1349
0.275369
-0.523973
-1.23973
-1.85884
-2.37517
-2.78675
-3.09383
-3.29754
-3.39905
3.67305
3.44099
3.00688
2.42101
1.74085
1.02039
0.304263
-0.37406
-0.991408
-1.53292
-1.98983
-2.35747
-2.63375
-2.81797
-2.91004
3.02231
2.84276
2.50371
2.03981
1.49251
0.902863
0.3069
-0.266488
-0.79574
-1.26573
-1.66644
-1.99161
-2.23758
-2.40235
-2.48493
2.49622
2.35527
2.08719
1.71651
1.27356
0.789708
0.293857
-0.189561
-0.641218
-1.04664
-1.39549
-1.68073
-1.89777
-2.04377
-2.11713
2.06799
1.95602
1.74191
1.44338
1.08299
0.684876
0.272177
-0.13469
-0.518795
-0.866811
-1.1687
-1.4172
-1.60727
-1.73562
-1.80025
1.71748
1.62768
1.45522
1.21319
0.918595
0.590168
0.246443
-0.0956227
-0.421428
-0.719009
-0.978967
-1.19421
-1.35962
-1.47168
-1.52823
1.42931
1.35672
1.21684
1.01949
0.777684
0.506075
0.219554
-0.0678462
-0.343657
-0.597322
-0.820273
-1.00583
-1.149
-1.24628
-1.29546
1.19153
1.13247
1.01834
0.856651
0.657461
0.432332
0.193273
-0.048117
-0.281261
-0.496958
-0.687538
-0.846859
-0.970228
-1.05427
-1.09682
0.994758
0.946435
0.852866
0.719842
0.555243
0.368257
0.168609
-0.0341139
-0.230976
-0.41403
-0.576501
-0.712848
-0.818753
-0.891063
-0.927724
0.831528
0.791814
0.714778
0.604952
0.468564
0.31297
0.146078
-0.0241804
-0.190277
-0.345391
-0.483598
-0.599968
-0.690598
-0.7526
-0.784072
0.695867
0.663101
0.599451
0.508501
0.395216
0.265524
0.125884
-0.0171364
-0.157204
-0.288489
-0.405853
-0.504955
-0.582315
-0.635328
-0.662265
0.582951
0.555828
0.503076
0.427555
0.333255
0.224984
0.108035
-0.012143
-0.130226
-0.241251
-0.340784
-0.425035
-0.490933
-0.536156
-0.559156
0.488864
0.466345
0.422505
0.359645
0.280993
0.190468
0.0924258
-0.00860379
-0.108148
-0.201991
-0.286322
-0.357856
-0.413901
-0.452411
-0.472011
0.410408
0.391662
0.355137
0.302697
0.236971
0.16117
0.0788905
-0.00609575
-0.0900293
-0.169332
-0.240745
-0.301428
-0.349041
-0.381792
-0.398472
0.344966
0.32932
0.298815
0.254973
0.199943
0.13637
0.0672334
-0.00431862
-0.0751246
-0.142152
-0.202615
-0.254072
-0.294497
-0.322329
-0.336512
0.290384
0.277292
0.251753
0.215014
0.168845
0.115432
0.0572528
-0.0030595
-0.0628432
-0.119528
-0.170737
-0.214375
-0.248694
-0.27234
-0.284396
0.244891
0.233905
0.212466
0.1816
0.142774
0.097803
0.0487528
-0.00216744
-0.0527131
-0.100704
-0.144115
-0.181148
-0.210298
-0.230398
-0.240649
0.207023
0.197776
0.179721
0.153713
0.12097
0.0830052
0.0415508
-0.00153549
-0.0443563
-0.0850604
-0.121919
-0.153393
-0.178186
-0.195291
-0.204018
0.175573
0.167759
0.152498
0.130502
0.102789
0.0706301
0.0354814
-0.00108781
-0.037469
-0.072086
-0.103461
-0.130274
-0.15141
-0.165999
-0.173445
0.149548
0.142913
0.12995
0.111258
0.0876943
0.0603303
0.0303981
-0.000770699
-0.0318062
-0.0613618
-0.0881707
-0.111097
-0.129179
-0.141666
-0.14804
0.128129
0.122459
0.111379
0.0953963
0.0752375
0.0518134
0.026173
-0.000546099
-0.0271708
-0.0525443
-0.0755751
-0.0952822
-0.110833
-0.121575
-0.12706
0.110645
0.10576
0.0962116
0.0824333
0.0650475
0.0448349
0.0226969
-0.000387053
-0.023404
-0.0453529
-0.0652867
-0.0823524
-0.0958245
-0.105134
-0.109888
0.0965529
0.092298
0.0839803
0.0719746
0.0568197
0.0391929
0.0198773
-0.00027447
-0.0203787
-0.0395602
-0.0569893
-0.0719172
-0.0837059
-0.0918539
-0.0960159
0.0854142
0.0816563
0.0743092
0.0637018
0.0503078
0.0347232
0.017638
-0.000194835
-0.017994
-0.0349839
-0.0504282
-0.0636611
-0.0741143
-0.0813411
-0.085033
0.076884
0.0735062
0.0669012
0.0573633
0.0453166
0.0312951
0.0159179
-0.00013859
-0.0161711
-0.0314805
-0.0454023
-0.0573344
-0.0667626
-0.0732819
-0.0766129
0.0706987
0.0675962
0.0615291
0.0527664
0.0416963
0.028808
0.0146692
-9.89819e-05
-0.01485
-0.0289404
-0.0417575
-0.0527457
-0.0614301
-0.0674361
-0.070505
0.066667
0.0637442
0.0580281
0.0497713
0.0393383
0.0271889
0.0138574
-7.12567e-05
-0.0139876
-0.0272842
-0.0393823
-0.0497564
-0.0579569
-0.0636289
-0.0665276
0.0646641
0.0618314
0.0562908
0.0482868
0.0381716
0.0263903
0.0134602
-5.20859e-05
-0.0135553
-0.02646
-0.0382038
-0.0482759
-0.0562387
-0.0617471
-0.0645622
0.0646277
0.0617982
0.0562637
0.0482677
0.0381616
0.0263893
0.013467
-3.91684e-05
-0.0135386
-0.0264417
-0.0381858
-0.0482595
-0.0562245
-0.0617348
-0.0645511
0.0665555
0.0636427
0.0579453
0.0497134
0.0393083
0.0271865
0.0138792
-3.09535e-05
-0.0139358
-0.0272279
-0.0393274
-0.0497069
-0.0579143
-0.0635927
-0.0664949
0.0705052
0.0674204
0.0613863
0.0526676
0.0416467
0.0288067
0.01471
-2.64556e-05
-0.0147583
-0.0288421
-0.041663
-0.052662
-0.0613598
-0.0673776
-0.0704534
0.0765963
0.0732455
0.0666909
0.0572199
0.0452479
0.0312992
0.0159849
-2.51348e-05
-0.0160308
-0.0313329
-0.0452634
-0.0572147
-0.0666658
-0.0732048
-0.0765472
0.0850136
0.0812947
0.07402
0.0635086
0.0502211
0.0347399
0.0177427
-2.68331e-05
-0.0177917
-0.0347758
-0.0502377
-0.0635029
-0.0739932
-0.0812512
-0.0849611
0.0960124
0.0918122
0.083596
0.0717243
0.0567174
0.0392329
0.0200366
-3.17548e-05
-0.0200946
-0.0392754
-0.056737
-0.0717176
-0.0835643
-0.0917608
-0.0959503
0.109927
0.105118
0.0957098
0.0821163
0.0649335
0.0449143
0.0229357
-4.04914e-05
-0.0230097
-0.0449685
-0.0649585
-0.0821079
-0.0956693
-0.105052
-0.109848
0.12718
0.121615
0.110729
0.0950002
0.0751185
0.051956
0.0265275
-5.40924e-05
-0.0266263
-0.0520284
-0.075152
-0.0949889
-0.110675
-0.121528
-0.127075
0.148297
0.141807
0.12911
0.110767
0.0875812
0.0605708
0.0309196
-7.41914e-05
-0.0310551
-0.0606701
-0.087627
-0.110751
-0.129036
-0.141687
-0.148152
0.17392
0.166306
0.151412
0.129895
0.102699
0.0710188
0.0362437
-0.000103202
-0.0364323
-0.0711569
-0.102763
-0.129873
-0.151309
-0.166139
-0.173718
0.204828
0.195858
0.178313
0.152965
0.12093
0.0836153
0.042659
-0.000144609
-0.0429232
-0.0838088
-0.121019
-0.152935
-0.178168
-0.195624
-0.204545
0.241964
0.231363
0.210629
0.180677
0.142825
0.0987399
0.0503567
-0.000203385
-0.0507283
-0.0990121
-0.142951
-0.180634
-0.210426
-0.231034
-0.241566
0.286458
0.273903
0.249346
0.213873
0.169049
0.116848
0.0595654
-0.000286588
-0.0600891
-0.117232
-0.169226
-0.213813
-0.249059
-0.273439
-0.285898
0.339669
0.324773
0.29564
0.25356
0.200393
0.138484
0.0705579
-0.000404208
-0.0712964
-0.139025
-0.200643
-0.253476
-0.295236
-0.324119
-0.338879
0.403222
0.385527
0.350922
0.300944
0.237806
0.164297
0.0836578
-0.00057037
-0.0846999
-0.165061
-0.238158
-0.300825
-0.350352
-0.384604
-0.402106
0.479058
0.458019
0.416877
0.357464
0.282418
0.195061
0.0992491
-0.000805027
-0.10072
-0.196138
-0.282915
-0.357296
-0.416072
-0.456716
-0.477483
0.5695
0.544465
0.495516
0.424837
0.335575
0.231694
0.117785
-0.00113635
-0.119861
-0.233214
-0.336277
-0.424599
-0.49438
-0.542627
-0.567277
0.67732
0.647514
0.58924
0.505109
0.398882
0.275287
0.139802
-0.00160413
-0.142732
-0.277434
-0.399873
-0.504774
-0.587636
-0.644919
-0.674182
0.805833
0.770326
0.700913
0.600721
0.474245
0.327136
0.165927
-0.00226453
-0.170065
-0.330166
-0.475645
-0.600248
-0.698649
-0.766661
-0.801403
0.958995
0.916674
0.833954
0.714579
0.563933
0.388772
0.1969
-0.00319684
-0.202741
-0.39305
-0.565909
-0.713911
-0.830757
-0.911501
-0.952741
1.14154
1.09107
0.99244
0.850145
0.670639
0.462009
0.233584
-0.00451299
-0.24183
-0.468049
-0.673428
-0.849202
-0.987927
-1.08377
-1.13271
1.35911
1.2989
1.18124
1.01154
0.797562
0.548987
0.276981
-0.006371
-0.288622
-0.557514
-0.8015
-1.01021
-1.17487
-1.28859
-1.34665
1.61849
1.5466
1.40616
1.20369
0.948498
0.652232
0.328256
-0.0089939
-0.344688
-0.664268
-0.954058
-1.20181
-1.39717
-1.53205
-1.60089
1.92778
1.84189
1.67415
1.43243
1.12795
0.774712
0.388744
-0.0126966
-0.411942
-0.791704
-1.1358
-1.42978
-1.66146
-1.82134
-1.90294
2.29669
2.19399
1.99351
1.70473
1.34125
0.919913
0.459973
-0.0179234
-0.492721
-0.943902
-1.35233
-1.70099
-1.97558
-2.16499
-2.26162
2.73689
2.61399
2.37415
2.02891
1.59471
1.09191
0.543667
-0.0253016
-0.589897
-1.12578
-1.61035
-2.02362
-2.34884
-2.57304
-2.68738
3.26241
3.11517
2.82795
2.41484
1.89579
1.29546
0.641745
-0.0357166
-0.707006
-1.34327
-1.91788
-2.40738
-2.79224
-3.05736
-3.19251
3.89015
3.71351
3.36916
2.8743
2.2533
1.53607
0.756307
-0.0504177
-0.848431
-1.60356
-2.28449
-2.86378
-3.31874
-3.63191
-3.79147
4.64051
4.42829
4.01485
3.42134
2.6776
1.82009
0.889584
-0.0711679
-1.01963
-1.91537
-2.72164
-3.40651
-3.94368
-4.31308
-4.50119
5.5382
5.28277
4.78553
4.07267
3.18089
2.15479
1.04385
-0.100454
-1.22742
-2.2893
-3.24308
-4.05175
-4.68508
-5.12012
-5.3415
6.61321
6.3051
5.70591
4.8482
3.77743
2.54836
1.22129
-0.141785
-1.48039
-2.73826
-3.86527
-4.81873
-5.56412
-6.07548
-6.33548
7.90212
7.52952
6.80574
5.77165
4.48384
3.00998
1.42371
-0.200107
-1.78941
-3.27806
-4.60793
-5.73014
-6.60564
-7.20532
-7.50995
9.4497
8.99772
8.121
6.87122
5.31942
3.54963
1.65218
-0.282391
-2.16831
-3.9281
-5.49476
-6.81282
-7.83861
-8.53999
-8.89588
11.311
10.7608
9.69525
8.18046
6.30632
4.17789
1.90642
-0.398458
-2.63479
-4.71222
-6.55416
-8.09839
-9.2968
-10.1145
-10.5289
13.5544
12.8816
11.5814
9.73915
7.46975
4.90544
2.18385
-0.562129
-3.21158
-5.65982
-7.82022
-9.62404
-11.0193
-11.969
-12.4495
16.2649
15.4378
13.8438
11.5944
8.83789
5.74216
2.47819
-0.792829
-3.92805
-6.80726
-9.33383
-11.4333
-13.051
-14.1491
-14.7037
19.5495
18.5266
16.5613
13.8016
10.4415
6.69565
2.7774
-1.11783
-4.82226
-8.19952
-11.1439
-13.5771
-15.4436
-16.7064
-17.343
23.5443
22.2696
19.8301
16.4257
12.3129
7.76878
3.06058
-1.57531
-5.94363
-9.8923
-13.3089
-16.1142
-18.2552
-19.6983
-20.4242
28.424
26.8212
23.7689
19.5416
14.4836
8.95579
3.29351
-2.21858
-7.35635
-11.9545
-15.8982
-19.1125
-21.5512
-23.188
-24.0093
34.4165
32.3791
28.5234
23.2342
16.9805
10.236
3.42209
-3.12177
-9.14375
-14.471
-18.9939
-22.6491
-25.4039
-27.2439
-28.1644
41.8234
39.1994
34.2731
27.5963
19.818
11.5644
3.36308
-4.38738
-11.4135
-17.5459
-22.692
-26.8108
-29.8915
-31.938
-32.9585
51.0521
47.6182
41.238
32.723
22.9853
12.8565
2.99089
-6.15595
-14.3038
-21.3055
-27.1033
-31.6931
-35.0969
-37.3444
-38.4609
62.665
58.0825
49.6849
38.6985
26.424
13.9655
2.11953
-8.61822
-17.99
-25.9009
-32.3533
-37.3987
-41.1049
-43.5356
-44.7383
77.4594
71.1957
59.9292
45.5681
29.9903
14.6491
0.478549
-12.029
-22.6906
-31.5089
-38.58
-44.0339
-47.9983
-50.5791
-51.8505
96.6028
87.7825
72.3218
53.2821
33.3918
14.5195
-2.31724
-16.7217
-28.6712
-38.3298
-45.9294
-51.703
-55.852
-58.5313
-59.845
121.871
108.98
87.1991
61.5864
36.0862
12.9761
-6.80204
-23.1189
-36.2424
-46.5804
-54.5464
-60.4999
-64.7256
-67.4312
-68.7511
156.089
136.349
104.737
69.8121
37.1204
9.11866
-13.6903
-31.7336
-45.7476
-56.4777
-64.5606
-70.4961
-74.6543
-77.2927
-78.573
204.014
171.962
124.573
76.4867
34.8972
1.65498
-23.8879
-43.1458
-57.533
-68.213
-76.0654
-81.7258
-85.6375
-88.0965
-89.2832
274.196
218.222
144.893
78.6489
26.8769
-11.1557
-38.4496
-57.9397
-71.8922
-81.9112
-89.0919
-94.1691
-97.6288
-99.7828
-100.817
383.247
276.534
160.291
70.7604
9.31524
-31.424
-58.4302
-76.5785
-88.9822
-97.5798
-103.578
-107.735
-110.526
-112.246
-113.067
566.399
341.46
157.136
43.3675
-22.6252
-61.2287
-84.5617
-99.2058
-108.714
-115.052
-119.343
-122.248
-124.165
-125.333
-125.886
905.753
378.178
104.983
-17.204
-73.5856
-101.637
-116.726
-125.398
-130.647
-133.945
-136.069
-137.446
-138.324
-138.845
-139.088
1611.47
238.241
-52.037
-123.474
-144.219
-151.047
-153.345
-153.967
-153.933
-153.653
-153.311
-152.989
-152.729
-152.549
-152.457
44.209
44.7946
46.0111
47.9558
50.7947
54.7911
60.3546
68.1222
79.0869
94.786
117.503
150.186
194.872
245.413
261.56
51.686
52.3692
53.7812
56.0185
59.2408
63.6905
69.7212
77.8359
88.7248
103.268
122.401
146.561
174.166
198.386
203.895
58.4783
59.2136
60.7245
63.0947
66.4581
71.007
77.0017
84.7735
94.7063
107.16
122.268
139.489
156.842
170.066
173.329
64.5337
65.2808
66.8069
69.1764
72.4882
76.8758
82.5029
89.548
98.1647
108.397
120.018
132.283
143.643
151.705
154.046
69.8403
70.5676
72.0442
74.3142
77.441
81.5033
86.5839
92.7486
100.006
108.242
117.123
125.978
133.739
139.062
140.818
74.418
75.1032
76.4867
78.5935
81.4566
85.1104
89.5786
94.8538
100.867
107.442
114.251
120.764
126.269
129.986
131.323
78.3087
78.9387
80.2043
82.1149
84.6798
87.9014
91.7642
96.2189
101.161
106.408
111.672
116.557
120.587
123.286
124.317
81.5676
82.1369
83.2752
84.9803
87.2448
90.0495
93.3557
97.0938
101.15
105.353
109.469
113.204
116.232
118.251
119.053
84.2553
84.7641
85.7773
87.2848
89.2677
91.6944
94.5137
97.6487
100.989
104.384
107.645
110.555
112.883
114.43
115.059
86.4324
86.8851
87.7833
89.1118
90.8453
92.9448
95.3544
97.9969
100.77
103.546
106.172
108.484
110.315
111.526
112.022
88.1549
88.5585
89.357
90.5321
92.0548
93.8833
95.9605
98.2126
100.547
102.855
105.012
106.89
108.366
109.335
109.729
89.4719
89.8352
90.5521
91.6028
92.9567
94.571
96.3899
98.3437
100.349
102.312
104.13
105.698
106.92
107.717
108.035
90.4238
90.7563
91.4113
92.3683
93.5961
95.0522
96.6823
98.4211
100.193
101.913
103.494
104.849
105.898
106.576
106.839
91.0411
91.3531
91.9667
92.8612
94.0054
95.3572
96.8641
98.4637
100.085
101.651
103.083
104.304
105.244
105.848
106.076
91.3447
91.6463
92.2391
93.1024
94.205
95.5051
96.9512
98.4825
100.03
101.522
102.882
104.038
104.926
105.493
105.703
199.741
187.016
173.555
141.353
125.046
101.657
85.5193
52.5681
72.5332
78.0691
80.0878
81.1984
83.4199
85.4771
91.279
89.1088
76.2271
70.1074
61.7984
57.2099
50.1819
44.0039
29.0086
42.052
46.7972
51.2185
54.1863
59.8497
64.2837
74.2783
75.5369
69.9115
67.1434
62.8011
60.154
55.3544
49.7964
33.9449
52.0682
59.7123
68.7908
74.9667
86.6873
95.1692
113.096
116.126
108.549
104.821
98.8203
94.956
87.6837
78.5727
52.1977
81.4909
93.005
105.345
112.619
125.198
133.305
149.69
148.996
130.556
121.229
107.214
98.9524
85.4085
73.4171
44.7164
67.0075
73.7544
77.7862
79.2683
81.3748
82.3909
85.568
81.856
67.5826
60.5009
52.3884
47.9737
45.0812
37.0371
17.4813
55.4592
35.3724
-53.8985
-134.407
-292.6
-728.431
-2135.59
186.044
171.966
157.507
139.463
123.629
107.732
93.9743
81.5043
81.4012
82.2953
82.8756
83.2998
83.912
84.4548
84.785
82.219
76.439
70.9697
65.342
60.4474
55.4439
50.8309
46.6497
48.9254
51.6773
54.6128
57.5411
61.0667
64.5911
68.3924
69.501
68.0341
66.1114
63.6689
61.2679
58.4172
55.4738
52.9102
58.1079
63.884
70.2659
76.6294
84.0958
91.2768
98.8024
101.716
100.372
98.0084
94.6373
91.0288
86.4428
81.322
76.4299
83.8591
91.6088
99.4415
106.327
113.566
119.527
124.632
123.509
116.089
107.982
98.635
89.7413
79.8988
70.222
60.7205
62.4
64.1664
65.0923
64.9679
64.2466
62.6126
59.9366
54.0888
44.7064
35.3023
25.3415
15.2308
3.79969
-11.1744
-30.4046
-48.5168
-92.7653
-174.312
-291.353
-478
-786.571
-1222.48
166.706
157.461
146.619
134.39
122.301
110.723
100.574
92.6307
88.832
86.9722
85.8871
85.1293
84.503
83.7374
82.4604
79.9562
76.2025
72.0592
67.8288
63.841
60.1429
57.0351
54.9921
55.1125
56.2921
58.0167
60.0348
62.2847
64.4986
66.383
67.1728
66.8119
65.8269
64.476
63.0282
61.6125
60.603
60.6985
63.3138
67.182
71.7663
76.7024
81.9136
86.8862
91.1486
93.4336
93.6618
92.6441
90.7945
88.5072
85.9705
83.7405
82.9178
85.7641
90.0915
94.899
99.5255
103.772
106.979
108.541
107.085
102.608
96.5207
89.4014
81.8949
74.1495
66.7733
60.6231
57.6666
55.788
53.9102
51.5265
48.4318
44.3344
38.8722
31.4113
21.8611
10.9052
-1.48922
-15.6107
-32.3796
-53.2563
-79.8995
-114.855
-167.191
-243.613
-348.059
-487.823
-661.335
-826.542
151.048
145.256
137.722
129.116
120.232
111.657
103.997
97.7871
93.4693
90.5324
88.4258
86.7683
85.2933
83.7552
81.902
79.4914
76.526
73.2732
69.9652
66.8163
63.9911
61.7054
60.2184
59.7733
60.1216
60.9969
62.1937
63.5534
64.8796
65.9488
66.5004
66.4872
66.0681
65.4218
64.7411
64.2217
64.1401
64.8574
66.7142
69.4477
72.7587
76.3779
80.0733
83.5168
86.3406
88.1115
88.7437
88.476
87.5801
86.3429
85.0551
84.1309
84.1207
85.5346
87.8813
90.6153
93.2688
95.4742
96.7963
96.7934
95.0114
91.4455
86.5431
80.7238
74.3915
67.8672
61.5582
55.9262
51.3802
47.4077
43.4558
39.1085
34.0607
28.021
20.6858
11.7424
1.04016
-11.4202
-25.8326
-42.6393
-62.6427
-87.0332
-117.423
-156.165
-206.931
-272.557
-353.903
-449.042
-548.047
-625.737
139.268
135.558
130.367
124.241
117.717
111.271
105.328
100.218
96.1163
92.8957
90.3163
88.1432
86.173
84.2256
82.1451
79.8242
77.2624
74.5656
71.8714
69.3243
67.0615
65.2244
63.9434
63.2907
63.1913
63.513
64.1172
64.8695
65.6296
66.2586
66.6406
66.7458
66.6353
66.4159
66.2204
66.1993
66.5257
67.374
68.8508
70.8803
73.3057
75.9424
78.594
81.038
83.0473
84.4272
85.12
85.2107
84.8556
84.2498
83.6142
83.2034
83.2714
83.96
85.1118
86.4458
87.6558
88.4463
88.5203
87.606
85.5048
82.2056
77.8844
72.7835
67.1633
61.2738
55.3673
49.6646
44.2671
38.9973
33.5704
27.6988
21.1177
13.573
4.81506
-5.39352
-17.2488
-30.9343
-46.7275
-65.0637
-86.587
-112.17
-142.916
-180.155
-225.269
-278.858
-339.881
-404.684
-465.445
-509.657
130.45
127.988
124.359
119.934
115.086
110.161
105.457
101.195
97.4933
94.3341
91.6203
89.2246
87.0187
84.8864
82.7332
80.5026
78.1922
75.8528
73.565
71.4219
69.518
67.9418
66.7628
66.0103
65.6535
65.6217
65.8264
66.1732
66.5674
66.9232
67.1782
67.3138
67.3583
67.3746
67.4477
67.6754
68.1589
68.9842
70.1904
71.7418
73.5473
75.4841
77.4124
79.1839
80.6587
81.7308
82.3616
82.5857
82.4907
82.1981
81.8482
81.5851
81.527
81.717
82.0786
82.4534
82.6453
82.4489
81.6657
80.1265
77.7217
74.436
70.3474
65.5897
60.3218
54.704
48.8824
42.9627
36.9697
30.8126
24.3254
17.3105
9.56212
0.872237
-8.96645
-20.1578
-32.9016
-47.4124
-63.9594
-82.8975
-104.684
-129.87
-159.057
-192.804
-231.4
-274.451
-320.41
-366.139
-406.669
-435.821
123.793
122.096
119.496
116.234
112.565
108.732
104.946
101.366
98.0866
95.1298
92.4649
90.0311
87.7573
85.5757
83.4317
81.2945
79.1627
77.0647
75.0488
73.1741
71.5016
70.086
68.9669
68.1591
67.6466
67.3888
67.3299
67.4075
67.5595
67.7317
67.8867
68.0118
68.1209
68.2503
68.451
68.7817
69.2988
70.0444
71.0319
72.2361
73.5984
75.0366
76.4551
77.7555
78.8484
79.6683
80.1874
80.4185
80.4085
80.2274
79.9557
79.6699
79.4236
79.2253
79.0247
78.723
78.1925
77.295
75.8982
73.8921
71.2059
67.8214
63.7724
59.1296
53.9835
48.4266
42.5381
36.366
29.9081
23.1028
15.8398
7.97863
-0.637622
-10.174
-20.7997
-32.6862
-46.0092
-60.9576
-77.747
-96.6284
-117.884
-141.804
-168.631
-198.466
-231.111
-265.855
-301.267
-335.075
-364.272
-385.664
118.719
117.503
115.584
113.118
110.278
107.234
104.136
101.103
98.2134
95.5037
92.975
90.6056
88.362
86.2093
84.1194
82.077
80.0836
78.157
76.328
74.6341
73.114
71.802
70.7217
69.8814
69.2718
68.8684
68.6358
68.5336
68.5212
68.5638
68.6372
68.7316
68.8533
69.0218
69.266
69.6184
70.1085
70.7552
71.5597
72.5013
73.5389
74.6158
75.6666
76.6244
77.4296
78.0377
78.4263
78.5968
78.5712
78.3858
78.0819
77.6964
77.2497
76.7354
76.1148
75.3206
74.2666
72.8588
71.0069
68.6356
65.6942
62.1627
58.0513
53.3935
48.2357
42.6258
36.6017
30.18
23.3465
16.0519
8.21565
-0.265973
-9.51217
-19.6513
-30.8168
-43.1451
-56.7753
-71.8507
-88.521
-106.939
-127.246
-149.549
-173.87
-200.077
-227.793
-256.292
-284.43
-310.645
-333.109
-350.068
114.829
113.922
112.457
110.538
108.283
105.811
103.23
100.631
98.0797
95.6152
93.2544
90.9975
88.8342
86.7512
84.7372
82.7877
80.9068
79.1078
77.4114
75.8424
74.4258
73.1834
72.1299
71.2703
70.5991
70.1008
69.7529
69.5291
69.4027
69.3505
69.356
69.4111
69.5171
69.6832
69.924
70.2556
70.6914
71.2375
71.8888
72.627
73.4214
74.2313
75.0104
75.7117
76.293
76.7216
76.9778
77.056
76.9628
76.7131
76.3242
75.8096
75.1718
74.3972
73.4534
72.2911
70.8489
69.0606
66.8621
64.1988
61.0312
57.338
53.1161
48.3764
43.1381
37.4208
31.2374
24.5868
17.4485
9.78065
1.52088
-7.40942
-17.1006
-27.65
-39.1589
-51.7286
-65.4591
-80.4461
-96.7776
-114.526
-133.733
-154.387
-176.391
-199.512
-223.341
-247.246
-270.357
-291.611
-309.866
-324.098
111.849
111.141
109.982
108.441
106.6
104.542
102.349
100.09
97.8191
95.5756
93.3829
91.253
89.1894
87.1922
85.261
83.3983
81.6107
79.9097
78.3103
76.83
75.4856
74.2916
73.2576
72.3869
71.6762
71.1156
70.6903
70.3831
70.176
70.0532
70.0022
70.0162
70.0932
70.236
70.4501
70.7417
71.1144
71.5671
72.0913
72.6706
73.2803
73.8898
74.4648
74.9705
75.3751
75.6524
75.7843
75.7606
75.5784
75.2394
74.7463
74.0988
73.2896
72.3013
71.1054
69.6632
67.9284
65.8519
63.3855
60.4872
57.124
53.2738
48.9256
44.0768
38.7296
32.8866
26.5455
19.6954
12.3131
4.36173
-4.2082
-13.457
-23.4525
-34.2667
-45.9723
-58.6395
-72.3321
-87.1039
-102.992
-120.01
-138.133
-157.282
-177.298
-197.925
-218.779
-239.338
-258.954
-276.893
-292.412
-304.878
109.586
109.007
108.055
106.775
105.225
103.468
101.562
99.5633
97.5176
95.461
93.4197
91.4114
89.4477
87.5367
85.6849
83.8994
82.1887
80.5637
79.0367
77.6206
76.3277
75.1681
74.1488
73.2722
72.5361
71.9342
71.4567
71.0918
70.8271
70.651
70.5539
70.5293
70.5733
70.6847
70.8635
71.1096
71.421
71.7924
72.2135
72.669
73.1383
73.5968
74.0177
74.3737
74.639
74.7915
74.8134
74.692
74.4185
73.9863
73.3895
72.6197
71.6639
70.5031
69.111
67.4553
65.4991
63.2034
60.53
57.4442
53.917
49.926
45.4552
40.494
35.0345
29.0689
22.5864
15.5703
7.99686
-0.166398
-8.95954
-18.429
-28.625
-39.599
-51.4003
-64.0725
-77.6498
-92.1521
-107.579
-123.902
-141.055
-158.923
-177.326
-196.01
-214.636
-232.784
-249.964
-265.654
-279.352
-290.639
107.905
107.411
106.597
105.495
104.149
102.604
100.907
99.1027
97.2303
95.3229
93.4072
91.5039
89.6288
87.7946
86.0121
84.2912
82.6421
81.0754
79.602
78.2325
76.9764
75.8417
74.8334
73.9538
73.2015
72.5724
72.0597
71.6551
71.3493
71.1337
71.0002
70.9424
70.9553
71.0352
71.1788
71.3822
71.6401
71.9448
72.285
72.6463
73.0104
73.3568
73.6629
73.9059
74.064
74.117
74.0477
73.8413
73.4855
72.969
72.2805
71.407
70.3324
69.0365
67.4949
65.679
63.5575
61.0976
58.2671
55.0359
51.3771
47.2681
42.6903
37.6281
32.0677
25.9953
19.395
12.2478
4.52985
-3.78739
-12.7368
-22.3542
-32.6766
-43.7393
-55.5731
-68.2011
-81.6342
-95.8672
-110.873
-126.596
-142.946
-159.791
-176.946
-194.174
-211.18
-227.62
-243.116
-257.282
-269.757
-280.251
106.716
106.274
105.55
104.566
103.357
101.957
100.405
98.7384
96.9916
95.1952
93.3754
91.5541
89.7494
87.9767
86.249
84.5782
82.9755
81.4515
80.0164
78.6796
77.4492
76.3318
75.3317
74.4507
73.6884
73.0418
72.506
72.0747
71.7407
71.4969
71.3362
71.2524
71.2397
71.2929
71.4066
71.5749
71.7906
72.0445
72.325
72.618
72.9069
73.1733
73.3975
73.5593
73.6389
73.6175
73.478
73.2045
72.7825
72.198
71.4366
70.4826
69.3182
67.9227
66.2726
64.3417
62.1021
59.5245
56.5804
53.2422
49.4845
45.2847
40.6223
35.479
29.8378
23.6813
16.9911
9.74695
1.92578
-6.49796
-15.5518
-25.2639
-35.6616
-46.7683
-58.6015
-71.169
-84.4654
-98.4678
-113.131
-128.385
-144.124
-160.209
-176.459
-192.654
-208.535
-223.813
-238.181
-251.339
-263.013
-272.984
105.954
105.544
104.873
103.962
102.836
101.527
100.066
98.488
96.8228
95.0996
93.3442
91.5788
89.8226
88.0924
86.4024
84.7658
83.1942
81.6983
80.2881
78.9722
77.7582
76.6518
75.657
74.7756
74.0075
73.3505
72.8006
72.3528
72.0011
71.7391
71.5604
71.4587
71.428
71.462
71.5545
71.6982
71.885
72.1047
72.3457
72.5942
72.8345
73.0494
73.2207
73.3297
73.3577
73.2868
73.0997
72.7801
72.3122
71.6805
70.8688
69.86
68.6354
67.1742
65.4533
63.448
61.132
58.4783
55.4602
52.0516
48.2279
43.9664
39.2459
34.0465
28.3493
22.1353
15.3847
8.07685
0.189412
-8.30105
-17.4185
-27.1862
-37.6248
-48.7503
-60.5714
-73.086
-86.2783
-100.115
-114.539
-129.471
-144.801
-160.385
-176.048
-191.584
-206.756
-221.31
-234.985
-247.529
-258.716
-268.368
105.582
105.186
104.541
103.664
102.578
101.312
99.8962
98.3607
96.7356
95.0488
93.3256
91.5885
89.857
88.1484
86.4778
84.8584
83.3023
81.8205
80.4224
79.1168
77.9108
76.8098
75.8176
74.9362
74.1655
73.5035
72.947
72.4913
72.131
71.8601
71.6725
71.5617
71.5217
71.5458
71.6272
71.7584
71.9304
72.133
72.3544
72.5809
72.7973
72.9869
73.1322
73.2152
73.2177
73.122
72.911
72.5679
72.0766
71.4206
70.5833
69.5469
68.2922
66.7983
65.0425
63.0005
60.6469
57.9558
54.9012
51.4576
47.601
43.3084
38.5583
33.3304
27.6046
21.3614
14.5806
7.2412
-0.678585
-9.20112
-18.3486
-28.1417
-38.5981
-49.7299
-61.5415
-74.0261
-87.1626
-100.912
-115.214
-129.984
-145.108
-160.444
-175.819
-191.033
-205.863
-220.071
-233.415
-245.667
-256.624
-266.125
-2115.2
-742.947
-391.928
-279.093
-232.546
-208.855
-194.904
-185.893
-179.732
-175.378
-172.26
-170.039
-168.512
-167.553
-167.091
-1216.52
-792.087
-524.529
-382.565
-306.043
-262.176
-235.299
-217.868
-206.066
-197.841
-192.03
-187.943
-185.159
-183.424
-182.59
-834.34
-684.343
-531.53
-420.591
-346.881
-298.502
-266.244
-244.212
-228.82
-217.888
-210.074
-204.54
-200.756
-198.39
-197.252
-637.775
-579.405
-496.648
-421.381
-362.382
-318.704
-286.958
-263.913
-247.11
-234.812
-225.837
-219.386
-214.93
-212.127
-210.773
-522.189
-498.847
-454.268
-405.898
-362.555
-326.97
-298.965
-277.37
-260.89
-248.411
-239.071
-232.233
-227.447
-224.411
-222.937
-447.781
-439.52
-415.674
-385.38
-354.966
-327.65
-304.558
-285.708
-270.664
-258.868
-249.799
-243.024
-238.213
-235.129
-233.624
-396.871
-395.769
-383.519
-364.978
-344.272
-324.103
-305.903
-290.237
-277.186
-266.596
-258.23
-251.849
-247.247
-244.266
-242.802
-360.588
-363.16
-357.652
-346.734
-333.035
-318.585
-304.708
-292.147
-281.243
-272.095
-264.672
-258.89
-254.655
-251.883
-250.512
-334.053
-338.627
-337.187
-331.267
-322.545
-312.487
-302.192
-292.396
-283.541
-275.864
-269.468
-264.382
-260.598
-258.094
-256.847
-314.387
-320.103
-321.2
-318.596
-313.387
-306.622
-299.174
-291.7
-284.658
-278.347
-272.95
-268.568
-265.258
-263.042
-261.933
-299.805
-306.193
-308.908
-308.524
-305.781
-301.437
-296.177
-290.566
-285.039
-279.914
-275.411
-271.68
-268.817
-266.881
-265.906
-289.163
-295.954
-299.708
-300.809
-299.771
-297.162
-293.526
-289.344
-285.015
-280.853
-277.097
-273.921
-271.446
-269.756
-268.899
-281.715
-288.745
-293.159
-295.226
-295.329
-293.911
-291.417
-288.265
-284.819
-281.383
-278.199
-275.455
-273.287
-271.792
-271.03
-276.984
-284.149
-288.953
-291.602
-292.405
-291.73
-289.962
-287.475
-284.608
-281.655
-278.858
-276.408
-274.452
-273.092
-272.396
-274.685
-281.912
-286.896
-289.819
-290.955
-290.637
-289.221
-287.06
-284.48
-281.768
-279.165
-276.864
-275.015
-273.724
-273.062
)
;

boundaryField
{
    hot
    {
        type            calculated;
        value           nonuniform List<scalar> 
120
(
58.907
58.4398
57.4965
56.0607
54.109
51.6143
48.5481
44.8858
40.6118
35.7258
30.249
24.2302
17.7488
10.9153
3.86652
-2.65114
-8.51799
-14.2388
-19.7347
-24.9401
-29.8046
-34.2943
-38.391
-42.0903
-45.3998
-48.3359
-50.9215
-53.1838
-55.1518
-56.8554
-58.3237
-59.5846
-60.6638
-61.5851
-62.3695
-63.0362
-63.6017
-64.0807
-64.4858
-64.8281
-65.117
-65.3606
-65.5657
-65.7383
-65.8834
-66.005
-66.107
-66.1921
-66.2631
-66.3218
-66.3703
-66.4097
-66.4414
-66.4663
-66.4852
-66.4985
-66.5068
-66.5102
-66.5089
-66.5028
-66.4917
-66.4754
-66.4532
-66.4246
-66.3887
-66.3444
-66.2903
-66.2249
-66.1463
-66.0519
-65.9392
-65.8047
-65.6444
-65.4537
-65.227
-64.9578
-64.6385
-64.2598
-63.8114
-63.2809
-62.654
-61.9142
-61.0424
-60.0172
-58.8139
-57.4053
-55.7608
-53.8476
-51.6303
-49.0722
-46.136
-42.7859
-38.9896
-34.7206
-29.9618
-24.7087
-18.9727
-12.784
-6.19331
0.727551
7.88775
15.1812
22.4927
29.7047
36.7057
44.0653
51.5179
58.2969
64.3488
69.6599
74.2475
78.1516
81.4253
84.1279
86.3188
88.0535
89.3805
90.34
90.9625
91.2686
)
;
    }
    cold
    {
        type            calculated;
        value           nonuniform List<scalar> 
120
(
-29.1459
-28.9507
-28.562
-27.9832
-27.2201
-26.2808
-25.1763
-23.9211
-22.5334
-21.0353
-19.453
-17.8154
-16.1541
-14.5014
-12.8885
-11.4724
-10.2475
-9.09626
-8.02663
-7.04367
-6.14955
-5.34386
-4.62407
-3.98603
-3.42438
-2.93305
-2.50559
-2.13551
-1.81646
-1.54243
-1.30782
-1.10753
-0.936952
-0.791998
-0.669053
-0.564954
-0.476955
-0.402681
-0.340091
-0.287439
-0.243237
-0.206222
-0.175325
-0.14965
-0.128446
-0.111089
-0.0970676
-0.0859659
-0.0774547
-0.0712806
-0.0672601
-0.0652737
-0.0652629
-0.0672284
-0.0712309
-0.0773919
-0.0858987
-0.0970092
-0.11106
-0.128477
-0.149786
-0.175634
-0.2068
-0.244228
-0.289047
-0.342609
-0.406529
-0.482731
-0.573506
-0.681577
-0.810181
-0.96316
-1.14507
-1.36131
-1.61828
-1.92354
-2.28602
-2.71625
-3.22663
-3.83173
-4.54864
-5.39732
-6.40102
-7.5867
-8.9855
-10.6332
-12.5704
-14.8431
-17.5028
-20.6062
-24.2149
-28.3946
-33.2133
-38.7392
-45.0374
-52.1659
-60.1702
-69.077
-78.8883
-89.5747
-101.07
-113.267
-126.02
-139.146
-152.433
-166.977
-182.385
-196.973
-210.44
-222.574
-233.252
-242.439
-250.171
-256.537
-261.656
-265.661
-268.683
-270.838
-272.22
-272.895
)
;
    }
    interface_left
    {
        type            calculated;
        value           nonuniform List<scalar> 
90
(
-1063.95
-526.92
-322.641
-229.881
-180.281
-150.182
-130.231
-116.191
-105.895
-98.119
-92.1172
-87.4077
-83.6647
-80.6595
-78.2271
-76.2455
-74.6226
-73.2877
-72.1858
-71.2735
-70.5164
-69.8869
-69.3626
-68.9254
-68.5603
-68.2554
-68.0004
-67.7872
-67.6089
-67.4598
-67.3353
-67.2313
-67.1447
-67.0728
-67.0132
-66.9643
-66.9245
-66.8925
-66.8675
-66.8485
-66.8351
-66.8268
-66.8233
-66.8246
-66.8308
-66.8419
-66.8583
-66.8806
-66.9093
-66.9455
-66.9902
-67.0447
-67.1108
-67.1905
-67.2862
-67.4009
-67.5382
-67.7024
-67.8986
-68.1331
-68.4133
-68.7483
-69.1489
-69.6283
-70.2027
-70.8916
-71.7189
-72.7142
-73.9141
-75.3644
-77.1226
-79.262
-81.8771
-85.0912
-89.0685
-94.032
-100.291
-108.292
-118.694
-132.528
-151.5
-178.655
-220.016
-289.026
-420.052
-713.282
-1495.1
1596.56
832.286
595.941
)
;
    }
    interface_right
    {
        type            calculated;
        value           nonuniform List<scalar> 
90
(
83.65
44.8832
28.2621
19.6855
14.5541
11.1548
8.74902
6.97089
5.61717
4.56454
3.73313
3.06855
2.53238
2.09662
1.74039
1.4478
1.20656
1.00704
0.84161
0.704179
0.589828
0.49457
0.415156
0.348927
0.293698
0.247671
0.209362
0.17755
0.151226
0.129563
0.111881
0.0976288
0.0863643
0.077738
0.071483
0.0674058
0.0653802
0.0653429
0.0672917
0.0712849
0.0774433
0.0859536
0.0970741
0.111143
0.128587
0.149938
0.175845
0.207096
0.244644
0.289633
0.343435
0.407695
0.484377
0.575829
0.684857
0.814811
0.969697
1.1543
1.37434
1.63668
1.94951
2.32267
2.76799
3.29968
3.93488
4.69427
5.60293
6.69133
7.99664
9.56444
11.4509
13.7256
16.4755
19.8105
23.8702
28.8348
34.9404
42.5012
51.9442
63.8649
79.1179
98.977
125.43
161.769
213.885
293.419
426.344
678.98
1244.34
2750.19
)
;
    }
    interface_top
    {
        type            calculated;
        value           nonuniform List<scalar> 
90
(
199.741
187.016
173.555
141.353
125.046
101.657
85.5193
52.5681
72.5332
78.0691
80.0878
81.1984
83.4199
85.4771
91.279
89.1088
76.2271
70.1074
61.7984
57.2099
50.1819
44.0039
29.0086
42.052
46.7972
51.2185
54.1863
59.8497
64.2837
74.2783
75.5369
69.9115
67.1434
62.8011
60.154
55.3544
49.7964
33.9449
52.0682
59.7123
68.7908
74.9667
86.6873
95.1692
113.096
116.126
108.549
104.821
98.8203
94.956
87.6837
78.5727
52.1977
81.4909
93.005
105.345
112.619
125.198
133.305
149.69
148.996
130.556
121.229
107.214
98.9524
85.4085
73.4171
44.7164
67.0075
73.7544
77.7862
79.2683
81.3748
82.3909
85.568
81.856
67.5826
60.5009
52.3884
47.9737
45.0812
37.0371
17.4813
55.4592
35.3724
-53.8985
-134.407
-292.6
-728.431
-2135.59
)
;
    }
    interface_bottom
    {
        type            calculated;
        value           nonuniform List<scalar> 
90
(
640.385
274.74
161.287
116.303
95.9289
78.047
65.2279
41.3743
56.1449
60.2207
62.5751
63.3825
64.7901
65.39
67.2102
63.9227
51.4787
44.956
35.2864
29.8528
21.6036
16.6362
8.39621
8.1171
6.35966
1.74786
-1.43408
-7.14409
-10.8221
-17.3217
-19.9692
-22.0595
-23.3826
-25.2471
-26.1767
-27.065
-25.6532
-18.5643
-31.4325
-37.2035
-44.4315
-48.7117
-55.7572
-60.0422
-67.7039
-68.2447
-62.0351
-59.6154
-56.857
-55.3527
-52.8293
-48.2508
-33.377
-53.3163
-61.457
-70.5211
-75.6645
-83.9348
-88.8957
-97.8859
-97.5566
-87.0741
-82.7854
-77.8171
-75.1278
-70.8979
-64.4068
-44.3067
-70.167
-80.7165
-92.5541
-99.5611
-111.407
-119.132
-134.305
-135.346
-123.53
-118.834
-113.838
-110.897
-106.385
-96.4803
-64.7479
-107.186
-111.338
-84.0246
-164.935
-156.336
-48.1323
1.12137
)
;
    }
    defaultFaces
    {
        type            empty;
    }
}


// ************************************************************************* //
