/*--------------------------------*- C++ -*----------------------------------*\
| =========                 |                                                 |
| \\      /  F ield         | OpenFOAM: The Open Source CFD Toolbox           |
|  \\    /   O peration     | Version:  5.x                                   |
|   \\  /    A nd           | Web:      www.OpenFOAM.org                      |
|    \\/     M anipulation  |                                                 |
\*---------------------------------------------------------------------------*/
FoamFile
{
    version     2.0;
    format      ascii;
    class       volScalarField;
    location    "2.9";
    object      gradTy;
}
// * * * * * * * * * * * * * * * * * * * * * * * * * * * * * * * * * * * * * //

dimensions      [0 -1 0 1 0 0 0];

internalField   nonuniform List<scalar> 
3200
(
-2.8457e-07
1.16673e-07
-4.09122e-07
3.70506e-07
-2.76908e-07
3.24458e-07
-1.77e-07
2.22826e-07
-1.37048e-07
5.82478e-08
1.34629e-07
-5.49726e-08
7.81765e-08
-4.51298e-08
5.62243e-08
-3.40671e-08
4.1714e-08
-2.56838e-08
3.12677e-08
-1.94091e-08
2.35611e-08
-1.46832e-08
1.7801e-08
-1.11063e-08
1.34614e-08
-8.39155e-09
1.01763e-08
-6.32843e-09
7.68308e-09
-4.76027e-09
5.7888e-09
-3.56912e-09
4.34959e-09
-2.66555e-09
3.25701e-09
-1.98139e-09
2.42878e-09
-1.46459e-09
1.80218e-09
-1.07532e-09
1.32931e-09
-7.83124e-10
9.73542e-10
-5.64736e-10
7.06841e-10
-4.02458e-10
5.075e-10
-2.84067e-10
3.53593e-10
-2.23896e-10
9.96632e-11
2.17014e-10
-7.61578e-11
1.17861e-10
-5.45508e-11
7.54137e-11
-3.4002e-11
4.76414e-11
-2.03028e-11
2.91873e-11
-1.17133e-11
1.73101e-11
-6.54803e-12
9.94835e-12
-3.55378e-12
5.55025e-12
-1.87083e-12
3.0084e-12
-9.47297e-13
1.58011e-12
-4.47514e-13
8.01159e-13
-1.47826e-13
3.46478e-13
5.02053e-15
8.47742e-14
1.74487e-14
4.04647e-15
9.63424e-16
2.7324e-16
-2.07701e-07
6.06954e-08
-2.75494e-07
2.41605e-07
-1.75076e-07
2.16681e-07
-1.08637e-07
1.48721e-07
-8.81654e-08
4.15871e-08
9.5521e-08
-3.21041e-08
5.26245e-08
-2.78195e-08
3.75704e-08
-2.11245e-08
2.78387e-08
-1.59543e-08
2.08566e-08
-1.20671e-08
1.57122e-08
-9.13262e-09
1.18698e-08
-6.9087e-09
8.97615e-09
-5.21946e-09
6.78623e-09
-3.93518e-09
5.12437e-09
-2.95886e-09
3.86175e-09
-2.21729e-09
2.9024e-09
-1.65485e-09
2.17403e-09
-1.2291e-09
1.62181e-09
-9.07623e-10
1.20395e-09
-6.65591e-10
8.8853e-10
-4.84024e-10
6.51152e-10
-3.48418e-10
4.73137e-10
-2.47768e-10
3.39944e-10
-1.74826e-10
2.35683e-10
-1.44239e-10
7.10312e-11
1.54526e-10
-4.3148e-11
7.99892e-11
-3.26398e-11
5.09642e-11
-2.02777e-11
3.22471e-11
-1.20017e-11
1.97979e-11
-6.85472e-12
1.1766e-11
-3.79144e-12
6.77545e-12
-2.03512e-12
3.78725e-12
-1.05854e-12
2.05693e-12
-5.27816e-13
1.08324e-12
-2.42436e-13
5.52816e-13
-6.85543e-14
2.42862e-13
1.72874e-14
6.15303e-14
1.52907e-14
3.63381e-15
8.68351e-16
2.46503e-16
-1.41631e-07
2.88258e-08
-1.76066e-07
1.49994e-07
-1.05637e-07
1.3754e-07
-6.362e-08
9.43522e-08
-5.39769e-08
2.79357e-08
6.36558e-08
-1.77459e-08
3.36657e-08
-1.63541e-08
2.387e-08
-1.24969e-08
1.76661e-08
-9.45552e-09
1.32293e-08
-7.158e-09
9.96394e-09
-5.41961e-09
7.52659e-09
-4.10035e-09
5.69178e-09
-3.09747e-09
4.30348e-09
-2.3347e-09
3.25005e-09
-1.75474e-09
2.4497e-09
-1.31424e-09
1.84156e-09
-9.80208e-10
1.3798e-09
-7.27428e-10
1.02967e-09
-5.36626e-10
7.64679e-10
-3.93046e-10
5.64615e-10
-2.854e-10
4.14013e-10
-2.05062e-10
3.01034e-10
-1.45503e-10
2.1642e-10
-1.02651e-10
1.49346e-10
-8.84261e-11
4.76422e-11
1.03262e-10
-2.29872e-11
5.15355e-11
-1.85879e-11
3.27009e-11
-1.151e-11
2.07193e-11
-6.74598e-12
1.2744e-11
-3.80903e-12
7.58764e-12
-2.08093e-12
4.37684e-12
-1.10238e-12
2.45054e-12
-5.65007e-13
1.33325e-12
-2.76315e-13
7.0373e-13
-1.2226e-13
3.61096e-13
-2.66194e-14
1.60711e-13
1.87546e-14
4.19026e-14
1.17485e-14
2.86569e-15
6.882e-16
1.95644e-16
-8.24378e-08
1.19061e-08
-9.79339e-08
8.15975e-08
-5.61964e-08
7.61339e-08
-3.30021e-08
5.2207e-08
-2.90216e-08
1.61123e-08
3.64592e-08
-8.71375e-09
1.87527e-08
-8.50833e-09
1.32247e-08
-6.53782e-09
9.7786e-09
-4.95442e-09
7.32019e-09
-3.75341e-09
5.51239e-09
-2.84288e-09
4.16368e-09
-2.15107e-09
3.14868e-09
-1.62482e-09
2.38081e-09
-1.22442e-09
1.7982e-09
-9.19948e-10
1.35556e-09
-6.88696e-10
1.01922e-09
-5.13358e-10
7.6382e-10
-3.80704e-10
5.70139e-10
-2.80606e-10
4.2354e-10
-2.05313e-10
3.12842e-10
-1.48892e-10
2.29495e-10
-1.0681e-10
1.66955e-10
-7.56447e-11
1.20081e-10
-5.33639e-11
8.25627e-11
-4.75959e-11
2.7448e-11
5.92554e-11
-1.0871e-11
2.88571e-11
-9.40074e-12
1.82513e-11
-5.80471e-12
1.15754e-11
-3.37132e-12
7.12955e-12
-1.88295e-12
4.25062e-12
-1.01637e-12
2.45505e-12
-5.31399e-13
1.37623e-12
-2.68274e-13
7.49716e-13
-1.28519e-13
3.96383e-13
-5.45117e-14
2.04186e-13
-7.70624e-15
9.17212e-14
1.3612e-14
2.44048e-14
7.3548e-15
1.82961e-15
4.41263e-16
1.25651e-16
-2.70588e-08
3.11275e-09
-3.14145e-08
2.58607e-08
-1.75898e-08
2.4361e-08
-1.01794e-08
1.67013e-08
-9.13578e-09
5.26802e-09
1.18731e-08
-2.59585e-09
6.02149e-09
-2.62854e-09
4.23392e-09
-2.02649e-09
3.12907e-09
-1.53711e-09
2.34196e-09
-1.16501e-09
1.76342e-09
-8.82575e-10
1.33191e-09
-6.67845e-10
1.00723e-09
-5.04436e-10
7.61615e-10
-3.8008e-10
5.75269e-10
-2.8551e-10
4.33696e-10
-2.13683e-10
3.26117e-10
-1.59227e-10
2.44425e-10
-1.18034e-10
1.82471e-10
-8.69565e-11
1.35574e-10
-6.35853e-11
1.00159e-10
-4.60771e-11
7.34918e-11
-3.30235e-11
5.34789e-11
-2.33617e-11
3.84732e-11
-1.64809e-11
2.63992e-11
-1.49926e-11
8.96869e-12
1.93148e-11
-3.15757e-12
9.29146e-12
-2.85504e-12
5.86604e-12
-1.75995e-12
3.72232e-12
-1.01636e-12
2.29433e-12
-5.6373e-13
1.36886e-12
-3.01921e-13
7.91151e-13
-1.56488e-13
4.43783e-13
-7.81955e-14
2.41919e-13
-3.69237e-14
1.28018e-13
-1.51795e-14
6.60791e-14
-1.25788e-15
2.98259e-14
4.91018e-15
8.01931e-15
2.49987e-15
6.28244e-16
1.51832e-16
4.33751e-17
2.70957e-08
-3.10637e-09
3.14198e-08
-2.58583e-08
1.75909e-08
-2.43606e-08
1.01795e-08
-1.67015e-08
9.13546e-09
-5.26841e-09
-1.18734e-08
2.59576e-09
-6.02144e-09
2.62867e-09
-4.23376e-09
2.02665e-09
-3.12892e-09
1.53724e-09
-2.34184e-09
1.16511e-09
-1.76333e-09
8.82649e-10
-1.33185e-09
6.67898e-10
-1.00718e-09
5.04473e-10
-7.61584e-10
3.80106e-10
-5.75248e-10
2.85526e-10
-4.33683e-10
2.13693e-10
-3.26109e-10
1.59234e-10
-2.4442e-10
1.18037e-10
-1.82469e-10
8.69576e-11
-1.35573e-10
6.35852e-11
-1.00159e-10
4.60762e-11
-7.34928e-11
3.30223e-11
-5.34802e-11
2.33603e-11
-3.84746e-11
1.64794e-11
-2.64009e-11
1.49907e-11
-8.97063e-12
-1.93165e-11
3.15629e-12
-9.29241e-12
2.85433e-12
-5.86659e-12
1.75951e-12
-3.72268e-12
1.01607e-12
-2.29457e-12
5.6354e-13
-1.36901e-12
3.01802e-13
-7.91245e-13
1.56415e-13
-4.4384e-13
7.81521e-14
-2.41952e-13
3.68984e-14
-1.28037e-13
1.51651e-14
-6.60897e-14
1.2504e-15
-2.9831e-14
-4.91342e-15
-8.02125e-15
-2.50096e-15
-6.28808e-16
-1.52146e-16
-4.31529e-17
8.24647e-08
-1.19006e-08
9.79385e-08
-8.1595e-08
5.61979e-08
-7.6133e-08
3.30027e-08
-5.22067e-08
2.90217e-08
-1.61123e-08
-3.64592e-08
8.7139e-09
-1.87525e-08
8.50857e-09
-1.32245e-08
6.53804e-09
-9.77839e-09
4.9546e-09
-7.32003e-09
3.75354e-09
-5.51228e-09
2.84297e-09
-4.16359e-09
2.15114e-09
-3.14861e-09
1.62487e-09
-2.38076e-09
1.22446e-09
-1.79816e-09
9.19974e-10
-1.35554e-09
6.88714e-10
-1.01921e-09
5.1337e-10
-7.6381e-10
3.80712e-10
-5.70133e-10
2.80611e-10
-4.23536e-10
2.05316e-10
-3.1284e-10
1.48893e-10
-2.29494e-10
1.06811e-10
-1.66955e-10
7.56447e-11
-1.20081e-10
5.33635e-11
-8.25634e-11
4.7595e-11
-2.7449e-11
-5.92563e-11
1.08703e-11
-2.88576e-11
9.40036e-12
-1.82516e-11
5.80447e-12
-1.15756e-11
3.37115e-12
-7.12969e-12
1.88283e-12
-4.25071e-12
1.0163e-12
-2.4551e-12
5.31354e-13
-1.37626e-12
2.68246e-13
-7.49737e-13
1.28503e-13
-3.96395e-13
5.45022e-14
-2.04193e-13
7.70119e-15
-9.17246e-14
-1.36143e-14
-2.44061e-14
-7.35556e-15
-1.83001e-15
-4.41498e-16
-1.25494e-16
1.41638e-07
-2.88232e-08
1.76068e-07
-1.49992e-07
1.05639e-07
-1.37539e-07
6.36209e-08
-9.43515e-08
5.39775e-08
-2.79352e-08
-6.36554e-08
1.77462e-08
-3.36654e-08
1.63544e-08
-2.38697e-08
1.24972e-08
-1.76659e-08
9.4557e-09
-1.32292e-08
7.15813e-09
-9.96383e-09
5.41971e-09
-7.52651e-09
4.10042e-09
-5.69172e-09
3.09753e-09
-4.30344e-09
2.33474e-09
-3.25001e-09
1.75477e-09
-2.44967e-09
1.31427e-09
-1.84154e-09
9.80223e-10
-1.37979e-09
7.27439e-10
-1.02966e-09
5.36634e-10
-7.64672e-10
3.93051e-10
-5.64611e-10
2.85403e-10
-4.1401e-10
2.05065e-10
-3.01032e-10
1.45505e-10
-2.16419e-10
1.02652e-10
-1.49345e-10
8.84265e-11
-4.76419e-11
-1.03262e-10
2.29874e-11
-5.15354e-11
1.85881e-11
-3.27008e-11
1.151e-11
-2.07192e-11
6.74601e-12
-1.27439e-11
3.80904e-12
-7.58763e-12
2.08093e-12
-4.37684e-12
1.10238e-12
-2.45054e-12
5.65006e-13
-1.33325e-12
2.76314e-13
-7.03731e-13
1.22259e-13
-3.61097e-13
2.66187e-14
-1.60712e-13
-1.87549e-14
-4.19029e-14
-1.17486e-14
-2.86579e-15
-6.88272e-16
-1.95611e-16
2.07679e-07
-6.06982e-08
2.75491e-07
-2.41606e-07
1.75076e-07
-2.16681e-07
1.08637e-07
-1.48721e-07
8.8166e-08
-4.15866e-08
-9.55206e-08
3.21043e-08
-5.26243e-08
2.78195e-08
-3.75704e-08
2.11245e-08
-2.78387e-08
1.59543e-08
-2.08566e-08
1.20671e-08
-1.57122e-08
9.13262e-09
-1.18698e-08
6.9087e-09
-8.97615e-09
5.21946e-09
-6.78623e-09
3.93518e-09
-5.12436e-09
2.95886e-09
-3.86174e-09
2.21729e-09
-2.90239e-09
1.65485e-09
-2.17403e-09
1.22911e-09
-1.6218e-09
9.07626e-10
-1.20394e-09
6.65594e-10
-8.88527e-10
4.84026e-10
-6.5115e-10
3.48421e-10
-4.73135e-10
2.4777e-10
-3.39942e-10
1.74827e-10
-2.35682e-10
1.44241e-10
-7.10297e-11
-1.54524e-10
4.3149e-11
-7.99885e-11
3.26403e-11
-5.09638e-11
2.0278e-11
-3.22469e-11
1.20019e-11
-1.97977e-11
6.85486e-12
-1.17659e-11
3.79152e-12
-6.77538e-12
2.03517e-12
-3.78721e-12
1.05857e-12
-2.05691e-12
5.27833e-13
-1.08322e-12
2.42445e-13
-5.52809e-13
6.8559e-14
-2.42859e-13
-1.72854e-14
-6.15291e-14
-1.529e-14
-3.63348e-15
-8.68176e-16
-2.46637e-16
2.8452e-07
-1.16684e-07
4.09112e-07
-3.70512e-07
2.76904e-07
-3.2446e-07
1.76998e-07
-2.22828e-07
1.37047e-07
-5.82484e-08
-1.3463e-07
5.4972e-08
-7.81772e-08
4.51291e-08
-5.6225e-08
3.40665e-08
-4.17145e-08
2.56833e-08
-3.12681e-08
1.94088e-08
-2.35614e-08
1.46829e-08
-1.78012e-08
1.11061e-08
-1.34615e-08
8.39141e-09
-1.01764e-08
6.32832e-09
-7.68317e-09
4.76019e-09
-5.78887e-09
3.56907e-09
-4.34964e-09
2.66551e-09
-3.25704e-09
1.98137e-09
-2.4288e-09
1.46457e-09
-1.8022e-09
1.0753e-09
-1.32932e-09
7.83117e-10
-9.73548e-10
5.64732e-10
-7.06844e-10
4.02456e-10
-5.07501e-10
2.84066e-10
-3.53593e-10
2.23897e-10
-9.9662e-11
-2.17013e-10
7.61587e-11
-1.1786e-10
5.45512e-11
-7.54134e-11
3.40023e-11
-4.76412e-11
2.0303e-11
-2.91871e-11
1.17135e-11
-1.731e-11
6.54813e-12
-9.94826e-12
3.55385e-12
-5.5502e-12
1.87087e-12
-3.00836e-12
9.47323e-13
-1.58009e-12
4.4753e-13
-8.01147e-13
1.47834e-13
-3.46472e-13
-5.01667e-15
-8.47718e-14
-1.74474e-14
-4.04574e-15
-9.62978e-16
-2.73517e-16
-0.000471961
0.000373619
6.40534e-05
2.6423e-05
5.02277e-06
2.23132e-06
2.66076e-07
3.10544e-07
-1.25285e-07
3.47352e-08
1.58334e-07
-9.34089e-08
1.13265e-07
-8.38411e-08
9.50382e-08
-6.96796e-08
7.93551e-08
-5.70484e-08
6.54372e-08
-4.63249e-08
5.34336e-08
-3.74015e-08
4.33184e-08
-3.00724e-08
3.49346e-08
-2.41072e-08
2.80664e-08
-1.92829e-08
2.24861e-08
-1.53989e-08
1.79785e-08
-1.22816e-08
1.43523e-08
-9.78545e-09
1.14438e-08
-7.78988e-09
9.11568e-09
-6.19657e-09
7.2551e-09
-4.92588e-09
5.77003e-09
-3.91365e-09
4.58603e-09
-3.10841e-09
3.64305e-09
-2.46955e-09
2.89024e-09
-1.97578e-09
2.23936e-09
-1.81928e-09
4.80956e-10
1.78777e-09
-9.20569e-10
1.17988e-09
-7.98449e-10
9.32887e-10
-6.51368e-10
7.52249e-10
-5.34653e-10
6.12547e-10
-4.44832e-10
5.04727e-10
-3.76285e-10
4.2224e-10
-3.23525e-10
3.60799e-10
-2.74983e-10
3.1076e-10
-2.18246e-10
2.56102e-10
-1.58416e-10
1.94409e-10
-1.10928e-10
1.51894e-10
-2.79167e-11
6.84521e-11
1.38648e-11
3.2136e-12
7.72967e-13
2.26473e-13
-0.000337
0.000251034
5.73101e-05
2.16364e-05
4.65791e-06
1.81789e-06
2.84821e-07
2.30396e-07
-7.64653e-08
2.6269e-08
1.10473e-07
-5.75633e-08
7.51686e-08
-5.30142e-08
6.28629e-08
-4.40337e-08
5.25337e-08
-3.59881e-08
4.33567e-08
-2.91821e-08
3.54258e-08
-2.3536e-08
2.87329e-08
-1.89093e-08
2.31796e-08
-1.51498e-08
1.8627e-08
-1.2113e-08
1.49261e-08
-9.67009e-09
1.19356e-08
-7.71071e-09
9.52928e-09
-6.14238e-09
7.59878e-09
-4.88898e-09
6.05334e-09
-3.88848e-09
4.81811e-09
-3.09073e-09
3.83208e-09
-2.45537e-09
3.04587e-09
-1.95005e-09
2.41958e-09
-1.54944e-09
1.91881e-09
-1.24337e-09
1.4735e-09
-1.20223e-09
3.43186e-10
1.2532e-09
-5.57739e-10
7.87248e-10
-5.00745e-10
6.18946e-10
-4.09898e-10
4.98511e-10
-3.37059e-10
4.05478e-10
-2.81032e-10
3.33642e-10
-2.38321e-10
2.78689e-10
-2.05352e-10
2.38095e-10
-1.7434e-10
2.05751e-10
-1.37292e-10
1.70506e-10
-9.84254e-11
1.30013e-10
-6.78464e-11
1.03773e-10
-1.28734e-11
4.83922e-11
1.21058e-11
2.88434e-12
6.96711e-13
2.04253e-13
-0.000225564
0.000159716
4.42429e-05
1.61009e-05
3.72698e-06
1.35192e-06
2.44292e-07
1.60269e-07
-4.4083e-08
1.85003e-08
7.26646e-08
-3.37815e-08
4.74787e-08
-3.19763e-08
3.95745e-08
-2.65478e-08
3.30965e-08
-2.166e-08
2.73359e-08
-1.75392e-08
2.23483e-08
-1.4131e-08
1.81336e-08
-1.13444e-08
1.46333e-08
-9.0838e-09
1.17618e-08
-7.25992e-09
9.42647e-09
-5.79398e-09
7.53876e-09
-4.61889e-09
6.01944e-09
-3.67873e-09
4.80035e-09
-2.9276e-09
3.8243e-09
-2.32817e-09
3.0441e-09
-1.85031e-09
2.42124e-09
-1.4698e-09
1.92455e-09
-1.16724e-09
1.52883e-09
-9.27566e-10
1.21194e-09
-7.46709e-10
9.22819e-10
-7.54479e-10
2.30431e-10
8.27126e-10
-3.21452e-10
4.99663e-10
-2.99586e-10
3.90735e-10
-2.46106e-10
3.14364e-10
-2.02739e-10
2.55438e-10
-1.69396e-10
2.0992e-10
-1.44005e-10
1.75102e-10
-1.24347e-10
1.49569e-10
-1.05446e-10
1.29628e-10
-8.24051e-11
1.07954e-10
-5.83496e-11
8.26552e-11
-3.95546e-11
6.71748e-11
-4.95088e-12
3.22318e-11
9.26279e-12
2.27299e-12
5.52193e-13
1.62028e-13
-0.000129541
8.84262e-05
2.7681e-05
9.93387e-06
2.39568e-06
8.3506e-07
1.62717e-07
9.48928e-08
-2.24232e-08
1.10317e-08
4.12486e-08
-1.75359e-08
2.61924e-08
-1.70011e-08
2.17729e-08
-1.41109e-08
1.8219e-08
-1.14966e-08
1.50566e-08
-9.29871e-09
1.23149e-08
-7.48533e-09
9.99559e-09
-6.00539e-09
8.06802e-09
-4.80644e-09
6.48591e-09
-3.84005e-09
5.19875e-09
-3.06387e-09
4.15805e-09
-2.442e-09
3.3203e-09
-1.94463e-09
2.64801e-09
-1.54737e-09
2.1097e-09
-1.23041e-09
1.67937e-09
-9.77768e-10
1.3358e-09
-7.76627e-10
1.06181e-09
-6.16726e-10
8.4348e-10
-4.90146e-10
6.68434e-10
-3.95669e-10
5.05577e-10
-4.13604e-10
1.32868e-10
4.70566e-10
-1.64211e-10
2.76666e-10
-1.58212e-10
2.15432e-10
-1.30366e-10
1.73179e-10
-1.07556e-10
1.40608e-10
-9.00249e-11
1.15441e-10
-7.66864e-11
9.61906e-11
-6.63324e-11
8.21516e-11
-5.61956e-11
7.13554e-11
-4.36406e-11
5.96464e-11
-3.05826e-11
4.58135e-11
-2.04289e-11
3.77254e-11
-1.40416e-12
1.84755e-11
5.77958e-12
1.45027e-12
3.54078e-13
1.03966e-13
-4.22394e-05
2.82833e-05
9.39819e-06
3.35796e-06
8.25043e-07
2.82551e-07
5.68988e-08
3.14583e-08
-6.82244e-09
3.66921e-09
1.33723e-08
-5.40872e-09
8.36694e-09
-5.31894e-09
6.94454e-09
-4.41412e-09
5.81273e-09
-3.59345e-09
4.80531e-09
-2.90454e-09
3.93122e-09
-2.33696e-09
3.19138e-09
-1.87422e-09
2.57627e-09
-1.49964e-09
2.07126e-09
-1.19788e-09
1.66032e-09
-9.55614e-10
1.32802e-09
-7.61567e-10
1.06049e-09
-6.06403e-10
8.45794e-10
-4.82487e-10
6.73872e-10
-3.83629e-10
5.3643e-10
-3.04841e-10
4.26694e-10
-2.42119e-10
3.39178e-10
-1.92263e-10
2.69437e-10
-1.52812e-10
2.13483e-10
-1.2356e-10
1.60871e-10
-1.31602e-10
4.34399e-11
1.52717e-10
-5.01608e-11
8.8554e-11
-4.93067e-11
6.8792e-11
-4.07017e-11
5.52739e-11
-3.36098e-11
4.48593e-11
-2.816e-11
3.68102e-11
-2.4016e-11
3.06538e-11
-2.07943e-11
2.61772e-11
-1.76072e-11
2.27636e-11
-1.36244e-11
1.90664e-11
-9.49082e-12
1.46698e-11
-6.28434e-12
1.21639e-11
-2.19931e-13
6.02098e-12
1.96104e-12
4.97872e-13
1.21886e-13
3.5766e-14
4.22408e-05
-2.82838e-05
-9.39867e-06
-3.35836e-06
-8.25274e-07
-2.82661e-07
-5.69437e-08
-3.14738e-08
6.81836e-09
-3.6694e-09
-1.33713e-08
5.41012e-09
-8.36549e-09
5.32031e-09
-6.9433e-09
4.41523e-09
-5.81174e-09
3.59432e-09
-4.80454e-09
2.90522e-09
-3.93062e-09
2.33749e-09
-3.19091e-09
1.87464e-09
-2.5759e-09
1.49997e-09
-2.07097e-09
1.19814e-09
-1.66009e-09
9.5582e-10
-1.32784e-09
7.61729e-10
-1.06035e-09
6.06531e-10
-8.45679e-10
4.82589e-10
-6.73781e-10
3.8371e-10
-5.36357e-10
3.04906e-10
-4.26636e-10
2.42171e-10
-3.39132e-10
1.92304e-10
-2.694e-10
1.52845e-10
-2.13455e-10
1.23584e-10
-1.60852e-10
1.31616e-10
-4.34295e-11
-1.52708e-10
5.01705e-11
-8.85441e-11
4.93163e-11
-6.87831e-11
4.07096e-11
-5.5267e-11
3.36157e-11
-4.48544e-11
2.81641e-11
-3.68071e-11
2.40183e-11
-3.06523e-11
2.07951e-11
-2.61771e-11
1.76066e-11
-2.27647e-11
1.3623e-11
-1.9068e-11
9.489e-12
-1.46716e-11
6.28258e-12
-1.21654e-11
2.18736e-13
-6.0218e-12
-1.96153e-12
-4.98111e-13
-1.2197e-13
-3.59093e-14
0.000129542
-8.84265e-05
-2.76813e-05
-9.93414e-06
-2.39584e-06
-8.35135e-07
-1.62747e-07
-9.49027e-08
2.2421e-08
-1.10312e-08
-4.12473e-08
1.75373e-08
-2.6191e-08
1.70024e-08
-2.17717e-08
1.41119e-08
-1.8218e-08
1.14975e-08
-1.50559e-08
9.29937e-09
-1.23143e-08
7.48585e-09
-9.99512e-09
6.0058e-09
-8.06765e-09
4.80676e-09
-6.48562e-09
3.84031e-09
-5.19852e-09
3.06408e-09
-4.15787e-09
2.44216e-09
-3.32016e-09
1.94476e-09
-2.6479e-09
1.54747e-09
-2.10961e-09
1.23049e-09
-1.6793e-09
9.77833e-10
-1.33574e-09
7.76679e-10
-1.06176e-09
6.16767e-10
-8.43443e-10
4.90178e-10
-6.68405e-10
3.95694e-10
-5.05556e-10
4.1362e-10
-1.32855e-10
-4.70555e-10
1.64222e-10
-2.76656e-10
1.58221e-10
-2.15423e-10
1.30374e-10
-1.73172e-10
1.07563e-10
-1.40603e-10
9.00292e-11
-1.15437e-10
7.66892e-11
-9.61886e-11
6.63338e-11
-8.21508e-11
5.61958e-11
-7.13556e-11
4.364e-11
-5.96473e-11
3.05815e-11
-4.58146e-11
2.04278e-11
-3.77264e-11
1.40336e-12
-1.8476e-11
-5.7799e-12
-1.45043e-12
-3.5413e-13
-1.04066e-13
0.000225564
-0.000159716
-4.4243e-05
-1.6101e-05
-3.72701e-06
-1.35193e-06
-2.44296e-07
-1.60269e-07
4.40837e-08
-1.84993e-08
-7.26636e-08
3.37825e-08
-4.74778e-08
3.19771e-08
-3.95738e-08
2.65485e-08
-3.30959e-08
2.16605e-08
-2.73354e-08
1.75396e-08
-2.2348e-08
1.41314e-08
-1.81333e-08
1.13447e-08
-1.46331e-08
9.08402e-09
-1.17616e-08
7.26009e-09
-9.42632e-09
5.79412e-09
-7.53863e-09
4.619e-09
-6.01934e-09
3.67882e-09
-4.80027e-09
2.92767e-09
-3.82424e-09
2.32823e-09
-3.04405e-09
1.85036e-09
-2.4212e-09
1.46983e-09
-1.92452e-09
1.16727e-09
-1.52881e-09
9.27588e-10
-1.21192e-09
7.46726e-10
-9.22804e-10
7.54492e-10
-2.3042e-10
-8.27116e-10
3.21461e-10
-4.99655e-10
2.99593e-10
-3.90729e-10
2.46112e-10
-3.14359e-10
2.02744e-10
-2.55435e-10
1.694e-10
-2.09917e-10
1.44008e-10
-1.751e-10
1.24348e-10
-1.49567e-10
1.05447e-10
-1.29627e-10
8.24056e-11
-1.07953e-10
5.83498e-11
-8.26552e-11
3.95546e-11
-6.71749e-11
4.95077e-12
-3.22319e-11
-9.26284e-12
-2.27301e-12
-5.52194e-13
-1.62047e-13
0.000337
-0.000251033
-5.73098e-05
-2.16362e-05
-4.65777e-06
-1.81782e-06
-2.84793e-07
-2.30385e-07
7.64684e-08
-2.62684e-08
-1.10474e-07
5.75628e-08
-7.51691e-08
5.30137e-08
-6.28633e-08
4.40333e-08
-5.2534e-08
3.59878e-08
-4.33569e-08
2.91819e-08
-3.5426e-08
2.35358e-08
-2.8733e-08
1.89091e-08
-2.31797e-08
1.51496e-08
-1.86271e-08
1.21129e-08
-1.49262e-08
9.67003e-09
-1.19357e-08
7.71066e-09
-9.52933e-09
6.14234e-09
-7.59882e-09
4.88895e-09
-6.05337e-09
3.88846e-09
-4.81813e-09
3.09071e-09
-3.8321e-09
2.45535e-09
-3.04588e-09
1.95004e-09
-2.41959e-09
1.54943e-09
-1.91882e-09
1.24336e-09
-1.4735e-09
1.20222e-09
-3.43187e-10
-1.2532e-09
5.57737e-10
-7.8725e-10
5.00742e-10
-6.18949e-10
4.09895e-10
-4.98513e-10
3.37058e-10
-4.05479e-10
2.81032e-10
-3.33643e-10
2.38321e-10
-2.78689e-10
2.05353e-10
-2.38094e-10
1.74341e-10
-2.0575e-10
1.37294e-10
-1.70505e-10
9.84268e-11
-1.30012e-10
6.78476e-11
-1.03772e-10
1.28741e-11
-4.83917e-11
-1.21055e-11
-2.88419e-12
-6.96655e-13
-2.04166e-13
0.00047196
-0.000373618
-6.40529e-05
-2.64226e-05
-5.0225e-06
-2.23119e-06
-2.66025e-07
-3.10528e-07
1.25288e-07
-3.47371e-08
-1.58338e-07
9.34055e-08
-1.13269e-07
8.38381e-08
-9.5041e-08
6.96771e-08
-7.93573e-08
5.70464e-08
-6.5439e-08
4.63233e-08
-5.34349e-08
3.74002e-08
-4.33195e-08
3.00714e-08
-3.49355e-08
2.41064e-08
-2.80671e-08
1.92823e-08
-2.24866e-08
1.53984e-08
-1.79789e-08
1.22812e-08
-1.43527e-08
9.78514e-09
-1.14441e-08
7.78963e-09
-9.11589e-09
6.19638e-09
-7.25527e-09
4.92573e-09
-5.77016e-09
3.91353e-09
-4.58614e-09
3.10831e-09
-3.64314e-09
2.46947e-09
-2.89031e-09
1.97572e-09
-2.23941e-09
1.81924e-09
-4.80989e-10
-1.7878e-09
9.20541e-10
-1.17991e-09
7.98425e-10
-9.32908e-10
6.51349e-10
-7.52266e-10
5.34638e-10
-6.12559e-10
4.44822e-10
-5.04736e-10
3.76278e-10
-4.22246e-10
3.23521e-10
-3.60801e-10
2.74982e-10
-3.1076e-10
2.18246e-10
-2.56101e-10
1.58417e-10
-1.94407e-10
1.1093e-10
-1.51893e-10
2.79181e-11
-6.84512e-11
-1.38642e-11
-3.21333e-12
-7.72887e-13
-2.26297e-13
-0.000472145
0.000373763
6.40735e-05
2.64385e-05
5.02791e-06
2.23084e-06
2.68661e-07
3.08487e-07
-1.22798e-07
3.44746e-08
1.55904e-07
-9.18754e-08
1.11452e-07
-8.24586e-08
9.34887e-08
-6.85146e-08
7.80413e-08
-5.60811e-08
6.43381e-08
-4.55289e-08
5.25237e-08
-3.67509e-08
4.25712e-08
-2.95433e-08
3.43248e-08
-2.36787e-08
2.75711e-08
-1.89371e-08
2.20853e-08
-1.51205e-08
1.76553e-08
-1.20581e-08
1.40924e-08
-9.60629e-09
1.12351e-08
-7.64659e-09
8.94859e-09
-6.08219e-09
7.12155e-09
-4.83473e-09
5.66347e-09
-3.84112e-09
4.50115e-09
-3.05076e-09
3.57555e-09
-2.42376e-09
2.83667e-09
-1.93918e-09
2.19786e-09
-1.78564e-09
4.71995e-10
1.75473e-09
-9.03642e-10
1.15814e-09
-7.83819e-10
9.15753e-10
-6.39494e-10
7.38492e-10
-5.24977e-10
6.01409e-10
-4.3687e-10
4.95625e-10
-3.69665e-10
4.14722e-10
-3.17987e-10
3.545e-10
-2.70495e-10
3.05545e-10
-2.14861e-10
2.52013e-10
-1.5604e-10
1.91401e-10
-1.09393e-10
1.49714e-10
-2.75311e-11
6.7485e-11
1.36688e-11
3.16818e-12
7.62045e-13
2.23273e-13
-0.000337131
0.00025113
5.73291e-05
2.16485e-05
4.6621e-06
1.81783e-06
2.86589e-07
2.29098e-07
-7.47761e-08
2.60842e-08
1.08791e-07
-5.66105e-08
7.3968e-08
-5.21377e-08
6.18394e-08
-4.32957e-08
5.16651e-08
-3.53766e-08
4.26293e-08
-2.86796e-08
3.48233e-08
-2.31258e-08
2.82378e-08
-1.8576e-08
2.27754e-08
-1.488e-08
1.82986e-08
-1.18954e-08
1.46603e-08
-9.49501e-09
1.17212e-08
-7.57017e-09
9.35677e-09
-6.0298e-09
7.46031e-09
-4.79897e-09
5.94243e-09
-3.81665e-09
4.72945e-09
-3.03351e-09
3.76133e-09
-2.40984e-09
2.98951e-09
-1.91388e-09
2.37475e-09
-1.52071e-09
1.88324e-09
-1.22034e-09
1.44619e-09
-1.18e-09
3.36793e-10
1.23004e-09
-5.4749e-10
7.72738e-10
-4.91574e-10
6.07575e-10
-4.0243e-10
4.8939e-10
-3.30966e-10
3.981e-10
-2.7601e-10
3.27619e-10
-2.34138e-10
2.73717e-10
-2.01851e-10
2.33925e-10
-1.71512e-10
2.02286e-10
-1.35179e-10
1.67775e-10
-9.696e-11
1.27994e-10
-6.692e-11
1.02281e-10
-1.26989e-11
4.77081e-11
1.19347e-11
2.84358e-12
6.86866e-13
2.01368e-13
-0.000225652
0.000159777
4.4258e-05
1.61096e-05
3.73008e-06
1.35204e-06
2.4544e-07
1.59489e-07
-4.29971e-08
1.83768e-08
7.15658e-08
-3.32175e-08
4.67219e-08
-3.14462e-08
3.8931e-08
-2.61019e-08
3.25499e-08
-2.12911e-08
2.68777e-08
-1.72366e-08
2.19686e-08
-1.38842e-08
1.78215e-08
-1.11441e-08
1.43784e-08
-8.92178e-09
1.15546e-08
-7.12929e-09
9.25873e-09
-5.68893e-09
7.40341e-09
-4.5346e-09
5.91052e-09
-3.61124e-09
4.71292e-09
-2.87366e-09
3.75426e-09
-2.28514e-09
2.9881e-09
-1.81603e-09
2.37655e-09
-1.44254e-09
1.88895e-09
-1.14558e-09
1.50051e-09
-9.10364e-10
1.18947e-09
-7.32878e-10
9.05717e-10
-7.40534e-10
2.2614e-10
8.11838e-10
-3.15549e-10
4.90452e-10
-2.94102e-10
3.83555e-10
-2.41626e-10
3.0861e-10
-1.99078e-10
2.50788e-10
-1.66373e-10
2.06126e-10
-1.41483e-10
1.71972e-10
-1.22234e-10
1.46942e-10
-1.03746e-10
1.27437e-10
-8.11461e-11
1.0622e-10
-5.74875e-11
8.13666e-11
-3.90221e-11
6.62073e-11
-4.88653e-12
3.17759e-11
9.13186e-12
2.24086e-12
5.4439e-13
1.59739e-13
-0.000129592
8.84601e-05
2.76906e-05
9.93909e-06
2.39759e-06
8.3519e-07
1.63363e-07
9.44798e-08
-2.1817e-08
1.09607e-08
4.0628e-08
-1.72409e-08
2.57756e-08
-1.67186e-08
2.14192e-08
-1.38734e-08
1.79183e-08
-1.13005e-08
1.48045e-08
-9.13798e-09
1.21058e-08
-7.35438e-09
9.82364e-09
-5.89917e-09
7.92754e-09
-4.72059e-09
6.37172e-09
-3.77087e-09
5.10629e-09
-3.00825e-09
4.08344e-09
-2.39738e-09
3.26025e-09
-1.90892e-09
2.5998e-09
-1.51884e-09
2.07107e-09
-1.20765e-09
1.64848e-09
-9.59645e-10
1.31115e-09
-7.62217e-10
1.04216e-09
-6.0528e-10
8.27854e-10
-4.81055e-10
6.56044e-10
-3.88341e-10
4.96207e-10
-4.05961e-10
1.30393e-10
4.61867e-10
-1.61197e-10
2.71565e-10
-1.55317e-10
2.11472e-10
-1.27994e-10
1.70008e-10
-1.05615e-10
1.38047e-10
-8.84201e-11
1.13353e-10
-7.5346e-11
9.44693e-11
-6.52089e-11
8.07055e-11
-5.52942e-11
7.01465e-11
-4.2978e-11
5.86865e-11
-3.01337e-11
4.50974e-11
-2.01573e-11
3.71814e-11
-1.38781e-12
1.82141e-11
5.69788e-12
1.42977e-12
3.49074e-13
1.02498e-13
-4.22558e-05
2.82941e-05
9.40146e-06
3.35971e-06
8.25683e-07
2.82604e-07
5.71077e-08
3.13294e-08
-6.62766e-09
3.64605e-09
1.31717e-08
-5.31732e-09
8.2339e-09
-5.23046e-09
6.83179e-09
-4.33977e-09
5.71686e-09
-3.53208e-09
4.72489e-09
-2.85429e-09
3.8645e-09
-2.29603e-09
3.13651e-09
-1.84105e-09
2.53143e-09
-1.47283e-09
2.0348e-09
-1.17628e-09
1.6308e-09
-9.38255e-10
1.30419e-09
-7.47645e-10
1.04132e-09
-5.9526e-10
8.30397e-10
-4.73585e-10
6.61535e-10
-3.7653e-10
5.26565e-10
-2.99189e-10
4.1882e-10
-2.37626e-10
3.32903e-10
-1.88695e-10
2.64445e-10
-1.49978e-10
2.09526e-10
-1.21271e-10
1.5789e-10
-1.2917e-10
4.2631e-11
1.49894e-10
-4.92405e-11
8.69211e-11
-4.84047e-11
6.75275e-11
-3.99613e-11
5.42618e-11
-3.30035e-11
4.4042e-11
-2.76584e-11
3.61442e-11
-2.35967e-11
3.01049e-11
-2.04427e-11
2.57159e-11
-1.73255e-11
2.23774e-11
-1.34183e-11
1.87592e-11
-9.35206e-12
1.44402e-11
-6.20141e-12
1.19883e-11
-2.18002e-13
5.93578e-12
1.93332e-12
4.90835e-13
1.20164e-13
3.52607e-14
4.22573e-05
-2.82946e-05
-9.40195e-06
-3.36011e-06
-8.25914e-07
-2.82714e-07
-5.71527e-08
-3.1345e-08
6.62352e-09
-3.64627e-09
-1.31707e-08
5.31869e-09
-8.23249e-09
5.2318e-09
-6.83057e-09
4.34086e-09
-5.71589e-09
3.53293e-09
-4.72413e-09
2.85495e-09
-3.86391e-09
2.29656e-09
-3.13604e-09
1.84146e-09
-2.53106e-09
1.47315e-09
-2.03452e-09
1.17654e-09
-1.63057e-09
9.38457e-10
-1.30401e-09
7.47805e-10
-1.04118e-09
5.95387e-10
-8.30284e-10
4.73686e-10
-6.61445e-10
3.7661e-10
-5.26493e-10
2.99253e-10
-4.18763e-10
2.37677e-10
-3.32858e-10
1.88735e-10
-2.64409e-10
1.5001e-10
-2.09498e-10
1.21295e-10
-1.57871e-10
1.29184e-10
-4.26208e-11
-1.49885e-10
4.92501e-11
-8.69114e-11
4.84141e-11
-6.75187e-11
3.99691e-11
-5.4255e-11
3.30093e-11
-4.40371e-11
2.76624e-11
-3.6141e-11
2.3599e-11
-3.01034e-11
2.04435e-11
-2.57158e-11
1.7325e-11
-2.23784e-11
1.3417e-11
-1.87608e-11
9.35026e-12
-1.4442e-11
6.19967e-12
-1.19898e-11
2.16824e-13
-5.93659e-12
-1.9338e-12
-4.91071e-13
-1.20247e-13
-3.54021e-14
0.000129593
-8.84604e-05
-2.76909e-05
-9.93937e-06
-2.39774e-06
-8.35265e-07
-1.63393e-07
-9.44898e-08
2.18148e-08
-1.09603e-08
-4.06268e-08
1.72423e-08
-2.57742e-08
1.67199e-08
-2.1418e-08
1.38745e-08
-1.79174e-08
1.13013e-08
-1.48038e-08
9.13863e-09
-1.21052e-08
7.35489e-09
-9.82319e-09
5.89958e-09
-7.92718e-09
4.72091e-09
-6.37143e-09
3.77112e-09
-5.10607e-09
3.00845e-09
-4.08326e-09
2.39754e-09
-3.26011e-09
1.90905e-09
-2.59968e-09
1.51894e-09
-2.07098e-09
1.20773e-09
-1.64841e-09
9.59709e-10
-1.31109e-09
7.62268e-10
-1.04212e-09
6.05321e-10
-8.27818e-10
4.81087e-10
-6.56016e-10
3.88365e-10
-4.96187e-10
4.05977e-10
-1.30381e-10
-4.61856e-10
1.61208e-10
-2.71555e-10
1.55326e-10
-2.11464e-10
1.28002e-10
-1.70001e-10
1.05621e-10
-1.38042e-10
8.84244e-11
-1.13349e-10
7.53488e-11
-9.44673e-11
6.52103e-11
-8.07047e-11
5.52944e-11
-7.01467e-11
4.29774e-11
-5.86874e-11
3.01327e-11
-4.50985e-11
2.01562e-11
-3.71824e-11
1.38701e-12
-1.82146e-11
-5.6982e-12
-1.42993e-12
-3.49126e-13
-1.02596e-13
0.000225652
-0.000159778
-4.42581e-05
-1.61096e-05
-3.73011e-06
-1.35205e-06
-2.45444e-07
-1.59489e-07
4.29978e-08
-1.83758e-08
-7.15648e-08
3.32185e-08
-4.6721e-08
3.1447e-08
-3.89303e-08
2.61026e-08
-3.25493e-08
2.12916e-08
-2.68773e-08
1.7237e-08
-2.19682e-08
1.38846e-08
-1.78212e-08
1.11443e-08
-1.43781e-08
8.922e-09
-1.15544e-08
7.12946e-09
-9.25858e-09
5.68907e-09
-7.40329e-09
4.53471e-09
-5.91043e-09
3.61132e-09
-4.71284e-09
2.87372e-09
-3.7542e-09
2.28519e-09
-2.98805e-09
1.81608e-09
-2.37651e-09
1.44257e-09
-1.88891e-09
1.14561e-09
-1.50048e-09
9.10386e-10
-1.18945e-09
7.32895e-10
-9.05702e-10
7.40547e-10
-2.26129e-10
-8.11828e-10
3.15558e-10
-4.90444e-10
2.94109e-10
-3.83549e-10
2.41631e-10
-3.08605e-10
1.99082e-10
-2.50784e-10
1.66377e-10
-2.06123e-10
1.41486e-10
-1.7197e-10
1.22236e-10
-1.4694e-10
1.03747e-10
-1.27437e-10
8.11466e-11
-1.0622e-10
5.74877e-11
-8.13665e-11
3.9022e-11
-6.62075e-11
4.88643e-12
-3.1776e-11
-9.13191e-12
-2.24088e-12
-5.44391e-13
-1.59758e-13
0.000337131
-0.00025113
-5.73288e-05
-2.16482e-05
-4.66196e-06
-1.81776e-06
-2.86561e-07
-2.29088e-07
7.47792e-08
-2.60835e-08
-1.08792e-07
5.66101e-08
-7.39684e-08
5.21372e-08
-6.18398e-08
4.32953e-08
-5.16654e-08
3.53763e-08
-4.26295e-08
2.86794e-08
-3.48235e-08
2.31256e-08
-2.82379e-08
1.85758e-08
-2.27755e-08
1.48799e-08
-1.82987e-08
1.18953e-08
-1.46604e-08
9.49495e-09
-1.17213e-08
7.57012e-09
-9.35681e-09
6.02976e-09
-7.46035e-09
4.79894e-09
-5.94245e-09
3.81663e-09
-4.72947e-09
3.03349e-09
-3.76135e-09
2.40983e-09
-2.98952e-09
1.91386e-09
-2.37476e-09
1.5207e-09
-1.88325e-09
1.22033e-09
-1.4462e-09
1.18e-09
-3.36794e-10
-1.23004e-09
5.47488e-10
-7.7274e-10
4.91571e-10
-6.07578e-10
4.02428e-10
-4.89392e-10
3.30964e-10
-3.98101e-10
2.76009e-10
-3.27619e-10
2.34138e-10
-2.73717e-10
2.01851e-10
-2.33924e-10
1.71513e-10
-2.02285e-10
1.3518e-10
-1.67774e-10
9.69613e-11
-1.27992e-10
6.69212e-11
-1.0228e-10
1.26997e-11
-4.77076e-11
-1.19344e-11
-2.84343e-12
-6.8681e-13
-2.01282e-13
0.000472143
-0.000373762
-6.4073e-05
-2.64381e-05
-5.02764e-06
-2.23071e-06
-2.6861e-07
-3.08471e-07
1.228e-07
-3.44764e-08
-1.55908e-07
9.1872e-08
-1.11455e-07
8.24557e-08
-9.34914e-08
6.85121e-08
-7.80434e-08
5.60791e-08
-6.43398e-08
4.55274e-08
-5.2525e-08
3.67497e-08
-4.25723e-08
2.95424e-08
-3.43256e-08
2.36779e-08
-2.75718e-08
1.89365e-08
-2.20859e-08
1.512e-08
-1.76557e-08
1.20577e-08
-1.40927e-08
9.60599e-09
-1.12354e-08
7.64635e-09
-8.9488e-09
6.082e-09
-7.12172e-09
4.83458e-09
-5.66361e-09
3.841e-09
-4.50126e-09
3.05066e-09
-3.57563e-09
2.42369e-09
-2.83674e-09
1.93912e-09
-2.19791e-09
1.7856e-09
-4.72027e-10
-1.75476e-09
9.03615e-10
-1.15817e-09
7.83795e-10
-9.15775e-10
6.39475e-10
-7.38509e-10
5.24963e-10
-6.01422e-10
4.36859e-10
-4.95634e-10
3.69658e-10
-4.14727e-10
3.17983e-10
-3.54502e-10
2.70494e-10
-3.05546e-10
2.14861e-10
-2.52012e-10
1.56041e-10
-1.91399e-10
1.09395e-10
-1.49713e-10
2.75324e-11
-6.74841e-11
-1.36683e-11
-3.16792e-12
-7.61966e-13
-2.231e-13
-2.81756e-07
1.15709e-07
-4.04294e-07
3.66248e-07
-2.73577e-07
3.20622e-07
-1.748e-07
2.20114e-07
-1.35306e-07
5.75515e-08
1.3292e-07
-5.425e-08
7.71654e-08
-4.45333e-08
5.54876e-08
-3.36133e-08
4.1162e-08
-2.53392e-08
3.08505e-08
-1.91471e-08
2.32446e-08
-1.44838e-08
1.75604e-08
-1.09547e-08
1.32783e-08
-8.27642e-09
1.00372e-08
-6.24116e-09
7.57753e-09
-4.6943e-09
5.70888e-09
-3.51942e-09
4.28924e-09
-2.62825e-09
3.2116e-09
-1.95352e-09
2.39475e-09
-1.44388e-09
1.7768e-09
-1.06004e-09
1.3105e-09
-7.71945e-10
9.59697e-10
-5.56637e-10
6.9674e-10
-3.96661e-10
5.00214e-10
-2.79958e-10
3.48496e-10
-2.20644e-10
9.82316e-11
2.13862e-10
-7.50405e-11
1.16141e-10
-5.37469e-11
7.43076e-11
-3.34971e-11
4.69382e-11
-1.99983e-11
2.87529e-11
-1.15356e-11
1.70498e-11
-6.44752e-12
9.79713e-12
-3.49867e-12
5.46501e-12
-1.84156e-12
2.96174e-12
-9.32398e-13
1.55541e-12
-4.40529e-13
7.88642e-13
-1.45534e-13
3.41089e-13
4.96779e-15
8.3429e-14
1.7172e-14
3.98229e-15
9.48119e-16
2.68878e-16
-2.05639e-07
6.02538e-08
-2.72227e-07
2.38838e-07
-1.72962e-07
2.14125e-07
-1.07278e-07
1.46915e-07
-8.70395e-08
4.10901e-08
9.43107e-08
-3.16794e-08
5.19447e-08
-2.74508e-08
3.70786e-08
-2.08426e-08
2.74705e-08
-1.574e-08
2.05785e-08
-1.19039e-08
1.55012e-08
-9.00847e-09
1.17094e-08
-6.81429e-09
8.85417e-09
-5.14777e-09
6.69352e-09
-3.88086e-09
5.054e-09
-2.91782e-09
3.80845e-09
-2.18638e-09
2.86215e-09
-1.63167e-09
2.14373e-09
-1.2118e-09
1.59909e-09
-8.94781e-10
1.187e-09
-6.56126e-10
8.75961e-10
-4.77108e-10
6.41895e-10
-3.43417e-10
4.66378e-10
-2.44195e-10
3.35065e-10
-1.72294e-10
2.32287e-10
-1.42142e-10
7.0011e-11
1.52282e-10
-4.25136e-11
7.88224e-11
-3.21581e-11
5.0217e-11
-1.9976e-11
3.17714e-11
-1.18212e-11
1.95034e-11
-6.75037e-12
1.15893e-11
-3.73302e-12
6.67254e-12
-2.00344e-12
3.72912e-12
-1.04191e-12
2.02505e-12
-5.19488e-13
1.06631e-12
-2.38652e-13
5.44178e-13
-6.74953e-14
2.39085e-13
1.70357e-14
6.0555e-14
1.50482e-14
3.57618e-15
8.54556e-16
2.42568e-16
-1.4022e-07
2.86588e-08
-1.73969e-07
1.48281e-07
-1.04357e-07
1.35921e-07
-6.28192e-08
9.32088e-08
-5.32845e-08
2.76019e-08
6.28504e-08
-1.75094e-08
3.32313e-08
-1.61368e-08
2.35577e-08
-1.23298e-08
1.74326e-08
-9.32828e-09
1.3053e-08
-7.06111e-09
9.83021e-09
-5.34585e-09
7.42494e-09
-4.04426e-09
5.61447e-09
-3.05489e-09
4.24471e-09
-2.30244e-09
3.20544e-09
-1.73038e-09
2.41591e-09
-1.29591e-09
1.81603e-09
-9.66463e-10
1.36058e-09
-7.17177e-10
1.01525e-09
-5.29025e-10
7.53919e-10
-3.87451e-10
5.56631e-10
-2.81318e-10
4.08129e-10
-2.02115e-10
2.96735e-10
-1.43403e-10
2.13316e-10
-1.01163e-10
1.47195e-10
-8.71393e-11
4.6958e-11
1.01763e-10
-2.26483e-11
5.0784e-11
-1.83132e-11
3.22217e-11
-1.13384e-11
2.04137e-11
-6.64423e-12
1.25545e-11
-3.75082e-12
7.4737e-12
-2.04872e-12
4.3104e-12
-1.08513e-12
2.41295e-12
-5.56087e-13
1.3126e-12
-2.71938e-13
6.92734e-13
-1.20353e-13
3.55454e-13
-2.62111e-14
1.58212e-13
1.84738e-14
4.1239e-14
1.15622e-14
2.82024e-15
6.77267e-16
1.92521e-16
-8.1615e-08
1.18608e-08
-9.67643e-08
8.06682e-08
-5.5513e-08
7.52388e-08
-3.25845e-08
5.15753e-08
-2.8648e-08
1.59198e-08
3.59984e-08
-8.5968e-09
1.85109e-08
-8.39502e-09
1.30518e-08
-6.45025e-09
9.64943e-09
-4.88766e-09
7.22268e-09
-3.70254e-09
5.43844e-09
-2.80414e-09
4.10746e-09
-2.12162e-09
3.10592e-09
-1.60246e-09
2.3483e-09
-1.20749e-09
1.77352e-09
-9.07164e-10
1.33687e-09
-6.79078e-10
1.0051e-09
-5.06153e-10
7.53181e-10
-3.75334e-10
5.62159e-10
-2.76629e-10
4.17582e-10
-2.02388e-10
3.08419e-10
-1.4676e-10
2.26235e-10
-1.05274e-10
1.64571e-10
-7.45519e-11
1.18359e-10
-5.25898e-11
8.13737e-11
-4.69029e-11
2.70538e-11
5.83955e-11
-1.07103e-11
2.84364e-11
-9.26156e-12
1.79839e-11
-5.71799e-12
1.14048e-11
-3.32033e-12
7.0236e-12
-1.85407e-12
4.18682e-12
-1.00057e-12
2.4178e-12
-5.23046e-13
1.35513e-12
-2.64017e-13
7.38104e-13
-1.26474e-13
3.9019e-13
-5.36617e-14
2.00995e-13
-7.58998e-15
9.0295e-14
1.34064e-14
2.40185e-14
7.23822e-15
1.80059e-15
4.34253e-16
1.23646e-16
-2.67884e-08
3.10637e-09
-3.10387e-08
2.55666e-08
-1.73755e-08
2.40748e-08
-1.00502e-08
1.64994e-08
-9.01794e-09
5.20509e-09
1.17231e-08
-2.56084e-09
5.94389e-09
-2.59349e-09
4.17859e-09
-1.99932e-09
3.08775e-09
-1.51638e-09
2.31077e-09
-1.14921e-09
1.73977e-09
-8.70544e-10
1.31393e-09
-6.58695e-10
9.93551e-10
-4.97491e-10
7.51219e-10
-3.74822e-10
5.67376e-10
-2.8154e-10
4.27716e-10
-2.10697e-10
3.21598e-10
-1.56992e-10
2.41021e-10
-1.16368e-10
1.79917e-10
-8.57231e-11
1.33667e-10
-6.2679e-11
9.87432e-11
-4.54171e-11
7.24478e-11
-3.25483e-11
5.27155e-11
-2.3024e-11
3.79214e-11
-1.62417e-11
2.60191e-11
-1.47742e-11
8.83989e-12
1.90346e-11
-3.11079e-12
9.15603e-12
-2.81273e-12
5.78011e-12
-1.73363e-12
3.66746e-12
-1.00096e-12
2.26024e-12
-5.55064e-13
1.34832e-12
-2.97214e-13
7.7915e-13
-1.5402e-13
4.3698e-13
-7.69505e-14
2.38173e-13
-3.63344e-14
1.26018e-13
-1.49429e-14
6.50466e-14
-1.23954e-15
2.93622e-14
4.83575e-15
7.89243e-15
2.46025e-15
6.1828e-16
1.49419e-16
4.26832e-17
2.68249e-08
-3.10007e-09
3.1044e-08
-2.55643e-08
1.73766e-08
-2.40744e-08
1.00502e-08
-1.64996e-08
9.01762e-09
-5.20548e-09
-1.17234e-08
2.56076e-09
-5.94384e-09
2.59362e-09
-4.17843e-09
1.99948e-09
-3.08761e-09
1.51651e-09
-2.31065e-09
1.14931e-09
-1.73968e-09
8.70617e-10
-1.31387e-09
6.58747e-10
-9.93507e-10
4.97528e-10
-7.51189e-10
3.74847e-10
-5.67356e-10
2.81557e-10
-4.27703e-10
2.10708e-10
-3.2159e-10
1.56998e-10
-2.41016e-10
1.16371e-10
-1.79915e-10
8.57243e-11
-1.33667e-10
6.26789e-11
-9.87437e-11
4.54163e-11
-7.24488e-11
3.25471e-11
-5.27168e-11
2.30227e-11
-3.79229e-11
1.62402e-11
-2.60208e-11
1.47723e-11
-8.84181e-12
-1.90362e-11
3.10952e-12
-9.15697e-12
2.81203e-12
-5.78065e-12
1.73319e-12
-3.66782e-12
1.00067e-12
-2.26048e-12
5.54876e-13
-1.34847e-12
2.97096e-13
-7.79242e-13
1.53948e-13
-4.37036e-13
7.69078e-14
-2.38205e-13
3.63095e-14
-1.26037e-13
1.49287e-14
-6.50569e-14
1.23218e-15
-2.93672e-14
-4.83895e-15
-7.89435e-15
-2.46132e-15
-6.18836e-16
-1.49729e-16
-4.24636e-17
8.16416e-08
-1.18554e-08
9.67689e-08
-8.06658e-08
5.55144e-08
-7.5238e-08
3.2585e-08
-5.1575e-08
2.86481e-08
-1.59198e-08
-3.59983e-08
8.59694e-09
-1.85107e-08
8.39526e-09
-1.30516e-08
6.45047e-09
-9.64923e-09
4.88784e-09
-7.22253e-09
3.70268e-09
-5.43832e-09
2.80424e-09
-4.10738e-09
2.12169e-09
-3.10586e-09
1.60251e-09
-2.34826e-09
1.20753e-09
-1.77349e-09
9.0719e-10
-1.33685e-09
6.79096e-10
-1.00508e-09
5.06165e-10
-7.53172e-10
3.75342e-10
-5.62153e-10
2.76633e-10
-4.17578e-10
2.02391e-10
-3.08417e-10
1.46762e-10
-2.26234e-10
1.05275e-10
-1.64571e-10
7.45519e-11
-1.18359e-10
5.25894e-11
-8.13744e-11
4.6902e-11
-2.70548e-11
-5.83964e-11
1.07096e-11
-2.84369e-11
9.26118e-12
-1.79842e-11
5.71776e-12
-1.1405e-11
3.32017e-12
-7.02374e-12
1.85396e-12
-4.18691e-12
1.0005e-12
-2.41785e-12
5.23002e-13
-1.35516e-12
2.6399e-13
-7.38125e-13
1.26458e-13
-3.90202e-13
5.36524e-14
-2.01002e-13
7.58501e-15
-9.02984e-14
-1.34086e-14
-2.40199e-14
-7.23897e-15
-1.80099e-15
-4.34485e-16
-1.23491e-16
1.40228e-07
-2.86562e-08
1.73972e-07
-1.48279e-07
1.04358e-07
-1.3592e-07
6.28201e-08
-9.32081e-08
5.32851e-08
-2.76014e-08
-6.285e-08
1.75097e-08
-3.3231e-08
1.61371e-08
-2.35575e-08
1.233e-08
-1.74324e-08
9.32844e-09
-1.30529e-08
7.06123e-09
-9.8301e-09
5.34594e-09
-7.42486e-09
4.04433e-09
-5.61441e-09
3.05494e-09
-4.24467e-09
2.30248e-09
-3.2054e-09
1.7304e-09
-2.41588e-09
1.29593e-09
-1.81601e-09
9.66478e-10
-1.36057e-09
7.17187e-10
-1.01524e-09
5.29033e-10
-7.53913e-10
3.87457e-10
-5.56626e-10
2.81321e-10
-4.08126e-10
2.02118e-10
-2.96733e-10
1.43405e-10
-2.13314e-10
1.01164e-10
-1.47194e-10
8.71398e-11
-4.69577e-11
-1.01763e-10
2.26485e-11
-5.07839e-11
1.83133e-11
-3.22216e-11
1.13384e-11
-2.04137e-11
6.64426e-12
-1.25545e-11
3.75083e-12
-7.47369e-12
2.04873e-12
-4.3104e-12
1.08513e-12
-2.41295e-12
5.56087e-13
-1.3126e-12
2.71937e-13
-6.92735e-13
1.20352e-13
-3.55455e-13
2.62104e-14
-1.58213e-13
-1.84742e-14
-4.12393e-14
-1.15624e-14
-2.82033e-15
-6.77338e-16
-1.92489e-16
2.05618e-07
-6.02566e-08
2.72225e-07
-2.38839e-07
1.72962e-07
-2.14125e-07
1.07278e-07
-1.46915e-07
8.704e-08
-4.10896e-08
-9.43103e-08
3.16796e-08
-5.19446e-08
2.74509e-08
-3.70786e-08
2.08426e-08
-2.74705e-08
1.574e-08
-2.05785e-08
1.19039e-08
-1.55012e-08
9.00847e-09
-1.17094e-08
6.81429e-09
-8.85417e-09
5.14778e-09
-6.69352e-09
3.88086e-09
-5.054e-09
2.91782e-09
-3.80845e-09
2.18639e-09
-2.86214e-09
1.63167e-09
-2.14373e-09
1.2118e-09
-1.59909e-09
8.94784e-10
-1.187e-09
6.56129e-10
-8.75958e-10
4.7711e-10
-6.41893e-10
3.43419e-10
-4.66376e-10
2.44197e-10
-3.35064e-10
1.72296e-10
-2.32286e-10
1.42144e-10
-7.00095e-11
-1.52281e-10
4.25146e-11
-7.88217e-11
3.21586e-11
-5.02166e-11
1.99763e-11
-3.17711e-11
1.18214e-11
-1.95032e-11
6.75051e-12
-1.15892e-11
3.7331e-12
-6.67247e-12
2.00349e-12
-3.72908e-12
1.04194e-12
-2.02502e-12
5.19505e-13
-1.0663e-12
2.38662e-13
-5.44172e-13
6.74999e-14
-2.39082e-13
-1.70337e-14
-6.05538e-14
-1.50476e-14
-3.57585e-15
-8.54384e-16
-2.42701e-16
2.81706e-07
-1.1572e-07
4.04284e-07
-3.66254e-07
2.73573e-07
-3.20625e-07
1.74798e-07
-2.20116e-07
1.35305e-07
-5.75521e-08
-1.32921e-07
5.42493e-08
-7.71661e-08
4.45326e-08
-5.54883e-08
3.36126e-08
-4.11625e-08
2.53387e-08
-3.0851e-08
1.91467e-08
-2.32449e-08
1.44835e-08
-1.75606e-08
1.09545e-08
-1.32785e-08
8.27627e-09
-1.00373e-08
6.24106e-09
-7.57762e-09
4.69423e-09
-5.70895e-09
3.51937e-09
-4.28929e-09
2.62821e-09
-3.21163e-09
1.9535e-09
-2.39477e-09
1.44387e-09
-1.77682e-09
1.06003e-09
-1.31051e-09
7.71939e-10
-9.59702e-10
5.56633e-10
-6.96743e-10
3.96659e-10
-5.00216e-10
2.79957e-10
-3.48496e-10
2.20644e-10
-9.82304e-11
-2.13861e-10
7.50414e-11
-1.1614e-10
5.37473e-11
-7.43073e-11
3.34973e-11
-4.69379e-11
1.99985e-11
-2.87527e-11
1.15358e-11
-1.70497e-11
6.44762e-12
-9.79705e-12
3.49873e-12
-5.46495e-12
1.8416e-12
-2.96171e-12
9.32423e-13
-1.55539e-12
4.40544e-13
-7.88631e-13
1.45543e-13
-3.41084e-13
-4.96399e-15
-8.34267e-14
-1.71707e-14
-3.98157e-15
-9.4768e-16
-2.69152e-16
)
;

boundaryField
{
    F1_1
    {
        type            calculated;
        value           nonuniform List<scalar> 
80
(
-3.26262e-07
1.52017e-07
-4.86352e-07
4.46314e-07
-3.37724e-07
3.87088e-07
-2.18322e-07
2.65903e-07
-1.65947e-07
6.75044e-08
1.56356e-07
-6.8993e-08
9.2973e-08
-5.55694e-08
6.70659e-08
-4.18564e-08
4.97837e-08
-3.15354e-08
3.73243e-08
-2.38234e-08
2.81278e-08
-1.80198e-08
2.12521e-08
-1.36295e-08
1.60711e-08
-1.02984e-08
1.21487e-08
-7.76722e-09
9.17165e-09
-5.84343e-09
6.90977e-09
-4.38214e-09
5.1913e-09
-3.27356e-09
3.88677e-09
-2.43409e-09
2.89794e-09
-1.79988e-09
2.1499e-09
-1.32209e-09
1.58543e-09
-9.63369e-10
1.1608e-09
-6.95186e-10
8.42525e-10
-4.9582e-10
6.04738e-10
-3.50017e-10
4.22186e-10
-2.70958e-10
1.15591e-10
2.51621e-10
-9.65664e-11
1.39684e-10
-6.79061e-11
8.95307e-11
-4.23787e-11
5.65211e-11
-2.53841e-11
3.45964e-11
-1.46968e-11
2.04999e-11
-8.24607e-12
1.17717e-11
-4.4922e-12
6.56223e-12
-2.37441e-12
3.55387e-12
-1.20839e-12
1.86449e-12
-5.76005e-13
9.4267e-13
-1.98881e-13
4.04867e-13
-4.42665e-15
9.75232e-14
1.81037e-14
4.15428e-15
9.8785e-16
2.8009e-16
)
;
    }
    F1_2
    {
        type            calculated;
        value           nonuniform List<scalar> 
80
(
0.000546444
-0.000444316
-6.54065e-05
-2.86229e-05
-5.04221e-06
-2.4256e-06
-2.39426e-07
-3.53957e-07
1.54604e-07
-3.92123e-08
-1.85304e-07
1.14995e-07
-1.35505e-07
1.02238e-07
-1.13847e-07
8.49908e-08
-9.50263e-08
6.96315e-08
-7.83324e-08
5.65735e-08
-6.39466e-08
4.56946e-08
-5.18315e-08
3.67514e-08
-4.17943e-08
2.94678e-08
-3.35741e-08
2.35746e-08
-2.68967e-08
1.88283e-08
-2.15037e-08
1.50182e-08
-1.71658e-08
1.19667e-08
-1.36866e-08
9.52689e-09
-1.09019e-08
7.5787e-09
-8.67653e-09
6.02486e-09
-6.90035e-09
4.78698e-09
-5.48432e-09
3.80213e-09
-4.35663e-09
3.02057e-09
-3.45693e-09
2.41393e-09
-2.68802e-09
2.179e-09
-5.57597e-10
-2.08773e-09
1.14042e-09
-1.40841e-09
9.76738e-10
-1.1161e-09
7.95797e-10
-9.00419e-10
6.52751e-10
-7.33535e-10
5.42648e-10
-6.04762e-10
4.58587e-10
-5.06242e-10
3.93955e-10
-4.32602e-10
3.34997e-10
-3.72092e-10
2.66683e-10
-3.05939e-10
1.94497e-10
-2.31813e-10
1.36984e-10
-1.79469e-10
3.76208e-11
-7.96739e-11
-1.44061e-11
-3.29951e-12
-7.92486e-13
-2.31965e-13
)
;
    }
    F1_3
    {
        type            calculated;
        value           nonuniform List<scalar> 
80
(
-0.000546659
0.000444488
6.54269e-05
2.86407e-05
5.0481e-06
2.42499e-06
2.42536e-07
3.51463e-07
-1.51657e-07
3.89053e-08
1.82445e-07
-1.13118e-07
1.33328e-07
-1.00559e-07
1.11985e-07
-8.35747e-08
9.34488e-08
-6.84548e-08
7.70134e-08
-5.56047e-08
6.28551e-08
-4.49023e-08
5.09354e-08
-3.61068e-08
4.10631e-08
-2.89456e-08
3.29803e-08
-2.31529e-08
2.64164e-08
-1.84889e-08
2.11164e-08
-1.47456e-08
1.68543e-08
-1.17482e-08
1.34366e-08
-9.35209e-09
1.07017e-08
-7.43914e-09
8.51653e-09
-5.91363e-09
6.7727e-09
-4.69846e-09
5.38265e-09
-3.73178e-09
4.27577e-09
-2.96469e-09
3.39275e-09
-2.36931e-09
2.63814e-09
-2.13877e-09
5.47153e-10
2.04911e-09
-1.11949e-09
1.38242e-09
-9.58874e-10
1.09557e-09
-7.81316e-10
8.83929e-10
-6.40957e-10
7.20181e-10
-5.32946e-10
5.93847e-10
-4.50524e-10
4.97224e-10
-3.87209e-10
4.25054e-10
-3.2952e-10
3.65856e-10
-2.62535e-10
3.01061e-10
-1.9157e-10
2.28234e-10
-1.35077e-10
1.76897e-10
-3.70971e-11
7.85495e-11
1.42032e-11
3.25318e-12
7.81363e-13
2.28891e-13
)
;
    }
    F1_4
    {
        type            calculated;
        value           nonuniform List<scalar> 
80
(
3.2298e-07
-1.50733e-07
4.8061e-07
-4.41187e-07
3.33662e-07
-3.82513e-07
2.1561e-07
-2.62667e-07
1.63839e-07
-6.66989e-08
-1.54371e-07
6.80866e-08
-9.17713e-08
5.48343e-08
-6.61881e-08
4.12981e-08
-4.91257e-08
3.11117e-08
-3.68269e-08
2.35013e-08
-2.77503e-08
1.77747e-08
-2.09651e-08
1.34432e-08
-1.58528e-08
1.01569e-08
-1.19828e-08
7.65997e-09
-9.04579e-09
5.76235e-09
-6.81447e-09
4.32104e-09
-5.11934e-09
3.2277e-09
-3.83263e-09
2.39982e-09
-2.85736e-09
1.77441e-09
-2.11964e-09
1.30329e-09
-1.56301e-09
9.49608e-10
-1.1443e-09
6.8521e-10
-8.3049e-10
4.88675e-10
-5.96059e-10
3.44952e-10
-4.16101e-10
2.67022e-10
-1.1393e-10
-2.47965e-10
9.51512e-11
-1.37645e-10
6.69061e-11
-8.82171e-11
4.175e-11
-5.56864e-11
2.50039e-11
-3.40812e-11
1.44741e-11
-2.01915e-11
8.11974e-12
-1.15927e-11
4.42269e-12
-6.46137e-12
2.33734e-12
-3.49871e-12
1.18943e-12
-1.83532e-12
5.67029e-13
-9.27931e-13
1.95805e-13
-3.98564e-13
4.33206e-15
-9.59722e-14
-1.7815e-14
-4.08751e-15
-9.71592e-16
-2.75942e-16
)
;
    }
    F2_1
    {
        type            calculated;
        value           nonuniform List<scalar> 
80
(
3.262e-07
-1.52033e-07
4.86337e-07
-4.46323e-07
3.37717e-07
-3.87093e-07
2.18318e-07
-2.65906e-07
1.65945e-07
-6.75061e-08
-1.56357e-07
6.89915e-08
-9.29744e-08
5.55681e-08
-6.70672e-08
4.18554e-08
-4.97847e-08
3.15346e-08
-3.7325e-08
2.38227e-08
-2.81283e-08
1.80193e-08
-2.12525e-08
1.36292e-08
-1.60714e-08
1.02981e-08
-1.21489e-08
7.76703e-09
-9.17181e-09
5.84329e-09
-6.90988e-09
4.38204e-09
-5.19138e-09
3.27349e-09
-3.88683e-09
2.43405e-09
-2.89798e-09
1.79985e-09
-2.14992e-09
1.32206e-09
-1.58545e-09
9.63354e-10
-1.16081e-09
6.95176e-10
-8.42532e-10
4.95815e-10
-6.04742e-10
3.50014e-10
-4.22188e-10
2.70957e-10
-1.1559e-10
-2.51621e-10
9.65669e-11
-1.39683e-10
6.79063e-11
-8.95305e-11
4.23788e-11
-5.6521e-11
2.53842e-11
-3.45963e-11
1.46969e-11
-2.04998e-11
8.24615e-12
-1.17717e-11
4.49226e-12
-6.56218e-12
2.37445e-12
-3.55384e-12
1.20841e-12
-1.86447e-12
5.76021e-13
-9.42657e-13
1.9889e-13
-4.04861e-13
4.43107e-15
-9.75205e-14
-1.81021e-14
-4.15339e-15
-9.87276e-16
-2.80417e-16
)
;
    }
    F2_2
    {
        type            calculated;
        value           nonuniform List<scalar> 
80
(
-0.000546447
0.000444316
6.54071e-05
2.86235e-05
5.04252e-06
2.42575e-06
2.39482e-07
3.53973e-07
-1.54603e-07
3.92083e-08
1.85298e-07
-1.15001e-07
1.355e-07
-1.02243e-07
1.13843e-07
-8.49946e-08
9.50228e-08
-6.96345e-08
7.83297e-08
-5.6576e-08
6.39445e-08
-4.56965e-08
5.18298e-08
-3.67529e-08
4.17929e-08
-2.9469e-08
3.3573e-08
-2.35755e-08
2.68958e-08
-1.88291e-08
2.15031e-08
-1.50188e-08
1.71653e-08
-1.19672e-08
1.36862e-08
-9.52728e-09
1.09016e-08
-7.57901e-09
8.67626e-09
-6.0251e-09
6.90013e-09
-4.78717e-09
5.48415e-09
-3.80229e-09
4.3565e-09
-3.0207e-09
3.45683e-09
-2.41402e-09
2.68794e-09
-2.17906e-09
5.57542e-10
2.08768e-09
-1.14047e-09
1.40837e-09
-9.76776e-10
1.11607e-09
-7.95828e-10
9.00392e-10
-6.52775e-10
7.33514e-10
-5.42665e-10
6.04747e-10
-4.586e-10
5.06232e-10
-3.93963e-10
4.32596e-10
-3.35001e-10
3.7209e-10
-2.66684e-10
3.05939e-10
-1.94496e-10
2.31815e-10
-1.36982e-10
1.79471e-10
-3.76193e-11
7.96749e-11
1.44068e-11
3.29981e-12
7.92563e-13
2.32171e-13
)
;
    }
    F2_3
    {
        type            calculated;
        value           nonuniform List<scalar> 
80
(
0.000546657
-0.000444487
-6.54263e-05
-2.86402e-05
-5.04779e-06
-2.42485e-06
-2.4248e-07
-3.51447e-07
1.51658e-07
-3.89093e-08
-1.8245e-07
1.13113e-07
-1.33333e-07
1.00554e-07
-1.11989e-07
8.3571e-08
-9.34522e-08
6.84518e-08
-7.7016e-08
5.56023e-08
-6.28572e-08
4.49004e-08
-5.09371e-08
3.61053e-08
-4.10644e-08
2.89444e-08
-3.29814e-08
2.3152e-08
-2.64172e-08
1.84881e-08
-2.11171e-08
1.4745e-08
-1.68548e-08
1.17477e-08
-1.34371e-08
9.35171e-09
-1.07021e-08
7.43884e-09
-8.51679e-09
5.91339e-09
-6.77291e-09
4.69827e-09
-5.38282e-09
3.73163e-09
-4.2759e-09
2.96457e-09
-3.39285e-09
2.36922e-09
-2.63822e-09
2.13871e-09
-5.47207e-10
-2.04916e-09
1.11945e-09
-1.38246e-09
9.58837e-10
-1.09561e-09
7.81286e-10
-8.83955e-10
6.40934e-10
-7.20201e-10
5.32929e-10
-5.93862e-10
4.50512e-10
-4.97234e-10
3.87202e-10
-4.25059e-10
3.29517e-10
-3.65858e-10
2.62535e-10
-3.01061e-10
1.91571e-10
-2.28232e-10
1.35079e-10
-1.76895e-10
3.70986e-11
-7.85484e-11
-1.42026e-11
-3.25288e-12
-7.81288e-13
-2.28688e-13
)
;
    }
    F2_4
    {
        type            calculated;
        value           nonuniform List<scalar> 
80
(
-3.23041e-07
1.50716e-07
-4.80625e-07
4.41178e-07
-3.33669e-07
3.82508e-07
-2.15613e-07
2.62664e-07
-1.63841e-07
6.66973e-08
1.5437e-07
-6.8088e-08
9.17699e-08
-5.48356e-08
6.61869e-08
-4.12992e-08
4.91247e-08
-3.11126e-08
3.68262e-08
-2.35019e-08
2.77498e-08
-1.77752e-08
2.09647e-08
-1.34436e-08
1.58525e-08
-1.01571e-08
1.19826e-08
-7.66016e-09
9.04564e-09
-5.76248e-09
6.81436e-09
-4.32113e-09
5.11926e-09
-3.22777e-09
3.83257e-09
-2.39987e-09
2.85732e-09
-1.77445e-09
2.11962e-09
-1.30331e-09
1.56299e-09
-9.49623e-10
1.14429e-09
-6.8522e-10
8.30483e-10
-4.8868e-10
5.96055e-10
-3.44955e-10
4.16099e-10
-2.67023e-10
1.1393e-10
2.47966e-10
-9.51508e-11
1.37645e-10
-6.69059e-11
8.82173e-11
-4.17499e-11
5.56866e-11
-2.50037e-11
3.40813e-11
-1.4474e-11
2.01916e-11
-8.11966e-12
1.15928e-11
-4.42263e-12
6.46142e-12
-2.33731e-12
3.49874e-12
-1.1894e-12
1.83534e-12
-5.67013e-13
9.27943e-13
-1.95795e-13
3.9857e-13
-4.32771e-15
9.59749e-14
1.78166e-14
4.08839e-15
9.72158e-16
2.75619e-16
)
;
    }
    defaultFaces
    {
        type            empty;
    }
}


// ************************************************************************* //
