/*--------------------------------*- C++ -*----------------------------------*\
| =========                 |                                                 |
| \\      /  F ield         | OpenFOAM: The Open Source CFD Toolbox           |
|  \\    /   O peration     | Version:  5.x                                   |
|   \\  /    A nd           | Web:      www.OpenFOAM.org                      |
|    \\/     M anipulation  |                                                 |
\*---------------------------------------------------------------------------*/
FoamFile
{
    version     2.0;
    format      ascii;
    class       volScalarField;
    location    "15.9";
    object      T;
}
// * * * * * * * * * * * * * * * * * * * * * * * * * * * * * * * * * * * * * //

dimensions      [0 0 0 1 0 0 0];

internalField   nonuniform List<scalar> 
6300
(
9.98513
9.95667
9.93209
9.91389
9.90451
9.90623
9.92114
9.95104
9.99741
10.0613
10.1431
10.2429
10.36
10.493
10.64
9.98383
9.9528
9.92569
9.90506
9.89339
9.89302
9.90611
9.93455
9.97988
10.0432
10.1251
10.2256
10.344
10.4789
10.6283
9.98122
9.94499
9.91279
9.88725
9.87095
9.86634
9.87571
9.90112
9.9443
10.0065
10.0885
10.1904
10.3115
10.4502
10.6046
9.97726
9.93316
9.89322
9.8602
9.83679
9.82564
9.82924
9.84991
9.88963
9.95
10.032
10.1359
10.2611
10.406
10.568
9.97191
9.91716
9.86674
9.82351
9.79037
9.77016
9.76568
9.77959
9.81429
9.87181
9.95355
10.0601
10.191
10.3445
10.5176
9.96512
9.89684
9.83304
9.77673
9.73099
9.69893
9.68371
9.68844
9.7161
9.76934
9.85023
9.9599
10.0982
10.2633
10.4515
9.95684
9.87203
9.79183
9.71936
9.6579
9.61084
9.58176
9.57434
9.59229
9.63918
9.71807
9.83104
9.97856
10.1588
10.3674
9.94703
9.84263
9.74287
9.65098
9.57038
9.50476
9.45812
9.43482
9.43951
9.47699
9.55179
9.66759
9.82613
10.0261
10.2619
9.93569
9.80857
9.68603
9.5713
9.46788
9.37968
9.31112
9.26728
9.25392
9.27741
9.34448
9.46133
9.63224
9.85735
10.1302
9.92283
9.76993
9.62137
9.48028
9.35013
9.23492
9.13939
9.06924
9.03142
9.03424
9.08733
9.20095
9.3841
9.64082
9.96475
9.90855
9.72694
9.54924
9.37832
9.21743
9.07047
8.94223
8.83885
8.76825
8.74075
8.76962
8.87101
9.06233
9.357
9.75315
9.89299
9.68003
9.47033
9.26631
9.0708
8.88727
8.72021
8.57565
8.46193
8.39087
8.37936
8.45107
8.63716
8.97166
9.4721
9.87636
9.62985
9.38572
9.14578
8.91216
8.68757
8.47566
8.28158
8.11292
7.98142
7.90583
7.91672
8.06353
8.42032
9.06902
9.85895
9.57728
9.29693
9.01892
8.74448
8.47519
8.21328
7.96205
7.72671
7.51604
7.3458
7.24638
7.27989
7.57703
8.39436
9.84111
9.52337
9.20579
8.88849
8.57162
8.2554
7.9402
7.62662
7.31583
7.01019
6.71492
6.44309
6.23256
6.2135
6.91129
10.7855
10.9241
11.0673
11.2134
11.3609
11.508
11.6533
11.7956
11.9336
12.0664
12.1931
12.3131
12.4258
12.5308
12.6278
12.7163
12.7964
12.8678
12.9305
12.9843
13.0293
13.0656
13.093
13.1118
13.122
13.1236
13.1168
13.1017
13.0785
13.0472
13.008
12.961
12.9064
12.8442
12.7747
12.698
12.6141
12.5232
12.4254
12.3208
12.2097
12.092
11.968
11.8377
11.7014
11.5591
11.4111
11.2573
11.098
10.9332
10.7632
10.5879
10.4075
10.2221
10.0317
9.83664
9.63688
9.43261
9.22397
9.01113
8.79426
8.57355
8.3492
8.12139
7.89035
7.65629
7.41945
7.18008
6.93846
6.69492
6.44979
6.20349
5.95645
5.70918
5.46219
5.21609
4.97147
4.72896
4.48923
4.25291
4.02064
3.79305
3.57073
3.35421
3.144
2.94052
2.74412
2.55506
2.37354
2.19962
10.7763
10.9173
11.0629
11.2115
11.3612
11.5105
11.6577
11.8016
11.941
12.075
12.2027
12.3235
12.4368
12.5423
12.6396
12.7285
12.8088
12.8803
12.943
12.9969
13.0419
13.078
13.1054
13.1241
13.1341
13.1356
13.1286
13.1133
13.0899
13.0584
13.019
12.9718
12.917
12.8547
12.785
12.7081
12.624
12.5329
12.435
12.3302
12.2189
12.101
11.9768
11.8464
11.7098
11.5674
11.4191
11.2652
11.1057
10.9408
10.7705
10.5951
10.4146
10.229
10.0385
9.84322
9.64327
9.43878
9.22991
9.01682
8.79968
8.5787
8.35406
8.12595
7.8946
7.6602
7.42299
7.18322
6.94116
6.6971
6.45141
6.20447
5.95673
5.70868
5.46087
5.21388
4.96835
4.72492
4.48425
4.24701
4.01386
3.78543
3.56232
3.3451
3.13427
2.93028
2.7335
2.54419
2.36255
2.18866
10.7577
10.9036
11.0544
11.2079
11.3622
11.5157
11.6667
11.8139
11.9562
12.0925
12.2221
12.3445
12.459
12.5655
12.6635
12.7529
12.8336
12.9053
12.9682
13.022
13.067
13.103
13.1302
13.1486
13.1584
13.1595
13.1522
13.1366
13.1128
13.0809
13.0411
12.9935
12.9384
12.8757
12.8056
12.7283
12.6439
12.5525
12.4541
12.349
12.2373
12.1191
11.9944
11.8636
11.7267
11.5838
11.4352
11.2809
11.1211
10.9558
10.7853
10.6096
10.4287
10.2429
10.0521
9.85643
9.65608
9.45116
9.24181
9.02822
8.81055
8.58902
8.3638
8.1351
7.90313
7.66807
7.43015
7.18958
6.94663
6.70157
6.45474
6.20653
5.95737
5.70777
5.45828
5.20953
4.96216
4.71684
4.47429
4.23518
4.00023
3.77008
3.54539
3.32673
3.11466
2.90964
2.71207
2.52225
2.34038
2.16655
10.7293
10.8831
11.0417
11.2029
11.3644
11.5244
11.6812
11.8333
11.9797
12.1195
12.2519
12.3765
12.4928
12.6006
12.6997
12.7898
12.871
12.9431
13.0061
13.06
13.1048
13.1406
13.1675
13.1856
13.1949
13.1955
13.1877
13.1715
13.1471
13.1146
13.0742
13.0261
12.9703
12.9071
12.8365
12.7586
12.6737
12.5818
12.4829
12.3773
12.265
12.1461
12.0209
11.8895
11.7519
11.6084
11.4592
11.3044
11.1441
10.9784
10.8074
10.6313
10.45
10.2637
10.0725
9.87629
9.67535
9.46978
9.25972
9.04536
8.82689
8.60452
8.37845
8.14887
7.91599
7.67997
7.44101
7.1993
6.95505
6.70851
6.46
6.20987
5.95857
5.70661
5.45458
5.20312
4.95293
4.70474
4.45929
4.21733
3.97962
3.74685
3.51971
3.29885
3.08485
2.87824
2.67945
2.48884
2.30661
2.13288
10.6905
10.8554
11.0253
11.1972
11.3687
11.5377
11.7022
11.8609
12.0127
12.1569
12.2929
12.4203
12.5388
12.6483
12.7485
12.8396
12.9213
12.9938
13.0569
13.1108
13.1554
13.191
13.2174
13.2349
13.2436
13.2436
13.2351
13.2181
13.1929
13.1596
13.1184
13.0695
13.0129
12.9489
12.8776
12.7991
12.7135
12.6208
12.5213
12.4149
12.3019
12.1823
12.0562
11.9239
11.7855
11.6412
11.4912
11.3357
11.1747
11.0084
10.8369
10.6603
10.4785
10.2916
10.0998
9.90291
9.70119
9.49474
9.28371
9.06831
8.84874
8.62525
8.39804
8.16732
7.93326
7.69602
7.45575
7.21258
6.96667
6.71822
6.46749
6.21482
5.96064
5.70549
5.44999
5.19482
4.94077
4.68862
4.4392
4.19334
3.95183
3.71545
3.48495
3.26104
3.04437
2.83553
2.63504
2.4433
2.26059
2.08701
10.6404
10.8207
11.0058
11.1921
11.3767
11.5571
11.7314
11.8982
12.0567
12.2061
12.3462
12.4767
12.5977
12.709
12.8106
12.9026
12.9849
13.0577
13.121
13.1747
13.2191
13.2542
13.2801
13.2969
13.3048
13.3039
13.2944
13.2764
13.2502
13.2158
13.1736
13.1236
13.0661
13.0012
12.929
12.8496
12.7632
12.6697
12.5694
12.4621
12.3481
12.2275
12.1004
11.967
11.8275
11.6821
11.5311
11.3746
11.2128
11.0458
10.8737
10.6964
10.5141
10.3267
10.1341
9.93643
9.73374
9.52617
9.31389
9.09713
8.87616
8.65123
8.42259
8.19046
7.95501
7.71635
7.47457
7.22971
6.98186
6.73113
6.4777
6.22186
5.96405
5.70482
5.44483
5.18487
4.92579
4.66851
4.41395
4.16301
3.91659
3.67554
3.44067
3.21277
2.99257
2.78076
2.57798
2.38474
2.20138
2.02805
10.5781
10.779
10.9843
11.1894
11.3907
11.5853
11.7713
11.9476
12.1134
12.2686
12.413
12.5469
12.6703
12.7835
12.8864
12.9793
13.0622
13.1353
13.1985
13.2521
13.296
13.3305
13.3556
13.3715
13.3784
13.3764
13.3657
13.3465
13.3189
13.2833
13.2398
13.1885
13.1298
13.0637
12.9905
12.9102
12.8228
12.7285
12.6271
12.5189
12.4038
12.282
12.1535
12.0187
11.8778
11.7311
11.5787
11.4211
11.2583
11.0905
10.9177
10.7399
10.557
10.3689
10.1756
9.97705
9.77322
9.56426
9.3504
9.13192
8.90916
8.68244
8.45207
8.2183
7.98128
7.74109
7.49771
7.25108
7.00113
6.74784
6.49128
6.23168
5.96945
5.70516
5.43956
5.17357
4.90818
4.64444
4.38342
4.12614
3.87358
3.62669
3.38633
3.15336
2.92863
2.71297
2.50717
2.31191
2.1277
1.95473
10.5021
10.7309
10.9629
11.1922
11.4142
11.6258
11.8252
12.0118
12.1854
12.3464
12.4951
12.632
12.7577
12.8725
12.9766
13.0703
13.1536
13.2268
13.29
13.3431
13.3865
13.4201
13.4443
13.4591
13.4647
13.4613
13.4492
13.4284
13.3993
13.362
13.3168
13.2641
13.2039
13.1365
13.0621
12.9807
12.8924
12.7971
12.6948
12.5854
12.4691
12.3458
12.2157
12.0791
11.9364
11.7879
11.6339
11.4748
11.3108
11.1421
10.9687
10.7905
10.6072
10.4187
10.2247
10.0251
9.81996
9.60931
9.39346
9.17279
8.94775
8.7188
8.48635
8.25072
8.01204
7.77033
7.52545
7.27715
7.02513
6.76917
6.50917
6.24523
5.97773
5.7073
5.43481
5.16135
4.88813
4.61641
4.34744
4.0824
3.82239
3.56837
3.3213
3.08206
2.8516
2.63095
2.42114
2.22316
2.03779
1.86536
10.4112
10.678
10.9455
11.2055
11.4525
11.6836
11.8976
12.0946
12.2756
12.4417
12.5939
12.7333
12.8607
12.9767
13.0817
13.1759
13.2596
13.3328
13.3956
13.4482
13.4907
13.5234
13.5463
13.5597
13.5638
13.5588
13.5449
13.5222
13.4911
13.4519
13.4048
13.3501
13.2882
13.2194
13.1436
13.0611
12.9718
12.8756
12.7724
12.6619
12.5442
12.4191
12.2871
12.1483
12.0032
11.8524
11.6963
11.5354
11.3701
11.2005
11.0266
10.8482
10.6648
10.4761
10.2817
10.0812
9.87448
9.66176
9.44337
9.21985
8.99187
8.7601
8.52515
8.28742
8.04708
7.80407
7.55804
7.30848
7.05475
6.79626
6.53264
6.26385
5.99018
5.71235
5.43141
5.14873
4.86586
4.58436
4.30576
4.0314
3.76249
3.50004
3.24494
2.99807
2.76044
2.53327
2.31803
2.11625
1.92922
1.75756
10.3039
10.6239
10.9388
11.2374
11.5138
11.7659
11.9942
12.2005
12.3873
12.5568
12.711
12.8517
12.98
13.0966
13.2021
13.2967
13.3805
13.4535
13.5158
13.5676
13.6091
13.6404
13.6619
13.6736
13.676
13.669
13.653
13.6281
13.5947
13.553
13.5034
13.4465
13.3825
13.3119
13.2348
13.1512
13.0611
12.9643
12.8603
12.7488
12.6295
12.5026
12.368
12.2264
12.0782
11.9243
11.7654
11.6023
11.4355
11.265
11.0909
10.9128
10.7301
10.5418
10.3473
10.146
9.93757
9.72227
9.50056
9.27325
9.04134
8.80591
8.56785
8.32777
8.0859
7.84205
7.59565
7.34574
7.09112
6.83065
6.56351
6.2894
6.00857
5.7218
5.43046
5.13634
4.84154
4.5481
4.25791
3.97253
3.69326
3.42107
3.1567
2.90076
2.65416
2.4184
2.19553
1.98807
1.79848
1.62798
10.1799
10.5769
10.9555
11.3013
11.6098
11.8823
12.1223
12.3345
12.5236
12.6936
12.8476
12.9879
13.1159
13.2325
13.3382
13.433
13.5167
13.5894
13.6511
13.7018
13.7418
13.7715
13.7912
13.801
13.8013
13.7921
13.7737
13.7462
13.7099
13.6652
13.6126
13.5528
13.4863
13.4136
13.335
13.2505
13.16
13.063
12.9588
12.8466
12.726
12.5967
12.4591
12.3137
12.1613
12.0032
11.8406
11.6745
11.5058
11.3346
11.1609
10.984
10.8031
10.6164
10.4226
10.2208
10.0105
9.7919
9.56571
9.33316
9.09577
8.85538
8.61335
8.37062
8.12745
7.88362
7.6382
7.38968
7.13586
6.87454
6.60435
6.32457
6.03542
5.73775
5.43343
5.12488
4.81521
4.50711
4.20307
3.9048
3.61379
3.3308
3.05626
2.78997
2.53224
2.28493
2.0508
1.83413
1.64023
1.4716
10.0426
10.5563
11.0195
11.4187
11.7578
12.0452
12.2904
12.5018
12.6873
12.8534
13.0039
13.1417
13.2681
13.3841
13.4897
13.5849
13.6688
13.7412
13.8019
13.8512
13.8894
13.917
13.9344
13.9421
13.94
13.9284
13.9073
13.8768
13.837
13.7885
13.732
13.6685
13.5988
13.5237
13.4434
13.3583
13.268
13.172
13.0687
12.9564
12.8346
12.7027
12.5614
12.4108
12.2526
12.0883
11.9205
11.7505
11.5795
11.4077
11.2352
11.0611
10.8841
10.7012
10.5094
10.3077
10.0951
9.87238
9.63988
9.39991
9.1544
8.90712
8.65973
8.41401
8.16983
7.92739
7.68511
7.44118
7.19129
6.93112
6.65891
6.37314
6.07446
5.76322
5.44244
5.11495
4.78653
4.46025
4.13985
3.82657
3.5227
3.22832
2.94392
2.6668
2.39529
2.13246
1.8809
1.64737
1.44559
1.28052
9.91253
10.6084
11.1755
11.6226
11.9803
12.2686
12.5071
12.7062
12.8788
13.0354
13.1784
13.3118
13.435
13.5505
13.6562
13.753
13.8373
13.9097
13.9689
14.0164
14.052
14.077
14.0918
14.0968
14.0924
14.0784
14.0543
14.0206
13.9765
13.9234
13.8612
13.7931
13.719
13.6412
13.5588
13.4735
13.3841
13.2914
13.1914
13.0798
12.9576
12.8224
12.6767
12.5187
12.3527
12.1784
12.0036
11.8276
11.6544
11.4816
11.3119
11.1421
10.9734
10.7986
10.6104
10.4102
10.1943
9.9668
9.72471
9.47455
9.21549
8.95895
8.7036
8.45509
8.20963
7.97086
7.7343
7.50119
7.26147
7.00495
6.73296
6.44022
6.13153
5.80235
5.46107
5.10631
4.75471
4.40487
4.06632
3.73475
3.41794
3.11144
2.82104
2.53555
2.24579
1.96376
1.68501
1.41488
1.19808
1.04153
9.88456
10.8457
11.5042
11.955
12.3027
12.5635
12.7805
12.9485
13.0933
13.237
13.3664
13.4963
13.6131
13.7307
13.8353
13.939
14.0229
14.0968
14.1529
14.1983
14.2299
14.2515
14.2629
14.2652
14.2583
14.2426
14.2152
14.1791
14.1289
14.0713
13.9987
13.9261
13.8445
13.7651
13.6779
13.5945
13.5048
13.4211
13.3304
13.2186
13.0991
12.9569
12.8096
12.6378
12.4647
12.2689
12.0883
11.9004
11.7287
11.551
11.3884
11.2215
11.0714
10.915
10.7287
10.535
10.3103
10.0821
9.82102
9.56187
9.27285
9.00893
8.73753
8.49167
8.23967
8.01107
7.77841
7.57061
7.35575
7.10098
6.83677
6.53021
6.21801
5.85883
5.49902
5.09306
4.72031
4.33317
3.98271
3.62163
3.29826
2.97134
2.69107
2.41041
2.08514
1.79031
1.47668
1.10556
0.863787
0.731448
10.4233
11.5188
12.1318
12.4357
12.7502
12.9214
13.1245
13.2238
13.3094
13.4591
13.5536
13.6997
13.7896
13.9297
14.0155
14.1533
14.2226
14.3096
14.3522
14.4001
14.4218
14.4406
14.447
14.4466
14.4369
14.4233
14.3885
14.3577
14.292
14.2404
14.1359
14.0721
13.9664
13.9003
13.7916
13.7244
13.6165
13.5609
13.4997
13.3682
13.273
13.0988
12.9775
12.7588
12.6092
12.3375
12.1832
11.9499
11.8114
11.5984
11.471
11.2768
11.1782
11.0744
10.8575
10.7045
10.4311
10.2445
9.91449
9.69211
9.29398
9.06956
8.7346
8.53701
8.23591
8.05706
7.78662
7.65011
7.50743
7.21053
7.00148
6.62824
6.37208
5.91617
5.60337
5.03191
4.7066
4.2086
3.91434
3.45416
3.18369
2.76401
2.56162
2.34949
1.8806
1.64393
1.35112
0.609987
0.371896
0.308734
2.01667
1.82784
1.64939
1.4808
1.32141
1.17048
1.0272
0.890721
0.760202
0.634791
0.513653
0.395972
0.280954
0.167822
0.0558161
2.00589
1.81743
1.63951
1.47158
1.31294
1.16282
1.02037
0.884754
0.755086
0.630511
0.51019
0.393305
0.279064
0.166695
0.0554414
1.98414
1.79646
1.61964
1.45305
1.29594
1.14746
1.00672
0.872824
0.744866
0.62197
0.503284
0.38799
0.2753
0.164449
0.0546952
1.95106
1.76461
1.58951
1.42502
1.27028
1.12434
0.986216
0.854945
0.729578
0.60921
0.492979
0.380067
0.269692
0.161106
0.0535844
1.90607
1.72139
1.54875
1.38724
1.23581
1.09338
0.95885
0.83115
0.709282
0.592306
0.479351
0.369601
0.262292
0.156697
0.0521199
1.84833
1.66611
1.49684
1.33934
1.19234
1.05452
0.924638
0.801515
0.684084
0.571376
0.462512
0.356691
0.253173
0.151268
0.0503175
1.77672
1.59788
1.43313
1.28094
1.13966
1.00772
0.883653
0.766177
0.654155
0.546594
0.442625
0.341473
0.24244
0.144884
0.0481985
1.68974
1.51553
1.35686
1.2116
1.07763
0.953017
0.83607
0.725377
0.619756
0.518215
0.419914
0.324131
0.230227
0.137626
0.045791
1.58537
1.41762
1.26716
1.13097
1.00625
0.890634
0.782222
0.679498
0.58127
0.486589
0.394682
0.304906
0.216709
0.129601
0.0431301
1.46089
1.30239
1.16318
1.03884
0.925737
0.821042
0.722676
0.629114
0.539231
0.452182
0.367313
0.284099
0.2021
0.120935
0.0402583
1.31259
1.16788
1.0443
0.935485
0.836804
0.745111
0.658318
0.575043
0.494352
0.415591
0.338286
0.262072
0.186655
0.111781
0.0372257
1.13553
1.01221
0.910645
0.82198
0.740874
0.664269
0.590434
0.518383
0.447535
0.377538
0.308163
0.239246
0.170663
0.102309
0.0340881
0.923615
0.834761
0.764086
0.700907
0.640435
0.58065
0.520761
0.460511
0.399862
0.338861
0.277577
0.216083
0.154441
0.0927005
0.030906
0.671908
0.639126
0.61002
0.577119
0.539302
0.497126
0.451443
0.403033
0.352537
0.300461
0.2472
0.193067
0.138313
0.0831458
0.027741
0.388023
0.439807
0.459744
0.458238
0.442523
0.417105
0.384845
0.347636
0.306789
0.263241
0.21769
0.170669
0.122599
0.0738274
0.0246529
9.82471
9.47382
9.12199
8.76853
8.41256
8.053
7.68836
7.31656
6.93444
6.53696
6.11512
5.65051
5.09696
4.30646
2.67938
9.81001
9.42941
9.04695
8.6612
8.27045
7.87251
7.46439
7.04183
6.59839
6.12365
5.59952
4.99173
4.22913
3.15373
1.42364
9.79572
9.3863
8.97418
8.55734
8.13333
7.69907
7.25043
6.78161
6.28406
5.74462
5.14202
4.44043
3.57849
2.45563
0.943708
9.78205
9.34506
8.90469
8.45844
8.00332
7.53562
7.05049
6.54132
5.99881
5.40945
4.75324
4.00049
3.10905
2.02771
0.724537
9.76914
9.30615
8.83929
8.3657
7.88205
7.38427
6.86723
6.32418
5.74609
5.12071
4.43148
3.65685
2.77149
1.75382
0.606684
9.7571
9.26993
8.77857
8.27995
7.77057
7.2463
6.70202
6.13136
5.5262
4.87629
4.16904
3.39008
2.52581
1.56984
0.534821
9.74601
9.23662
8.72288
8.20165
7.66945
7.12221
6.55514
5.96249
5.33737
4.67168
3.95638
3.18255
2.34381
1.44075
0.487002
9.73592
9.20632
8.67238
8.13098
7.57875
7.01188
6.42601
5.81617
5.17673
4.50152
3.78437
3.0201
2.20646
1.34687
0.453247
9.72682
9.17905
8.62705
8.06784
7.49823
6.91473
6.31353
5.69041
5.04091
4.36048
3.64506
2.89193
2.10103
1.2766
0.428432
9.71869
9.15472
8.58673
8.01191
7.42734
6.82989
6.21625
5.58297
4.92655
4.24374
3.53195
2.78999
2.01888
1.22283
0.409655
9.71148
9.13319
8.55114
7.96276
7.36538
6.75628
6.13262
5.4916
4.83053
4.14711
3.43979
2.70828
1.95406
1.18093
0.395138
9.70514
9.11428
8.51996
7.91984
7.31158
6.69277
6.06105
5.41415
4.75002
4.06707
3.36444
2.64233
1.90236
1.14784
0.383733
9.6996
9.09776
8.49279
7.88259
7.26509
6.63823
6.00002
5.34865
4.68258
4.00071
3.30262
2.58878
1.86077
1.12141
0.374659
9.69478
9.08342
8.46925
7.85042
7.22511
6.59156
5.94813
5.29336
4.6261
3.9456
3.25173
2.54506
1.82707
1.1001
0.367366
9.69062
9.07102
8.44894
7.82274
7.19084
6.55175
5.90411
5.24675
4.57881
3.89979
3.20972
2.50922
1.79959
1.08281
0.36146
9.68703
9.06035
8.43149
7.79901
7.16157
6.51788
5.86683
5.20749
4.5392
3.86165
3.17495
2.47971
1.77707
1.06868
0.356645
9.68395
9.0512
8.41654
7.77874
7.13663
6.48913
5.83532
5.17445
4.50603
3.82986
3.14611
2.45535
1.75855
1.05709
0.3527
9.68131
9.04338
8.40378
7.76146
7.11542
6.46476
5.8087
5.14665
4.47823
3.80334
3.12215
2.43517
1.74325
1.04755
0.349454
9.67906
9.0367
8.39291
7.74677
7.09743
6.44413
5.78624
5.12327
4.45494
3.78118
3.10219
2.41842
1.73059
1.03965
0.346773
9.67715
9.03102
8.38367
7.7343
7.08219
6.4267
5.7673
5.10361
4.43541
3.76267
3.08556
2.4045
1.72008
1.03311
0.344553
9.67552
9.0262
8.37583
7.72373
7.06929
6.41198
5.75135
5.08709
4.41903
3.74718
3.07168
2.3929
1.71134
1.02768
0.34271
9.67414
9.02212
8.36919
7.71479
7.05839
6.39955
5.73791
5.0732
4.4053
3.73421
3.06009
2.38323
1.70406
1.02316
0.341177
9.67297
9.01865
8.36357
7.70723
7.04919
6.38908
5.7266
5.06153
4.39378
3.72335
3.05039
2.37515
1.69799
1.0194
0.339901
9.67198
9.01573
8.35882
7.70084
7.04143
6.38026
5.71708
5.05173
4.38411
3.71426
3.04228
2.3684
1.69293
1.01625
0.338836
9.67115
9.01326
8.35481
7.69546
7.03489
6.37283
5.70908
5.04349
4.376
3.70663
3.03549
2.36275
1.68869
1.01363
0.337947
9.67044
9.01117
8.35143
7.69092
7.02938
6.36658
5.70235
5.03657
4.3692
3.70024
3.0298
2.35803
1.68515
1.01144
0.337204
9.66985
9.00941
8.34858
7.68709
7.02474
6.36132
5.69669
5.03076
4.36349
3.69489
3.02504
2.35408
1.68219
1.0096
0.336582
9.66935
9.00793
8.34618
7.68388
7.02084
6.3569
5.69194
5.02589
4.3587
3.6904
3.02105
2.35077
1.67971
1.00807
0.336063
9.66893
9.00669
8.34416
7.68117
7.01756
6.35319
5.68795
5.0218
4.35469
3.68664
3.01771
2.348
1.67763
1.00678
0.335628
9.66857
9.00564
8.34247
7.6789
7.01481
6.35007
5.68461
5.01837
4.35132
3.68349
3.01491
2.34568
1.6759
1.00571
0.335265
9.66828
9.00476
8.34105
7.67699
7.0125
6.34746
5.68181
5.01549
4.34851
3.68085
3.01257
2.34374
1.67445
1.00481
0.334961
9.66803
9.00403
8.33986
7.6754
7.01057
6.34527
5.67946
5.01309
4.34615
3.67865
3.01062
2.34212
1.67324
1.00406
0.334708
9.66782
9.00341
8.33886
7.67407
7.00895
6.34345
5.6775
5.01109
4.34419
3.67681
3.00899
2.34077
1.67223
1.00344
0.334497
9.66765
9.0029
8.33803
7.67296
7.00761
6.34193
5.67587
5.00942
4.34255
3.67528
3.00763
2.33965
1.67139
1.00292
0.334321
9.6675
9.00248
8.33734
7.67203
7.00649
6.34067
5.67452
5.00804
4.3412
3.67402
3.00651
2.33872
1.67069
1.00249
0.334176
9.66739
9.00213
8.33678
7.67128
7.00557
6.33963
5.67341
5.0069
4.34008
3.67297
3.00559
2.33796
1.67012
1.00214
0.334056
9.66729
9.00184
8.33631
7.67066
7.00483
6.33878
5.6725
5.00597
4.33918
3.67212
3.00483
2.33733
1.66966
1.00185
0.333958
9.66721
9.00161
8.33594
7.67016
7.00422
6.3381
5.67177
5.00522
4.33844
3.67144
3.00423
2.33683
1.66928
1.00162
0.33388
9.66715
9.00143
8.33565
7.66976
7.00375
6.33756
5.6712
5.00463
4.33787
3.6709
3.00375
2.33644
1.66899
1.00143
0.333818
9.6671
9.00129
8.33542
7.66946
7.00338
6.33715
5.67076
5.00418
4.33743
3.67049
3.00339
2.33614
1.66876
1.00129
0.333771
9.66707
9.00119
8.33526
7.66925
7.00312
6.33686
5.67044
5.00386
4.33711
3.6702
3.00313
2.33592
1.6686
1.00119
0.333737
9.66705
9.00113
8.33516
7.66911
7.00296
6.33667
5.67024
5.00366
4.33691
3.67001
3.00296
2.33578
1.6685
1.00113
0.333716
9.66704
9.0011
8.33511
7.66905
7.00288
6.33659
5.67015
5.00356
4.33682
3.66992
3.00288
2.33572
1.66845
1.0011
0.333706
9.66704
9.00111
8.33512
7.66906
7.00289
6.3366
5.67017
5.00358
4.33683
3.66994
3.0029
2.33573
1.66846
1.00111
0.333708
9.66705
9.00114
8.33518
7.66914
7.00299
6.33671
5.67029
5.0037
4.33695
3.67005
3.003
2.33581
1.66852
1.00114
0.333721
9.66708
9.00122
8.3353
7.6693
7.00318
6.33693
5.67052
5.00394
4.33719
3.67026
3.00319
2.33597
1.66864
1.00122
0.333745
9.66711
9.00133
8.33548
7.66954
7.00347
6.33725
5.67086
5.00429
4.33753
3.67059
3.00347
2.33621
1.66881
1.00133
0.333782
9.66717
9.00148
8.33572
7.66986
7.00386
6.3377
5.67134
5.00478
4.33801
3.67103
3.00387
2.33653
1.66906
1.00148
0.333833
9.66723
9.00167
8.33603
7.67028
7.00437
6.33827
5.67196
5.00541
4.33862
3.67161
3.00438
2.33696
1.66937
1.00167
0.333899
9.66731
9.00191
8.33643
7.67081
7.00501
6.339
5.67273
5.0062
4.3394
3.67234
3.00502
2.33749
1.66977
1.00192
0.333983
9.66742
9.00222
8.33692
7.67147
7.00581
6.33989
5.67369
5.00718
4.34036
3.67324
3.00582
2.33815
1.67026
1.00222
0.334086
9.66754
9.00259
8.33752
7.67227
7.00678
6.34099
5.67487
5.00839
4.34154
3.67433
3.00679
2.33895
1.67087
1.0026
0.334212
9.66769
9.00303
8.33824
7.67324
7.00795
6.34231
5.67629
5.00984
4.34296
3.67567
3.00797
2.33993
1.6716
1.00305
0.334365
9.66787
9.00357
8.33911
7.67441
7.00936
6.34391
5.678
5.01159
4.34468
3.67727
3.0094
2.34111
1.67248
1.00359
0.334549
9.66809
9.00422
8.34016
7.67581
7.01106
6.34583
5.68006
5.0137
4.34674
3.6792
3.01111
2.34253
1.67354
1.00425
0.334771
9.66835
9.00499
8.34141
7.67748
7.01309
6.34812
5.68252
5.01622
4.34921
3.68151
3.01316
2.34422
1.67481
1.00503
0.335037
9.66867
9.00591
8.34291
7.67949
7.01551
6.35087
5.68546
5.01923
4.35217
3.68428
3.01561
2.34626
1.67633
1.00597
0.335355
9.66904
9.00701
8.34469
7.68187
7.0184
6.35414
5.68897
5.02283
4.3557
3.68758
3.01854
2.34868
1.67815
1.0071
0.335735
9.66948
9.00832
8.34681
7.68471
7.02184
6.35803
5.69315
5.02712
4.3599
3.69152
3.02204
2.35158
1.68032
1.00844
0.33619
9.67001
9.00988
8.34933
7.68809
7.02594
6.36267
5.69814
5.03223
4.36492
3.69622
3.02622
2.35505
1.68291
1.01005
0.336733
9.67063
9.01172
8.35232
7.69211
7.03081
6.36819
5.70407
5.03832
4.3709
3.70183
3.0312
2.35918
1.68601
1.01197
0.337383
9.67137
9.01392
8.35587
7.69688
7.0366
6.37476
5.71113
5.04558
4.37803
3.70852
3.03715
2.36412
1.68971
1.01426
0.338159
9.67225
9.01652
8.36009
7.70254
7.04347
6.38256
5.71953
5.05421
4.38653
3.7165
3.04425
2.37002
1.69413
1.017
0.339087
9.67329
9.0196
8.36509
7.70926
7.05163
6.39182
5.72951
5.06449
4.39665
3.72602
3.05273
2.37707
1.69942
1.02028
0.340198
9.67452
9.02324
8.37101
7.71721
7.06131
6.40283
5.74139
5.07672
4.40871
3.73737
3.06286
2.3855
1.70576
1.0242
0.341528
9.67598
9.02756
8.37801
7.72663
7.07278
6.41588
5.75549
5.09128
4.42309
3.75093
3.07497
2.39559
1.71334
1.02891
0.343124
9.6777
9.03265
8.38628
7.73778
7.08636
6.43137
5.77225
5.10861
4.44023
3.76711
3.08945
2.40768
1.72243
1.03456
0.34504
9.67972
9.03865
8.39604
7.75094
7.10243
6.44971
5.79214
5.12922
4.46067
3.78645
3.10679
2.42217
1.73336
1.04135
0.347344
9.6821
9.04571
8.40754
7.76646
7.12141
6.47144
5.81575
5.15374
4.48504
3.80958
3.12757
2.43958
1.7465
1.04953
0.350121
9.6849
9.05401
8.42107
7.78475
7.14381
6.49713
5.84374
5.18289
4.51411
3.83724
3.1525
2.46051
1.76234
1.0594
0.353476
9.68818
9.06374
8.43693
7.80624
7.1702
6.52747
5.87691
5.21756
4.5488
3.87037
3.18246
2.48575
1.78148
1.07136
0.357541
9.692
9.0751
8.4555
7.83144
7.20122
6.56327
5.91617
5.25877
4.59021
3.91009
3.21852
2.51625
1.80468
1.08588
0.362486
9.69646
9.08835
8.47717
7.86091
7.23761
6.60541
5.9626
5.30772
4.63965
3.95775
3.26202
2.5532
1.8329
1.10359
0.368526
9.70162
9.10372
8.50237
7.89527
7.28019
6.65492
6.01741
5.36582
4.69868
4.01502
3.3146
2.59812
1.86737
1.1253
0.375943
9.70759
9.12149
8.53155
7.93518
7.32983
6.71292
6.08199
5.43473
4.76918
4.08392
3.37833
2.65295
1.9097
1.15208
0.385113
9.71444
9.14193
8.56518
7.98134
7.38749
6.78066
6.1579
5.51634
4.85338
4.16693
3.45581
2.72018
1.962
1.18536
0.396545
9.72227
9.1653
8.60374
8.03445
7.45415
6.85947
6.24687
5.61281
4.95388
4.26707
3.55032
2.80307
2.0271
1.2271
0.410941
9.73116
9.19186
8.64767
8.09519
7.53081
6.9507
6.35074
5.72656
5.07372
4.388
3.66598
2.90592
2.10889
1.28006
0.429312
9.74117
9.22182
8.69736
8.16418
7.6184
7.05573
6.47142
5.86021
5.2164
4.53414
3.80807
3.03442
2.21278
1.34824
0.453153
9.75235
9.25534
8.7531
8.24193
7.7177
7.17577
6.61077
6.01648
5.38576
4.71071
3.9832
3.19625
2.34644
1.43762
0.484786
9.76472
9.29247
8.81505
8.32873
7.8293
7.31183
6.77047
6.19805
5.58592
4.92369
4.1996
3.40172
2.52109
1.55756
0.528044
9.77827
9.33319
8.88318
8.42464
7.9534
7.46449
6.95171
6.4072
5.82085
5.17962
4.46723
3.66466
2.75329
1.72333
0.589752
9.79293
9.37732
8.95724
8.52936
8.08978
7.63371
7.15498
6.64541
6.09387
5.48497
4.79749
4.00315
3.06785
1.96104
0.683356
9.8086
9.42456
9.03672
8.6422
8.23761
7.81865
7.37965
6.91276
6.40673
5.84488
5.20194
4.4395
3.50152
2.3174
0.838784
9.82513
9.47444
9.12082
8.76203
8.39541
8.0175
7.62367
7.20727
6.75833
6.26108
5.68935
4.99777
4.10609
2.87827
1.13237
9.84233
9.52636
9.2085
8.88731
8.56103
8.22741
7.88336
7.52438
7.14347
6.729
6.25999
5.69496
4.9441
3.7989
1.78626
9.85995
9.57959
9.2985
9.0161
8.73173
8.44455
8.15341
7.8567
7.5519
7.23478
6.89728
6.5212
6.05591
5.32191
3.52339
9.87773
9.63334
9.3894
9.14626
8.90438
8.66442
8.42732
8.19462
7.96887
7.75471
7.56133
7.40936
7.35432
7.58414
8.90512
9.89542
9.68677
9.47973
9.27552
9.0757
8.88228
8.69817
8.52769
8.37777
8.26019
8.19659
8.23017
8.45488
9.08858
10.6243
9.91274
9.73908
9.56808
9.40174
9.24255
9.09368
8.95953
8.84648
8.76419
8.72815
8.76433
8.91822
9.27139
9.96659
11.2176
0.159612
0.286285
0.341643
0.362284
0.362697
0.350019
0.328328
0.300188
0.267324
0.230957
0.191985
0.151096
0.108836
0.065654
0.0219424
0.0856806
0.196242
0.258385
0.289097
0.299216
0.295289
0.281425
0.260331
0.233879
0.203415
0.169947
0.134255
0.0969619
0.0585912
0.0195982
0.0539706
0.13982
0.196952
0.23021
0.245485
0.247458
0.239541
0.224193
0.203216
0.177957
0.149453
0.118523
0.0858361
0.0519601
0.0173952
0.0376015
0.10334
0.152096
0.183809
0.200989
0.206493
0.202814
0.191963
0.175525
0.154752
0.130642
0.10401
0.0755356
0.0458068
0.0153487
0.0278045
0.0786535
0.119075
0.147498
0.164601
0.171903
0.171065
0.16361
0.150844
0.133862
0.113582
0.0907746
0.0661056
0.0401598
0.0134683
0.0213129
0.0612076
0.0943834
0.119048
0.135017
0.142964
0.143911
0.138945
0.129089
0.115263
0.0982744
0.0788317
0.0575619
0.0350301
0.011758
0.0167176
0.048427
0.0756019
0.0966364
0.111002
0.118886
0.120863
0.117673
0.11009
0.0988587
0.0846707
0.068157
0.0498941
0.0304142
0.010217
0.0133208
0.0387951
0.0610839
0.078855
0.0914867
0.0989077
0.101402
0.0994514
0.0936229
0.084507
0.0726814
0.0586964
0.0430711
0.0262961
0.00884049
0.0107344
0.031375
0.0497025
0.0646421
0.0755895
0.0823499
0.085028
0.0839217
0.0794381
0.0720362
0.0621911
0.0503745
0.037046
0.0226505
0.00762035
0.00872313
0.0255608
0.0406736
0.0532009
0.0625994
0.0686263
0.0712809
0.0707365
0.0672792
0.0612614
0.0530692
0.0431021
0.0317616
0.0194454
0.00654639
0.00713442
0.0209442
0.0334398
0.0439321
0.0519502
0.0572438
0.0597547
0.0595735
0.056898
0.0519962
0.0451794
0.0367831
0.0271544
0.0166448
0.00560694
0.00586446
0.01724
0.0275968
0.0363812
0.0431925
0.0477935
0.0500974
0.0501423
0.0480622
0.0440603
0.0383862
0.0313197
0.0231587
0.014211
0.00478968
0.00483984
0.0142432
0.0228456
0.0302001
0.0359693
0.0399379
0.0420084
0.0421862
0.0405607
0.0372852
0.0325595
0.0266162
0.0197091
0.0121059
0.00408215
0.00400709
0.0118024
0.0189608
0.0251196
0.0299961
0.0334001
0.0352333
0.0354822
0.0342047
0.0315167
0.0275782
0.0225817
0.0167428
0.0102926
0.00347222
0.00332631
0.00980376
0.01577
0.0209293
0.0250455
0.0279528
0.0295583
0.0298378
0.028828
0.0266165
0.0233313
0.0191319
0.0142008
0.00873649
0.00294836
0.00276714
0.00816007
0.0131395
0.0174632
0.020934
0.0234092
0.0248037
0.0250885
0.0242856
0.0224615
0.0197191
0.0161902
0.0120289
0.00740517
0.0024999
0.00230611
0.00680347
0.0109642
0.0145892
0.0175138
0.0196161
0.0208196
0.0210942
0.0204522
0.0189441
0.0166529
0.0136876
0.010178
0.0062693
0.00211705
0.00192482
0.0056806
0.00916085
0.0122013
0.0146646
0.0164467
0.0174805
0.0177362
0.01722
0.0159705
0.0140546
0.0115627
0.0086042
0.0053025
0.00179102
0.0016087
0.00474903
0.00766282
0.0102142
0.0122884
0.013797
0.0146815
0.0149141
0.0144969
0.0134595
0.0118561
0.00976187
0.00726865
0.00448135
0.00151399
0.00134609
0.00397473
0.00641641
0.0085584
0.0103047
0.0115805
0.0123352
0.0125433
0.0122043
0.0113413
0.00999846
0.008238
0.00613726
0.00378519
0.00127903
0.00112761
0.00333024
0.00537805
0.00717732
0.00864766
0.00972585
0.0103683
0.0105521
0.0102755
0.00955639
0.00843071
0.00695036
0.00518035
0.00319601
0.00108012
0.00094562
0.00279322
0.00451225
0.00602459
0.00726289
0.00817372
0.00871971
0.00888071
0.00865401
0.00805366
0.0071092
0.00586382
0.00437222
0.00269816
0.000911991
0.00079393
0.00234547
0.00378994
0.00506211
0.00610547
0.00687488
0.00733842
0.00747844
0.00729187
0.00678982
0.00599659
0.00494823
0.00369076
0.00227814
0.000770113
0.000667455
0.00197206
0.00318726
0.00425847
0.00513823
0.0057884
0.00618174
0.00630291
0.00614876
0.00572814
0.0050611
0.0041778
0.00311701
0.00192437
0.000650586
0.000562023
0.0016607
0.00268455
0.00358775
0.00433039
0.00488021
0.00521402
0.00531851
0.00519065
0.00483752
0.00427575
0.00353061
0.00263478
0.00162692
0.000550074
0.000474199
0.00140131
0.00226558
0.00302851
0.00365641
0.00412199
0.00440549
0.00449542
0.00438894
0.00409175
0.0036177
0.00298803
0.00223033
0.00137738
0.000465735
0.000401155
0.00118554
0.00191698
0.002563
0.00309512
0.00349019
0.00373135
0.0038087
0.00371962
0.00346876
0.0030677
0.00253432
0.00189201
0.00116859
0.00039516
0.00034056
0.00100651
0.00162769
0.00217656
0.00262898
0.00296524
0.00317093
0.00323751
0.00316262
0.00295006
0.00260955
0.00215625
0.00161
0.000994508
0.000336313
0.000290492
0.000858583
0.00138859
0.00185709
0.00224348
0.00253093
0.00270708
0.00276454
0.00270119
0.00252018
0.00222972
0.0018427
0.00137606
0.000850077
0.000287484
0.000249377
0.000737091
0.0011922
0.00159461
0.00192668
0.0021739
0.00232563
0.00237545
0.00232146
0.00216628
0.00191693
0.00158442
0.00118332
0.000731064
0.000247245
0.000215925
0.000638238
0.00103238
0.00138099
0.00166877
0.00188317
0.00201492
0.00205842
0.00201197
0.00187777
0.00166186
0.00137376
0.00102608
0.000633966
0.000214414
0.000189093
0.000558945
0.00090417
0.00120959
0.00146181
0.00164982
0.00176548
0.00180385
0.00176339
0.00164599
0.00145691
0.00120446
0.000899706
0.000555915
0.000188021
0.000168047
0.000496748
0.000803599
0.00107512
0.00129942
0.0014667
0.00156971
0.00160401
0.00156822
0.00146398
0.00129594
0.00107148
0.000800429
0.000494597
0.000167287
0.000152135
0.000449722
0.000727553
0.000973441
0.00117662
0.00132821
0.00142162
0.00145284
0.00142057
0.00132627
0.00117414
0.000970851
0.000725298
0.000448191
0.000151594
0.000140864
0.00041641
0.000673685
0.000901413
0.00108962
0.0012301
0.00131672
0.00134575
0.00131597
0.00122872
0.00108785
0.000899562
0.000672073
0.000415315
0.000140477
0.000133884
0.000395782
0.000640331
0.00085682
0.00103577
0.00116938
0.00125181
0.0012795
0.00125126
0.00116838
0.0010345
0.000855485
0.000639169
0.000394993
0.000133605
0.000130979
0.000387199
0.000626459
0.000838285
0.00101341
0.00114418
0.0012249
0.00125206
0.0012245
0.00114345
0.00101247
0.000837306
0.000625606
0.00038662
0.000130774
0.000132057
0.000390391
0.000631634
0.000845229
0.00102184
0.00115374
0.00123518
0.00126262
0.00123488
0.00115319
0.00102113
0.000844489
0.000630989
0.000389953
0.000131903
0.00013715
0.000405448
0.000656003
0.000877854
0.0010613
0.00119833
0.00128295
0.00131149
0.00128271
0.00119788
0.00106074
0.000877263
0.000655488
0.000405098
0.000137026
0.000146409
0.000432823
0.0007003
0.000937142
0.00113299
0.00127929
0.00136966
0.00140015
0.00136945
0.00127891
0.0011325
0.000936629
0.000699853
0.00043252
0.000146302
0.000160116
0.000473345
0.000765866
0.00102489
0.00123909
0.0013991
0.00149794
0.0015313
0.00149774
0.00139873
0.00123861
0.00102439
0.000765435
0.000473052
0.000160013
0.000178686
0.000528242
0.000854691
0.00114376
0.0013828
0.00156137
0.00167168
0.00170891
0.00167146
0.00156097
0.00138228
0.00114322
0.000854222
0.000527924
0.000178574
0.000202683
0.000599183
0.000969471
0.00129735
0.00156849
0.00177104
0.00189615
0.00193838
0.00189589
0.00177056
0.00156787
0.00129671
0.000968908
0.000598801
0.000202548
0.000232836
0.000688322
0.00111369
0.00149034
0.0018018
0.00203447
0.00217817
0.00222666
0.00217783
0.00203385
0.00180101
0.00148951
0.00111297
0.000687831
0.000232663
0.000270062
0.000798369
0.00129174
0.00172859
0.00208983
0.00235966
0.0025263
0.00258251
0.00252585
0.00235882
0.00208876
0.00172748
0.00129077
0.00079771
0.000269829
0.000315493
0.000932671
0.00150903
0.00201935
0.00244131
0.00275648
0.00295111
0.00301672
0.00295048
0.00275533
0.00243984
0.00201781
0.00150769
0.000931764
0.000315173
0.000370512
0.00109531
0.00177216
0.00237144
0.00286694
0.003237
0.00346549
0.00354246
0.00346461
0.0032354
0.00286489
0.0023693
0.0017703
0.00109405
0.000370065
0.000436793
0.00129125
0.00208916
0.00279559
0.00337965
0.00381581
0.00408506
0.0041757
0.00408384
0.00381357
0.00337678
0.00279259
0.00208655
0.00128948
0.000436166
0.000516357
0.00152645
0.00246966
0.0033047
0.00399504
0.00451051
0.00482865
0.00493564
0.00482692
0.00450736
0.003991
0.00330048
0.00246599
0.00152395
0.000515475
0.000611628
0.00180807
0.00292527
0.00391428
0.00473183
0.00534221
0.00571883
0.00584535
0.00571639
0.00533777
0.00472614
0.00390833
0.00292009
0.00180456
0.000610384
0.000725514
0.00214472
0.00346987
0.00464289
0.00561246
0.00633622
0.00678264
0.00693242
0.00677921
0.00632995
0.00560444
0.0046345
0.00346256
0.00213976
0.00072376
0.000861493
0.00254667
0.00412009
0.00551277
0.00666375
0.00752276
0.00805242
0.00822984
0.00804758
0.00751391
0.00665243
0.00550093
0.00410978
0.00253967
0.000859018
0.00102373
0.00302621
0.00489579
0.00655045
0.00791775
0.00893797
0.00956675
0.00977699
0.00955992
0.00892548
0.00790177
0.00653374
0.00488123
0.00301633
0.00102023
0.00121718
0.00359802
0.0058207
0.00778765
0.00941272
0.010625
0.0113717
0.0116208
0.011362
0.0106073
0.00939016
0.00776406
0.00580016
0.00358407
0.00121225
0.00144779
0.00427963
0.00692316
0.00926222
0.0111943
0.0126351
0.0135221
0.0138172
0.0135085
0.0126102
0.0111625
0.00922892
0.00689416
0.00425995
0.00144082
0.00172264
0.005092
0.008237
0.0110193
0.013317
0.0150298
0.0160834
0.0164329
0.0160642
0.0149947
0.0132721
0.0109723
0.00819605
0.00506421
0.00171281
0.00205021
0.00606013
0.00980262
0.0131129
0.0158458
0.0178821
0.0191336
0.0195472
0.0191065
0.0178325
0.0157824
0.0130466
0.00974482
0.0060209
0.00203634
0.00244062
0.00721392
0.0116683
0.0156074
0.0188583
0.0212792
0.0227656
0.0232546
0.0227273
0.0212092
0.0187687
0.0155137
0.0115867
0.00715854
0.00242103
0.00290598
0.00858912
0.0138918
0.0185797
0.0224471
0.0253251
0.02709
0.0276676
0.0270359
0.0252263
0.0223206
0.0184474
0.0137766
0.00851093
0.00287832
0.00346077
0.0102285
0.0165419
0.0221218
0.0267226
0.030144
0.0322389
0.03292
0.0321625
0.0300044
0.026544
0.021935
0.0163793
0.0101181
0.00342173
0.00412236
0.0121833
0.0197015
0.0263436
0.0318171
0.0358837
0.0383693
0.0391713
0.0382615
0.0356867
0.031565
0.0260799
0.0194719
0.0120275
0.00406724
0.00491156
0.0145149
0.0234693
0.0313766
0.0378883
0.042721
0.0456687
0.046611
0.0455165
0.0424429
0.0375324
0.0310044
0.0231452
0.0142949
0.00483374
0.00585337
0.017297
0.027964
0.0373787
0.0451253
0.050867
0.0543604
0.0554647
0.0541456
0.0504744
0.0446228
0.0368533
0.0275065
0.0169864
0.00574351
0.00697786
0.0206183
0.0333283
0.0445389
0.0537542
0.060574
0.0647109
0.066001
0.0644076
0.0600198
0.0530449
0.0437971
0.0326823
0.0201798
0.00682276
0.00832128
0.0245854
0.0397336
0.0530845
0.0640462
0.0721436
0.077038
0.0785393
0.0766098
0.0713612
0.0630449
0.0520373
0.0388216
0.0239664
0.00810231
0.00992742
0.0293275
0.0473868
0.0632888
0.0763269
0.085937
0.0917208
0.0934594
0.0911164
0.0848326
0.0749134
0.0618105
0.0460992
0.0284535
0.00961826
0.0118493
0.0350003
0.0565377
0.0754816
0.0909877
0.102387
0.109212
0.111213
0.108359
0.100828
0.0889923
0.0733945
0.0547199
0.0337663
0.0114128
0.0141515
0.0417934
0.0674893
0.0900612
0.1085
0.122012
0.130053
0.132338
0.128849
0.119812
0.105683
0.0871148
0.0649228
0.0400512
0.0135351
0.0169126
0.0499378
0.0806098
0.10751
0.129432
0.145437
0.154889
0.157473
0.153189
0.142331
0.125456
0.103351
0.0769862
0.0474776
0.0160422
0.020229
0.0597159
0.0963488
0.128416
0.154473
0.17341
0.184493
0.187377
0.182095
0.169027
0.148861
0.122544
0.0912323
0.0562418
0.0189998
0.0242196
0.0714755
0.115258
0.153495
0.184458
0.206836
0.219789
0.22295
0.216405
0.200651
0.176536
0.145205
0.108033
0.0665689
0.0224835
0.029032
0.0856471
0.138016
0.183626
0.220402
0.246807
0.261884
0.265262
0.25711
0.238079
0.209221
0.171921
0.127812
0.0787162
0.0265793
0.0348502
0.102767
0.165466
0.219889
0.263548
0.294641
0.312102
0.315579
0.305369
0.282328
0.247769
0.203364
0.151055
0.0929747
0.0313842
0.0419066
0.12351
0.198662
0.263626
0.315417
0.35194
0.372029
0.375399
0.362536
0.334573
0.293151
0.240295
0.178304
0.10967
0.0370069
0.0504973
0.148732
0.238932
0.31651
0.377886
0.420648
0.443565
0.446488
0.430187
0.396164
0.346473
0.283566
0.210164
0.129164
0.0435672
0.0610042
0.179533
0.287965
0.380643
0.45328
0.503135
0.528983
0.530924
0.510141
0.468631
0.40897
0.334124
0.2473
0.151848
0.051195
0.0739274
0.217343
0.347937
0.458691
0.544489
0.602291
0.630997
0.631137
0.604485
0.553699
0.48201
0.392998
0.290426
0.178143
0.0600288
0.089933
0.264055
0.421685
0.554067
0.655137
0.721647
0.752846
0.749951
0.715586
0.653278
0.567077
0.461286
0.340293
0.208485
0.0702118
0.109927
0.322218
0.512964
0.671181
0.789781
0.86552
0.898364
0.890614
0.846085
0.769445
0.665745
0.540127
0.397668
0.243316
0.0818878
0.135172
0.395341
0.626828
0.815804
0.954182
1.03918
1.07207
1.05681
0.998878
0.904398
0.779628
0.630659
0.4633
0.283058
0.0951934
0.167483
0.488378
0.77021
0.995558
1.15565
1.24901
1.27919
1.25264
1.17704
1.06038
0.91031
0.733958
0.537874
0.328091
0.11025
0.209563
0.608538
0.952811
1.22062
1.40345
1.50271
1.52572
1.4825
1.38372
1.23955
1.05923
0.850955
0.621959
0.378718
0.127152
0.265637
0.766681
1.1885
1.5047
1.70928
1.80934
1.81822
1.75095
1.62191
1.44382
1.22757
0.982333
0.71593
0.435123
0.145955
0.342701
0.979835
1.49755
1.86627
2.08767
2.17929
2.16358
2.06228
1.89415
1.67459
1.41602
1.1284
0.819898
0.497331
0.16666
0.453284
1.27591
1.91004
2.33014
2.55619
2.62375
2.56838
2.42001
2.20208
1.93244
1.62462
1.28897
0.933625
0.565164
0.189202
0.622156
1.70289
2.47115
2.92875
3.13475
3.15356
3.03774
2.82602
2.54591
2.2168
1.85253
1.46322
1.05645
0.638203
0.213439
0.904619
2.34685
3.24797
3.70207
3.84328
3.77684
3.57368
3.27952
2.92374
2.52555
2.09784
1.64957
1.18724
0.715764
0.239142
1.44194
3.36657
4.3352
4.69266
4.69599
4.49503
4.17279
3.77579
3.33101
2.85478
2.3574
1.84568
1.32436
0.796894
0.265999
2.64541
5.05014
5.84684
5.92913
5.69054
5.29742
4.82379
4.30521
3.76011
3.19867
2.62689
2.04845
1.46575
0.880399
0.293618
5.85308
7.85038
7.85454
7.38839
6.79236
6.15567
5.50598
4.85303
4.20051
3.54973
2.90099
2.25418
1.60895
0.964895
0.321552
9.93114
9.7946
9.66169
9.53512
9.41817
9.31495
9.23091
9.17361
9.15389
9.1877
9.2989
9.5228
9.90824
10.5078
11.3208
9.95003
9.85154
9.75744
9.67101
9.59603
9.53713
9.50019
9.49288
9.52546
9.6116
9.76931
10.0208
10.3888
10.8847
11.4797
9.96749
9.90406
9.84552
9.79542
9.75777
9.73733
9.7398
9.77225
9.84341
9.96388
10.1459
10.4021
10.7415
11.1623
11.6418
9.98334
9.95169
9.92515
9.90735
9.90231
9.91458
9.9494
10.0129
10.112
10.2545
10.4484
10.7001
11.0126
11.3811
11.7902
9.99751
9.99421
9.99602
10.0065
10.0295
10.0692
10.1303
10.2178
10.3372
10.4938
10.6928
10.9374
11.2277
11.5591
11.9214
10.01
10.0316
10.0582
10.0931
10.14
10.2025
10.2848
10.3909
10.5249
10.6908
10.8916
11.1289
11.4017
11.7063
12.0355
10.0208
10.0641
10.112
10.1678
10.2347
10.3161
10.4154
10.5359
10.6808
10.8528
11.0539
11.2846
11.5439
11.8287
12.1339
10.0301
10.0918
10.1579
10.2313
10.315
10.4118
10.5247
10.6565
10.8095
10.9857
11.1864
11.4117
11.6606
11.9306
12.218
10.038
10.1152
10.1965
10.2846
10.382
10.4914
10.6152
10.7558
10.9149
11.0942
11.2943
11.5153
11.7561
12.015
12.2891
10.0444
10.1345
10.2284
10.3284
10.437
10.5565
10.689
10.8364
11.0002
11.1817
11.3812
11.5988
11.8336
12.0841
12.3482
10.0496
10.1501
10.254
10.3636
10.4811
10.6086
10.7478
10.9005
11.0679
11.251
11.45
11.6651
11.8953
12.1396
12.3962
10.0537
10.1622
10.2739
10.3909
10.5153
10.6488
10.7932
10.9499
11.1199
11.3042
11.5029
11.716
11.9429
12.1827
12.4338
10.0567
10.1711
10.2885
10.4109
10.5403
10.6782
10.8263
10.9858
11.1577
11.3428
11.5413
11.7531
11.9777
12.2142
12.4615
10.0586
10.1769
10.298
10.424
10.5566
10.6974
10.8478
11.0092
11.1824
11.368
11.5663
11.7773
12.0004
12.2349
12.4798
10.0596
10.1797
10.3028
10.4305
10.5646
10.7068
10.8585
11.0208
11.1945
11.3804
11.5787
11.7892
12.0116
12.2452
12.4889
12.0234
12.4141
13.0632
13.4005
13.8597
14.104
14.431
14.5853
14.7272
15.0013
15.1796
15.474
15.6639
15.9796
16.1868
16.545
16.7418
17.0234
17.1837
17.4145
17.5474
17.7363
17.8309
17.9246
18.1093
18.2371
18.4563
18.6065
18.867
19.0479
19.3752
19.5627
19.8459
20.0122
20.2633
20.4104
20.6278
20.7372
20.849
21.0761
21.2363
21.5188
21.7157
22.0664
22.312
22.7654
23.0251
23.4237
23.657
24.0148
24.2233
24.5361
24.6906
24.8494
25.1804
25.4099
25.8196
26.097
26.5909
26.9245
27.5335
27.8702
28.3762
28.6622
29.0935
29.3351
29.6923
29.8596
30.0248
30.3753
30.6065
31.0198
31.2856
31.7598
32.0647
32.6247
32.923
33.3853
33.6374
34.0503
34.274
34.67
34.8125
34.9777
35.5323
35.5364
35.2572
34.6246
33.1929
29.4369
12.0222
12.4648
12.9224
13.3093
13.6766
13.9814
14.2644
14.4965
14.7142
14.9521
15.1814
15.4296
15.6679
15.9265
16.1738
16.4399
16.6757
16.9095
17.1141
17.3153
17.4917
17.6639
17.8135
17.9618
18.1301
18.3
18.4913
18.6834
18.9005
19.1174
19.36
19.5831
19.8134
20.0215
20.2333
20.4238
20.6152
20.7848
20.9577
21.1596
21.368
21.6083
21.8543
22.1379
22.4247
22.7503
23.051
23.3638
23.6468
23.9367
24.1965
24.4582
24.688
24.9224
25.1986
25.4822
25.8094
26.1391
26.5164
26.8895
27.3068
27.6809
28.0608
28.3929
28.7237
29.0085
29.2862
29.5173
29.7435
30.0061
30.2657
30.5601
30.8449
31.165
31.468
31.8013
32.0831
32.3609
32.5828
32.7946
32.9454
33.0717
33.1015
33.0693
32.9835
32.6112
31.8745
30.6185
28.5197
25.0416
12.0937
12.4935
12.8836
13.246
13.5835
13.8897
14.1713
14.4282
14.6722
14.915
15.1557
15.3994
15.6426
15.8892
16.1339
16.3781
16.6122
16.8374
17.0494
17.2517
17.4419
17.624
17.7977
17.9702
18.1483
18.332
18.5247
18.7244
18.9341
19.1498
19.3726
19.5932
19.8124
20.0251
20.234
20.4357
20.6338
20.8274
21.0245
21.2333
21.4534
21.6894
21.9384
22.2044
22.4815
22.7707
23.0589
23.3468
23.6265
23.9016
24.1665
24.4262
24.6785
24.9347
25.2062
25.4912
25.7952
26.1126
26.4476
26.7906
27.142
27.483
27.8141
28.1249
28.4198
28.692
28.9469
29.1819
29.4093
29.6411
29.8744
30.1141
30.353
30.5944
30.8274
31.0518
31.2486
31.4165
31.5426
31.6262
31.6519
31.6118
31.4797
31.2378
30.8468
30.2102
29.2396
27.8256
25.8323
23.1611
12.1811
12.5362
12.8844
13.2185
13.5355
13.8334
14.1135
14.3781
14.6321
14.8805
15.1257
15.3697
15.6125
15.8545
16.0943
16.3309
16.5612
16.7842
16.9987
17.2051
17.4036
17.5959
17.7836
17.9701
18.1585
18.3506
18.5479
18.7506
18.9589
19.1718
19.3881
19.6049
19.8207
20.0341
20.2448
20.4526
20.6587
20.8647
21.0741
21.2905
21.5158
21.7516
21.9979
22.2548
22.5203
22.7926
23.067
23.3413
23.6127
23.8806
24.1441
24.4044
24.6631
24.9248
25.1941
25.4726
25.7617
26.0602
26.3673
26.6791
26.9919
27.2989
27.5962
27.8797
28.1482
28.3999
28.6359
28.8572
29.0683
29.2735
29.4736
29.669
29.857
30.0355
30.1989
30.3418
30.4552
30.532
30.5634
30.5409
30.4526
30.2843
30.0154
29.6208
29.0636
28.2898
27.2427
25.8665
24.121
22.0222
12.2689
12.5884
12.9056
13.2154
13.5149
13.8025
14.0781
14.3431
14.5998
14.8506
15.0974
15.3415
15.5832
15.8227
16.0594
16.2925
16.5206
16.7431
16.9594
17.1696
17.3742
17.5743
17.7712
17.9669
18.1633
18.3617
18.5633
18.7683
18.977
19.1888
19.4028
19.6177
19.8325
20.0466
20.2595
20.4716
20.6837
20.8969
21.1133
21.3349
21.5629
21.7985
22.0417
22.2924
22.5494
22.811
23.0751
23.3399
23.6037
23.8658
24.1259
24.3846
24.6432
24.9037
25.1684
25.4384
25.7142
25.9952
26.2799
26.5658
26.85
27.1285
27.398
27.6559
27.9004
28.1304
28.3456
28.5469
28.7356
28.913
29.0795
29.234
29.3746
29.498
29.5997
29.674
29.7142
29.7127
29.6612
29.5503
29.3684
29.1014
28.7318
28.2377
27.592
26.7629
25.7195
24.439
22.9183
21.191
12.3515
12.644
12.9371
13.2272
13.5115
13.7886
14.0579
14.32
14.5757
14.8263
15.073
15.3164
15.557
15.7948
16.0296
16.2609
16.4881
16.7108
16.9287
17.1421
17.3512
17.557
17.7603
17.9625
18.1648
18.3681
18.5733
18.7807
18.9905
19.2023
19.4158
19.6303
19.8453
20.0603
20.2753
20.4906
20.7066
20.9243
21.1449
21.3695
21.599
21.834
22.0747
22.3207
22.5714
22.8256
23.082
23.3395
23.5969
23.8536
24.1095
24.3647
24.62
24.8764
25.1348
25.3957
25.6591
25.9245
26.1904
26.455
26.7159
26.9705
27.2163
27.4511
27.6733
27.8816
28.0753
28.2543
28.4186
28.5681
28.7021
28.819
28.9165
28.9914
29.0394
29.0552
29.0328
28.9651
28.8444
28.6615
28.4062
28.0661
27.627
27.0725
26.3843
25.5442
24.5374
23.3574
22.0126
20.5326
12.4266
12.6986
12.973
13.247
13.5183
13.7856
14.0482
14.3058
14.5588
14.8077
15.0531
15.2953
15.5347
15.7712
16.0047
16.235
16.4619
16.685
16.9045
17.1203
17.3329
17.5429
17.7509
17.9579
18.1646
18.3717
18.5799
18.7895
19.0007
19.2133
19.4272
19.6421
19.8577
20.0739
20.2906
20.5082
20.7269
20.9474
21.1705
21.3968
21.6269
21.8612
22.0997
22.3421
22.588
22.8367
23.0873
23.3388
23.5907
23.8424
24.0937
24.3445
24.5951
24.8459
25.0972
25.349
25.6011
25.8526
26.1024
26.3491
26.5906
26.8249
27.0501
27.2643
27.4658
27.6534
27.8259
27.9827
28.1227
28.2452
28.3488
28.4315
28.4908
28.5234
28.5251
28.4913
28.4162
28.2937
28.1166
27.8769
27.5657
27.1732
26.6883
26.0994
25.3951
24.5654
23.6044
22.5128
21.3012
19.9925
12.4933
12.7496
13.0094
13.2704
13.5309
13.7895
14.0453
14.2981
14.5476
14.794
15.0375
15.2782
15.5163
15.7516
15.9842
16.214
16.4408
16.6645
16.8852
17.1031
17.3183
17.5314
17.7429
17.9534
18.1635
18.3736
18.5844
18.796
19.0086
19.2223
19.437
19.6527
19.8691
20.0864
20.3046
20.5238
20.7443
20.9667
21.1912
21.4185
21.6487
21.8821
22.1187
22.3583
22.6005
22.8449
23.0908
23.3375
23.5846
23.8316
24.0782
24.3243
24.5697
24.8145
25.0586
25.3018
25.5434
25.7829
26.0189
26.2502
26.4753
26.6923
26.8995
27.0954
27.2782
27.4465
27.5991
27.7346
27.8519
27.9494
28.0253
28.0775
28.1033
28.0993
28.0618
27.9863
27.8678
27.7006
27.4785
27.1949
26.8423
26.4129
25.8989
25.2923
24.5862
23.7756
22.8592
21.8406
20.7297
19.5435
12.5512
12.7955
13.0439
13.2946
13.546
13.7971
14.0469
14.2949
14.5408
14.7845
15.0258
15.2649
15.5016
15.7359
15.9678
16.1972
16.424
16.6482
16.87
17.0894
17.3067
17.5221
17.7362
17.9494
18.162
18.3746
18.5874
18.8007
19.0148
19.2296
19.4453
19.6618
19.8792
20.0975
20.3168
20.5372
20.7591
20.9825
21.2079
21.4356
21.6656
21.8981
22.1331
22.3704
22.6098
22.8507
23.0927
23.3355
23.5784
23.8212
24.0633
24.3047
24.545
24.7839
25.0212
25.2564
25.4888
25.7177
25.9419
26.1602
26.3713
26.5734
26.7652
26.9449
27.111
27.2621
27.3965
27.5127
27.6093
27.6843
27.7357
27.7613
27.7582
27.7233
27.653
27.5431
27.3891
27.1862
26.929
26.6119
26.229
25.7745
25.2426
24.6282
23.9273
23.1381
22.2611
21.301
20.2664
19.17
12.6003
12.8355
13.075
13.3175
13.5617
13.8064
14.051
14.2947
14.5372
14.7781
15.0174
15.2547
15.4901
15.7235
15.9547
16.1838
16.4107
16.6354
16.858
17.0786
17.2974
17.5147
17.7307
17.9459
18.1605
18.375
18.5895
18.8043
19.0196
19.2355
19.4521
19.6695
19.8878
20.107
20.3271
20.5485
20.7712
20.9954
21.2212
21.449
21.6787
21.9104
22.1441
22.3795
22.6164
22.8546
23.0935
23.3329
23.5723
23.8112
24.0494
24.2864
24.5219
24.7554
24.9866
25.2147
25.4391
25.6589
25.8731
26.0805
26.2797
26.4694
26.6479
26.8138
26.9654
27.1013
27.2197
27.319
27.3973
27.4528
27.4832
27.4861
27.4588
27.3981
27.3008
27.163
26.9808
26.7498
26.4655
26.1234
25.7188
25.2473
24.7048
24.0883
23.3956
22.6265
21.7826
20.8686
19.8917
18.8619
12.6409
12.8691
13.1018
13.3379
13.5763
13.8159
14.0561
14.2962
14.5356
14.7741
15.0114
15.2473
15.4815
15.714
15.9447
16.1735
16.4004
16.6255
16.8487
17.0702
17.2901
17.5088
17.7263
17.943
18.1592
18.3751
18.5909
18.8069
19.0233
19.2402
19.4577
19.6758
19.8948
20.1147
20.3356
20.5576
20.7809
21.0055
21.2316
21.4594
21.6887
21.9197
22.1522
22.3861
22.6211
22.8571
23.0935
23.3301
23.5665
23.8022
24.0369
24.2701
24.5013
24.7301
24.9559
25.1781
25.3957
25.608
25.8139
26.0122
26.2017
26.381
26.5485
26.7028
26.8423
26.9653
27.0702
27.155
27.218
27.2571
27.2699
27.2541
27.207
27.1255
27.0065
26.8467
26.6423
26.3897
26.085
25.7245
25.3046
24.8218
24.2736
23.6579
22.9739
22.2222
21.405
20.5266
19.5932
18.6126
12.673
12.8961
13.1237
13.355
13.5889
13.8245
14.0612
14.2983
14.5353
14.7718
15.0074
15.242
15.4752
15.707
15.9372
16.1658
16.3927
16.618
16.8417
17.0638
17.2846
17.5042
17.7229
17.9407
18.158
18.375
18.5919
18.8089
19.0261
19.2438
19.4619
19.6808
19.9004
20.1208
20.3423
20.5647
20.7884
21.0133
21.2395
21.4671
21.6961
21.9265
22.1581
22.3908
22.6243
22.8585
23.093
23.3274
23.5613
23.7944
24.0262
24.2563
24.484
24.7089
24.9303
25.1476
25.3598
25.566
25.7653
25.9564
26.1382
26.3091
26.4679
26.6129
26.7425
26.8552
26.9491
27.0223
27.0729
27.0988
27.0977
27.067
27.0043
26.9066
26.7709
26.5942
26.3731
26.1043
25.7847
25.411
24.9805
24.4905
23.9392
23.3256
22.6494
21.9118
21.1153
20.2636
19.3622
18.4177
12.6969
12.9163
13.1404
13.3682
13.5988
13.8316
14.0657
14.3005
14.5356
14.7705
15.0049
15.2384
15.4708
15.702
15.9319
16.1603
16.3872
16.6126
16.8366
17.0593
17.2807
17.501
17.7204
17.939
18.1571
18.3749
18.5926
18.8102
19.0281
19.2464
19.4651
19.6844
19.9045
20.1254
20.3471
20.57
20.7938
21.0189
21.2452
21.4727
21.7014
21.9313
22.1622
22.394
22.6264
22.8593
23.0923
23.325
23.5572
23.7883
24.0178
24.2454
24.4705
24.6924
24.9105
25.124
25.3321
25.5339
25.7282
25.9139
26.0898
26.2546
26.4067
26.5447
26.667
26.7719
26.8575
26.9219
26.9632
26.9792
26.9676
26.9259
26.8516
26.742
26.5942
26.4052
26.1721
25.892
25.5619
25.1793
24.7416
24.2472
23.6945
23.0831
22.4132
21.6862
20.9046
20.0721
19.1932
18.2739
12.7127
12.9298
13.1516
13.3771
13.6057
13.8365
14.0689
14.3022
14.5361
14.7699
15.0034
15.2362
15.4681
15.6989
15.9285
16.1568
16.3837
16.6092
16.8334
17.0563
17.2781
17.4989
17.7187
17.9379
18.1565
18.3748
18.593
18.8111
19.0294
19.2481
19.4671
19.6868
19.9072
20.1283
20.3504
20.5734
20.7974
21.0226
21.2488
21.4762
21.7047
21.9343
22.1647
22.3959
22.6276
22.8597
23.0917
23.3233
23.5542
23.784
24.0121
24.238
24.4613
24.6812
24.897
25.108
25.3134
25.5121
25.7031
25.8852
26.0573
26.2179
26.3656
26.499
26.6163
26.7159
26.796
26.8545
26.8896
26.899
26.8804
26.8315
26.7496
26.6321
26.4764
26.2795
26.0387
25.7513
25.4146
25.0263
24.5844
24.0874
23.5341
22.9244
22.2589
21.539
20.7672
19.9469
19.0825
18.1791
12.7206
12.9366
13.1572
13.3816
13.6092
13.839
14.0705
14.3032
14.5363
14.7696
15.0027
15.2351
15.4668
15.6974
15.9268
16.155
16.3819
16.6075
16.8318
17.0549
17.2769
17.4978
17.7179
17.9373
18.1562
18.3748
18.5931
18.8115
19.0301
19.2489
19.4682
19.688
19.9085
20.1298
20.3519
20.575
20.7992
21.0243
21.2506
21.478
21.7064
21.9357
22.1659
22.3968
22.6282
22.8598
23.0913
23.3224
23.5527
23.7818
24.0091
24.2343
24.4566
24.6754
24.8902
25.0999
25.3039
25.5011
25.6904
25.8708
26.0409
26.1994
26.345
26.476
26.5909
26.6878
26.7651
26.8207
26.8527
26.8588
26.8367
26.7841
26.6985
26.5772
26.4175
26.2167
25.9721
25.6811
25.3413
24.9503
24.5064
24.0082
23.4547
22.846
22.1827
21.4663
20.6993
19.885
19.0276
18.132
16.798
12.4531
10.4222
9.09275
8.03536
7.10966
6.25883
5.45528
4.68361
3.9343
3.20102
2.47924
1.76557
1.05729
0.352094
19.2946
15.1603
12.5218
10.6799
9.2596
8.07542
7.03279
6.08035
5.18821
4.33777
3.51677
2.71663
1.93102
1.15498
0.384404
19.656
16.3713
13.8246
11.8453
10.2476
8.89955
7.71648
6.64506
5.65105
4.71177
3.81164
2.93947
2.08687
1.24721
0.414938
19.4782
16.8443
14.5598
12.6291
10.986
9.5586
8.28846
7.1323
6.0591
5.04658
4.0785
3.1427
2.22976
1.33205
0.443069
19.159
16.9675
14.9413
13.125
11.5085
10.0603
8.74637
7.53653
6.40641
5.33689
4.31303
3.32304
2.3574
1.40815
0.468353
18.8142
16.9255
15.1125
13.4212
11.8625
10.4277
9.10009
7.86095
6.69307
5.5815
4.51366
3.47901
2.46862
1.47478
0.490541
18.4831
16.8076
15.162
13.5845
12.0924
10.688
9.3652
8.11404
6.92335
5.78232
4.68104
3.61067
2.56328
1.53178
0.50957
18.181
16.6594
15.1433
13.6625
12.2344
10.8665
9.55861
8.30657
7.1039
5.94333
4.81749
3.71929
2.64205
1.57946
0.525531
17.9137
16.5057
15.0892
13.6874
12.3163
10.9848
9.69611
8.44965
7.24229
6.06955
4.92625
3.80693
2.70613
1.61846
0.538621
17.6839
16.3604
15.0201
13.6815
12.3585
11.0601
9.7913
8.55352
7.346
6.16629
5.01096
3.87601
2.75706
1.64962
0.549105
17.4925
16.2317
14.9492
13.6599
12.3759
11.1059
9.85532
8.62708
7.42181
6.23857
5.07527
3.92903
2.79646
1.67385
0.557275
17.3395
16.1246
14.8849
13.633
12.3792
11.132
9.89692
8.67757
7.47552
6.29086
5.12246
3.96834
2.82588
1.69202
0.563415
17.225
16.0423
14.8328
13.6076
12.376
11.1458
9.92273
8.71066
7.51178
6.32681
5.15533
3.99596
2.84667
1.70491
0.56778
17.1488
15.9865
14.7963
13.5883
12.3712
11.1524
9.93743
8.73049
7.53405
6.34923
5.17602
4.01347
2.85991
1.71314
0.570571
17.1107
15.9583
14.7776
13.5781
12.3681
11.1549
9.94405
8.73975
7.54461
6.35996
5.18599
4.02195
2.86635
1.71714
0.57193
)
;

boundaryField
{
    hot
    {
        type            fixedValue;
        value           uniform 10;
    }
    cold
    {
        type            fixedValue;
        value           uniform 0;
    }
    interface_left
    {
        type            fixedValue;
        value           nonuniform List<scalar> 
90
(
0
0
0
0
0
0
0
0
0
0
0
0
0
0
0
0
0
0
0
0
0
0
0
0
0
0
0
0
0
0
0
0
0
0
0
0
0
0
0
0
0
0
0
0
0
0
0
0
0
0
0
0
0
0
0
0
0
0
0
0
0
0
0
0
0
0
0
0
0
0
0
0
0
0
0
0
0
0
0
0
0
0
0
0
0
0
0
12.2026
12.2026
12.2026
)
;
    }
    interface_right
    {
        type            fixedValue;
        value           uniform 0;
    }
    interface_top
    {
        type            fixedValue;
        value           nonuniform List<scalar> 
90
(
12.2026
12.2026
13.3581
13.3581
14.1059
14.1059
14.6385
14.6385
14.6385
15.0949
15.0949
15.5713
15.5713
16.0843
16.0843
16.7138
16.7138
17.1675
17.1675
17.5347
17.5347
17.8403
17.8403
17.8403
18.1398
18.1398
18.4884
18.4884
18.9076
18.9076
19.4834
19.4834
19.9464
19.9464
20.353
20.353
20.7116
20.7116
20.7116
21.0824
21.0824
21.5356
21.5356
22.1061
22.1061
22.9122
22.9122
23.5724
23.5724
24.1614
24.1614
24.6888
24.6888
24.6888
25.2441
25.2441
25.9198
25.9198
26.7435
26.7435
27.8428
27.8428
28.6922
28.6922
29.4149
29.4149
30.032
30.032
30.032
30.6456
30.6456
31.3556
31.3556
32.1791
32.1791
33.2247
33.2247
34.0488
34.0488
34.8141
34.8141
35.6514
35.6514
35.6514
37.2029
37.2029
37.2029
37.2029
37.2029
37.2029
)
;
    }
    interface_bottom
    {
        type            fixedValue;
        value           nonuniform List<scalar> 
90
(
12.2026
12.2026
12.6683
12.6683
13.0772
13.0772
13.3713
13.3713
13.3713
13.6099
13.6099
13.8417
13.8417
14.0682
14.0682
14.3096
14.3096
14.4479
14.4479
14.5199
14.5199
14.5439
14.5439
14.5439
14.5289
14.5289
14.4722
14.4722
14.3631
14.3631
14.1752
14.1752
13.9986
13.9986
13.8184
13.8184
13.6348
13.6348
13.6348
13.4169
13.4169
13.1316
13.1316
12.7694
12.7694
12.2873
12.2873
11.9064
11.9064
11.5604
11.5604
11.2354
11.2354
11.2354
10.8758
10.8758
10.4289
10.4289
9.88371
9.88371
9.17942
9.17942
8.63416
8.63416
8.14595
8.14595
7.69425
7.69425
7.69425
7.20202
7.20202
6.59291
6.59291
5.84175
5.84175
4.82407
4.82407
3.99959
3.99959
3.23381
3.23381
2.50388
2.50388
2.50388
1.61114
1.61114
1.61114
0
0
0
)
;
    }
    defaultFaces
    {
        type            empty;
    }
}


// ************************************************************************* //
