/*--------------------------------*- C++ -*----------------------------------*\
| =========                 |                                                 |
| \\      /  F ield         | OpenFOAM: The Open Source CFD Toolbox           |
|  \\    /   O peration     | Version:  5.x                                   |
|   \\  /    A nd           | Web:      www.OpenFOAM.org                      |
|    \\/     M anipulation  |                                                 |
\*---------------------------------------------------------------------------*/
FoamFile
{
    version     2.0;
    format      ascii;
    class       volScalarField;
    location    "14.5";
    object      gradTy;
}
// * * * * * * * * * * * * * * * * * * * * * * * * * * * * * * * * * * * * * //

dimensions      [0 -1 0 1 0 0 0];

internalField   nonuniform List<scalar> 
6300
(
1001.87
1005.76
1010.08
1015.09
1021.07
1028.26
1036.89
1047.16
1059.22
1073.19
1089.1
1106.93
1126.6
1147.94
1170.7
-0.212734
-0.635293
-1.04884
-1.44641
-1.81967
-2.15856
-2.45115
-2.68386
-2.84215
-2.91177
-2.88071
-2.74147
-2.49357
-2.14527
-1.71409
-0.357797
-1.06887
-1.76587
-2.43775
-3.07102
-3.64907
-4.15179
-4.55576
-4.83532
-4.96465
-4.9211
-4.68956
-4.26721
-3.66735
-2.92078
-0.507369
-1.5165
-2.50802
-3.46769
-4.3776
-5.21492
-5.95116
-6.55207
-6.97874
-7.19043
-7.1495
-6.82847
-6.21834
-5.33615
-4.22849
-0.662553
-1.98171
-3.28199
-4.54737
-5.7567
-6.88179
-7.88582
-8.72256
-9.33707
-9.66875
-9.65793
-9.25641
-8.44147
-7.23029
-5.6888
-0.82369
-2.46581
-4.09086
-5.68308
-7.22003
-8.66969
-9.98773
-11.1153
-11.9782
-12.4895
-12.557
-12.0977
-11.0608
-9.45476
-7.36842
-0.990076
-2.96696
-4.93251
-6.87402
-8.77058
-10.5892
-12.2801
-13.7725
-14.9708
-15.7541
-15.9828
-15.5165
-14.2493
-12.1594
-9.35921
-1.15972
-3.47941
-5.79818
-8.10984
-10.3991
-12.6362
-14.7708
-16.7237
-18.3782
-19.5732
-20.1033
-19.7362
-18.2604
-15.574
-11.799
-1.32913
-3.99274
-6.67092
-9.36807
-12.0795
-14.7857
-17.4432
-19.9733
-22.2451
-24.057
-25.1209
-25.0644
-23.4818
-20.0771
-14.9142
-1.49317
-4.49149
-7.52465
-10.6119
-13.7653
-16.9836
-20.243
-23.481
-26.5716
-29.2887
-31.2588
-31.9183
-30.5253
-26.3382
-19.1204
-1.64523
-4.95537
-8.32423
-11.7896
-15.386
-19.1404
-23.0641
-27.1359
-31.2714
-35.2671
-38.707
-40.8246
-40.3627
-35.63
-25.3019
-1.77759
-5.36049
-9.02726
-12.8362
-16.8484
-21.1278
-25.7369
-30.727
-36.1107
-41.8011
-47.4773
-52.3101
-54.4708
-50.5169
-35.7229
-1.88224
-5.6817
-9.58809
-13.6793
-18.0437
-22.7852
-28.0287
-33.9241
-40.643
-48.3489
-57.0905
-66.4674
-74.6933
-76.244
-57.5377
-1.95187
-5.89596
-9.96403
-14.2491
-18.8616
-23.9403
-29.6683
-36.2977
-44.1878
-53.8609
-66.0679
-81.7754
-101.59
-122.228
-118.319
-1.98116
-5.98619
-10.1229
-14.4914
-19.2133
-24.446
-30.4062
-37.4102
-45.9492
-56.8385
-71.5443
-92.9753
-127.664
-192.756
-342.338
1192.62
1213.12
1234
1255.07
1276.11
1296.96
1317.43
1337.39
1356.7
1375.26
1392.97
1409.76
1425.57
1440.36
1454.09
1466.74
1478.28
1488.71
1498.01
1506.19
1513.24
1519.17
1523.99
1527.71
1530.33
1531.88
1532.36
1531.8
1530.21
1527.61
1524.01
1519.44
1513.91
1507.44
1500.05
1491.76
1482.57
1472.52
1461.61
1449.86
1437.29
1423.92
1409.77
1394.85
1379.18
1362.78
1345.67
1327.86
1309.38
1290.24
1270.44
1250.01
1228.96
1207.3
1185.05
1162.21
1138.81
1114.85
1090.37
1065.38
1039.9
1013.96
987.566
960.756
933.552
905.978
878.064
849.837
821.332
792.586
763.639
734.539
705.34
676.099
646.881
617.755
588.794
560.075
531.675
503.672
476.144
449.164
422.805
397.133
372.206
348.077
324.789
302.376
280.859
260.248
-1.26601
-0.837511
-0.405233
0.0149468
0.409949
0.770258
1.0901
1.36712
1.60178
1.79657
1.95523
2.08214
2.18175
2.25822
2.31526
2.35605
2.38318
2.39878
2.40458
2.40198
2.39219
2.3762
2.35491
2.32911
2.29955
2.2669
2.2318
2.19488
2.15672
2.11786
2.0788
2.03995
2.00161
1.96395
1.92698
1.89058
1.85449
1.81837
1.78187
1.74471
1.70671
1.66791
1.62851
1.58892
1.5497
1.51145
1.47473
1.43996
1.40734
1.37673
1.34775
1.31969
1.29167
1.26275
1.232
1.19869
1.16236
1.12283
1.08025
1.03494
0.98736
0.937881
0.88667
0.833546
0.777901
0.718672
0.654407
0.583385
0.503803
0.413994
0.312642
0.198971
0.0728683
-0.0650553
-0.213494
-0.370536
-0.533801
-0.700601
-0.868084
-1.03335
-1.19352
-1.34573
-1.48716
-1.61497
-1.72634
-1.81851
-1.88901
-1.93579
-1.95754
-1.95387
-2.14387
-1.40202
-0.65622
0.0649474
0.738479
1.34824
1.88509
2.34612
2.73329
3.05196
3.30947
3.5139
3.67324
3.79476
3.88479
3.94858
3.99039
4.01363
4.02102
4.01481
3.99686
3.96878
3.93202
3.88785
3.83749
3.78204
3.72257
3.6601
3.59562
3.53007
3.46431
3.39908
3.33492
3.27212
3.21072
3.15046
3.09083
3.03119
2.97082
2.90914
2.84579
2.78076
2.71445
2.6476
2.58127
2.51662
2.45477
2.39653
2.34233
2.29199
2.24477
2.1994
2.15424
2.10748
2.0574
2.00264
1.94234
1.87627
1.80475
1.72855
1.64865
1.56593
1.48087
1.39331
1.30226
1.20586
1.1015
0.985996
0.856014
0.708425
0.54074
0.351462
0.140319
-0.0916357
-0.342081
-0.607612
-0.884011
-1.16656
-1.45033
-1.73039
-2.00189
-2.2601
-2.50035
-2.71788
-2.90786
-3.06547
-3.18619
-3.26624
-3.30308
-3.29591
-3.07312
-1.97236
-0.871925
0.183341
1.15862
2.03099
2.78905
3.43122
3.96316
4.39516
4.73985
5.01031
5.21886
5.37634
5.49178
5.57245
5.62403
5.65096
5.65673
5.6442
5.61576
5.57354
5.51943
5.45518
5.3824
5.30262
5.2173
5.12785
5.0357
4.94223
4.84873
4.75633
4.66591
4.57794
4.49248
4.40908
4.32688
4.24471
4.16134
4.07565
3.98696
3.89516
3.80083
3.70523
3.61011
3.51748
3.42928
3.34701
3.27146
3.20245
3.13884
3.07855
3.01885
2.95671
2.88928
2.8143
2.7304
2.6373
2.53574
2.42726
2.31378
2.19712
2.07846
1.95789
1.83412
1.70434
1.56443
1.40928
1.23341
1.03163
0.799775
0.535288
0.237598
-0.0917229
-0.449072
-0.829154
-1.22547
-1.63087
-2.03803
-2.43982
-2.82946
-3.20043
-3.54631
-3.86051
-4.13604
-4.3656
-4.54199
-4.65894
-4.71203
-4.69967
-4.07475
-2.54205
-1.02236
0.417142
1.72722
2.87858
3.86016
4.67532
5.33719
5.86437
6.27738
6.59611
6.83829
7.01872
7.14913
7.23848
7.29345
7.31903
7.31909
7.29677
7.25482
7.19571
7.12176
7.03509
6.93772
6.8315
6.71827
6.59983
6.47802
6.35475
6.23186
6.11106
5.99367
5.88049
5.77159
5.66629
5.56318
5.46031
5.3555
5.24681
5.13292
5.0135
4.88937
4.76248
4.63566
4.51226
4.39554
4.28812
4.19144
4.10544
4.02842
3.95713
3.88722
3.81383
3.73232
3.63906
3.53197
3.41077
3.27695
3.13339
2.98371
2.83141
2.67901
2.52731
2.37482
2.21761
2.04949
1.8626
1.64828
1.39831
1.10598
0.767095
0.380587
-0.0512903
-0.523172
-1.02717
-1.55371
-2.0925
-2.63332
-3.16664
-3.68377
-4.17674
-4.63779
-5.05872
-5.4303
-5.74216
-5.9833
-6.14349
-6.21516
-6.19516
-5.17056
-3.09299
-1.05732
0.837348
2.52443
3.97072
5.17103
6.14026
6.90528
7.49809
7.95076
8.29225
8.54674
8.7332
8.86569
8.9541
9.00528
9.02398
9.01378
8.97775
8.9187
8.8394
8.74251
8.63057
8.50589
8.37064
8.22689
8.07678
7.9226
7.76686
7.61216
7.46103
7.31555
7.17702
7.04568
6.92052
6.79932
6.67884
6.55542
6.42562
6.28702
6.13881
5.98206
5.81977
5.65647
5.4976
5.3486
5.21392
5.09621
4.99568
4.90989
4.83389
4.76079
4.68278
4.59242
4.4839
4.354
4.20255
4.03233
3.8485
3.65756
3.46598
3.27871
3.098
2.92245
2.74672
2.56174
2.35552
2.11464
1.82612
1.47934
1.06761
0.589036
0.0468746
-0.550904
-1.19259
-1.86419
-2.55107
-3.23931
-3.91665
-4.57278
-5.19892
-5.78694
-6.32788
-6.81048
-7.22045
-7.54106
-7.75544
-7.85018
-7.81914
-6.38068
-3.58341
-0.889031
1.55672
3.66869
5.41741
6.81506
7.89971
8.72183
9.3341
9.78476
10.1142
10.3537
10.526
10.6462
10.7239
10.7644
10.7711
10.7463
10.6924
10.6123
10.509
10.3856
10.245
10.0899
9.92264
9.74533
9.56025
9.37009
9.1781
8.98798
8.80353
8.62807
8.46386
8.31152
8.16973
8.03506
7.90229
7.76518
7.61775
7.45562
7.27704
7.08338
6.87915
6.67153
6.46936
6.28163
6.1159
5.97684
5.86529
5.77786
5.70704
5.64199
5.57009
5.47922
5.36007
5.20761
5.02189
4.80783
4.57437
4.33285
4.09481
3.86946
3.66172
3.47079
3.28961
3.10498
2.89876
2.65
2.33821
1.94664
1.46473
0.889422
0.225485
-0.515059
-1.3146
-2.15236
-3.00736
-3.86067
-4.69693
-5.50467
-6.27574
-7.00365
-7.6808
-8.29503
-8.8272
-9.2516
-9.53949
-9.66617
-9.61938
-7.71955
-3.92551
-0.36255
2.75687
5.33618
7.36986
8.9101
10.0376
10.841
11.4033
11.7938
12.0661
12.2579
12.3941
12.4887
12.5478
12.573
12.5641
12.5211
12.4456
12.3401
12.2082
12.054
11.881
11.6922
11.4898
11.2756
11.0517
10.8209
10.5874
10.3563
10.1338
9.92512
9.73431
9.5629
9.40939
9.26877
9.1327
8.99052
8.83175
8.64863
8.43769
8.20062
7.9441
7.67947
7.42099
7.18369
6.98017
6.81854
6.70084
6.62258
6.57254
6.53369
6.48533
6.40739
6.2848
6.10973
5.88265
5.61183
5.31241
5.0037
4.7059
4.4354
4.20178
4.00563
3.83795
3.67982
3.50374
3.27661
2.96561
2.54448
1.99678
1.31785
0.514824
-0.393854
-1.38117
-2.41534
-3.46569
-4.50621
-5.51794
-6.48902
-7.41438
-8.29312
-9.12402
-9.89747
-10.5889
-11.1584
-11.5555
-11.7317
-11.6622
-9.18133
-3.93481
0.80261
4.73469
7.7891
10.0326
11.5993
12.6419
13.3073
13.7197
13.9732
14.1336
14.2423
14.3223
14.3821
14.4204
14.4305
14.406
14.343
14.2418
14.1057
13.9397
13.7494
13.5397
13.314
13.0739
12.82
12.5531
12.2758
11.993
11.7126
11.4441
11.1965
10.9769
10.7886
10.6306
10.496
10.372
10.2399
10.0809
9.88178
9.63609
9.34594
9.02085
8.67866
8.34225
8.03721
7.78424
7.59712
7.4797
7.42678
7.42204
7.4392
7.44328
7.39997
7.28521
7.08683
6.80648
6.45713
6.06393
5.65897
5.2778
4.94834
4.688
4.49959
4.37265
4.28059
4.18237
4.02406
3.75172
3.32468
2.71788
1.92508
0.956401
-0.159306
-1.38013
-2.65487
-3.93805
-5.19304
-6.39732
-7.53902
-8.61998
-9.6513
-10.6498
-11.6179
-12.5258
-13.3135
-13.8891
-14.1509
-14.0466
-10.6934
-3.21122
3.12717
7.97597
11.409
13.6689
15.0419
15.7883
16.1365
16.2638
16.2856
16.2746
16.2667
16.2786
16.3051
16.3326
16.3368
16.3021
16.2185
16.0872
15.913
15.7049
15.4714
15.2201
14.9553
14.6767
14.3817
14.0684
13.7371
13.3941
13.0503
12.723
12.4264
12.1733
11.9692
11.8168
11.7069
11.6216
11.5267
11.3866
11.1808
10.8973
10.5404
10.1211
9.66839
9.21719
8.81464
8.49241
8.27426
8.16462
8.16058
8.23898
8.36255
8.46849
8.49446
8.40508
8.18103
7.82871
7.36465
6.83148
6.27908
5.7744
5.36091
5.06985
4.90426
4.85636
4.88953
4.94683
4.935
4.75995
4.36307
3.70617
2.78498
1.60911
0.22607
-1.30197
-2.8827
-4.4514
-5.95328
-7.3671
-8.67676
-9.89725
-11.0569
-12.2195
-13.4249
-14.6359
-15.7741
-16.6747
-17.0973
-16.9307
-11.9484
-0.841131
7.59613
13.2556
16.7176
18.5814
19.3855
19.5069
19.2821
18.9585
18.6434
18.4095
18.2611
18.212
18.2251
18.2767
18.2975
18.2666
18.1612
17.9926
17.7673
17.5047
17.2172
16.9183
16.6146
16.3012
15.9678
15.6079
15.2133
14.7945
14.3622
13.9561
13.5918
13.297
13.0739
12.9397
12.8807
12.8835
12.8766
12.7854
12.5898
12.2627
11.823
11.2676
10.6543
10.0205
9.4748
9.04909
8.79356
8.69593
8.77411
8.9894
9.30979
9.60737
9.75361
9.71744
9.45854
9.01045
8.37037
7.62537
6.8292
6.13843
5.59593
5.26981
5.13829
5.22219
5.4626
5.80976
6.07993
6.08657
5.77491
5.07409
4.01071
2.55928
0.819421
-1.14872
-3.12858
-5.06163
-6.84094
-8.48738
-9.94342
-11.2625
-12.4587
-13.7281
-15.224
-16.8508
-18.5771
-20.1484
-20.8923
-20.5852
-11.7174
5.37319
16.0643
21.6992
24.3284
25.0205
24.7134
23.7252
22.5708
21.6423
20.8851
20.4224
20.1138
20.0569
20.0907
20.2662
20.334
20.3397
20.1962
19.9809
19.6767
19.3419
18.9808
18.625
18.2894
17.9559
17.5937
17.1988
16.7259
16.216
15.6379
15.1308
14.6584
14.3193
14.0521
13.9561
13.9669
14.1608
14.3496
14.336
14.1898
13.7916
13.2737
12.4992
11.6714
10.6982
9.96378
9.36225
9.08696
8.97556
9.19164
9.58989
10.2913
10.9656
11.2768
11.3519
11.0098
10.47
9.52848
8.49427
7.22881
6.29021
5.52062
5.19073
5.06324
5.36377
5.88302
6.78456
7.60535
7.87251
7.74808
6.96509
5.79617
3.92577
1.74244
-0.97767
-3.44093
-5.89236
-7.91909
-9.88106
-11.4066
-12.8039
-13.7543
-14.9098
-16.8339
-18.9218
-21.6029
-24.813
-26.2001
-25.4997
-4.6711
20.803
31.8127
34.4701
34.7277
32.8977
31.0216
28.1821
25.5338
24.079
22.7026
22.2129
21.6035
21.771
21.7521
22.4102
22.4599
22.627
22.3343
22.0968
21.6297
21.2168
20.7366
20.302
19.9609
19.6516
19.2663
18.9016
18.2919
17.7352
16.8111
16.2552
15.5329
15.2376
14.7838
14.8181
14.7896
15.4449
16.1141
16.0772
16.1527
15.4927
15.0936
13.8075
12.8976
11.0322
10.2612
9.2055
9.14425
8.78353
9.34675
9.7538
11.3116
12.8464
13.1399
13.5868
12.8458
12.5078
10.82
9.69608
7.15765
6.19855
4.81208
4.82016
4.37179
5.19037
5.75286
7.8756
9.92793
10.2223
10.6695
9.41174
8.59171
5.74283
3.43842
-1.17646
-3.77027
-7.3346
-9.09035
-11.9031
-13.0541
-14.9887
-14.7544
-14.9846
-18.2077
-20.1384
-23.8664
-32.1025
-34.5137
-32.5852
34.8998
57.0619
59.5888
50.6962
48.1324
40.8403
38.7161
32.3627
26.7775
26.4016
23.2421
24.1751
21.9733
23.7528
22.4374
25.4292
24.4156
25.5756
24.3916
24.5423
23.5036
23.1873
22.4255
21.8435
21.5854
21.4558
20.9082
20.9561
19.7803
19.7824
17.453
17.6182
15.7916
16.383
14.8117
15.7697
14.6264
16.7081
18.8944
17.6556
19.1735
16.8172
18.1897
14.5733
15.4984
9.78943
10.9676
7.61585
9.6319
7.26014
9.72589
8.25978
12.3641
16.5142
14.781
17.5315
14.1007
16.4887
11.2985
12.934
4.81151
6.7216
2.09466
5.10622
1.85526
5.3851
3.37529
9.06741
14.7814
12.3513
16.0455
11.2275
14.3082
6.77529
8.46101
-4.28606
-2.70243
-11.3815
-8.73981
-16.3183
-13.5734
-20.2969
-15.0857
-10.7498
-21.4425
-18.7666
-19.6384
-47.7798
-49.076
-43.5286
243.133
121.594
103.808
57.8085
68.3454
41.341
52.5005
35.4372
20.5198
32.7329
17.8887
30.6516
16.6102
30.1914
16.9208
34.2162
23.2417
31.8997
24.5273
28.7011
24.3373
25.7999
23.856
22.9189
23.0254
23.8622
21.6931
24.7732
19.5731
25.1873
14.5033
21.8497
12.5691
20.6432
11.1978
19.7475
9.8201
17.8209
26.6076
15.2648
27.7736
12.7726
28.4706
8.79997
27.6531
-1.37032
18.1979
-1.70283
16.4386
-1.22865
15.7675
-1.2551
13.3513
28.6542
9.96631
30.3776
6.97693
31.3827
1.94865
30.2241
-11.981
16.6585
-11.6216
14.4108
-10.4251
13.5574
-10.0926
10.2282
31.3625
5.66153
33.6795
1.66922
35.3087
-5.46671
34.2671
-28.0314
13.1442
-31.73
6.32829
-35.5986
-0.457891
-42.7905
-14.1561
15.1265
-43.9278
-12.2858
23.8584
-102.113
-73.4923
-61.8264
238.571
216.207
195.08
175.126
156.267
138.413
121.466
105.327
89.8937
75.0645
60.7406
46.8252
33.2242
19.846
6.60061
-1.92263
-1.8556
-1.76032
-1.64255
-1.50836
-1.36347
-1.21281
-1.06028
-0.908685
-0.759805
-0.614549
-0.473112
-0.335149
-0.199925
-0.0664429
-3.24087
-3.12399
-2.95883
-2.75582
-2.52582
-2.27886
-2.02344
-1.76612
-1.51147
-1.26233
-1.02001
-0.784665
-0.555544
-0.331277
-0.110077
-4.61595
-4.44064
-4.19516
-3.89607
-3.5602
-3.20271
-2.83597
-2.46925
-2.10874
-1.75801
-1.41849
-1.08998
-0.77108
-0.459558
-0.152662
-6.07493
-5.8274
-5.48503
-5.07305
-4.61617
-4.13574
-3.64846
-3.16614
-2.6962
-2.24246
-1.80595
-1.38568
-0.979224
-0.583208
-0.193672
-7.65022
-7.30892
-6.84446
-6.29488
-5.69563
-5.07559
-4.45595
-3.85061
-3.26743
-2.70965
-2.17716
-1.66755
-1.17691
-0.700373
-0.232486
-9.38241
-8.9135
-8.28888
-7.56632
-6.79579
-6.01497
-5.24908
-4.51288
-3.81323
-3.15152
-2.52545
-1.93043
-1.36049
-0.808874
-0.268382
-11.3248
-10.6736
-9.83111
-8.88559
-7.90615
-6.93935
-6.01246
-5.13852
-4.32106
-3.55771
-2.84265
-2.1682
-1.52574
-0.906241
-0.300547
-13.5501
-12.6249
-11.4762
-10.2387
-9.00375
-7.82373
-6.72282
-5.70762
-4.77473
-3.91557
-3.11922
-2.37396
-1.668
-0.989797
-0.328106
-16.1588
-14.7996
-13.2099
-11.589
-10.0463
-8.6289
-7.34737
-6.19434
-5.15461
-4.21056
-3.34466
-2.54038
-1.78248
-1.05683
-0.350185
-19.2845
-17.2048
-14.9747
-12.8608
-10.9636
-9.29805
-7.84334
-6.56767
-5.43873
-4.42737
-3.50843
-2.6604
-1.86468
-1.10485
-0.365985
-23.0706
-19.7602
-16.623
-13.9159
-11.6492
-9.75622
-8.16014
-6.79421
-5.60521
-4.55169
-3.60126
-2.72808
-1.91096
-1.13189
-0.374885
-27.5168
-22.1422
-17.8408
-14.5305
-11.9608
-9.91738
-8.24671
-6.84373
-5.63613
-4.57287
-3.61678
-2.73966
-1.91918
-1.13685
-0.376548
-31.808
-23.4508
-18.0674
-14.4041
-11.7462
-9.70562
-8.06547
-6.69781
-5.52262
-4.48684
-3.5533
-2.69455
-1.88922
-1.11977
-0.371002
-31.6699
-21.7854
-16.5735
-13.2722
-10.9141
-9.09332
-7.61163
-6.35934
-5.26963
-4.2985
-3.41499
-2.596
-1.82336
-1.08199
-0.358689
-1.97214
-5.95832
-10.0737
-14.4168
-19.1071
-24.2994
-30.2077
-37.1454
-45.6013
-56.3952
-71.0218
-92.5033
-127.735
-194.616
-345.275
-1.93183
-5.834
-9.85465
-14.083
-18.6256
-23.6171
-29.2376
-35.7384
-43.4864
-53.0338
-65.22
-81.2381
-102.149
-124.799
-117.343
-1.86476
-5.62736
-9.49126
-13.531
-17.8322
-22.498
-27.6558
-33.4652
-40.1217
-47.8396
-56.7568
-66.5746
-75.3522
-75.889
-47.2099
-1.7747
-5.35035
-9.00572
-12.7972
-16.7856
-21.0371
-25.6214
-30.6036
-36.0198
-41.8124
-47.6682
-52.6332
-54.2778
-47.267
-22.73
-1.6664
-5.01794
-8.42563
-11.9266
-15.5562
-19.345
-23.3106
-27.4404
-31.6561
-35.741
-39.198
-40.9976
-39.214
-30.8156
-12.7797
-1.54509
-4.64649
-7.78073
-10.9665
-14.2162
-17.5301
-20.8855
-24.2173
-27.3831
-30.1053
-31.8784
-31.8502
-28.7437
-21.0564
-8.05413
-1.41597
-4.25222
-7.10001
-9.96194
-12.8315
-15.6863
-18.4769
-21.1093
-23.4182
-25.1286
-25.8093
-24.8401
-21.4544
-14.9882
-5.48539
-1.28384
-3.84991
-6.40943
-8.95201
-11.457
-13.887
-16.1779
-18.2258
-19.8688
-20.8667
-20.8858
-19.5079
-16.3045
-11.0285
-3.93605
-1.15283
-3.45213
-5.73056
-7.96809
-10.1346
-12.1842
-14.0477
-15.6234
-16.7673
-17.2847
-16.9324
-15.4431
-12.5937
-8.33025
-2.92811
-1.02623
-3.06881
-5.08006
-7.03343
-8.89333
-10.6106
-12.1172
-13.3209
-14.1007
-14.3065
-13.7684
-12.323
-9.86474
-6.42272
-2.2355
-0.906498
-2.70723
-4.46973
-6.16364
-7.75104
-9.18316
-10.397
-11.3127
-11.8326
-11.8449
-11.2345
-9.90599
-7.81895
-5.03266
-1.73993
-0.795272
-2.37218
-3.907
-5.36775
-6.71653
-7.90725
-8.88381
-9.57924
-9.91695
-9.81556
-9.19937
-8.0157
-6.25871
-3.99426
-1.37432
-0.69351
-2.06634
-3.39569
-4.6496
-5.79173
-6.78
-7.56577
-8.09415
-8.30616
-8.14368
-7.55821
-6.52351
-5.05084
-3.20269
-1.09807
-0.601597
-1.79068
-2.93676
-4.00904
-4.97374
-5.79333
-6.42643
-6.82872
-6.95536
-6.76549
-6.22898
-5.33543
-4.10367
-2.58922
-0.885359
-0.519483
-1.54486
-2.52905
-3.44317
-4.2565
-4.93613
-5.44732
-5.75465
-5.82434
-5.62797
-5.14767
-4.38217
-3.3528
-2.10727
-0.719071
-0.4468
-1.32765
-2.16997
-2.94728
-3.63207
-4.19587
-4.60975
-4.84558
-4.87803
-4.6876
-4.26436
-3.61213
-2.75203
-1.72438
-0.587462
-0.38297
-1.13717
-1.85603
-2.51562
-3.09165
-3.55969
-3.8958
-4.0777
-4.08647
-3.90886
-3.54006
-2.98641
-2.26758
-1.41736
-0.482245
-0.327289
-0.971231
-1.58324
-2.14198
-2.6262
-3.01509
-3.28892
-3.43003
-3.42431
-3.26288
-2.94411
-2.47538
-1.87438
-1.16927
-0.397426
-0.278993
-0.827462
-1.34743
-1.82007
-2.22694
-2.55039
-2.77418
-2.88432
-2.87025
-2.72614
-2.45227
-2.05619
-1.55346
-0.967526
-0.32858
-0.237303
-0.703483
-1.14448
-1.54381
-1.88559
-2.15489
-2.33834
-2.42484
-2.40648
-2.2795
-2.04528
-1.71105
-1.29032
-0.802586
-0.27238
-0.201462
-0.596991
-0.970447
-1.30752
-1.59456
-1.819
-1.96981
-2.03817
-2.01812
-1.90733
-1.70771
-1.42597
-1.07371
-0.667133
-0.226284
-0.170756
-0.505823
-0.82168
-1.10596
-1.347
-1.53422
-1.65853
-1.71288
-1.69278
-1.59682
-1.42717
-1.18986
-0.894798
-0.555479
-0.188326
-0.144525
-0.427991
-0.694835
-0.934422
-1.13682
-1.29311
-1.39583
-1.43929
-1.4201
-1.33747
-1.19361
-0.993852
-0.746615
-0.46315
-0.156965
-0.122171
-0.3617
-0.586915
-0.788707
-0.958631
-1.08921
-1.17426
-1.20921
-1.19145
-1.12064
-0.99887
-0.830803
-0.623587
-0.386598
-0.13098
-0.103159
-0.305346
-0.495258
-0.665118
-0.807764
-0.91692
-0.987466
-1.01571
-0.999651
-0.939189
-0.83627
-0.694936
-0.521232
-0.322979
-0.109397
-0.087016
-0.257515
-0.417524
-0.560422
-0.68015
-0.771438
-0.830046
-0.852976
-0.838679
-0.787215
-0.700343
-0.581544
-0.43592
-0.270003
-0.0914337
-0.073326
-0.216966
-0.35167
-0.471814
-0.57228
-0.648647
-0.697397
-0.716088
-0.703514
-0.659824
-0.586585
-0.486775
-0.3647
-0.225811
-0.0764548
-0.0617272
-0.182621
-0.295923
-0.39687
-0.48114
-0.545031
-0.585619
-0.600907
-0.589952
-0.552948
-0.491274
-0.407467
-0.305153
-0.188886
-0.0639432
-0.051906
-0.153547
-0.248756
-0.333503
-0.404151
-0.457595
-0.491406
-0.503947
-0.494475
-0.463203
-0.411329
-0.34101
-0.255293
-0.157985
-0.0534756
-0.0435919
-0.12894
-0.208851
-0.279926
-0.339105
-0.38379
-0.41196
-0.422271
-0.414134
-0.387763
-0.34419
-0.285243
-0.213481
-0.132083
-0.0447036
-0.0365521
-0.108109
-0.175081
-0.234609
-0.284123
-0.321451
-0.344913
-0.353404
-0.346454
-0.324265
-0.287724
-0.238375
-0.17836
-0.110335
-0.0373396
-0.0305871
-0.0904597
-0.146479
-0.196243
-0.237602
-0.26874
-0.288262
-0.295258
-0.289353
-0.270733
-0.240152
-0.198911
-0.148801
-0.0920362
-0.0311447
-0.0255257
-0.0754865
-0.122219
-0.163715
-0.198176
-0.224093
-0.240307
-0.24607
-0.241079
-0.225504
-0.199983
-0.165604
-0.123864
-0.0766028
-0.0259206
-0.0212214
-0.0627546
-0.101595
-0.13607
-0.164684
-0.186182
-0.199609
-0.204347
-0.200155
-0.187182
-0.165963
-0.137407
-0.10276
-0.0635448
-0.0215009
-0.0175488
-0.051892
-0.0840029
-0.112495
-0.136132
-0.153877
-0.164942
-0.168825
-0.165329
-0.154583
-0.137036
-0.113441
-0.0848266
-0.052451
-0.0177465
-0.0143999
-0.0425792
-0.0689229
-0.0922916
-0.11167
-0.126208
-0.135263
-0.138425
-0.135537
-0.126708
-0.112309
-0.0929598
-0.0695048
-0.0429742
-0.0145396
-0.0116817
-0.034541
-0.0559085
-0.0748587
-0.0905676
-0.102347
-0.109677
-0.112225
-0.109869
-0.102699
-0.0910179
-0.0753296
-0.0563185
-0.0348193
-0.0117802
-0.00931371
-0.0275385
-0.0445722
-0.0596764
-0.0721936
-0.081576
-0.0874091
-0.0894308
-0.0875441
-0.0818226
-0.0725092
-0.0600064
-0.0448596
-0.0277335
-0.0093827
-0.00722523
-0.021363
-0.0345757
-0.0462902
-0.0559962
-0.0632691
-0.0677879
-0.0693501
-0.0678814
-0.0634401
-0.056215
-0.046519
-0.034775
-0.0214982
-0.00727306
-0.00535386
-0.0158297
-0.0256195
-0.0342984
-0.0414882
-0.0468744
-0.0502194
-0.0513737
-0.0502828
-0.0469902
-0.0416365
-0.0344534
-0.0257545
-0.0159213
-0.00538627
-0.0036435
-0.0107726
-0.0174347
-0.0233404
-0.0282325
-0.0318968
-0.0341719
-0.0349562
-0.0342128
-0.0319715
-0.028328
-0.0234404
-0.0175217
-0.0108317
-0.0036644
-0.00204277
-0.00603981
-0.00977503
-0.0130862
-0.0158292
-0.0178838
-0.0191595
-0.0195995
-0.0191828
-0.0179263
-0.0158835
-0.0131431
-0.00982454
-0.00607341
-0.00205466
-0.000503506
-0.00148879
-0.00240978
-0.00322661
-0.00390375
-0.00441154
-0.00472753
-0.00483745
-0.00473595
-0.00442692
-0.00392343
-0.00324719
-0.0024277
-0.00150095
-0.000507807
0.00102067
0.00301759
0.00488313
0.006536
0.00790406
0.00892749
0.00956139
0.00977776
0.00956679
0.00893737
0.0079167
0.00654921
0.00489464
0.00302541
0.00102344
0.0025757
0.00761518
0.0123237
0.0164963
0.0199511
0.022537
0.0241402
0.0246896
0.02416
0.0225733
0.0199976
0.0165449
0.012366
0.00764391
0.00258586
0.00420843
0.0124426
0.0201363
0.026955
0.0326015
0.0368286
0.0394505
0.0403507
0.0394873
0.0368957
0.0326874
0.0270448
0.0202145
0.0124956
0.0042272
0.00596801
0.0176451
0.0285564
0.0382276
0.0462372
0.0522348
0.0559563
0.057236
0.0560143
0.0523408
0.0463728
0.0383694
0.0286799
0.0177289
0.00599766
0.00790737
0.0233793
0.0378375
0.0506539
0.0612699
0.0692212
0.0741574
0.0758582
0.0742436
0.0693787
0.0614715
0.0508647
0.0380211
0.0235039
0.00795144
0.0100847
0.0298174
0.0482586
0.0646077
0.0781527
0.088301
0.0946048
0.096782
0.0947296
0.088529
0.0784445
0.0649128
0.0485243
0.0299978
0.0101485
0.0125652
0.0371523
0.0601321
0.0805083
0.0973939
0.11005
0.117917
0.120643
0.118096
0.110376
0.0978109
0.0809444
0.0605119
0.03741
0.0126564
0.0154229
0.045603
0.0738134
0.0988324
0.119572
0.135123
0.1448
0.148164
0.145053
0.135586
0.120164
0.0994517
0.0743527
0.045969
0.0155524
0.0187429
0.0554211
0.0897104
0.120128
0.145351
0.164276
0.176064
0.180181
0.176423
0.164932
0.14619
0.121005
0.0904741
0.0559395
0.0189262
0.0226234
0.066898
0.108296
0.145029
0.175504
0.198384
0.212655
0.217665
0.213162
0.199311
0.17669
0.146269
0.109375
0.0676309
0.0228826
0.027179
0.0803723
0.130119
0.174276
0.210929
0.238471
0.255675
0.261753
0.256392
0.23978
0.212604
0.176028
0.131644
0.0814077
0.0275452
0.0325431
0.0962397
0.155823
0.208733
0.252679
0.285734
0.306421
0.313783
0.307433
0.287583
0.255045
0.211207
0.157977
0.0977019
0.0330603
0.0388718
0.114963
0.18616
0.249414
0.301991
0.341584
0.366418
0.375332
0.367846
0.344194
0.305332
0.252908
0.189202
0.117027
0.0396022
0.0463481
0.137084
0.222012
0.297509
0.360318
0.407682
0.437468
0.448269
0.439484
0.411366
0.365034
0.302441
0.226306
0.139999
0.0473792
0.0551857
0.163236
0.264411
0.354413
0.429367
0.485983
0.521698
0.534804
0.524545
0.491185
0.436025
0.361375
0.270475
0.167352
0.0566414
0.0656344
0.194163
0.314568
0.421764
0.511149
0.578796
0.621626
0.63756
0.625645
0.58614
0.520547
0.431593
0.323128
0.199973
0.0676896
0.0779858
0.230729
0.373897
0.50148
0.608022
0.688839
0.740228
0.759652
0.745901
0.699206
0.62129
0.515356
0.385982
0.238931
0.0808874
0.0925787
0.273942
0.444047
0.595806
0.722756
0.819315
0.881023
0.904777
0.889031
0.833948
0.741486
0.615395
0.461108
0.285523
0.0966754
0.109806
0.324971
0.526934
0.707355
0.85859
0.973986
1.04817
1.07733
1.05947
0.994641
0.88503
0.735009
0.551021
0.341322
0.11559
0.13012
0.385166
0.624778
0.839167
1.01931
1.15727
1.24657
1.28252
1.26253
1.18643
1.05663
0.878207
0.658785
0.408253
0.138288
0.154041
0.456077
0.740135
0.994756
1.20931
1.37434
1.48202
1.52654
1.50454
1.41549
1.26199
1.04987
0.78815
0.488677
0.165574
0.182159
0.539471
0.875928
1.17817
1.43368
1.63123
1.76133
1.81675
1.7931
1.68931
1.50804
1.25598
0.943724
0.585506
0.198446
0.215139
0.637344
1.03548
1.39402
1.6983
1.93495
2.09248
2.16187
2.13731
2.01691
1.80326
1.50387
1.13121
0.702362
0.238146
0.253726
0.751928
1.22251
1.64754
2.00987
2.29361
2.48482
2.5722
2.54806
2.40925
2.15801
1.80263
1.35772
0.843772
0.286229
0.298734
0.885685
1.44118
1.9446
2.37599
2.71652
2.94924
3.05996
3.03844
2.87965
2.58505
2.16356
1.63215
1.01545
0.344666
0.351044
1.04128
1.696
2.29167
2.80519
3.21429
3.49836
3.63953
3.62412
3.44435
3.10018
2.60083
1.96578
1.22469
0.415981
0.411583
1.22154
1.9918
2.69578
3.30687
3.79886
4.1467
4.32782
4.32391
4.12321
3.72305
3.13231
2.37304
1.48089
0.503437
0.481292
1.42935
2.33363
3.16438
3.89125
4.4835
4.91079
5.14457
5.16033
4.94053
4.47826
3.78079
2.87257
1.79631
0.611322
0.561088
1.66755
2.7265
3.7051
4.56909
5.28268
5.80922
6.11269
6.16028
5.92622
5.39676
4.5756
3.48877
2.18721
0.745356
0.651793
1.93873
3.17514
4.3254
5.35134
6.2117
6.86253
7.25847
7.35578
7.11702
6.5178
5.55487
4.25406
2.67554
0.913311
0.754055
2.245
3.68357
5.03201
6.24852
7.2862
8.09278
8.61159
8.78461
8.55807
7.89136
6.76874
5.21217
3.29143
1.12598
0.868233
2.58762
4.25457
5.83021
7.26985
8.52115
9.52281
10.2048
10.4909
10.3048
9.58148
8.28392
6.42316
4.07723
1.39871
0.994265
2.96663
4.88896
6.7228
8.42193
9.92939
11.1748
12.0729
12.5249
12.4244
11.6704
10.1901
7.97102
5.09397
1.75399
1.13152
3.38036
5.58478
7.70889
9.70707
11.5196
13.0678
14.2506
14.9426
14.9978
14.2634
12.6094
9.97574
6.43217
2.22595
1.27862
3.82493
6.33632
8.78236
11.1211
13.2931
15.2145
16.7692
17.8025
18.1193
17.4951
15.709
12.6122
8.23051
2.86849
1.43331
4.29371
7.13321
9.9303
12.6508
15.2407
17.6158
19.6497
21.1597
21.8943
21.5335
19.7187
16.141
10.7096
3.77142
1.59233
4.77696
7.9595
11.1313
14.2713
17.3373
20.2538
22.8941
25.0553
26.4299
26.5815
24.9526
20.957
14.2349
5.09424
1.75134
5.26164
8.7932
12.3544
15.9429
19.5375
23.0837
26.4709
29.4969
31.8145
32.8659
31.8297
27.6662
19.4398
7.14467
1.90505
5.73152
9.60627
13.5584
17.6103
21.7713
26.0237
30.2985
34.4303
38.0784
40.5997
40.8785
37.1968
27.4699
10.5799
2.04739
6.16783
10.3656
14.6929
19.2019
23.9414
28.9479
34.2253
39.6995
45.1244
49.8907
52.6774
50.9251
40.4743
16.9803
2.17189
6.55042
11.0348
15.7011
20.6334
25.926
31.684
38.0151
45.0029
52.6274
60.5562
67.6281
70.6937
62.5362
30.6489
2.27225
6.85944
11.5777
16.5246
21.8144
27.5873
34.0218
41.3486
49.8638
59.9189
71.8164
85.3603
98.2557
101.076
64.7413
2.34294
7.07741
11.9617
17.1098
22.6597
28.7891
35.7397
43.8568
53.6551
65.9304
81.9328
103.542
132.813
166.808
163.519
2.37987
7.19131
12.1624
17.4159
23.1026
29.4205
36.6474
45.1971
55.7261
69.3533
88.1547
116.403
164.09
258.429
487.122
2.38089
7.19426
12.167
17.4212
23.1068
29.4204
36.6364
45.1628
55.6451
69.1824
87.8157
115.764
162.969
256.747
485.588
2.34607
7.08654
11.9759
17.1268
22.675
28.7934
35.7153
43.7699
53.4423
65.4722
81.0074
101.75
129.504
161.269
156.891
2.27766
6.87539
11.603
16.5566
21.847
27.6083
34.0073
41.2534
49.6019
59.3274
70.5822
82.8676
93.2544
90.8887
43.0558
-20.0768
-16.3664
-13.5843
-11.4296
-9.69211
-8.24267
-7.00013
-5.91071
-4.93693
-4.05145
-3.23344
-2.46635
-1.73648
-1.03203
-0.342387
-7.53156
-10.4396
-10.3112
-9.41059
-8.35055
-7.30603
-6.32431
-5.41273
-4.56587
-3.77456
-3.02898
-2.3197
-1.63785
-0.975172
-0.323809
-3.42728
-6.62131
-7.57439
-7.50213
-6.99815
-6.32572
-5.59972
-4.86976
-4.15619
-3.46587
-2.7993
-2.15398
-1.52591
-0.910447
-0.302629
-1.86499
-4.35919
-5.54954
-5.89343
-5.76266
-5.38255
-4.87783
-4.31538
-3.73033
-3.14065
-2.55485
-1.97625
-1.4052
-0.840404
-0.279669
-1.16085
-3.0025
-4.11245
-4.6143
-4.70029
-4.52585
-4.19601
-3.77664
-3.30766
-2.8127
-2.30539
-1.79326
-1.28013
-0.767538
-0.255735
-0.790068
-2.1539
-3.09763
-3.62392
-3.81871
-3.77705
-3.57632
-3.27232
-2.903
-2.4933
-2.05925
-1.61096
-1.15466
-0.694119
-0.231568
-0.569494
-1.59701
-2.37267
-2.86372
-3.10132
-3.13868
-3.0283
-2.81334
-2.52637
-2.19079
-1.82298
-1.4342
-1.03214
-0.62209
-0.207804
-0.426327
-1.215
-1.84534
-2.27952
-2.52294
-2.60288
-2.55287
-2.40435
-2.18346
-1.91064
-1.60125
-1.26665
-0.915158
-0.552996
-0.184956
-0.327588
-0.942947
-1.4542
-1.82777
-2.05806
-2.15731
-2.14585
-2.04558
-1.87661
-1.65587
-1.39703
-1.11081
-0.805583
-0.487978
-0.163408
-0.256496
-0.743176
-1.15868
-1.4755
-1.68416
-1.7886
-1.80047
-1.73452
-1.60568
-1.42755
-1.2118
-0.96815
-0.704598
-0.427793
-0.143418
-0.203673
-0.59283
-0.93167
-1.19832
-1.38262
-1.48416
-1.50911
-1.4671
-1.36897
-1.22534
-1.04594
-0.839305
-0.612811
-0.372862
-0.125135
-0.16348
-0.47742
-0.754785
-0.978329
-1.13853
-1.2329
-1.26425
-1.23865
-1.16383
-1.04796
-0.898989
-0.724244
-0.530361
-0.323328
-0.108617
-0.132329
-0.387405
-0.615269
-0.802316
-0.940139
-1.02541
-1.05892
-1.04437
-0.987184
-0.893568
-0.769925
-0.622464
-0.457041
-0.279122
-0.0938494
-0.107831
-0.316283
-0.504092
-0.66048
-0.778238
-0.853838
-0.886954
-0.879701
-0.835825
-0.760017
-0.657393
-0.533154
-0.392393
-0.24002
-0.0807663
-0.088339
-0.259492
-0.414731
-0.545465
-0.645607
-0.711764
-0.743015
-0.740451
-0.706633
-0.645081
-0.559866
-0.455312
-0.335804
-0.205695
-0.069265
-0.0726829
-0.213752
-0.342383
-0.451689
-0.536572
-0.593923
-0.622551
-0.6229
-0.596695
-0.546573
-0.475765
-0.387849
-0.286576
-0.175758
-0.059221
-0.06001
-0.176647
-0.283451
-0.374871
-0.446649
-0.496025
-0.521719
-0.523783
-0.50336
-0.462424
-0.40354
-0.32966
-0.243972
-0.149792
-0.0504994
-0.0496863
-0.146367
-0.235202
-0.311688
-0.37228
-0.414567
-0.437293
-0.440278
-0.424265
-0.390735
-0.341725
-0.279668
-0.207263
-0.127374
-0.0429622
-0.0412315
-0.121535
-0.195527
-0.259538
-0.31062
-0.346689
-0.366571
-0.369962
-0.357331
-0.329792
-0.288966
-0.23686
-0.17575
-0.108096
-0.036475
-0.0342764
-0.101084
-0.162781
-0.216365
-0.259383
-0.29005
-0.307299
-0.31077
-0.300747
-0.278072
-0.244039
-0.200302
-0.148778
-0.0915719
-0.0309103
-0.028533
-0.0841802
-0.135667
-0.180528
-0.216721
-0.242725
-0.257591
-0.260945
-0.252947
-0.234236
-0.205849
-0.169151
-0.125752
-0.0774465
-0.0261503
-0.0237746
-0.0701651
-0.113154
-0.15071
-0.181132
-0.203132
-0.215876
-0.219001
-0.212585
-0.197116
-0.17343
-0.142651
-0.106132
-0.0653972
-0.0220877
-0.0198205
-0.0585118
-0.0944115
-0.125844
-0.151391
-0.169964
-0.180841
-0.183679
-0.178508
-0.165702
-0.145935
-0.120135
-0.0894385
-0.0551355
-0.018626
-0.0165258
-0.0487968
-0.0787708
-0.105063
-0.126492
-0.14214
-0.151385
-0.153917
-0.149733
-0.139121
-0.122627
-0.101019
-0.0752486
-0.0464056
-0.0156799
-0.0137731
-0.0406763
-0.0656865
-0.0876576
-0.105607
-0.118762
-0.12659
-0.128816
-0.12542
-0.116622
-0.102868
-0.0847934
-0.0631918
-0.0389828
-0.013174
-0.0114666
-0.03387
-0.0547121
-0.0730446
-0.0880502
-0.0990811
-0.105685
-0.10762
-0.104856
-0.0975655
-0.0861103
-0.0710157
-0.0529451
-0.0326705
-0.0110423
-0.00952808
-0.0281476
-0.04548
-0.0607412
-0.0732529
-0.0824736
-0.0880212
-0.089686
-0.0874336
-0.0813999
-0.0718787
-0.0593041
-0.0442284
-0.027298
-0.00922756
-0.00789266
-0.0233188
-0.0376857
-0.0503467
-0.0607403
-0.068416
-0.0730529
-0.0744714
-0.0726367
-0.0676555
-0.059767
-0.0493287
-0.0367992
-0.0227171
-0.00767981
-0.00650659
-0.0192254
-0.0310757
-0.0415263
-0.0501147
-0.0564681
-0.060319
-0.0615154
-0.0600242
-0.0559294
-0.0494253
-0.0408053
-0.0304478
-0.0187992
-0.00635585
-0.00532491
-0.0157349
-0.0254373
-0.0339987
-0.0410407
-0.0462574
-0.0494279
-0.0504252
-0.0492191
-0.0458759
-0.0405525
-0.0334881
-0.0249927
-0.0154331
-0.00521816
-0.0043097
-0.0127357
-0.0205911
-0.0275259
-0.033234
-0.0374672
-0.0400456
-0.0408645
-0.0398978
-0.0371972
-0.0328884
-0.0271644
-0.0202763
-0.0125221
-0.00423412
-0.00342871
-0.0101328
-0.016384
-0.0219046
-0.0264512
-0.0298259
-0.0318848
-0.0325436
-0.0317802
-0.0296348
-0.0262067
-0.0216489
-0.0161613
-0.00998158
-0.00337523
-0.00265419
-0.00784409
-0.0126842
-0.0169596
-0.020482
-0.0230981
-0.024696
-0.0252099
-0.0246221
-0.022963
-0.0203092
-0.0167788
-0.0125267
-0.00773724
-0.0026164
-0.00196192
-0.00579828
-0.00937631
-0.0125373
-0.0151421
-0.0170771
-0.0182597
-0.018641
-0.0182076
-0.0169819
-0.0150201
-0.0124098
-0.00926529
-0.00572294
-0.00193527
-0.0013304
-0.00393183
-0.00635796
-0.00850115
-0.010267
-0.0115785
-0.0123798
-0.0126376
-0.0123432
-0.0115117
-0.0101814
-0.00841166
-0.00628003
-0.00387893
-0.00131169
-0.000740083
-0.00218706
-0.00353604
-0.00472696
-0.00570725
-0.00643425
-0.00687705
-0.00701766
-0.00685159
-0.00638774
-0.00564773
-0.00466472
-0.00348184
-0.00215027
-0.00072707
-0.000172812
-0.000510303
-0.000823858
-0.001099
-0.00132336
-0.00148725
-0.00158409
-0.0016106
-0.00156673
-0.00145552
-0.00128275
-0.00105653
-0.000786877
-0.000485203
-0.000163933
0.000388817
0.00114984
0.00186167
0.00249372
0.00301857
0.00341323
0.00366004
0.00374762
0.00367141
0.00343399
0.00304515
0.0025215
0.00188587
0.00116626
0.000394627
0.000961983
0.00284413
0.00460261
0.00616086
0.00745092
0.00841636
0.00901475
0.00921958
0.00902147
0.00842864
0.00746664
0.0061773
0.00461693
0.00285385
0.000965422
0.00156418
0.00462429
0.00748256
0.0100142
0.0121087
0.0136743
0.0146427
0.0149713
0.0146456
0.0136796
0.0121154
0.0100213
0.00748872
0.00462847
0.00156566
0.00221378
0.00654458
0.0105893
0.0141711
0.0171335
0.019347
0.0207148
0.0211773
0.0207142
0.0193459
0.0171321
0.0141697
0.010588
0.00654372
0.00221348
0.00293057
0.00866348
0.0140174
0.0187581
0.0226783
0.0256067
0.0274156
0.0280259
0.0274114
0.0255992
0.0226686
0.0187479
0.0140085
0.00865748
0.00292845
0.00373637
0.0110455
0.0178712
0.0239147
0.0289117
0.0326438
0.0349483
0.0357249
0.0349401
0.0326288
0.0288925
0.0238946
0.0178537
0.0110337
0.00373217
0.00465573
0.0137633
0.0222681
0.0297978
0.0360231
0.0406721
0.0435419
0.0445079
0.0435287
0.0406479
0.0359921
0.0297654
0.0222398
0.0137441
0.00464896
0.00571667
0.0168995
0.0273419
0.0365866
0.0442291
0.0499356
0.0534573
0.0546414
0.0534374
0.0498992
0.0441825
0.0365379
0.0272995
0.0168708
0.0057065
0.00695152
0.0205498
0.0332472
0.0444876
0.0537791
0.0607158
0.0649956
0.0664328
0.0649666
0.060663
0.0537115
0.0444169
0.0331856
0.020508
0.00693674
0.00839797
0.0248255
0.0401642
0.0537418
0.064964
0.0733408
0.0785073
0.08024
0.0784659
0.0732651
0.0648671
0.0536405
0.040076
0.0247656
0.00837679
0.0101002
0.0298572
0.0483038
0.0646311
0.0781245
0.0881945
0.094403
0.0964819
0.0943441
0.0880868
0.0779867
0.0644871
0.0481783
0.0297721
0.0100701
0.0121102
0.0357987
0.0579147
0.077488
0.0936616
0.105729
0.113166
0.115651
0.113082
0.105577
0.0934664
0.0772839
0.057737
0.035678
0.0120676
0.0144897
0.0428318
0.0692909
0.0927053
0.112049
0.126479
0.135366
0.13833
0.135248
0.126263
0.111773
0.0924167
0.0690395
0.0426612
0.0144293
0.0173115
0.0511722
0.0827809
0.110749
0.13385
0.151075
0.161679
0.165206
0.161512
0.150771
0.133459
0.110341
0.0824257
0.0509312
0.0172262
0.0206624
0.0610763
0.0987987
0.132171
0.159729
0.18027
0.192905
0.197094
0.192669
0.17984
0.159178
0.131594
0.098297
0.0607358
0.020542
0.0246457
0.0728489
0.117837
0.157629
0.190479
0.214954
0.229995
0.234963
0.229662
0.214346
0.189701
0.156815
0.117129
0.0723681
0.0244756
0.0293845
0.0868537
0.140483
0.187907
0.227044
0.256187
0.274078
0.279961
0.273608
0.255329
0.225946
0.186758
0.139483
0.0861749
0.0291444
0.0350259
0.103525
0.167436
0.223938
0.270547
0.305232
0.326499
0.333453
0.325835
0.30402
0.268997
0.222317
0.166024
0.102566
0.0346869
0.0417454
0.12338
0.199534
0.266838
0.32233
0.363593
0.388855
0.397063
0.387919
0.361882
0.320141
0.264548
0.197541
0.122027
0.0412667
0.0497533
0.147041
0.237777
0.317937
0.383991
0.433063
0.463052
0.47272
0.46173
0.430648
0.3809
0.314705
0.234963
0.145131
0.0490776
0.0593017
0.17525
0.283363
0.37883
0.457443
0.51578
0.551357
0.562719
0.549491
0.512371
0.45308
0.374267
0.279389
0.172554
0.0583478
0.070693
0.2089
0.337727
0.451424
0.544971
0.614301
0.656473
0.669789
0.653839
0.609488
0.538812
0.444983
0.332118
0.205093
0.0693463
0.0842912
0.249064
0.402595
0.538009
0.649313
0.731675
0.781623
0.797179
0.777904
0.72488
0.640618
0.528915
0.394676
0.243689
0.08239
0.100535
0.297031
0.480041
0.641332
0.773749
0.871552
0.93065
0.948749
0.925401
0.861961
0.761474
0.628494
0.468862
0.289443
0.0978504
0.119953
0.354361
0.572567
0.7647
0.922218
1.0383
1.10814
1.1291
1.10073
1.02476
0.904888
0.746577
0.556784
0.343649
0.116163
0.143187
0.422941
0.683194
0.912101
1.09945
1.23716
1.31957
1.34368
1.30911
1.21804
1.07499
0.886516
0.660912
0.407817
0.137837
0.171016
0.50506
0.815585
1.08835
1.31115
1.4744
1.57149
1.59901
1.55672
1.44742
1.27662
1.05223
0.784128
0.483707
0.163462
0.204391
0.603508
0.974191
1.29929
1.56421
1.75757
1.8717
1.90279
1.85086
1.71948
1.51545
1.2483
0.929778
0.573359
0.193726
0.244476
0.721698
1.16444
1.55202
1.86693
2.09574
2.22956
2.26422
2.20015
2.04199
1.79812
1.48003
1.10174
0.679129
0.229416
0.292704
0.863825
1.393
1.85519
2.22944
2.49987
2.65627
2.6942
2.61475
2.424
2.1323
1.75357
1.30446
0.803715
0.271438
0.35085
1.03508
1.66806
2.21943
2.66403
2.98317
3.16523
3.20568
3.10664
2.87608
2.52691
2.07595
1.54305
0.950189
0.320817
0.421129
1.2419
1.99978
2.65779
3.18572
3.56163
3.7725
3.814
3.68983
3.41052
2.99218
2.45523
1.82325
1.12201
0.378707
0.506325
1.4924
2.40084
3.18645
3.81295
4.25469
4.49734
4.53735
4.38073
4.04148
3.5398
2.90049
2.15154
1.32305
0.44639
0.609968
1.79681
2.88717
3.8256
4.56844
5.08598
5.36289
5.3972
5.19842
4.7852
4.18297
3.42185
2.53504
1.55752
0.525268
0.736589
2.1682
3.47899
4.60054
5.48035
6.08434
6.39686
6.41887
6.165
5.66015
4.93644
4.03049
2.98151
1.82998
0.616841
0.892068
2.62349
4.2022
5.54332
6.58377
7.28505
7.63251
7.63209
7.3058
6.68705
5.81642
4.73841
3.49918
2.14522
0.722674
1.08415
3.1848
5.09036
6.69485
7.92267
8.73142
9.10969
9.07153
8.64965
7.88882
6.84037
5.55825
4.09651
2.50806
0.844337
1.32319
3.88158
6.18754
8.10791
9.55254
10.4767
10.876
10.7774
10.2288
9.29026
8.02653
6.50277
4.78179
2.92315
0.983321
1.62332
4.75363
7.55245
9.85129
11.5438
12.5863
12.9879
12.7956
12.0788
10.9174
9.39321
7.5842
5.56264
3.3946
1.14092
2.00421
5.85584
9.26452
12.0157
13.9863
15.1409
15.5123
15.1779
14.2373
12.7965
10.9576
8.81317
6.44518
3.92548
1.31805
2.49396
7.26561
11.4331
14.722
16.9954
18.2391
18.5268
17.981
16.743
14.952
12.734
10.1973
7.43302
4.51725
1.5151
3.13389
9.09485
14.2118
18.1334
20.7193
22.0013
22.1198
21.2646
19.6326
17.404
14.7316
11.7395
8.52599
5.16898
1.7316
3.98688
11.5101
17.8206
22.4723
25.3485
26.5712
26.3889
25.0875
22.9364
20.1639
16.951
13.4352
9.71858
5.87646
1.96603
5.15269
14.7675
22.581
28.0441
31.1258
32.1167
31.435
29.5002
26.6716
23.2296
19.3807
15.2704
10.9982
6.63133
2.21546
6.79802
19.2757
28.9737
35.2693
38.355
38.8235
37.351
34.5336
30.8325
26.5776
21.9916
17.2177
12.3436
7.42015
2.47532
9.21996
25.7141
37.7289
44.7233
47.4013
46.8779
44.2009
40.1803
35.3777
30.1554
24.7329
19.2346
13.7231
8.22374
2.7392
12.9931
35.263
49.9702
57.1746
58.6706
56.4275
51.9837
46.3698
40.2142
33.8719
27.5268
21.2603
15.0942
9.01694
2.99879
19.3468
50.0634
67.4216
73.5896
72.5361
67.5049
60.5787
52.9353
45.18
37.5901
30.2659
23.2161
16.4035
9.76903
3.24406
31.2401
74.1401
92.6433
95.019
89.1633
79.8977
69.6714
59.5783
50.0306
41.1235
32.8144
25.0071
17.5889
10.445
3.46373
56.7303
115.159
129.064
122.164
108.158
92.9569
78.671
65.8421
54.4362
44.2413
35.014
26.5277
18.5836
11.008
3.646
120.437
187.095
179.931
154.244
127.981
105.38
86.6583
71.1171
58.0004
46.6869
36.6988
27.6717
19.3223
11.4225
3.77966
305.126
310.295
243.661
186.721
145.262
115.108
92.4364
74.7078
60.312
48.2118
37.7161
28.3448
19.7485
11.6586
3.85526
910.011
483.356
300.658
208.445
154.69
119.64
94.781
75.9836
61.029
48.6221
37.9522
28.4796
19.8229
11.6956
3.8664
2.16705
6.53478
11.0047
15.6488
20.5447
25.776
31.4289
37.5798
44.2586
51.3544
58.381
63.9192
64.3695
51.5664
9.98946
2.01596
6.0709
10.1946
14.4317
18.8229
23.4004
28.175
33.1127
38.0849
42.7742
46.4996
47.9301
44.7479
33.773
13.6906
1.84184
5.5382
9.27119
13.0602
16.9149
20.8275
24.758
28.6107
32.1937
35.1576
36.9125
36.5538
32.9182
25.0867
13.8744
1.65504
4.96881
8.2917
11.6228
14.9489
18.2364
21.4188
24.3783
26.9213
28.7497
29.4385
28.4544
25.2852
19.7812
12.7063
1.46453
4.39027
7.30396
10.1902
13.0213
15.7504
18.3023
20.5622
22.3637
23.4814
23.6367
22.5391
19.9874
16.0465
11.2206
1.27731
3.82375
6.34365
8.8126
11.1955
13.4415
15.4777
17.2043
18.4901
19.1757
19.088
18.0768
16.0782
13.1959
9.74913
1.09828
3.28374
5.43425
7.52098
9.50665
11.342
12.9626
14.2869
15.2168
15.6437
15.4635
14.6025
13.0532
10.9103
8.38015
0.930343
2.77866
4.5886
6.33038
7.96799
9.45711
10.7437
11.7637
12.4461
12.7187
12.5202
11.8169
10.6223
9.01255
7.12526
0.774773
2.31195
3.81111
5.24391
6.57778
7.77471
8.79097
9.57791
10.0849
10.2646
10.0815
9.52235
8.60652
7.39236
5.97404
0.63157
1.88326
3.09996
4.25638
5.32447
6.27296
7.06751
7.6719
8.0506
8.17291
8.01857
7.58419
6.88876
5.97597
4.91129
0.499818
1.48954
2.4491
3.35717
4.19077
4.92515
5.53418
5.99151
6.27259
6.35766
6.23541
5.90683
5.38806
4.71114
3.92171
0.377984
1.12596
1.84973
2.53243
3.15629
3.70269
4.15256
4.48737
4.69057
4.74965
4.65849
4.41954
4.04536
3.55869
2.9908
0.26414
0.786592
1.29143
1.76652
2.19927
2.57675
2.88603
3.11485
3.25266
3.29188
3.22932
3.06745
2.8151
2.48742
2.10472
0.156124
0.464836
0.762873
1.04293
1.29752
1.51902
1.69996
1.83335
1.91334
1.93588
1.89948
1.80584
1.66018
1.47118
1.25028
-1010.42
-1031.36
-1052.61
-1074.37
-1096.82
-1120.14
-1144.48
-1169.94
-1196.63
-1224.6
-1253.85
-1284.37
-1316.09
-1348.92
-1382.71
-29.3395
22.6375
-48.8726
-4.23289
-44.7228
-10.7931
-38.5308
-14.6129
7.64302
-16.8524
8.2612
-16.709
9.57488
-17.8437
9.9505
-28.591
-2.21798
-25.8375
-3.64918
-21.8538
-3.10038
-18.1096
-3.33709
11.2617
-3.43767
14.4428
-2.60419
17.8898
-3.51017
20.2653
-14.3555
10.1965
-14.4549
7.94676
-13.0023
7.19868
-11.2501
5.44033
22.4624
3.79206
25.8224
2.90485
29.3733
-0.943183
30.9055
-19.0554
14.472
-22.1181
8.75364
-23.1064
4.83294
-23.9751
-1.12498
22.1892
-7.91564
22.3857
-14.0423
21.6114
-24.113
17.1369
-51.2805
-10.0579
-57.1218
-21.5785
-60.7694
-30.8068
-64.8042
-42.4182
-20.6206
-55.1315
-28.1839
-67.628
-37.9093
-84.3342
-52.1331
-116.06
-85.9403
-133.979
-110.017
-157.804
-139.54
-200.848
-193.645
-188.782
-332.008
-355.407
-415.05
-524.465
-728.13
-1144.8
-1.49432
-0.35834
-15.3397
-13.2652
-20.2996
-16.1994
-18.7417
-12.2374
-5.79057
-7.57041
-3.5983
-6.573
-3.19303
-7.29074
-4.89619
-11.7397
-9.38128
-12.692
-9.47275
-11.1291
-7.58883
-7.93507
-3.1105
1.68991
1.3607
4.76777
3.25857
6.28072
3.32341
5.46067
-0.720632
1.2939
-2.50881
0.286053
-2.22705
1.04721
-0.099358
4.93453
10.0353
8.94999
12.5295
9.74821
12.8524
7.77006
9.61835
-0.248115
1.40441
-5.29063
-2.58041
-7.61594
-4.3086
-7.57318
-1.82769
3.89058
0.251456
3.44532
-2.88122
-0.609424
-10.0245
-9.54739
-24.6327
-24.4512
-34.6285
-33.2577
-41.1339
-39.4532
-45.3286
-41.6117
-38.239
-45.0115
-45.0673
-54.8182
-56.5208
-69.3816
-73.5413
-91.7391
-97.5723
-113.566
-120.861
-138.84
-150.251
-174.294
-190.318
-213.79
-266.389
-303.256
-343.421
-388.786
-421.446
-359.302
4.83678
-0.145077
-6.36705
-9.18044
-11.91
-12.0402
-11.9796
-9.779
-7.37778
-6.57129
-5.45449
-5.58782
-5.19323
-6.08673
-6.4402
-8.13927
-8.38106
-8.94986
-8.27551
-7.88772
-6.48081
-5.20666
-2.84934
-0.495572
0.778526
2.17175
2.59584
3.28161
2.82046
2.63431
1.11189
0.767737
-0.0635543
0.268433
0.214052
1.26134
2.15121
4.3319
6.51582
7.39003
8.39542
8.116
8.1194
6.50268
5.1999
1.97144
0.356855
-2.0071
-2.76099
-4.13953
-3.98693
-4.14604
-2.49158
-0.933882
-1.42137
-1.78616
-4.1021
-6.00164
-10.1809
-13.8221
-19.9694
-23.9277
-28.7647
-31.6213
-35.2601
-37.2188
-39.666
-40.3097
-41.2481
-44.5635
-47.9896
-53.5979
-59.0641
-66.9584
-74.7344
-85.2228
-94.5726
-105.678
-116.319
-129.333
-142.77
-159.286
-176.267
-196.852
-223.421
-246.353
-264.301
-271.396
-251.274
-172.107
6.51188
1.85532
-2.30137
-5.21497
-7.26229
-8.15413
-8.2979
-7.60815
-6.66726
-6.01771
-5.50917
-5.36153
-5.33719
-5.65901
-6.04515
-6.63593
-6.90848
-6.99638
-6.66419
-6.11241
-5.1802
-4.0366
-2.58169
-1.12495
0.0261714
0.972652
1.55764
1.93549
1.92287
1.73363
1.24914
0.944527
0.708055
0.808689
1.07024
1.70367
2.54449
3.7261
4.88379
5.64268
6.11303
6.07808
5.72101
4.78484
3.55616
1.86876
0.390213
-1.04021
-2.04015
-2.86604
-3.21446
-3.32844
-3.01417
-2.81124
-3.26886
-4.20586
-5.92042
-8.10885
-11.1097
-14.4859
-18.4557
-22.1362
-25.7499
-28.8558
-31.803
-34.278
-36.5977
-38.5806
-40.8315
-43.9531
-47.7665
-52.5793
-58.1076
-64.7027
-72.0182
-80.3426
-89.0417
-98.4546
-108.356
-119.215
-130.853
-143.605
-157.021
-171.292
-185.686
-196.626
-200.804
-193.195
-166.124
-111.936
6.78312
3.13574
-0.0259079
-2.49715
-4.27863
-5.34554
-5.81668
-5.79919
-5.53749
-5.26136
-5.04447
-4.95804
-4.98307
-5.13904
-5.35579
-5.59127
-5.70222
-5.64829
-5.36952
-4.88541
-4.18449
-3.31536
-2.31722
-1.31481
-0.43212
0.293473
0.817034
1.15099
1.27893
1.25739
1.12668
1.02247
0.993504
1.11649
1.39018
1.84656
2.44626
3.15393
3.82518
4.31
4.55739
4.50312
4.15565
3.48731
2.57212
1.46444
0.353418
-0.694073
-1.57078
-2.28095
-2.78042
-3.12838
-3.37728
-3.73826
-4.4269
-5.50675
-7.05721
-9.04698
-11.4989
-14.2956
-17.3592
-20.4418
-23.4672
-26.3195
-29.0266
-31.5614
-34.0149
-36.4663
-39.1615
-42.3471
-46.1048
-50.5309
-55.6153
-61.4097
-67.8496
-74.9232
-82.4828
-90.5287
-99.0126
-107.975
-117.329
-126.969
-136.544
-145.554
-152.922
-156.634
-154.282
-143.017
-120.022
-84.495
6.49643
3.71562
1.25433
-0.773645
-2.32495
-3.39587
-4.04013
-4.34299
-4.42962
-4.42088
-4.39315
-4.39531
-4.44171
-4.53289
-4.64085
-4.72731
-4.73479
-4.6254
-4.37201
-3.97208
-3.43248
-2.78145
-2.06044
-1.33389
-0.665821
-0.0964579
0.347743
0.661387
0.848474
0.936504
0.964234
0.990206
1.05826
1.20538
1.44516
1.78112
2.19063
2.63219
3.03303
3.31712
3.43405
3.34822
3.05013
2.54304
1.86303
1.06269
0.222859
-0.596141
-1.34349
-2.00154
-2.56684
-3.07328
-3.58132
-4.19584
-5.02397
-6.13237
-7.56385
-9.32212
-11.394
-13.7235
-16.2378
-18.8324
-21.4359
-23.9949
-26.5008
-28.964
-31.4377
-34.0031
-36.7876
-39.9196
-43.483
-47.5368
-52.1027
-57.1896
-62.7705
-68.8061
-75.2258
-81.9741
-88.9826
-96.1716
-103.397
-110.428
-116.882
-122.18
-125.428
-125.373
-120.593
-109.728
-91.9634
-67.9354
5.95707
3.83654
1.91177
0.26471
-1.0617
-2.05924
-2.7538
-3.19677
-3.45765
-3.60633
-3.69732
-3.76741
-3.83438
-3.90108
-3.95538
-3.97558
-3.93409
-3.80836
-3.58394
-3.25832
-2.83935
-2.34674
-1.81005
-1.2672
-0.755795
-0.304561
0.0680602
0.355638
0.562284
0.7041
0.805974
0.899006
1.01087
1.16251
1.36338
1.61151
1.89057
2.17088
2.41077
2.5668
2.6045
2.50086
2.24749
1.84972
1.32918
0.719824
0.0643609
-0.599294
-1.24265
-1.85354
-2.43579
-3.01361
-3.62976
-4.34346
-5.21506
-6.29034
-7.59742
-9.14308
-10.9156
-12.8827
-14.998
-17.2074
-19.4658
-21.7437
-24.0336
-26.3486
-28.7255
-31.2213
-33.9104
-36.8677
-40.1517
-43.8021
-47.8368
-52.2547
-57.0334
-62.1323
-67.4921
-73.0413
-78.6888
-84.313
-89.7388
-94.7148
-98.8831
-101.754
-102.686
-100.913
-95.6672
-86.3702
-72.9229
-56.0506
5.30027
3.67665
2.17043
0.842517
-0.270825
-1.15766
-1.82849
-2.31147
-2.64593
-2.87353
-3.03027
-3.14263
-3.22607
-3.28574
-3.31759
-3.31124
-3.25328
-3.13196
-2.94017
-2.67753
-2.35083
-1.97402
-1.56708
-1.15377
-0.757642
-0.397973
-0.0876541
0.167953
0.370986
0.530765
0.662021
0.782282
0.907774
1.05038
1.21512
1.39902
1.59034
1.76944
1.91094
1.98857
1.98022
1.87087
1.65461
1.335
0.925107
0.445273
-0.0803891
-0.629685
-1.18658
-1.74473
-2.30904
-2.89663
-3.53558
-4.26152
-5.11061
-6.11225
-7.2851
-8.63493
-10.1547
-11.8256
-13.6205
-15.509
-17.4652
-19.4725
-21.5276
-23.6414
-25.8391
-28.1583
-30.6442
-33.3423
-36.2897
-39.5111
-43.0157
-46.7972
-50.832
-55.0796
-59.4822
-63.9637
-68.4252
-72.7367
-76.7249
-80.1609
-82.7478
-84.1167
-83.8361
-81.4522
-76.5728
-68.9878
-58.8132
-46.6134
4.59246
3.34777
2.17244
1.11145
0.19399
-0.566996
-1.17359
-1.63994
-1.98803
-2.24269
-2.42704
-2.55941
-2.65195
-2.71037
-2.73477
-2.72116
-2.66366
-2.55699
-2.39837
-2.18898
-1.93443
-1.6447
-1.33327
-1.01562
-0.707017
-0.420354
-0.164623
0.0559284
0.241931
0.398456
0.533852
0.657975
0.779978
0.906323
1.03922
1.17574
1.30765
1.42203
1.50297
1.53408
1.50126
1.39476
1.21044
0.950214
0.621682
0.236657
-0.191154
-0.649179
-1.12872
-1.62709
-2.14878
-2.70572
-3.31615
-4.00228
-4.7865
-5.68758
-6.7179
-7.88196
-9.17622
-10.59
-12.108
-13.713
-15.3907
-17.1322
-18.9369
-20.813
-22.7776
-24.8547
-27.0723
-29.4577
-32.033
-34.8116
-37.7957
-40.9746
-44.3237
-47.8034
-51.3581
-54.9142
-58.3769
-61.625
-64.5056
-66.8287
-68.3654
-68.8534
-68.0133
-65.5834
-61.3736
-55.3335
-47.6196
-38.6339
3.86791
2.91854
2.00931
1.17317
0.432953
-0.199207
-0.721222
-1.13928
-1.46526
-1.71375
-1.89929
-2.03424
-2.12762
-2.18472
-2.20739
-2.19499
-2.14563
-2.05757
-1.93047
-1.76625
-1.56952
-1.34745
-1.10928
-0.86532
-0.625696
-0.399112
-0.191868
-0.00729541
0.154356
0.295596
0.420922
0.535713
0.644913
0.751802
0.857026
0.958053
1.04911
1.1217
1.16562
1.17049
1.12726
1.02953
0.874383
0.662605
0.398406
0.0884458
-0.259623
-0.638914
-1.04498
-1.4771
-1.93904
-2.43902
-2.98899
-3.60306
-4.29541
-5.0781
-5.95941
-6.9428
-8.02684
-9.20582
-10.4712
-11.8137
-13.2256
-14.7023
-16.2447
-17.8586
-19.5553
-21.3501
-23.2599
-25.3008
-27.4847
-29.8175
-32.2963
-34.908
-37.6283
-40.4203
-43.2331
-46.0004
-48.6385
-51.0437
-53.0901
-54.6296
-55.4939
-55.5028
-54.48
-52.2777
-48.8101
-44.0897
-38.2577
-31.5935
3.14412
2.43101
1.74046
1.09626
0.515786
0.00942279
-0.419124
-0.771805
-1.05468
-1.2761
-1.44503
-1.5696
-1.65624
-1.70933
-1.73123
-1.7228
-1.68408
-1.61514
-1.51679
-1.39116
-1.24191
-1.07423
-0.894493
-0.709644
-0.526484
-0.350925
-0.187388
-0.0384538
0.0952204
0.214678
0.322178
0.420503
0.512165
0.598652
0.67984
0.753663
0.816109
0.861556
0.883424
0.87505
0.830603
0.74586
0.618711
0.44931
0.239841
-0.00608631
-0.28434
-0.591313
-0.924929
-1.28543
-1.67577
-2.10161
-2.57079
-3.0924
-3.6755
-4.32792
-5.05521
-5.86002
-6.74207
-7.69848
-8.72477
-9.81601
-10.9682
-12.1793
-13.4506
-14.7861
-16.1932
-17.6812
-19.2602
-20.939
-22.7234
-24.6145
-26.6066
-28.6862
-30.8311
-33.0085
-35.1747
-37.2739
-39.2368
-40.98
-42.4058
-43.4039
-43.8551
-43.6388
-42.646
-40.7948
-38.0509
-34.4468
-30.0944
-25.1859
2.42907
1.91078
1.40465
0.927383
0.491689
0.105778
-0.2265
-0.505089
-0.732815
-0.914302
-1.05491
-1.15983
-1.23347
-1.27914
-1.29905
-1.29452
-1.26636
-1.21536
-1.14273
-1.05039
-0.941164
-0.818722
-0.687412
-0.551892
-0.416694
-0.285797
-0.162264
-0.0480267
0.0561589
0.150574
0.236234
0.31447
0.386444
0.452704
0.512824
0.565217
0.60714
0.634915
0.644316
0.631093
0.591503
0.522775
0.423402
0.293227
0.133287
-0.0545632
-0.268198
-0.505843
-0.766674
-1.05127
-1.36187
-1.70228
-2.07761
-2.49368
-2.95628
-3.47044
-4.03987
-4.66655
-5.35069
-6.09102
-6.88529
-7.73103
-8.62629
-9.57039
-10.5643
-11.6111
-12.715
-13.8818
-15.1171
-16.4255
-17.809
-19.2663
-20.7911
-22.371
-23.9872
-25.613
-27.2133
-28.744
-30.1518
-31.3736
-32.3379
-32.9663
-33.1776
-32.8937
-32.0483
-30.5974
-28.5307
-25.8815
-22.7322
-19.2123
1.72494
1.37295
1.02712
0.698518
0.395773
0.124772
-0.11132
-0.311755
-0.477682
-0.611522
-0.716333
-0.795259
-0.851129
-0.886231
-0.902268
-0.900452
-0.881713
-0.84695
-0.797272
-0.734183
-0.659676
-0.57622
-0.486641
-0.393925
-0.300969
-0.210331
-0.124027
-0.0434044
0.0308811
0.0987823
0.160682
0.217146
0.268643
0.315283
0.356616
0.391521
0.418219
0.4344
0.437454
0.424765
0.394021
0.343471
0.272097
0.179652
0.0665673
-0.0662715
-0.217842
-0.387348
-0.574555
-0.780054
-1.00539
-1.25302
-1.52614
-1.82833
-2.16315
-2.53374
-2.94246
-3.39068
-3.87877
-4.40624
-4.97206
-5.57507
-6.21442
-6.88996
-7.60249
-8.35384
-9.14668
-9.98413
-10.8692
-11.8039
-12.7887
-13.8214
-14.8963
-16.004
-17.1299
-18.2544
-19.3521
-20.3914
-21.3347
-22.1384
-22.7539
-23.1296
-23.2134
-22.9573
-22.3228
-21.287
-19.8494
-18.0364
-15.9038
-13.5346
1.03057
0.826324
0.624857
0.432484
0.254212
0.0935655
-0.0474172
-0.168037
-0.268675
-0.350461
-0.414949
-0.46381
-0.498615
-0.520695
-0.531109
-0.530675
-0.520067
-0.49994
-0.471048
-0.434338
-0.391001
-0.34246
-0.290313
-0.236233
-0.181834
-0.128554
-0.0775386
-0.0295873
0.0148649
0.0557003
0.0930254
0.127042
0.157902
0.185572
0.20973
0.22971
0.24451
0.252857
0.25333
0.244509
0.225132
0.19423
0.151211
0.0958761
0.0283738
-0.0509224
-0.141576
-0.243275
-0.356004
-0.480177
-0.616702
-0.766959
-0.932697
-1.11587
-1.3184
-1.54202
-1.78804
-2.05726
-2.34999
-2.66609
-3.00513
-3.36664
-3.75028
-4.15609
-4.58457
-5.0367
-5.51389
-6.01768
-6.54947
-7.11007
-7.69924
-8.31523
-8.95429
-9.61028
-10.2743
-10.9342
-11.5747
-12.1769
-12.7184
-13.1738
-13.5151
-13.7129
-13.7384
-13.5657
-13.1748
-12.5552
-11.7086
-10.6515
-9.41623
-8.04891
-1414.45
-1443.77
-1473.46
-1503.44
-1533.6
-1563.87
-1594.17
-1624.43
-1654.61
-1684.64
-1714.5
-1744.15
-1773.58
-1802.76
-1831.68
-1860.34
-1888.74
-1916.89
-1944.78
-1972.45
-1999.89
-2027.14
-2054.22
-2081.14
-2107.94
-2134.64
-2161.26
-2187.82
-2214.36
-2240.89
-2267.42
-2293.98
-2320.58
-2347.23
-2373.95
-2400.75
-2427.64
-2454.62
-2481.7
-2508.87
-2536.14
-2563.49
-2590.92
-2618.39
-2645.89
-2673.38
-2700.82
-2728.18
-2755.4
-2782.44
-2809.23
-2835.72
-2861.83
-2887.48
-2912.6
-2937.08
-2960.83
-2983.73
-3005.65
-3026.46
-3046.02
-3064.16
-3080.72
-3095.52
-3108.37
-3119.08
-3127.43
-3133.21
-3136.18
-3136.09
-3132.69
-3125.7
-3114.84
-3099.81
-3080.3
-3056.01
-3026.64
-2991.87
-2951.44
-2905.09
-2852.6
-2793.81
-2728.64
-2657.06
-2579.15
-2495.11
-2405.2
-2309.83
-2209.5
-2104.77
832.675
446.016
282.981
199.101
149.118
115.994
92.2436
74.1484
59.6725
47.6117
37.2047
27.9416
19.4597
11.4855
3.79764
166.095
226.76
196.811
159.222
127.983
103.562
84.3495
68.8561
55.9936
45.0016
35.3459
26.6414
18.5998
10.9948
3.63808
12.0092
98.1141
118.278
112.99
100.029
85.9213
72.735
60.9322
50.4435
41.0547
32.5354
24.6781
17.3033
10.2558
3.3979
-27.3281
35.4091
65.1944
74.4313
73.2219
67.3579
59.7364
51.6933
43.7931
36.2376
29.0627
22.232
15.6791
9.32703
3.09561
-37.1022
5.65576
32.6592
46.318
51.0684
50.551
47.1588
42.3107
36.7976
31.0396
25.2456
19.5078
13.854
8.2775
2.75309
-37.9323
-8.34274
13.4684
27.1127
34.1821
36.6182
36.0367
33.5924
30.0467
25.8771
21.372
16.6993
11.9516
7.17579
2.39231
-35.6207
-14.5626
2.44437
14.4818
21.9288
25.7024
26.7769
25.9753
23.9194
21.0497
17.6659
13.9657
10.0771
6.0817
2.03265
-32.0797
-16.7312
-3.61035
6.44116
13.3486
17.4852
19.3928
19.6121
18.6055
16.7363
14.2759
11.4204
8.30919
5.04127
1.68924
-28.0323
-16.672
-6.59594
1.54426
7.53895
11.4968
13.6968
14.4747
14.1539
13.0139
11.2809
9.13077
6.69794
4.0849
1.37224
-23.7799
-15.3289
-7.64587
-1.20736
3.76591
7.26583
9.42278
10.4357
10.5214
9.88448
8.70274
7.12375
5.26681
3.2281
1.08703
-19.4548
-13.2179
-7.45151
-2.49397
1.466
4.37767
6.29257
7.32371
7.61146
7.29964
6.52173
5.39458
4.01736
2.47358
0.834798
-15.1144
-10.6364
-6.44831
-2.78304
0.214332
2.48625
4.04604
4.95506
5.30098
5.18085
4.68992
3.91544
2.93445
1.81405
0.613405
-10.7816
-7.76519
-4.92225
-2.40424
-0.31194
1.30689
2.45022
3.14944
3.45648
3.43281
3.14159
2.64277
1.99092
1.23477
0.418188
-6.46206
-4.72047
-3.07129
-1.59973
-0.364777
0.602996
1.29845
1.73595
1.94262
1.95227
1.80079
1.5231
1.15164
0.715886
0.242722
-1985.44
-1850.94
-1713.28
-1573.57
-1432.8
-1291.8
-1151.22
-1011.52
-872.988
-735.767
-599.857
-465.155
-331.474
-198.564
-66.1339
)
;

boundaryField
{
    hot
    {
        type            calculated;
        value           nonuniform List<scalar> 
120
(
1001.87
-0.212734
-0.357797
-0.507369
-0.662553
-0.82369
-0.990076
-1.15972
-1.32913
-1.49317
-1.64523
-1.77759
-1.88224
-1.95187
-1.98116
-1.97214
-1.93183
-1.86476
-1.7747
-1.6664
-1.54509
-1.41597
-1.28384
-1.15283
-1.02623
-0.906498
-0.795272
-0.69351
-0.601597
-0.519483
-0.4468
-0.38297
-0.327289
-0.278993
-0.237303
-0.201462
-0.170756
-0.144525
-0.122171
-0.103159
-0.087016
-0.073326
-0.0617272
-0.051906
-0.0435919
-0.0365521
-0.0305871
-0.0255257
-0.0212214
-0.0175488
-0.0143999
-0.0116817
-0.00931371
-0.00722523
-0.00535386
-0.0036435
-0.00204277
-0.000503506
0.00102067
0.0025757
0.00420843
0.00596801
0.00790737
0.0100847
0.0125652
0.0154229
0.0187429
0.0226234
0.027179
0.0325431
0.0388718
0.0463481
0.0551857
0.0656344
0.0779858
0.0925787
0.109806
0.13012
0.154041
0.182159
0.215139
0.253726
0.298734
0.351044
0.411583
0.481292
0.561088
0.651793
0.754055
0.868233
0.994265
1.13152
1.27862
1.43331
1.59233
1.75134
1.90505
2.04739
2.17189
2.27225
2.34294
2.37987
2.38089
2.34607
2.27766
2.16705
2.01596
1.84184
1.65504
1.46453
1.27731
1.09828
0.930343
0.774773
0.63157
0.499818
0.377984
0.26414
0.156124
-1010.42
)
;
    }
    cold
    {
        type            calculated;
        value           nonuniform List<scalar> 
120
(
6.60061
-0.0664429
-0.110077
-0.152662
-0.193672
-0.232486
-0.268382
-0.300547
-0.328106
-0.350185
-0.365985
-0.374885
-0.376548
-0.371002
-0.358689
-0.342387
-0.323809
-0.302629
-0.279669
-0.255735
-0.231568
-0.207804
-0.184956
-0.163408
-0.143418
-0.125135
-0.108617
-0.0938494
-0.0807663
-0.069265
-0.059221
-0.0504994
-0.0429622
-0.036475
-0.0309103
-0.0261503
-0.0220877
-0.018626
-0.0156799
-0.013174
-0.0110423
-0.00922756
-0.00767981
-0.00635585
-0.00521816
-0.00423412
-0.00337523
-0.0026164
-0.00193527
-0.00131169
-0.00072707
-0.000163933
0.000394627
0.000965422
0.00156566
0.00221348
0.00292845
0.00373217
0.00464896
0.0057065
0.00693674
0.00837679
0.0100701
0.0120676
0.0144293
0.0172262
0.020542
0.0244756
0.0291444
0.0346869
0.0412667
0.0490776
0.0583478
0.0693463
0.08239
0.0978504
0.116163
0.137837
0.163462
0.193726
0.229416
0.271438
0.320817
0.378707
0.44639
0.525268
0.616841
0.722674
0.844337
0.983321
1.14092
1.31805
1.5151
1.7316
1.96603
2.21546
2.47532
2.7392
2.99879
3.24406
3.46373
3.646
3.77966
3.85526
3.8664
3.79764
3.63808
3.3979
3.09561
2.75309
2.39231
2.03265
1.68924
1.37224
1.08703
0.834798
0.613405
0.418188
0.242722
-66.1339
)
;
    }
    interface_left
    {
        type            calculated;
        value           nonuniform List<scalar> 
90
(
-345.275
-117.343
-47.2099
-22.73
-12.7797
-8.05413
-5.48539
-3.93605
-2.92811
-2.2355
-1.73993
-1.37432
-1.09807
-0.885359
-0.719071
-0.587462
-0.482245
-0.397426
-0.32858
-0.27238
-0.226284
-0.188326
-0.156965
-0.13098
-0.109397
-0.0914337
-0.0764548
-0.0639432
-0.0534756
-0.0447036
-0.0373396
-0.0311447
-0.0259206
-0.0215009
-0.0177465
-0.0145396
-0.0117802
-0.0093827
-0.00727306
-0.00538627
-0.0036644
-0.00205466
-0.000507807
0.00102344
0.00258586
0.0042272
0.00599766
0.00795144
0.0101485
0.0126564
0.0155524
0.0189262
0.0228826
0.0275452
0.0330603
0.0396022
0.0473792
0.0566414
0.0676896
0.0808874
0.0966754
0.11559
0.138288
0.165574
0.198446
0.238146
0.286229
0.344666
0.415981
0.503437
0.611322
0.745356
0.913311
1.12598
1.39871
1.75399
2.22595
2.86849
3.77142
5.09424
7.14467
10.5799
16.9803
30.6489
64.7413
163.519
487.122
485.588
156.891
43.0558
)
;
    }
    interface_right
    {
        type            calculated;
        value           nonuniform List<scalar> 
90
(
-20.0768
-7.53156
-3.42728
-1.86499
-1.16085
-0.790068
-0.569494
-0.426327
-0.327588
-0.256496
-0.203673
-0.16348
-0.132329
-0.107831
-0.088339
-0.0726829
-0.06001
-0.0496863
-0.0412315
-0.0342764
-0.028533
-0.0237746
-0.0198205
-0.0165258
-0.0137731
-0.0114666
-0.00952808
-0.00789266
-0.00650659
-0.00532491
-0.0043097
-0.00342871
-0.00265419
-0.00196192
-0.0013304
-0.000740083
-0.000172812
0.000388817
0.000961983
0.00156418
0.00221378
0.00293057
0.00373637
0.00465573
0.00571667
0.00695152
0.00839797
0.0101002
0.0121102
0.0144897
0.0173115
0.0206624
0.0246457
0.0293845
0.0350259
0.0417454
0.0497533
0.0593017
0.070693
0.0842912
0.100535
0.119953
0.143187
0.171016
0.204391
0.244476
0.292704
0.35085
0.421129
0.506325
0.609968
0.736589
0.892068
1.08415
1.32319
1.62332
2.00421
2.49396
3.13389
3.98688
5.15269
6.79802
9.21996
12.9931
19.3468
31.2401
56.7303
120.437
305.126
910.011
)
;
    }
    interface_top
    {
        type            calculated;
        value           nonuniform List<scalar> 
90
(
-52.2001
44.6948
-76.0532
6.57008
-63.6026
-3.45946
-53.7884
-15.7037
19.3265
-25.3494
18.4814
-25.937
20.5969
-27.3905
23.1858
-42.7647
5.14647
-36.4194
2.49398
-30.4023
1.7669
-26.3026
-3.4357
19.1248
-8.36296
22.2924
-8.54046
27.3622
-10.3344
32.8553
-26.3374
18.4701
-24.5114
15.2703
-21.9456
13.2615
-20.5331
5.65266
32.3893
-1.94368
36.3564
-4.44033
42.6369
-9.95782
48.8392
-35.7316
26.4733
-36.3692
19.4975
-35.9965
13.8172
-37.6037
-0.784623
36.9324
-16.6497
37.6627
-25.3528
39.879
-37.7641
40.1895
-74.2178
3.951
-75.5296
-9.68789
-76.5058
-21.4572
-80.3657
-42.685
-5.80217
-64.8439
-13.8923
-79.4742
-21.8456
-97.7317
-32.814
-136.222
-73.7632
-149.952
-98.157
-171.975
-126.716
-219.853
-191.883
-159.077
-374.668
-377.97
-444.007
-590.539
-920.665
-1785.67
)
;
    }
    interface_bottom
    {
        type            calculated;
        value           nonuniform List<scalar> 
90
(
418.108
160.839
130.464
56.2897
81.0929
38.1516
61.9843
36.5718
14.3337
37.8654
12.747
35.9971
11.4933
35.4708
11.469
41.1182
21.1967
36.4916
23.6991
31.5115
24.2806
27.3882
24.468
23.2762
23.6715
25.3238
21.6833
27.4255
18.6742
29.3439
11.4578
25.2712
9.45903
24.1941
7.83823
23.1608
5.48738
18.3117
32.527
12.2146
34.4548
8.29084
36.6942
2.92617
37.9092
-11.2513
24.8248
-9.66974
22.7334
-8.4476
21.4365
-9.35972
13.8054
38.2548
4.53094
40.5953
-0.422296
43.5145
-7.21332
45.0147
-26.6463
25.969
-23.1925
23.1808
-20.7437
21.3628
-21.4636
10.771
44.5296
-1.83587
47.7024
-8.35367
52.3244
-17.7283
56.1812
-48.9429
27.7734
-48.9817
20.4687
-51.6997
12.3203
-61.3273
-13.2908
37.1548
-63.8226
-7.44138
62.4003
-145.342
-88.5145
-73.4149
)
;
    }
    defaultFaces
    {
        type            empty;
    }
}


// ************************************************************************* //
