/*--------------------------------*- C++ -*----------------------------------*\
| =========                 |                                                 |
| \\      /  F ield         | OpenFOAM: The Open Source CFD Toolbox           |
|  \\    /   O peration     | Version:  5.x                                   |
|   \\  /    A nd           | Web:      www.OpenFOAM.org                      |
|    \\/     M anipulation  |                                                 |
\*---------------------------------------------------------------------------*/
FoamFile
{
    version     2.0;
    format      ascii;
    class       volScalarField;
    location    "19.9";
    object      T;
}
// * * * * * * * * * * * * * * * * * * * * * * * * * * * * * * * * * * * * * //

dimensions      [0 0 0 1 0 0 0];

internalField   nonuniform List<scalar> 
6300
(
9.92096
9.76395
9.61018
9.46176
9.32075
9.1891
9.06862
8.96095
8.86743
8.78914
8.72673
8.68045
8.65007
8.63484
8.6336
9.91987
9.76071
9.60482
9.45434
9.31138
9.17791
9.05581
8.94676
8.85219
8.77322
8.71058
8.66454
8.63487
8.62082
8.62116
9.91769
9.75419
9.59403
9.43942
9.29249
9.15534
9.02994
8.91808
8.82134
8.74096
8.6778
8.63222
8.60402
8.5924
8.59598
9.9144
9.74434
9.57771
9.41678
9.26382
9.12102
8.9905
8.87427
8.77409
8.69145
8.62741
8.58249
8.55655
8.54873
8.55744
9.90996
9.73104
9.55567
9.38619
9.22497
9.07439
8.93677
8.81438
8.70929
8.62333
8.55789
8.51375
8.49093
8.4885
8.50456
9.90434
9.71422
9.52772
9.34731
9.17548
9.01478
8.86781
8.73716
8.62534
8.53466
8.46702
8.42367
8.40489
8.40974
8.4359
9.89751
9.69376
9.49369
9.29985
9.11485
8.94144
8.78252
8.64109
8.52023
8.42292
8.35185
8.309
8.2952
8.30962
8.34943
9.88946
9.66961
9.45344
9.24354
9.04261
8.8536
8.67971
8.52444
8.39154
8.28493
8.20843
8.16524
8.15726
8.1841
8.24231
9.88019
9.64176
9.40692
9.17824
8.95845
8.75063
8.55828
8.38539
8.23654
8.11682
8.03167
7.98626
7.98446
8.02717
8.11043
9.86973
9.6103
9.35426
9.10403
8.8623
8.63219
8.41737
8.2223
8.05238
7.91412
7.81514
7.76364
7.76714
7.82964
7.94763
9.85816
9.57547
9.29578
9.0213
8.75453
8.49843
8.25671
8.03405
7.83654
7.67213
7.55109
7.48601
7.49077
7.5766
7.74384
9.8456
9.53762
9.2321
8.93087
8.63606
8.3503
8.07698
7.82063
7.58757
7.38676
7.23104
7.13853
7.13329
7.24214
7.48056
9.83224
9.4973
9.16411
8.834
8.50854
8.18973
7.88025
7.58391
7.30634
7.05629
6.84777
6.70376
6.66169
6.77807
7.11704
9.81831
9.45522
9.09305
8.73248
8.37436
8.01981
7.67038
7.3284
6.99758
6.68427
6.39997
6.16704
6.03159
6.09139
6.54002
9.80408
9.41223
9.02037
8.6285
8.23662
7.84477
7.45305
7.0617
6.67131
6.28322
5.90077
5.53282
5.20624
5.01585
5.34994
8.64383
8.66054
8.68349
8.71146
8.74322
8.7776
8.81349
8.84991
8.88595
8.92084
8.95391
8.98459
9.01242
9.03702
9.05808
9.07536
9.08865
9.09782
9.10275
9.10337
9.09963
9.09149
9.07894
9.062
9.04067
9.01498
8.98498
8.95071
8.91223
8.86959
8.82284
8.77206
8.7173
8.65862
8.59608
8.52973
8.45961
8.38579
8.3083
8.2272
8.14253
8.05435
7.96271
7.86767
7.76929
7.66762
7.56272
7.45465
7.34346
7.22918
7.11188
6.99158
6.86833
6.74218
6.61315
6.48132
6.34673
6.20946
6.06958
5.92719
5.78238
5.63525
5.48592
5.3345
5.18113
5.02593
4.86904
4.71064
4.55088
4.38997
4.22814
4.06564
3.90277
3.73983
3.57717
3.41519
3.25426
3.09481
2.93726
2.78203
2.62953
2.48018
2.33435
2.1924
2.05464
1.92134
1.79274
1.66899
1.55022
1.43646
8.63311
8.65152
8.67623
8.70595
8.73939
8.77535
8.81269
8.85039
8.88756
8.9234
8.95728
8.98863
9.01701
9.04206
9.06347
9.08102
9.09452
9.10385
9.10889
9.10959
9.10588
9.09776
9.08521
9.06823
9.04686
9.02112
8.99105
8.9567
8.91814
8.87541
8.82858
8.77771
8.72287
8.66411
8.60149
8.53506
8.46488
8.39098
8.31343
8.23225
8.14751
8.05925
7.96753
7.87241
7.77395
7.6722
7.56722
7.45908
7.34782
7.23348
7.11612
6.99576
6.87246
6.74623
6.61714
6.48522
6.35053
6.21315
6.07315
5.93062
5.78565
5.63837
5.48887
5.33727
5.18371
5.0283
4.87119
4.71253
4.55249
4.39126
4.22906
4.06615
3.90282
3.73937
3.57618
3.41362
3.2521
3.09205
2.93389
2.77806
2.62498
2.47508
2.32875
2.18634
2.04819
1.91457
1.78572
1.66182
1.54298
1.42925
8.61148
8.63338
8.66171
8.69502
8.73191
8.77108
8.81132
8.8516
8.89099
8.92875
8.96422
8.99689
9.02635
9.05225
9.07435
9.09243
9.10634
9.11597
9.12122
9.12206
9.11843
9.11033
9.09776
9.08073
9.05927
9.03341
9.0032
8.9687
8.92996
8.88706
8.84005
8.78901
8.734
8.67508
8.6123
8.54573
8.47541
8.40138
8.32368
8.24237
8.15748
8.06907
7.97718
7.88189
7.78326
7.68135
7.57621
7.46792
7.35653
7.24207
7.1246
7.00413
6.88071
6.75437
6.62513
6.49304
6.35816
6.22055
6.0803
5.93748
5.79222
5.64461
5.49478
5.34283
5.18889
5.03308
4.87553
4.71637
4.55576
4.39389
4.23097
4.06724
3.90298
3.73853
3.57425
3.41053
3.24781
3.08652
2.92713
2.77009
2.61584
2.46483
2.31747
2.17414
2.03518
1.90091
1.77157
1.64735
1.52837
1.41469
8.57855
8.60597
8.63996
8.67887
8.7211
8.76519
8.80986
8.85401
8.89674
8.93731
8.97512
9.00972
9.04072
9.06787
9.09094
9.10978
9.12426
9.1343
9.13985
9.14087
9.13734
9.12927
9.11665
9.09953
9.07792
9.05188
9.02145
8.98671
8.94771
8.90453
8.85725
8.80594
8.75067
8.69151
8.62851
8.56172
8.4912
8.41697
8.33908
8.25755
8.17244
8.08379
7.99166
7.89612
7.79722
7.69505
7.58968
7.48117
7.36957
7.25494
7.13731
7.01669
6.89312
6.7666
6.63715
6.50482
6.36965
6.2317
6.09106
5.94783
5.8021
5.65401
5.50367
5.3512
5.19671
5.04032
4.88212
4.72224
4.56082
4.39801
4.234
4.06903
3.90339
3.7374
3.57146
3.40597
3.24141
3.07824
2.91696
2.75806
2.60202
2.4493
2.30036
2.1556
2.01541
1.88013
1.75002
1.62531
1.50613
1.39254
8.53372
8.56903
8.6111
8.65791
8.70756
8.75841
8.80908
8.85842
8.90555
8.94978
8.9906
9.02764
9.0606
9.08929
9.11357
9.13332
9.1485
9.15904
9.16493
9.16616
9.16273
9.15466
9.14197
9.1247
9.10289
9.07658
9.04585
9.01076
8.9714
8.92784
8.88018
8.82849
8.77287
8.71338
8.65008
8.58302
8.51224
8.43776
8.35961
8.27782
8.19242
8.10346
8.01099
7.91508
7.81582
7.7133
7.60759
7.49878
7.38692
7.27207
7.15424
7.03345
6.90969
6.78297
6.65328
6.52063
6.38508
6.24668
6.10551
5.96169
5.81534
5.6666
5.51559
5.36243
5.20724
5.05009
4.89109
4.7303
4.56783
4.4038
4.23836
4.07175
3.90424
3.73618
3.56796
3.40006
3.23297
3.06721
2.90334
2.74188
2.58337
2.42832
2.2772
2.13048
1.98857
1.85186
1.72068
1.59528
1.47582
1.36237
8.47617
8.52233
8.57539
8.63278
8.69224
8.75186
8.81015
8.86595
8.91846
8.9671
9.01148
9.05136
9.08656
9.117
9.14263
9.1634
9.17933
9.1904
9.19665
9.19808
9.19473
9.18663
9.17382
9.15634
9.13424
9.10759
9.07644
9.0409
9.00104
8.95698
8.90881
8.85664
8.80056
8.74066
8.67699
8.60961
8.53853
8.46376
8.38532
8.30322
8.21746
8.12809
8.03518
7.9388
7.83906
7.73606
7.62991
7.5207
7.40852
7.2934
7.17537
7.0544
6.93047
6.80354
6.67358
6.54058
6.40455
6.26556
6.12371
5.97913
5.83197
5.68239
5.53054
5.37654
5.22051
5.0625
4.90257
4.74073
4.57704
4.41155
4.24439
4.07574
3.90586
3.73514
3.56399
3.39295
3.22257
3.05345
2.88621
2.72144
2.55973
2.40163
2.24769
2.09839
1.95422
1.81563
1.683
1.55667
1.43684
1.3236
8.40482
8.46566
8.53338
8.60464
8.67664
8.7472
8.81473
8.87818
8.93689
8.99049
9.03879
9.08173
9.11932
9.15159
9.1786
9.2004
9.21707
9.22866
9.23522
9.23681
9.23349
9.22531
9.21231
9.19455
9.17208
9.14497
9.1133
9.07716
9.03667
8.99195
8.94313
8.89033
8.83368
8.77328
8.70918
8.64143
8.57004
8.49498
8.41624
8.33378
8.24762
8.15777
8.06429
7.9673
7.86691
7.76327
7.65654
7.54684
7.43427
7.31887
7.20065
7.07955
6.95551
6.82842
6.6982
6.56481
6.42822
6.28852
6.1458
6.00024
5.85204
5.7014
5.54852
5.39355
5.23657
5.07764
4.91673
4.7538
4.5888
4.42169
4.25252
4.08143
3.90868
3.73466
3.55984
3.38484
3.21031
3.03696
2.86548
2.69656
2.53085
2.36896
2.21146
2.0589
1.91183
1.77078
1.63625
1.50868
1.38836
1.27542
8.31832
8.39903
8.48622
8.5754
8.66308
8.74683
8.82514
8.89719
8.96264
9.02145
9.07376
9.11976
9.15967
9.19369
9.22199
9.24474
9.26207
9.27408
9.28088
9.28256
9.27919
9.27085
9.25759
9.23946
9.21653
9.18885
9.15652
9.11963
9.07832
9.03275
8.98309
8.9295
8.87214
8.81114
8.74656
8.67843
8.60675
8.53144
8.45242
8.36963
8.28301
8.19258
8.0984
8.0006
7.89936
7.79489
7.68739
7.57706
7.46403
7.34835
7.23
7.10889
6.98487
6.85775
6.72735
6.59356
6.45634
6.31574
6.17192
6.02509
5.87555
5.72359
5.56947
5.41337
5.25541
5.09558
4.93377
4.76982
4.60354
4.43474
4.26337
4.08948
3.91331
3.73527
3.55593
3.37602
3.19634
3.01774
2.84104
2.66704
2.49645
2.32993
2.16808
2.01149
1.86076
1.71653
1.57947
1.45022
1.32923
1.21672
8.21508
8.32304
8.43616
8.54826
8.65512
8.75425
8.84451
8.92564
8.99788
9.06173
9.11776
9.16651
9.20845
9.24395
9.27333
9.29683
9.31464
9.32694
9.33384
9.33549
9.33199
9.3234
9.3098
9.29124
9.26774
9.23937
9.20622
9.16838
9.12604
9.07937
9.02863
8.97403
8.91579
8.85407
8.78896
8.7205
8.6486
8.57315
8.49398
8.41091
8.32384
8.23273
8.13766
8.0388
7.9364
7.83078
7.72225
7.6111
7.49753
7.3816
7.26327
7.14237
7.01863
6.89172
6.76133
6.62721
6.48927
6.34756
6.2023
6.05381
5.90251
5.74884
5.5932
5.43585
5.2769
5.11631
4.95385
4.78917
4.62185
4.45148
4.27781
4.10078
3.9206
3.73771
3.55283
3.36684
3.18079
2.99574
2.8127
2.63258
2.45618
2.28416
2.11712
1.95562
1.80029
1.65193
1.51145
1.37983
1.25788
1.14598
8.09332
8.23958
8.38752
8.52864
8.65823
8.77439
8.87699
8.96683
9.04515
9.11322
9.17219
9.22301
9.26642
9.30297
9.33307
9.35704
9.37511
9.38748
9.39432
9.39579
9.39202
9.38311
9.3691
9.35003
9.3259
9.29672
9.26257
9.22356
9.17989
9.13181
9.07964
9.02372
8.96436
8.9018
8.83615
8.76742
8.69551
8.62016
8.54106
8.45788
8.37039
8.27851
8.18231
8.08203
7.97802
7.87079
7.76083
7.64858
7.53435
7.41823
7.30017
7.17988
7.05691
6.93067
6.8006
6.66629
6.52756
6.38446
6.23728
6.08651
5.93282
5.7769
5.61935
5.46057
5.30072
5.13969
4.97709
4.81229
4.6445
4.47293
4.29704
4.1166
3.93175
3.74301
3.55127
3.35772
3.16378
2.97083
2.78013
2.59275
2.40956
2.23121
2.05817
1.89084
1.72979
1.57597
1.43067
1.29551
1.17203
1.06101
7.95163
8.15368
8.34866
8.52557
8.68062
8.814
8.92777
9.02457
9.1071
9.17774
9.23829
9.29013
9.3342
9.37119
9.40157
9.42567
9.44371
9.4559
9.46245
9.46355
9.45938
9.45006
9.43562
9.41604
9.39123
9.36116
9.32584
9.28539
9.24001
9.19005
9.13597
9.07829
9.01748
8.95389
8.88767
8.81886
8.74727
8.6725
8.59394
8.51097
8.4232
8.33044
8.23278
8.13051
8.02423
7.91464
7.80262
7.68885
7.5738
7.45761
7.34022
7.22118
7.09981
6.97506
6.8459
6.71169
6.57208
6.42717
6.27734
6.12338
5.96628
5.80725
5.6472
5.48678
5.32618
5.16527
5.00343
4.83968
4.67254
4.50055
4.32278
4.13871
3.94847
3.75258
3.55227
3.34915
3.14532
2.94263
2.74275
2.54686
2.35596
2.17057
1.99097
1.817
1.64886
1.4877
1.33528
1.19433
1.06825
0.958599
7.79097
8.0779
8.33576
8.55392
8.73418
8.88179
9.00291
9.10278
9.18613
9.25671
9.31688
9.36835
9.41208
9.44886
9.47904
9.50294
9.52064
9.53237
9.53834
9.53883
9.53408
9.52427
9.50947
9.48949
9.46405
9.43306
9.3964
9.35422
9.30662
9.25415
9.19736
9.1373
9.07452
9.00966
8.94283
8.87423
8.80351
8.73021
8.65309
8.57089
8.48311
8.38932
8.28979
8.18471
8.07511
7.9619
7.84688
7.73088
7.61481
7.49865
7.38254
7.26577
7.14751
7.02573
6.89842
6.76478
6.62416
6.47692
6.32329
6.16471
6.00245
5.83901
5.67552
5.51321
5.35203
5.19213
5.03248
4.8719
4.70751
4.53646
4.35754
4.16969
3.97327
3.76847
3.55727
3.34155
3.1252
2.91036
2.69958
2.49375
2.2944
2.10159
1.91563
1.73477
1.55785
1.38684
1.22336
1.07174
0.940778
0.833638
7.62343
8.04396
8.37995
8.63682
8.83469
8.98768
9.10862
9.20471
9.28348
9.35062
9.40794
9.45764
9.49994
9.53597
9.5655
9.58905
9.60612
9.61706
9.62208
9.62156
9.61601
9.6056
9.59072
9.57073
9.54479
9.51306
9.47485
9.43077
9.38017
9.32442
9.26341
9.20015
9.13448
9.0682
9.00048
8.93259
8.86339
8.79335
8.71951
8.63878
8.55161
8.45639
8.35475
8.24536
8.13112
8.0117
7.89248
7.77295
7.65587
7.53956
7.42578
7.31245
7.20021
7.08431
6.95997
6.8279
6.68571
6.53582
6.3763
6.2113
6.04027
5.8708
5.70209
5.53797
5.37598
5.2186
5.06285
4.90954
4.75206
4.58366
4.40514
4.21295
4.01011
3.79357
3.56876
3.33482
3.1029
2.87221
2.64926
2.43129
2.22342
2.02271
1.83295
1.64682
1.45831
1.27513
1.09436
0.919393
0.778998
0.677611
7.51321
8.13173
8.53802
8.80461
8.99978
9.13965
9.25005
9.33152
9.39751
9.45859
9.50992
9.55749
9.59674
9.63237
9.6605
9.68441
9.70035
9.71017
9.71371
9.71145
9.70486
9.69326
9.67925
9.66043
9.6338
9.60228
9.56167
9.51663
9.46105
9.40216
9.33261
9.26636
9.19523
9.12872
9.05827
8.99277
8.92436
8.86189
8.79574
8.71585
8.6316
8.53262
8.43078
8.3129
8.19451
8.06112
7.93844
7.81141
7.69577
7.57673
7.46828
7.35751
7.2581
7.15496
7.0326
6.90553
6.75825
6.60854
6.43713
6.2665
6.07578
5.90143
5.72201
5.55958
5.39327
5.24265
5.08965
4.95315
4.81225
4.64541
4.47236
4.27152
4.06663
3.83051
3.59336
3.32516
3.0788
2.82286
2.59175
2.35428
2.14209
1.92806
1.74502
1.56229
1.35108
1.15994
0.957002
0.717243
0.56104
0.475566
7.78628
8.52503
8.89722
9.07517
9.24447
9.33399
9.43309
9.48053
9.51856
9.58056
9.61722
9.66927
9.69869
9.73949
9.76152
9.79116
9.80332
9.81228
9.81358
9.80752
9.80086
9.78431
9.77462
9.76132
9.72976
9.7045
9.6548
9.61758
9.54662
9.49517
9.39696
9.33954
9.24927
9.19481
9.10889
9.05704
8.97672
8.93566
8.89168
8.7991
8.73275
8.6129
8.52982
8.38113
8.27943
8.09507
7.99057
7.83342
7.7405
7.59857
7.51405
7.38616
7.32127
7.25324
7.11195
7.01217
6.83427
6.71243
6.49678
6.35057
6.08768
5.9393
5.7174
5.58674
5.38789
5.27011
5.09261
5.00307
4.90975
4.71608
4.57954
4.33588
4.16809
3.86893
3.66262
3.28404
3.06845
2.73775
2.54337
2.24083
2.06339
1.78876
1.65662
1.51877
1.21494
1.06172
0.872653
0.394768
0.241227
0.200629
1.31682
1.19339
1.07677
0.966626
0.862516
0.763949
0.670393
0.581297
0.496099
0.414244
0.335184
0.258387
0.18333
0.109508
0.036421
1.30974
1.18655
1.07029
0.960581
0.856965
0.75893
0.665928
0.577392
0.492752
0.411444
0.33292
0.256643
0.182095
0.10877
0.036176
1.29544
1.17278
1.05725
0.948432
0.845824
0.748872
0.656991
0.569586
0.486067
0.405858
0.328404
0.253168
0.179634
0.107303
0.0356882
1.2737
1.15187
1.03749
0.930063
0.829019
0.733736
0.643571
0.557888
0.476067
0.397514
0.321667
0.247988
0.175968
0.105117
0.0349622
1.24414
1.12351
1.01076
0.905302
0.806446
0.713474
0.625664
0.542323
0.462794
0.386462
0.312757
0.241147
0.171131
0.102236
0.0340051
1.20622
1.08724
0.976734
0.873928
0.777983
0.688042
0.603283
0.522941
0.446318
0.372779
0.301751
0.232709
0.165172
0.0986882
0.0328273
1.15922
1.0425
0.934993
0.835686
0.743507
0.657421
0.576479
0.499837
0.426753
0.356582
0.288754
0.222765
0.158159
0.0945166
0.0314429
1.10216
0.988531
0.885045
0.790307
0.70293
0.621649
0.54537
0.473168
0.404273
0.338038
0.273916
0.211435
0.150181
0.0897756
0.0298702
1.03374
0.924408
0.826339
0.737561
0.656251
0.580871
0.510178
0.443189
0.379128
0.317377
0.257433
0.198878
0.141351
0.0845339
0.0281323
0.952217
0.84901
0.758337
0.677338
0.603635
0.535399
0.471277
0.410278
0.351671
0.294906
0.23956
0.18529
0.131811
0.0788756
0.0262571
0.8552
0.761068
0.680653
0.609814
0.545547
0.485809
0.42925
0.37497
0.322366
0.271015
0.220608
0.170909
0.121728
0.0728992
0.0242771
0.739509
0.659401
0.593386
0.535712
0.482923
0.433037
0.384937
0.337984
0.291807
0.246176
0.200945
0.15601
0.111289
0.066716
0.0222292
0.601232
0.543636
0.497772
0.456722
0.41739
0.378476
0.339473
0.30022
0.260697
0.220936
0.180985
0.140894
0.100702
0.0604457
0.0201525
0.437222
0.416135
0.397339
0.376008
0.351437
0.323999
0.294256
0.262724
0.229822
0.195882
0.161165
0.125876
0.0901797
0.0542114
0.0180874
0.252465
0.286341
0.299435
0.298531
0.288347
0.271823
0.250826
0.226594
0.199982
0.171604
0.141916
0.111265
0.079928
0.0481322
0.0160727
9.79104
9.37283
8.95376
8.53318
8.11032
7.68419
7.25348
6.81635
6.3701
5.91043
5.42988
4.91351
4.3248
3.54915
2.12892
9.77937
9.3376
8.89425
8.44812
7.99777
7.54138
7.0765
6.59963
6.10558
5.58601
5.02665
4.40073
3.65329
2.6634
1.17129
9.76807
9.30347
8.83667
8.36598
7.88941
7.40447
6.90783
6.39485
5.85877
5.28923
4.66965
3.97232
3.15014
2.12642
0.804254
9.75726
9.27089
8.78178
8.28791
7.78687
7.27569
6.75051
6.20611
5.63518
5.02719
4.36662
3.63062
2.78695
1.79668
0.636069
9.74707
9.24019
8.73021
8.21481
7.69136
7.15662
6.60653
6.03579
5.43733
4.80166
4.11597
3.3637
2.52555
1.58523
0.545331
9.73758
9.21166
8.68238
8.14732
7.60369
7.04822
6.47689
5.8847
5.26534
4.61085
3.91155
3.15641
2.3351
1.44293
0.489846
9.72886
9.18545
8.63858
8.08577
7.52424
6.95082
6.36173
5.75248
5.11772
4.45117
3.74589
2.99506
2.19387
1.34292
0.452841
9.72092
9.16163
8.5989
8.03026
7.45306
6.8643
6.26057
5.63798
4.99218
4.31839
3.61187
2.86869
2.08718
1.27008
0.426673
9.71377
9.14022
8.56331
7.98071
7.3899
6.78816
6.17249
5.53961
4.88606
4.20833
3.50331
2.76893
2.00521
1.2155
0.407409
9.70739
9.12112
8.53168
7.93685
7.33434
6.72171
6.09636
5.4556
4.79673
4.11723
3.41513
2.68954
1.9413
1.17369
0.392815
9.70174
9.10424
8.50378
7.89833
7.28581
6.66407
6.03092
5.38417
4.72172
4.04181
3.34327
2.62588
1.89083
1.14109
0.381523
9.69677
9.08941
8.47934
7.86471
7.24368
6.61437
5.97494
5.32362
4.65883
3.97934
3.2845
2.57447
1.85056
1.11533
0.372644
9.69243
9.07647
8.45806
7.83554
7.20729
6.57169
5.92721
5.27243
4.60615
3.92754
3.23627
2.53272
1.81814
1.09473
0.365576
9.68866
9.06524
8.43962
7.81035
7.176
6.53519
5.88664
5.22922
4.56204
3.88452
3.19656
2.49862
1.79186
1.07812
0.359892
9.6854
9.05554
8.42373
7.78869
7.14919
6.50406
5.85223
5.1928
4.5251
3.84875
3.16377
2.47066
1.77043
1.06464
0.355287
9.68259
9.04719
8.41007
7.77013
7.12629
6.47757
5.82309
5.16212
4.49416
3.81896
3.13663
2.44763
1.75287
1.05362
0.351532
9.68018
9.04003
8.39838
7.75427
7.10679
6.45509
5.79846
5.1363
4.46825
3.79414
3.11411
2.42862
1.73841
1.04458
0.348454
9.67811
9.03391
8.3884
7.74076
7.09021
6.43604
5.77765
5.11458
4.44653
3.77342
3.0954
2.41286
1.72647
1.03713
0.345921
9.67636
9.02869
8.3799
7.72927
7.07614
6.41992
5.7601
5.09631
4.42834
3.75612
3.07982
2.39979
1.71659
1.03097
0.343828
9.67486
9.02425
8.37267
7.71952
7.06423
6.40629
5.7453
5.08095
4.41308
3.74166
3.06683
2.38892
1.70838
1.02586
0.342095
9.67359
9.02048
8.36654
7.71126
7.05415
6.39478
5.73283
5.06804
4.40029
3.72956
3.05599
2.37986
1.70156
1.02162
0.340657
9.67251
9.01728
8.36135
7.70427
7.04563
6.38508
5.72233
5.05719
4.38956
3.71943
3.04694
2.3723
1.69588
1.01809
0.33946
9.67159
9.01458
8.35696
7.69836
7.03844
6.37689
5.71349
5.04807
4.38055
3.71095
3.03936
2.366
1.69114
1.01515
0.338463
9.67082
9.01229
8.35325
7.69337
7.03237
6.37
5.70606
5.04041
4.373
3.70384
3.03303
2.36072
1.68718
1.0127
0.337631
9.67017
9.01036
8.35011
7.68916
7.02726
6.36419
5.6998
5.03398
4.36667
3.69789
3.02772
2.35631
1.68387
1.01065
0.336937
9.66962
9.00873
8.34747
7.68561
7.02295
6.35931
5.69454
5.02857
4.36135
3.6929
3.02328
2.35262
1.6811
1.00893
0.336356
9.66915
9.00735
8.34524
7.68263
7.01933
6.3552
5.69012
5.02403
4.35689
3.68871
3.01956
2.34954
1.67879
1.0075
0.335871
9.66876
9.0062
8.34337
7.68011
7.01628
6.35174
5.68641
5.02022
4.35315
3.6852
3.01644
2.34695
1.67685
1.0063
0.335465
9.66843
9.00523
8.34179
7.678
7.01372
6.34884
5.68329
5.01702
4.35001
3.68227
3.01383
2.34479
1.67523
1.0053
0.335126
9.66816
9.00441
8.34047
7.67622
7.01156
6.34641
5.68068
5.01434
4.34738
3.6798
3.01165
2.34298
1.67388
1.00446
0.334842
9.66793
9.00372
8.33936
7.67473
7.00976
6.34436
5.67849
5.0121
4.34518
3.67774
3.00982
2.34146
1.67274
1.00376
0.334605
9.66773
9.00315
8.33843
7.67349
7.00825
6.34266
5.67666
5.01022
4.34334
3.67602
3.00829
2.3402
1.6718
1.00317
0.334406
9.66757
9.00267
8.33765
7.67244
7.00699
6.34123
5.67513
5.00866
4.34181
3.67459
3.00702
2.33914
1.67101
1.00268
0.334241
9.66743
9.00227
8.337
7.67157
7.00594
6.34004
5.67385
5.00735
4.34053
3.67339
3.00596
2.33826
1.67035
1.00228
0.334104
9.66732
9.00193
8.33646
7.67085
7.00506
6.33905
5.6728
5.00627
4.33947
3.6724
3.00508
2.33754
1.66981
1.00194
0.33399
9.66723
9.00166
8.33602
7.67026
7.00435
6.33824
5.67192
5.00538
4.3386
3.67158
3.00436
2.33694
1.66936
1.00167
0.333897
9.66715
9.00143
8.33565
7.66977
7.00376
6.33758
5.67121
5.00465
4.33788
3.67092
3.00377
2.33645
1.669
1.00144
0.33382
9.66709
9.00125
8.33536
7.66938
7.00328
6.33704
5.67064
5.00406
4.33731
3.67038
3.00329
2.33605
1.6687
1.00126
0.333759
9.66704
9.00111
8.33513
7.66907
7.00291
6.33662
5.67019
5.0036
4.33685
3.66996
3.00291
2.33574
1.66847
1.00111
0.33371
9.66701
9.001
8.33495
7.66884
7.00262
6.3363
5.66984
5.00324
4.33651
3.66963
3.00263
2.33551
1.66829
1.001
0.333673
9.66698
9.00092
8.33483
7.66867
7.00242
6.33606
5.66959
5.00299
4.33626
3.6694
3.00242
2.33533
1.66816
1.00092
0.333646
9.66696
9.00087
8.33474
7.66856
7.00228
6.33591
5.66943
5.00282
4.3361
3.66925
3.00229
2.33522
1.66808
1.00087
0.333629
9.66695
9.00085
8.3347
7.6685
7.00222
6.33584
5.66935
5.00274
4.33602
3.66917
3.00222
2.33517
1.66804
1.00085
0.33362
9.66695
9.00085
8.33471
7.6685
7.00222
6.33584
5.66935
5.00275
4.33602
3.66918
3.00222
2.33517
1.66804
1.00085
0.333621
9.66696
9.00088
8.33475
7.66856
7.00229
6.33592
5.66944
5.00283
4.33611
3.66926
3.00229
2.33523
1.66808
1.00088
0.33363
9.66698
9.00093
8.33484
7.66868
7.00243
6.33608
5.66961
5.00301
4.33628
3.66942
3.00243
2.33535
1.66817
1.00093
0.333648
9.66701
9.00101
8.33497
7.66885
7.00265
6.33632
5.66987
5.00327
4.33653
3.66966
3.00265
2.33552
1.6683
1.00101
0.333676
9.66705
9.00112
8.33515
7.6691
7.00294
6.33665
5.67022
5.00364
4.33689
3.66999
3.00294
2.33577
1.66849
1.00112
0.333714
9.6671
9.00127
8.33539
7.66941
7.00332
6.33709
5.67069
5.00411
4.33735
3.67042
3.00333
2.33609
1.66872
1.00127
0.333763
9.66716
9.00145
8.33568
7.66981
7.00381
6.33763
5.67127
5.00471
4.33794
3.67097
3.00381
2.33649
1.66902
1.00146
0.333826
9.66724
9.00168
8.33605
7.67031
7.0044
6.33831
5.672
5.00545
4.33867
3.67165
3.00441
2.33698
1.6694
1.00169
0.333904
9.66733
9.00196
8.33651
7.67091
7.00514
6.33914
5.67288
5.00636
4.33955
3.67248
3.00515
2.33759
1.66985
1.00197
0.333999
9.66744
9.0023
8.33705
7.67165
7.00602
6.34014
5.67396
5.00746
4.34063
3.67349
3.00604
2.33833
1.6704
1.00231
0.334115
9.66758
9.00271
8.33771
7.67253
7.00709
6.34135
5.67525
5.00878
4.34193
3.6747
3.00712
2.33922
1.67107
1.00272
0.334254
9.66775
9.00319
8.3385
7.67359
7.00838
6.3428
5.67681
5.01038
4.34349
3.67616
3.00841
2.3403
1.67187
1.00322
0.334422
9.66794
9.00378
8.33945
7.67486
7.00991
6.34453
5.67867
5.01228
4.34536
3.67791
3.00996
2.34158
1.67283
1.00381
0.334623
9.66818
9.00448
8.34058
7.67637
7.01175
6.34661
5.6809
5.01456
4.34759
3.68
3.01182
2.34312
1.67398
1.00452
0.334864
9.66846
9.00531
8.34193
7.67818
7.01393
6.34908
5.68355
5.01729
4.35026
3.6825
3.01404
2.34495
1.67536
1.00537
0.335152
9.6688
9.0063
8.34353
7.68033
7.01654
6.35203
5.68672
5.02053
4.35345
3.68548
3.01668
2.34715
1.677
1.00639
0.335496
9.6692
9.00748
8.34544
7.68289
7.01964
6.35555
5.69049
5.0244
4.35725
3.68904
3.01985
2.34977
1.67896
1.00761
0.335907
9.66967
9.00888
8.34771
7.68593
7.02333
6.35972
5.69498
5.02901
4.36177
3.69328
3.02362
2.3529
1.68131
1.00906
0.336398
9.67023
9.01054
8.3504
7.68954
7.02771
6.36469
5.70033
5.0345
4.36717
3.69835
3.02812
2.35664
1.68411
1.01079
0.336986
9.67089
9.01251
8.35359
7.69383
7.03291
6.3706
5.70668
5.04104
4.3736
3.70439
3.03349
2.3611
1.68746
1.01286
0.337688
9.67168
9.01484
8.35738
7.69891
7.03909
6.37761
5.71424
5.04882
4.38126
3.71159
3.03991
2.36644
1.69146
1.01535
0.338528
9.67262
9.0176
8.36186
7.70494
7.04642
6.38595
5.72323
5.05808
4.39039
3.72018
3.04758
2.37282
1.69625
1.01832
0.339535
9.67372
9.02087
8.36716
7.71207
7.05511
6.39583
5.73391
5.0691
4.40128
3.73044
3.05674
2.38045
1.70199
1.02188
0.340742
9.67502
9.02472
8.37343
7.72051
7.06539
6.40756
5.7466
5.08222
4.41425
3.74269
3.0677
2.38959
1.70887
1.02615
0.342191
9.67655
9.02927
8.38083
7.73048
7.07756
6.42145
5.76166
5.09782
4.42972
3.75733
3.08081
2.40056
1.71713
1.03129
0.343933
9.67836
9.03462
8.38954
7.74225
7.09194
6.4379
5.77953
5.11638
4.44816
3.77482
3.09653
2.41372
1.72707
1.03747
0.346033
9.68048
9.04091
8.39979
7.7561
7.10891
6.45736
5.80073
5.13845
4.47017
3.79575
3.11539
2.42956
1.73904
1.04494
0.34857
9.68296
9.04829
8.41182
7.77239
7.12891
6.48035
5.82585
5.1647
4.49642
3.82082
3.13805
2.44864
1.75351
1.05397
0.351642
9.68587
9.05691
8.4259
7.79149
7.15242
6.50747
5.85559
5.1959
4.52776
3.85087
3.16532
2.47169
1.77105
1.06494
0.355378
9.68925
9.06696
8.44233
7.81384
7.18001
6.53941
5.89076
5.23296
4.56517
3.88692
3.19821
2.49962
1.79237
1.07832
0.35994
9.69317
9.07862
8.46145
7.83991
7.21229
6.57693
5.93228
5.27695
4.60984
3.93023
3.23796
2.53356
1.8184
1.09472
0.36554
9.6977
9.09211
8.4836
7.8702
7.24994
6.62091
5.98121
5.32913
4.66319
3.98233
3.28612
2.57497
1.85036
1.11493
0.372459
9.7029
9.10764
8.50915
7.90524
7.2937
6.67228
6.03875
5.39094
4.7269
4.0451
3.34466
2.62573
1.88982
1.14003
0.38108
9.70886
9.12541
8.53845
7.94558
7.34431
6.73207
6.10619
5.46401
4.80295
4.12081
3.41604
2.68829
1.93892
1.17149
0.391928
9.71562
9.14562
8.57186
7.99175
7.40255
6.80132
6.18496
5.55018
4.89364
4.21222
3.50338
2.76586
2.00056
1.21137
0.405758
9.72324
9.16843
8.60968
8.04424
7.46912
6.88108
6.27652
5.65145
5.00162
4.32267
3.61062
2.86273
2.07878
1.26267
0.423687
9.73177
9.19397
8.65215
8.10344
7.54468
6.97232
6.3823
5.76992
5.12982
4.4561
3.74275
2.98464
2.17934
1.32984
0.447445
9.74121
9.22231
8.69941
8.16961
7.62967
7.07583
6.50362
5.90764
5.28136
4.61705
3.90597
3.13932
2.31058
1.41985
0.47988
9.75156
9.25344
8.75146
8.24282
7.72431
7.19209
6.64143
6.06638
5.45931
4.81048
4.10776
3.33711
2.48488
1.54405
0.526061
9.76279
9.28723
8.80813
8.32289
7.82847
7.32114
6.79619
6.24736
5.66626
5.04132
4.35673
3.59156
2.72069
1.72183
0.595944
9.77482
9.32347
8.86907
8.40934
7.94158
7.46244
6.96751
6.45076
5.90364
5.31357
4.66166
3.9194
3.04538
1.98782
0.711662
9.78754
9.36183
8.93371
8.50136
8.0626
7.6147
7.15397
6.67525
6.17084
5.62877
5.02933
4.33872
3.49754
2.4056
0.929579
9.8008
9.40187
9.00129
8.59781
8.18996
7.77585
7.35293
6.91756
6.46419
5.98379
5.46032
4.8626
4.12382
3.09011
1.41356
9.81443
9.44305
9.07087
8.6973
8.32167
7.94312
7.56053
7.17236
6.77631
6.36871
5.94286
5.48441
4.95491
4.22103
2.69653
9.82825
9.48477
9.1414
8.79823
8.45541
8.11319
7.772
7.43261
7.09645
6.7663
6.44802
6.15556
5.92792
5.90097
6.666
9.84204
9.52643
9.2118
8.89891
8.58872
8.28253
7.98221
7.69062
7.41241
7.15562
6.93525
6.78166
6.76155
7.03091
7.94505
9.85561
9.5674
9.28098
8.9977
8.71925
8.44779
8.18635
7.93933
7.71347
7.51962
7.3761
7.31505
7.39413
7.71305
8.41372
0.103884
0.18641
0.22252
0.236015
0.236323
0.228092
0.213979
0.195655
0.174247
0.15055
0.125151
0.0984989
0.0709508
0.042801
0.0143047
0.0557824
0.127797
0.168301
0.188338
0.194957
0.192421
0.183404
0.16967
0.152439
0.13259
0.110779
0.0875154
0.0632071
0.0381947
0.0127759
0.0351461
0.0910655
0.128294
0.149978
0.159948
0.161249
0.156103
0.146112
0.132448
0.115991
0.0974155
0.0772569
0.0559518
0.0338703
0.0113392
0.0244906
0.0673131
0.099081
0.119752
0.130957
0.134554
0.132166
0.125103
0.114396
0.100862
0.0851508
0.067794
0.0492354
0.0298581
0.0100048
0.0181117
0.0512369
0.0775735
0.096098
0.107249
0.112014
0.111476
0.106623
0.098308
0.0872441
0.0740285
0.0591651
0.0430872
0.0261761
0.0087787
0.0138842
0.0398747
0.0614907
0.0775643
0.0879736
0.0931573
0.0937795
0.0905472
0.0841278
0.07512
0.0640499
0.0513793
0.0375172
0.0228318
0.00766366
0.0108913
0.0315502
0.0492564
0.0629636
0.0723267
0.0774674
0.0787595
0.0766838
0.0717446
0.0644274
0.0551823
0.0444207
0.0325186
0.0198227
0.00665907
0.00867869
0.025276
0.0397987
0.0513791
0.0596117
0.0644496
0.0660777
0.0648086
0.0610123
0.0550731
0.0473675
0.038254
0.0280709
0.0171382
0.00576173
0.00699387
0.0204422
0.0323841
0.0421192
0.0492538
0.0536605
0.0554073
0.054688
0.0517676
0.0469451
0.04053
0.0328296
0.0241436
0.0147619
0.00496639
0.0056836
0.0166544
0.0265017
0.0346649
0.0407898
0.0447181
0.0464491
0.0460955
0.0438436
0.0399228
0.0345847
0.0280896
0.0206992
0.0126728
0.00426637
0.00464857
0.0136467
0.0217888
0.0286259
0.033851
0.0373012
0.0389382
0.038821
0.0370782
0.0338845
0.0294426
0.0239712
0.0176964
0.0108474
0.00365406
0.00382118
0.0112333
0.0179819
0.023706
0.0281447
0.0311433
0.0326452
0.032675
0.0313201
0.0287126
0.0250153
0.0204105
0.0150923
0.00926118
0.00312141
0.00315361
0.00928079
0.0148862
0.0196786
0.0234382
0.0260246
0.0273742
0.0274905
0.0264316
0.0242974
0.0212181
0.0173452
0.0128441
0.00788922
0.00266029
0.00261104
0.0076905
0.012355
0.0163683
0.0195462
0.0217646
0.0229595
0.0231219
0.0222897
0.0205383
0.0179719
0.0147159
0.0109109
0.00670754
0.00226279
0.00216748
0.00638831
0.0102761
0.0136381
0.0163204
0.0182151
0.0192615
0.0194439
0.0187861
0.0173451
0.0152044
0.0124678
0.00925438
0.00569343
0.0019214
0.00180315
0.00531736
0.00856214
0.0113797
0.0136415
0.0152546
0.0161635
0.0163492
0.0158262
0.0146376
0.0128505
0.0105509
0.00783906
0.00482586
0.00162916
0.00150278
0.00443349
0.00714485
0.00950712
0.0114131
0.0127831
0.0135675
0.0137466
0.0133283
0.0123456
0.0108525
0.0089201
0.00663297
0.0040857
0.00137968
0.00125436
0.00370191
0.00596992
0.00795137
0.00955671
0.0107182
0.0113919
0.0115587
0.0112223
0.0104081
0.00915951
0.00753559
0.0056075
0.00345574
0.00116724
0.00104841
0.00309499
0.00499395
0.00665675
0.00800854
0.0089918
0.00956833
0.00971999
0.00944811
0.00877204
0.00772712
0.00636224
0.00473732
0.00292071
0.00098674
0.000877327
0.00259057
0.00418196
0.00557805
0.00671624
0.00754782
0.00803973
0.0081754
0.00795452
0.0073921
0.00651686
0.00536944
0.00400021
0.00246716
0.000833666
0.000735003
0.00217074
0.00350557
0.0046784
0.00563684
0.00633966
0.00675845
0.00687834
0.00669808
0.00622933
0.00549559
0.00453063
0.00337685
0.00208335
0.000704086
0.000616472
0.00182097
0.00294165
0.00392759
0.0047349
0.00532872
0.00568469
0.00578969
0.00564192
0.00525055
0.00463483
0.00382293
0.00285048
0.00175908
0.000594577
0.000517691
0.00152939
0.00247128
0.00330082
0.00398118
0.00448291
0.00478519
0.00487652
0.00475488
0.00442753
0.00391029
0.00322668
0.00240671
0.00148556
0.000502184
0.000435351
0.00128629
0.00207891
0.00277763
0.00335147
0.00377557
0.00403215
0.00411121
0.00401068
0.00373633
0.00330126
0.00272511
0.00203317
0.00125524
0.000424368
0.000366737
0.00108366
0.00175175
0.00234113
0.00282574
0.00318453
0.00340237
0.00347057
0.00338716
0.00315674
0.00279016
0.00230393
0.00171935
0.00106167
0.000358957
0.000309612
0.000914938
0.00147924
0.00197737
0.00238735
0.00269136
0.00287648
0.00293521
0.0028657
0.00267167
0.00236215
0.00195102
0.00145629
0.00089936
0.000304102
0.000262138
0.000774697
0.00125267
0.00167482
0.00202255
0.00228073
0.00243833
0.00248889
0.00243069
0.00226678
0.0020047
0.00165615
0.00123641
0.000763663
0.000258234
0.000222797
0.000658472
0.00106485
0.00142394
0.00171992
0.00193992
0.0020745
0.00211807
0.00206909
0.00193004
0.00170728
0.00141071
0.00105333
0.000650654
0.000220032
0.000190344
0.000562584
0.000909873
0.00121686
0.00147005
0.00165842
0.00177385
0.00181152
0.00177002
0.00165142
0.00146109
0.00120749
0.000901713
0.000557046
0.000188385
0.000163756
0.000484021
0.000782874
0.00104713
0.0012652
0.00142755
0.0015272
0.00155992
0.00152448
0.00142259
0.00125885
0.00104049
0.000777092
0.000480096
0.000162368
0.000142201
0.000420323
0.000679893
0.000909481
0.00109901
0.00124022
0.001327
0.00135566
0.00132508
0.00123671
0.00109451
0.000904775
0.000675795
0.000417541
0.000141217
0.000125005
0.000369506
0.000597729
0.000799639
0.000966383
0.00109069
0.00116716
0.00119254
0.00116579
0.00108819
0.000963191
0.0007963
0.000594822
0.000367533
0.000124307
0.000111634
0.00032999
0.000533833
0.000714211
0.00086322
0.000974355
0.00104279
0.00106559
0.00104182
0.000972584
0.000860953
0.00071184
0.000531769
0.000328589
0.000111138
0.000101673
0.000300552
0.00048623
0.000650562
0.000786352
0.00088767
0.000950112
0.000970985
0.000949421
0.000886409
0.000784738
0.000648874
0.00048476
0.000299554
0.00010132
9.48127e-05
0.000280278
0.000453447
0.00060673
0.000733418
0.000827977
0.000886292
0.000905839
0.000885798
0.000827075
0.000732263
0.000605523
0.000452395
0.000279564
9.45602e-05
9.08411e-05
0.000268541
0.000434471
0.000581364
0.000702791
0.000793449
0.000849388
0.000868181
0.000849031
0.000792797
0.000701957
0.000580491
0.000433711
0.000268025
9.06587e-05
8.96343e-05
0.000264977
0.000428714
0.000573677
0.000693527
0.000783027
0.000838274
0.000856867
0.000838011
0.000782547
0.000692913
0.000573035
0.000428154
0.000264597
8.95e-05
9.11534e-05
0.00026947
0.00043599
0.000583428
0.000705336
0.000796387
0.000852608
0.000871554
0.000852408
0.000796021
0.000704868
0.000582939
0.000435564
0.000269181
9.10512e-05
9.54432e-05
0.000282153
0.000456516
0.000610905
0.000738569
0.000833929
0.000892824
0.000912688
0.000892663
0.000833635
0.000738192
0.00061051
0.000456172
0.00028192
9.53607e-05
0.000102633
0.000303408
0.00049091
0.000656937
0.000794231
0.000896791
0.00096014
0.000981518
0.000959998
0.000896531
0.000793898
0.00065659
0.000490608
0.000303203
0.00010256
0.00011294
0.00033388
0.000540215
0.00072292
0.000874008
0.000986877
0.0010566
0.00108013
0.00105646
0.000986621
0.000873681
0.000722578
0.000539917
0.000333678
0.000112869
0.000126678
0.000374493
0.000605926
0.000810855
0.000980323
0.00110692
0.00118512
0.00121152
0.00118497
0.00110664
0.000979962
0.000810478
0.000605597
0.000374269
0.000126599
0.000144263
0.000426479
0.000690038
0.000923413
0.0011164
0.00126057
0.00134962
0.00137968
0.00134943
0.00126023
0.00111596
0.000922955
0.000689639
0.000426208
0.000144168
0.000166231
0.00049142
0.000795108
0.00106401
0.00128638
0.00145248
0.00155508
0.0015897
0.00155484
0.00145204
0.00128581
0.00106342
0.000794591
0.000491068
0.000166107
0.000193248
0.000571288
0.00092433
0.00123693
0.00149542
0.0016885
0.00180774
0.00184796
0.00180741
0.0016879
0.00149465
0.00123613
0.000923631
0.000570814
0.000193081
0.000226138
0.000668514
0.00108163
0.00144741
0.00174987
0.00197577
0.00211527
0.0021623
0.00211482
0.00197495
0.00174881
0.00144631
0.00108067
0.000667861
0.000225906
0.000265899
0.000786056
0.0012718
0.00170187
0.00205747
0.00232304
0.00248702
0.00254226
0.00248639
0.00232189
0.00205599
0.00170033
0.00127046
0.000785145
0.000265577
0.000313745
0.000927493
0.00150062
0.00200804
0.00242757
0.00274086
0.00293426
0.00299936
0.00293337
0.00273924
0.0024255
0.00200588
0.00149874
0.000926213
0.000313292
0.000371131
0.00109713
0.00177507
0.00237525
0.00287143
0.00324192
0.00347058
0.00354748
0.00346933
0.00323964
0.00286851
0.0023722
0.00177241
0.00109533
0.000370494
0.000439808
0.00130015
0.00210349
0.00281467
0.00340255
0.00384146
0.00411227
0.00420324
0.00411052
0.00383825
0.00339844
0.00281037
0.00209976
0.00129761
0.000438911
0.000521872
0.00154273
0.00249592
0.0033397
0.00403711
0.00455772
0.00487883
0.00498656
0.00487636
0.00455319
0.00403132
0.00333364
0.00249065
0.00153915
0.000520606
0.00061983
0.00183228
0.00296433
0.00396634
0.00479445
0.00541248
0.00579356
0.0059212
0.00579006
0.0054061
0.00478627
0.00395779
0.00295689
0.00182723
0.000618043
0.000736677
0.00217767
0.00352303
0.00471373
0.00569764
0.00643178
0.00688425
0.00703552
0.00687931
0.00642276
0.0056861
0.00470166
0.00351252
0.00217054
0.000734154
0.000875993
0.00258946
0.00418911
0.0056047
0.00677424
0.00764666
0.00818406
0.00836334
0.0081771
0.00763393
0.00675795
0.00558767
0.00417427
0.00257939
0.000872432
0.00104205
0.00308029
0.00498298
0.00666652
0.00805715
0.00909415
0.00973254
0.00994494
0.0097227
0.00907618
0.00803415
0.00664247
0.00496203
0.00306607
0.00103703
0.00123996
0.00366523
0.005929
0.00793173
0.00958559
0.0108184
0.0115768
0.0118283
0.0115629
0.010793
0.00955312
0.00789778
0.00589944
0.00364516
0.00123286
0.00147582
0.0043623
0.00705628
0.00943915
0.0114064
0.0128721
0.013773
0.0140706
0.0137534
0.0128363
0.0113605
0.00939122
0.00701455
0.00433397
0.0014658
0.00175692
0.00519304
0.00839958
0.0112352
0.0135753
0.015318
0.016388
0.0167399
0.0163603
0.0152675
0.0135106
0.0111675
0.00834066
0.00515304
0.00174277
0.00209197
0.00618317
0.0100004
0.0133752
0.0161592
0.018231
0.0195015
0.0199172
0.0194624
0.0181596
0.0160678
0.0132797
0.00991726
0.00612671
0.002072
0.00249141
0.0073635
0.0119085
0.0159254
0.0192375
0.0217004
0.0232085
0.0236987
0.0231533
0.0215997
0.0191085
0.0157906
0.0117911
0.0072838
0.00246322
0.00296775
0.00877092
0.0141834
0.018965
0.0229054
0.0258329
0.0276222
0.0281994
0.0275444
0.0256906
0.0227233
0.0187747
0.0140176
0.0086584
0.00292795
0.00353597
0.0104496
0.0168961
0.0225888
0.0272766
0.0307556
0.0328775
0.0335557
0.0327676
0.0305548
0.0270196
0.02232
0.0166621
0.0102908
0.00347978
0.00421407
0.0124528
0.0201323
0.0269102
0.0324871
0.0366205
0.0391353
0.0399301
0.0389802
0.036337
0.0321243
0.0265308
0.0198019
0.0122285
0.00413474
0.00502371
0.0148441
0.0239946
0.0320655
0.0386998
0.0436093
0.0465874
0.0475158
0.0463684
0.0432092
0.0381876
0.0315299
0.0235281
0.0145275
0.00491171
0.005991
0.0177005
0.0286065
0.0382184
0.04611
0.0519393
0.0554625
0.0565429
0.0551534
0.0513744
0.045387
0.0374622
0.027948
0.0172535
0.00583288
0.00714747
0.0211149
0.0341169
0.0455656
0.0549522
0.0618704
0.0660339
0.0672849
0.0655975
0.061073
0.0539315
0.0444981
0.0331872
0.0204838
0.00692422
0.00853133
0.0251996
0.0407059
0.0543447
0.0655081
0.0737144
0.0786274
0.0800673
0.0780114
0.0725887
0.0640673
0.0528377
0.0393933
0.0243086
0.00821612
0.010189
0.0300911
0.0485916
0.0648426
0.0781174
0.0878448
0.0936325
0.0952768
0.092763
0.0862559
0.0760834
0.0627151
0.0467384
0.028833
0.00974395
0.0121772
0.0359556
0.0580393
0.0774071
0.0931895
0.104711
0.111514
0.113373
0.110287
0.102468
0.0903184
0.0744035
0.0554227
0.0341791
0.0115487
0.0145654
0.0429968
0.0693728
0.0924609
0.11122
0.124853
0.13283
0.134903
0.131098
0.121688
0.107168
0.0882205
0.0656782
0.0404882
0.0136778
0.0174392
0.0514653
0.0829893
0.11052
0.132811
0.148921
0.158244
0.160516
0.1558
0.144454
0.127091
0.104534
0.0777722
0.0479222
0.0161856
0.0209049
0.061671
0.0993783
0.132218
0.158695
0.177702
0.188553
0.19098
0.185106
0.171399
0.150621
0.123766
0.0920105
0.0566662
0.0191338
0.0250952
0.0740007
0.119147
0.158332
0.189764
0.212146
0.224712
0.227207
0.219849
0.203255
0.17837
0.1464
0.108741
0.0669296
0.0225924
0.0301775
0.0889405
0.143056
0.189831
0.227117
0.253407
0.267862
0.270277
0.261006
0.240866
0.211039
0.172983
0.128355
0.0789467
0.0266394
0.0363654
0.107107
0.17206
0.227919
0.272105
0.302884
0.319371
0.321461
0.30971
0.285204
0.249422
0.20413
0.151286
0.0929768
0.031361
0.0439341
0.129294
0.207379
0.274111
0.326403
0.362286
0.380877
0.382254
0.367271
0.33737
0.294408
0.240519
0.178014
0.109303
0.0368506
0.0532443
0.156533
0.250581
0.330329
0.392096
0.433693
0.454335
0.454406
0.43519
0.398605
0.346979
0.282891
0.20905
0.128225
0.0432076
0.0647764
0.190188
0.303711
0.399034
0.471793
0.519651
0.542075
0.539949
0.51517
0.470282
0.408204
0.332035
0.244935
0.150059
0.0505349
0.0791841
0.232099
0.369478
0.483406
0.568779
0.623269
0.646861
0.641222
0.609111
0.553894
0.479212
0.388769
0.286219
0.17512
0.0589356
0.0973788
0.284796
0.451528
0.587606
0.687209
0.748342
0.771942
0.760876
0.719095
0.65102
0.561162
0.453909
0.333438
0.20371
0.0685075
0.12067
0.351858
0.554865
0.717132
0.83235
0.899476
0.921092
0.901856
0.847334
0.763271
0.65519
0.528224
0.387083
0.236103
0.0793373
0.151011
0.438488
0.686489
0.879329
1.01089
1.08221
1.09861
1.06734
0.996083
0.892197
0.76233
0.612381
0.447558
0.272512
0.0914922
0.191453
0.55253
0.856417
1.08408
1.23124
1.30308
1.30923
1.26057
1.16749
1.03916
0.883412
0.706865
0.515131
0.313068
0.105011
0.247052
0.706285
1.07927
1.34473
1.50391
1.56955
1.5579
1.48466
1.36337
1.20515
1.01893
0.81189
0.589874
0.357786
0.119894
0.326866
0.919927
1.37681
1.67917
1.84154
1.88969
1.84933
1.7421
1.5849
1.39059
1.16891
0.927309
0.671608
0.406531
0.136092
0.44881
1.22814
1.78164
2.11081
2.25848
2.27128
2.18721
2.03423
1.83218
1.59502
1.33272
1.05251
0.75985
0.458999
0.153502
0.652903
1.69316
2.34224
2.66849
2.76907
2.72013
2.57292
2.36043
2.10383
1.81692
1.50896
1.18637
0.853773
0.514691
0.171957
1.0414
2.42984
3.12702
3.38287
3.38349
3.23721
3.00396
2.71726
2.39651
2.05342
1.69535
1.32716
0.952197
0.572917
0.19123
1.91208
3.64655
4.21825
4.27448
4.0999
3.81467
3.4721
3.09772
2.70471
2.30031
1.88876
1.47264
1.05362
0.632812
0.211039
4.23392
5.67072
5.66744
5.32634
4.89315
4.43193
3.96232
3.49112
3.02079
2.55215
2.08533
1.62014
1.15627
0.693374
0.231059
9.87009
9.61111
9.35467
9.10269
8.85747
8.62192
8.39989
8.19674
8.02018
7.88158
7.798
7.79473
7.90673
8.17175
8.59078
9.88507
9.65624
9.43058
9.21046
8.9986
8.79834
8.61394
8.45094
8.31677
8.22139
8.17793
8.20271
8.31287
8.51811
8.80178
9.899
9.69819
9.50096
9.30995
9.1281
8.9589
8.80656
8.6763
8.57457
8.50926
8.4896
8.52527
8.62388
8.78602
8.99848
9.91176
9.73654
9.56513
9.40026
9.24495
9.10258
8.9771
8.87311
8.79591
8.75145
8.74592
8.78485
8.87133
9.00355
9.17263
9.92326
9.77106
9.62275
9.48103
9.34883
9.22935
9.12614
9.04311
8.98449
8.95467
8.95774
8.99684
9.07303
9.18416
9.32432
9.93348
9.80171
9.67376
9.55226
9.43998
9.33985
9.25499
9.18868
9.14427
9.12496
9.13351
9.1717
9.23973
9.33572
9.45557
9.94244
9.82854
9.71831
9.61426
9.51896
9.43505
9.36527
9.31234
9.27891
9.26737
9.27961
9.31667
9.37843
9.46335
9.56854
9.95017
9.85168
9.75667
9.6675
9.58652
9.51613
9.45868
9.41647
9.39163
9.38598
9.40086
9.43692
9.49393
9.57069
9.66509
9.95675
9.87133
9.7892
9.71253
9.6435
9.58424
9.53683
9.50321
9.48514
9.48403
9.5009
9.53618
9.58965
9.66036
9.74675
9.96222
9.8877
9.81625
9.74992
9.69068
9.64049
9.60116
9.57439
9.56164
9.56408
9.58251
9.61723
9.66807
9.73431
9.81474
9.96667
9.90099
9.83819
9.78019
9.72882
9.68585
9.65292
9.63153
9.62293
9.62813
9.64777
9.68213
9.73106
9.79401
9.87005
9.97015
9.91138
9.85534
9.80381
9.75854
9.72114
9.69313
9.67584
9.6704
9.67769
9.69828
9.73242
9.78
9.84058
9.91343
9.97272
9.91903
9.86795
9.82119
9.78037
9.74704
9.72259
9.70828
9.70512
9.71393
9.73522
9.76923
9.81588
9.87484
9.94548
9.9744
9.92406
9.87624
9.8326
9.7947
9.76403
9.74191
9.72953
9.72786
9.73765
9.75941
9.79335
9.83943
9.89737
9.96661
9.97524
9.92655
9.88035
9.83825
9.8018
9.77244
9.75147
9.74004
9.7391
9.74939
9.77137
9.80528
9.8511
9.90854
9.97711
8.95848
9.17425
9.55955
9.75489
10.0193
10.1575
10.3414
10.4271
10.5057
10.6585
10.7579
10.9231
11.0301
11.2096
11.3279
11.5342
11.6479
11.8122
11.9063
12.0436
12.123
12.2373
12.2947
12.3522
12.467
12.5471
12.6859
12.7816
12.9491
13.0657
13.2778
13.3993
13.5835
13.6918
13.8562
13.9528
14.0963
14.1687
14.2432
14.3949
14.5024
14.6926
14.8253
15.0622
15.2284
15.5351
15.711
15.9808
16.1394
16.3827
16.5251
16.7394
16.846
16.9561
17.1856
17.3464
17.6347
17.8318
18.1845
18.4249
18.8663
19.1127
19.4862
19.6997
20.0249
20.2093
20.4855
20.6167
20.7489
21.0308
21.2208
21.564
21.79
22.1982
22.467
22.9667
23.2387
23.6646
23.9027
24.2936
24.5108
24.8886
25.0343
25.1997
25.7097
25.7493
25.5617
25.1096
24.0734
21.3458
9.07486
9.30738
9.55902
9.77207
9.97499
10.1421
10.297
10.4232
10.5417
10.6719
10.798
10.9355
11.0684
11.2137
11.3536
11.5054
11.6406
11.7758
11.8949
12.0132
12.1176
12.2206
12.3107
12.401
12.5048
12.6105
12.7307
12.8523
12.9908
13.1298
13.286
13.4302
13.5794
13.7147
13.853
13.9779
14.1039
14.216
14.3309
14.4657
14.6054
14.767
14.9328
15.1244
15.3185
15.5391
15.7431
15.9558
16.1487
16.3468
16.5251
16.7056
16.8649
17.0284
17.2219
17.4218
17.6539
17.8894
18.1606
18.4308
18.7349
19.01
19.2918
19.5408
19.7916
20.0105
20.2268
20.4101
20.593
20.8083
21.0253
21.2751
21.522
21.8041
22.0775
22.3834
22.6492
22.9176
23.1411
23.3617
23.5321
23.6868
23.7612
23.7895
23.7851
23.5542
23.0445
22.1485
20.6347
18.1149
9.21387
9.4129
9.61401
9.80379
9.98213
10.1443
10.2938
10.4304
10.5607
10.6912
10.8216
10.9546
11.0885
11.2255
11.3624
11.5002
11.6333
11.7623
11.8847
12.0025
12.1142
12.2222
12.3262
12.4305
12.5395
12.653
12.7732
12.8987
13.0316
13.169
13.3117
13.4535
13.5952
13.7331
13.8692
14.0011
14.1313
14.2592
14.39
14.5292
14.6766
14.8352
15.003
15.1827
15.3704
15.5667
15.7628
15.9591
16.1505
16.3393
16.522
16.7019
16.8778
17.0574
17.2488
17.4509
17.6678
17.8957
18.1379
18.3876
18.6453
18.8974
19.1446
19.3791
19.6043
19.815
20.0156
20.2041
20.3901
20.5834
20.7821
20.9904
21.2029
21.4227
21.6409
21.8575
22.0558
22.235
22.3837
22.5017
22.5758
22.6006
22.5545
22.426
22.1865
21.7604
21.0832
20.077
18.6447
16.7158
9.34818
9.51539
9.68524
9.8519
10.0124
10.1648
10.3092
10.4465
10.5794
10.7105
10.8412
10.9724
11.1043
11.2371
11.3698
11.5019
11.6316
11.7582
11.8811
12.0004
12.1162
12.2295
12.3411
12.4532
12.5678
12.6857
12.8079
12.9345
13.0656
13.2005
13.3383
13.4772
13.6161
13.7541
13.8911
14.0268
14.1621
14.2979
14.4367
14.5809
14.7316
14.8899
15.0559
15.2296
15.4096
15.5947
15.7818
15.9694
16.1557
16.3403
16.5228
16.7039
16.885
17.0693
17.26
17.4585
17.6658
17.8813
18.1045
18.3327
18.5634
18.7919
19.0153
19.2307
19.4374
19.6342
19.8218
20.0013
20.1764
20.3507
20.5249
20.6996
20.873
21.0434
21.2065
21.3578
21.4897
21.5962
21.6702
21.7048
21.6905
21.6163
21.4663
21.2222
20.8564
20.3282
19.5957
18.619
17.3695
15.8599
9.47149
9.61401
9.76103
9.90875
10.0545
10.1967
10.3347
10.469
10.6005
10.7305
10.8599
10.9893
11.1188
11.2486
11.3781
11.5069
11.6342
11.7595
11.8825
12.0031
12.1218
12.2389
12.3554
12.4724
12.591
12.7121
12.8362
12.9635
13.0942
13.2277
13.3634
13.5006
13.6384
13.7765
13.9146
14.0529
14.1919
14.3324
14.4757
14.6231
14.7755
14.9336
15.0976
15.2671
15.4414
15.6196
15.8
15.9816
16.1632
16.3445
16.5252
16.7059
16.8876
17.0718
17.26
17.4532
17.6519
17.8556
18.0636
18.274
18.4848
18.6934
18.8974
19.0949
19.2848
19.4662
19.6394
19.8049
19.9639
20.1178
20.2668
20.4105
20.5472
20.6746
20.789
20.886
20.9598
21.0044
21.0131
20.9784
20.8912
20.7408
20.5137
20.1936
19.7602
19.1898
18.4597
17.5534
16.469
15.2316
9.58215
9.70611
9.83577
9.96834
10.1017
10.2344
10.3656
10.4953
10.6237
10.7513
10.8785
11.0057
11.133
11.2603
11.3874
11.514
11.6396
11.7641
11.8871
12.0088
12.1293
12.2491
12.3688
12.4891
12.6106
12.734
12.8597
12.9878
13.1185
13.2514
13.3863
13.5228
13.6603
13.7987
13.9379
14.078
14.2194
14.3626
14.5085
14.6579
14.8112
14.9689
15.131
15.2975
15.4677
15.641
15.8166
15.9935
16.1712
16.3492
16.5276
16.7064
16.8864
17.0682
17.2526
17.44
17.6305
17.8238
18.0189
18.2146
18.4093
18.6012
18.7886
18.9699
19.144
19.3102
19.468
19.6174
19.7587
19.8918
20.0163
20.1312
20.2347
20.3243
20.3965
20.4473
20.4717
20.4641
20.4183
20.3273
20.1828
19.9756
19.6947
19.3278
18.8612
18.2814
17.5773
16.7443
15.7887
14.7324
9.67996
9.78994
9.90625
10.0268
10.1498
10.274
10.3987
10.5234
10.6479
10.7725
10.8971
11.022
11.147
11.2722
11.3974
11.5223
11.6467
11.7705
11.8936
12.016
12.1379
12.2595
12.3813
12.5038
12.6274
12.7525
12.8795
13.0084
13.1394
13.2723
13.407
13.5432
13.6808
13.8197
13.9597
14.101
14.244
14.389
14.5364
14.6867
14.8404
14.9975
15.1582
15.3223
15.4894
15.6592
15.8309
16.0042
16.1784
16.3534
16.529
16.7052
16.8824
17.0608
17.2407
17.4222
17.6051
17.789
17.9732
18.1565
18.3378
18.5155
18.6884
18.8551
19.0146
19.1659
19.3085
19.4417
19.5651
19.678
19.7795
19.8682
19.9421
19.9987
20.0348
20.0466
20.0295
19.9788
19.8886
19.7529
19.5647
19.3163
18.9995
18.6053
18.1252
17.5518
16.8804
16.1116
15.2534
14.3224
9.76523
9.86462
9.9706
10.0815
10.1961
10.313
10.4317
10.5515
10.6722
10.7935
10.9154
11.0379
11.1608
11.2841
11.4076
11.5312
11.6547
11.778
11.901
12.0238
12.1466
12.2695
12.3928
12.5169
12.6419
12.7684
12.8963
13.026
13.1574
13.2905
13.4253
13.5617
13.6995
13.8388
13.9794
14.1217
14.2657
14.4117
14.5599
14.7108
14.8644
15.0209
15.1804
15.3426
15.5073
15.6743
15.843
16.0132
16.1845
16.3566
16.5293
16.7026
16.8765
17.0511
17.2264
17.4021
17.5781
17.7538
17.9285
18.1013
18.2711
18.4367
18.5969
18.7506
18.8967
19.0342
19.1622
19.2799
19.3863
19.4805
19.561
19.6264
19.6744
19.7026
19.708
19.6871
19.6358
19.5499
19.4244
19.254
19.0331
18.7556
18.4154
18.0065
17.5236
16.963
16.3235
15.6077
14.8228
13.9814
9.83843
9.92977
10.0278
10.1311
10.2387
10.3496
10.463
10.5784
10.6953
10.8135
10.9328
11.053
11.174
11.2956
11.4177
11.5401
11.6628
11.7856
11.9086
12.0317
12.1551
12.2788
12.4032
12.5283
12.6545
12.7818
12.9106
13.0409
13.1728
13.3062
13.4413
13.5779
13.716
13.8557
13.9969
14.1397
14.2844
14.431
14.5797
14.7307
14.8841
15.04
15.1984
15.3591
15.5219
15.6867
15.853
16.0206
16.1893
16.3586
16.5286
16.699
16.8696
17.0404
17.2112
17.3816
17.5514
17.7199
17.8865
18.0503
18.2103
18.3654
18.5147
18.6569
18.7911
18.916
19.0308
19.1342
19.2252
19.3024
19.3643
19.4093
19.435
19.4392
19.4189
19.3711
19.292
19.1779
19.0247
18.8278
18.5828
18.285
17.9301
17.5141
17.0338
16.4878
15.8765
15.2029
14.4736
13.6978
9.90007
9.98529
10.0771
10.1745
10.2766
10.3824
10.4914
10.6029
10.7166
10.832
10.9489
11.067
11.1862
11.3063
11.4272
11.5487
11.6706
11.7931
11.9159
12.0392
12.1629
12.2872
12.4123
12.5382
12.6651
12.7932
12.9226
13.0535
13.1858
13.3196
13.4549
13.5918
13.7302
13.8702
14.0118
14.1551
14.3001
14.4471
14.596
14.747
14.9002
15.0555
15.2129
15.3724
15.5337
15.6966
15.861
16.0265
16.1928
16.3598
16.5272
16.6948
16.8623
17.0296
17.1963
17.362
17.5264
17.6887
17.8484
18.0045
18.1563
18.3026
18.4425
18.5748
18.6985
18.8124
18.9154
19.0063
19.0836
19.1461
19.192
19.2196
19.2266
19.2108
19.1695
19.0998
18.9985
18.8623
18.6876
18.4708
18.2083
17.8967
17.5327
17.114
16.6387
16.1066
15.5188
14.8786
14.1912
13.4639
9.95064
10.0313
10.1184
10.2112
10.3089
10.4107
10.5161
10.6244
10.7353
10.8482
10.963
11.0794
11.1971
11.3159
11.4357
11.5564
11.6777
11.7998
11.9225
12.0458
12.1698
12.2945
12.42
12.5465
12.674
12.8026
12.9326
13.0638
13.1965
13.3306
13.4662
13.6034
13.7421
13.8823
14.0242
14.1678
14.3131
14.4602
14.6092
14.7601
14.913
15.0678
15.2244
15.3829
15.543
15.7045
15.8672
16.0309
16.1953
16.3603
16.5254
16.6905
16.8553
17.0195
17.1826
17.3443
17.5041
17.6612
17.8152
17.965
18.1099
18.2489
18.3809
18.505
18.6198
18.7244
18.8174
18.8976
18.9635
19.0135
19.0461
19.0593
19.051
19.019
18.9609
18.8738
18.7551
18.6018
18.4109
18.1794
17.9045
17.5835
17.2142
16.7951
16.3254
15.8053
15.2365
14.622
13.9661
13.2748
9.99056
10.0678
10.1514
10.2408
10.3351
10.4339
10.5364
10.6422
10.7508
10.8618
10.9749
11.0898
11.2062
11.324
11.4429
11.5629
11.6838
11.8055
11.9281
12.0514
12.1755
12.3005
12.4263
12.5532
12.6811
12.8101
12.9404
13.072
13.205
13.3394
13.4752
13.6126
13.7515
13.892
14.0341
14.1778
14.3233
14.4705
14.6195
14.7703
14.9229
15.0772
15.2333
15.3909
15.55
15.7104
15.8718
16.0341
16.197
16.3602
16.5235
16.6866
16.8491
17.0106
17.1709
17.3293
17.4853
17.6383
17.7876
17.9325
18.0719
18.205
18.3308
18.4481
18.5559
18.6529
18.7378
18.8093
18.8659
18.906
18.9279
18.9297
18.9094
18.8648
18.7936
18.6934
18.5615
18.3954
18.1926
17.9505
17.6669
17.3397
16.9674
16.549
16.0844
15.5742
15.02
14.4247
13.7921
13.127
10.0202
10.095
10.1762
10.2631
10.3551
10.4515
10.552
10.6559
10.7628
10.8723
10.9841
11.0978
11.2133
11.3303
11.4486
11.568
11.6886
11.8101
11.9325
12.0558
12.18
12.3051
12.4311
12.5582
12.6864
12.8157
12.9463
13.0781
13.2113
13.3459
13.482
13.6195
13.7586
13.8992
14.0415
14.1853
14.3309
14.4781
14.6271
14.7777
14.9301
15.0841
15.2397
15.3967
15.5551
15.7146
15.8751
16.0364
16.1981
16.36
16.5219
16.6833
16.844
17.0036
17.1616
17.3175
17.4707
17.6206
17.7665
17.9075
18.0429
18.1716
18.2927
18.405
18.5073
18.5986
18.6774
18.7423
18.7919
18.8245
18.8385
18.8318
18.8026
18.7488
18.6681
18.5583
18.417
18.2418
18.0307
17.7813
17.4918
17.1607
16.7868
16.3695
15.909
15.4061
14.8626
14.281
13.6648
13.018
10.0398
10.1131
10.1927
10.278
10.3684
10.4634
10.5625
10.6651
10.7709
10.8794
10.9903
11.1033
11.2182
11.3346
11.4524
11.5716
11.6918
11.8132
11.9355
12.0587
12.183
12.3082
12.4344
12.5616
12.6899
12.8195
12.9502
13.0822
13.2155
13.3503
13.4865
13.6241
13.7633
13.904
14.0463
14.1903
14.3359
14.4831
14.632
14.7826
14.9348
15.0886
15.2439
15.4005
15.5584
15.7174
15.8772
16.0377
16.1987
16.3597
16.5206
16.681
16.8405
16.9987
17.1552
17.3094
17.4607
17.6085
17.7521
17.8906
18.0233
18.1491
18.267
18.3759
18.4747
18.5621
18.6368
18.6973
18.7422
18.7699
18.7785
18.7662
18.7312
18.6713
18.5844
18.4684
18.321
18.1401
17.9236
17.6696
17.3766
17.0431
16.6684
16.2521
15.7945
15.2965
14.7599
14.1871
13.5813
12.9462
10.0495
10.1221
10.201
10.2855
10.3751
10.4694
10.5678
10.6698
10.775
10.883
10.9935
11.1061
11.2206
11.3368
11.4544
11.5734
11.6935
11.8147
11.937
12.0602
12.1845
12.3097
12.436
12.5633
12.6917
12.8213
12.9521
13.0842
13.2176
13.3525
13.4887
13.6264
13.7656
13.9064
14.0488
14.1928
14.3384
14.4856
14.6345
14.785
14.9372
15.0908
15.2459
15.4024
15.56
15.7187
15.8783
16.0384
16.1989
16.3595
16.5199
16.6798
16.8387
16.9962
17.1519
17.3053
17.4556
17.6024
17.7448
17.8821
18.0134
18.1377
18.254
18.3613
18.4583
18.5437
18.6164
18.6747
18.7173
18.7424
18.7484
18.7334
18.6954
18.6325
18.5426
18.4235
18.2731
18.0893
17.8703
17.6142
17.3194
16.9849
16.6099
16.1941
15.7379
15.2424
14.7092
14.1407
13.54
12.9105
12.1589
8.99733
7.51959
6.55371
5.7871
5.11731
4.50276
3.92316
3.36718
2.82779
2.3003
1.78136
1.26845
0.759542
0.252931
13.9436
10.9425
9.02821
7.69333
6.66546
5.80974
5.05733
4.37084
3.72844
3.11657
2.52625
1.9512
1.3868
0.829424
0.276042
14.179
11.8007
9.95736
8.5259
7.37163
6.3988
5.54597
4.77439
4.05915
3.38377
2.73689
2.11039
1.49813
0.895304
0.297852
14.0253
12.1238
10.4746
9.08123
7.89632
6.8678
5.95334
5.12157
4.34999
3.62245
2.92716
2.2553
1.60002
0.955803
0.317913
13.7716
12.1947
10.7358
9.42808
8.26455
7.22273
6.27796
5.40851
4.59676
3.82885
3.09397
2.38361
1.69085
1.00996
0.335909
13.5022
12.1474
10.8456
9.63071
8.51101
7.48054
6.52723
5.63774
4.79965
4.00218
3.23626
2.49428
1.76982
1.05727
0.351667
13.2454
12.0471
10.8686
9.73804
8.66821
7.66115
6.71263
5.81553
4.96188
4.14394
3.35458
2.58744
1.83683
1.09765
0.365148
13.012
11.9268
10.8436
9.78455
8.76257
7.78316
6.84656
5.94982
5.08839
4.25709
3.45066
2.66404
1.89243
1.13132
0.376422
12.8062
11.8044
10.7945
9.7939
8.81428
7.86233
6.94059
6.04876
5.18473
4.34533
3.52691
2.7256
1.93751
1.15878
0.385641
12.6297
11.6898
10.7361
9.78218
8.83829
7.91122
7.00465
6.11987
5.25639
4.41257
3.58603
2.77393
1.9732
1.18064
0.393
12.4828
11.589
10.6778
9.76034
8.84542
7.93954
7.04689
6.16962
5.30836
4.46252
3.63069
2.81088
2.00071
1.19758
0.398716
12.3657
11.5055
10.6258
9.73586
8.84343
7.9546
7.07368
6.20334
5.34486
4.49841
3.66329
2.83815
2.02118
1.21024
0.402998
12.2781
11.4415
10.584
9.71379
8.83778
7.9617
7.08984
6.22514
5.3693
4.52296
3.6859
2.85724
2.03559
1.21919
0.406032
12.2198
11.3981
10.5549
9.69742
8.83214
7.96451
7.0988
6.23805
5.3842
4.53818
3.70008
2.86931
2.04475
1.2249
0.407969
12.1907
11.3763
10.54
9.68876
8.82877
7.96536
7.10275
6.24403
5.39124
4.54545
3.7069
2.87514
2.04919
1.22767
0.40891
)
;

boundaryField
{
    hot
    {
        type            fixedValue;
        value           uniform 10;
    }
    cold
    {
        type            fixedValue;
        value           uniform 0;
    }
    interface_left
    {
        type            fixedValue;
        value           nonuniform List<scalar> 
90
(
0
0
0
0
0
0
0
0
0
0
0
0
0
0
0
0
0
0
0
0
0
0
0
0
0
0
0
0
0
0
0
0
0
0
0
0
0
0
0
0
0
0
0
0
0
0
0
0
0
0
0
0
0
0
0
0
0
0
0
0
0
0
0
0
0
0
0
0
0
0
0
0
0
0
0
0
0
0
0
0
0
0
0
0
0
0
0
8.98558
8.98558
8.98558
)
;
    }
    interface_right
    {
        type            fixedValue;
        value           uniform 0;
    }
    interface_top
    {
        type            fixedValue;
        value           nonuniform List<scalar> 
90
(
8.98558
8.98558
9.69655
9.69655
10.1323
10.1323
10.4342
10.4342
10.4342
10.6903
10.6903
10.9588
10.9588
11.2515
11.2515
11.6152
11.6152
11.8809
11.8809
12.1005
12.1005
12.2865
12.2865
12.2865
12.4731
12.4731
12.6946
12.6946
12.9649
12.9649
13.3388
13.3388
13.64
13.64
13.9065
13.9065
14.1436
14.1436
14.1436
14.3914
14.3914
14.6966
14.6966
15.082
15.082
15.6272
15.6272
16.0735
16.0735
16.4733
16.4733
16.8338
16.8338
16.8338
17.2169
17.2169
17.6908
17.6908
18.2772
18.2772
19.0724
19.0724
19.6986
19.6986
20.2427
20.2427
20.7191
20.7191
20.7191
21.2082
21.2082
21.7928
21.7928
22.4954
22.4954
23.4224
23.4224
24.1734
24.1734
24.8845
24.8845
25.6566
25.6566
25.6566
27.0105
27.0105
27.0105
27.0105
27.0105
27.0105
)
;
    }
    interface_bottom
    {
        type            fixedValue;
        value           nonuniform List<scalar> 
90
(
8.98558
8.98558
9.21665
9.21665
9.42422
9.42422
9.56178
9.56178
9.56178
9.65974
9.65974
9.74143
9.74143
9.80651
9.80651
9.85708
9.85708
9.86879
9.86879
9.85594
9.85594
9.82486
9.82486
9.82486
9.77317
9.77317
9.69232
9.69232
9.57531
9.57531
9.39973
9.39973
9.25046
9.25046
9.10962
9.10962
8.9746
8.9746
8.9746
8.8218
8.8218
8.62653
8.62653
8.38136
8.38136
8.05451
8.05451
7.79813
7.79813
7.56812
7.56812
7.35509
7.35509
7.35509
7.12171
7.12171
6.83188
6.83188
6.47659
6.47659
6.01115
6.01115
5.64938
5.64938
5.32681
5.32681
5.03074
5.03074
5.03074
4.71025
4.71025
4.3134
4.3134
3.82126
3.82126
3.14612
3.14612
2.59704
2.59704
2.09401
2.09401
1.61651
1.61651
1.61651
1.03842
1.03842
1.03842
0
0
0
)
;
    }
    defaultFaces
    {
        type            empty;
    }
}


// ************************************************************************* //
