/*--------------------------------*- C++ -*----------------------------------*\
| =========                 |                                                 |
| \\      /  F ield         | OpenFOAM: The Open Source CFD Toolbox           |
|  \\    /   O peration     | Version:  5.x                                   |
|   \\  /    A nd           | Web:      www.OpenFOAM.org                      |
|    \\/     M anipulation  |                                                 |
\*---------------------------------------------------------------------------*/
FoamFile
{
    version     2.0;
    format      ascii;
    class       volScalarField;
    location    "7.6";
    object      T;
}
// * * * * * * * * * * * * * * * * * * * * * * * * * * * * * * * * * * * * * //

dimensions      [0 0 0 1 0 0 0];

internalField   nonuniform List<scalar> 
6300
(
10.411
11.2357
12.0684
12.9145
13.7787
14.6656
15.5791
16.5222
17.4971
18.5047
19.5444
20.6143
21.7106
22.828
23.9598
10.4083
11.2276
12.0551
12.8962
13.7559
14.6389
15.5493
16.4903
17.4643
18.4723
19.5141
20.5876
21.6891
22.8132
23.9528
10.4028
11.2112
12.0281
12.8592
13.7098
14.5848
15.4887
16.4252
17.3971
18.406
19.4518
20.5327
21.6449
22.7826
23.9382
10.3944
11.1862
11.987
12.8027
13.6391
14.5016
15.3953
16.3246
17.2929
18.3026
19.3541
20.4461
21.5748
22.7338
23.9145
10.383
11.1522
11.9309
12.7255
13.5422
14.3871
15.2662
16.1847
17.1472
18.157
19.2157
20.3227
21.4741
22.663
23.8793
10.3684
11.1086
11.8589
12.626
13.4169
14.2385
15.0975
16.0007
16.9539
17.9623
19.029
20.1545
21.3356
22.5646
23.8293
10.3504
11.0549
11.7699
12.5028
13.2609
14.0522
14.8846
15.7663
16.7054
17.7091
18.7832
19.9304
21.1488
22.4303
23.7597
10.329
10.9905
11.663
12.3541
13.0718
13.8247
14.6223
15.4745
16.392
17.3854
18.4641
19.6348
20.8986
22.2478
23.6634
10.3038
10.9152
11.5375
12.1788
12.8473
13.5525
14.3051
15.1173
16.0026
16.976
18.0528
19.246
20.5628
21.9984
23.5301
10.2751
10.8288
11.3932
11.976
12.5859
13.2328
13.9283
14.6867
15.5249
16.4632
17.5247
18.7332
20.1078
21.6528
23.3435
10.2428
10.7316
11.2303
11.7462
12.2876
12.8643
13.4886
14.1761
14.9469
15.827
16.8496
18.0542
19.4822
21.1612
23.0754
10.2072
10.6245
11.0503
11.4909
11.9538
12.4481
12.9856
13.5821
14.2593
15.0482
15.9921
17.1517
18.6052
20.4343
22.6706
10.1689
10.5088
10.8553
11.2133
11.5886
11.9887
12.4235
12.9071
13.4601
14.114
14.9188
15.9551
17.3522
19.2998
21.9981
10.1284
10.3866
10.6488
10.9182
11.1985
11.4944
11.8126
12.1627
12.5599
13.0289
13.6137
14.3976
15.5484
17.4145
20.6685
10.0866
10.2603
10.4352
10.6123
10.7926
10.9777
11.1695
11.3712
11.5876
11.8278
12.1094
12.4731
13.0292
14.1409
17.2386
25.0034
25.9514
26.8934
27.8247
28.7403
29.6359
30.5075
31.3517
32.1654
32.9463
33.6924
34.402
35.0739
35.7072
36.3011
36.8553
37.3694
37.8433
38.277
38.6706
39.0244
39.3387
39.6141
39.851
40.0501
40.212
40.3374
40.4271
40.482
40.5028
40.4903
40.4454
40.3689
40.2617
40.1244
39.958
39.7631
39.5405
39.2909
39.0151
38.7138
38.3877
38.0375
37.6639
37.2675
36.8492
36.4094
35.9488
35.468
34.9675
34.4478
33.9094
33.3528
32.7784
32.1867
31.5783
30.9535
30.3129
29.6571
28.9868
28.3024
27.6048
26.8944
26.1721
25.4386
24.6945
23.9407
23.178
22.4075
21.63
20.8468
20.0592
19.2686
18.4766
17.685
16.8955
16.1103
15.3312
14.5604
13.8
13.052
12.3184
11.6011
10.9019
10.2225
9.56433
8.92848
8.31594
7.72734
7.16301
25.0042
25.9594
26.9087
27.8467
28.7687
29.67
30.5466
31.395
32.2122
32.996
33.7444
34.4557
35.129
35.7632
36.3579
36.9124
37.4267
37.9006
38.334
38.7273
39.0806
39.3943
39.6689
39.9049
40.103
40.2638
40.3881
40.4767
40.5304
40.55
40.5363
40.4903
40.4126
40.3042
40.1659
39.9983
39.8023
39.5787
39.3281
39.0512
38.7489
38.4218
38.0706
37.696
37.2987
36.8794
36.4388
35.9773
35.4958
34.9945
34.4742
33.9351
33.3779
32.8028
32.2105
31.6013
30.9757
30.3343
29.6777
29.0065
28.3212
27.6226
26.9112
26.1879
25.4533
24.7081
23.9531
23.1891
22.417
21.6379
20.8528
20.0631
19.2702
18.4758
17.6815
16.8893
16.1011
15.3191
14.5453
13.7819
13.031
12.2946
11.5748
10.8733
10.1919
9.53195
8.89478
8.28133
7.69227
7.12793
25.0056
25.9756
26.9395
27.8916
28.8264
29.7392
30.6257
31.4825
32.3068
33.0962
33.849
34.5638
35.2396
35.8757
36.4716
37.027
37.5416
38.0153
38.4484
38.8409
39.1931
39.5055
39.7785
40.0127
40.2088
40.3675
40.4896
40.5759
40.6272
40.6444
40.6284
40.5799
40.5
40.3893
40.2486
40.0789
39.8808
39.655
39.4023
39.1235
38.8191
38.4899
38.1367
37.7602
37.361
36.9398
36.4974
36.0344
35.5513
35.0486
34.5269
33.9865
33.428
32.8516
32.2579
31.6473
31.0202
30.3772
29.7189
29.0458
28.3587
27.6582
26.9449
26.2196
25.4829
24.7354
23.978
23.2114
22.4364
21.6539
20.8652
20.0713
19.2739
18.4744
17.6748
16.8769
16.0828
15.2948
14.515
13.7456
12.9889
12.2469
11.5219
10.8157
10.1301
9.46665
8.82677
8.21147
7.62147
7.05714
25.0069
26.0003
26.9871
27.9608
28.9154
29.8456
30.7472
31.6165
32.451
33.2486
34.0077
34.7274
35.4069
36.0456
36.6433
37.1996
37.7146
38.1882
38.6205
39.0118
39.3624
39.6727
39.9433
40.1748
40.3679
40.5234
40.6421
40.7248
40.7725
40.7861
40.7664
40.7144
40.6309
40.5167
40.3728
40.1997
39.9984
39.7695
39.5137
39.2318
38.9243
38.5921
38.2359
37.8563
37.4542
37.0303
36.5853
36.1198
35.6344
35.1296
34.6058
34.0636
33.5032
32.9249
32.3292
31.7165
31.0871
30.4417
29.7808
29.105
28.4151
27.7117
26.9955
26.2672
25.5274
24.7768
24.0159
23.2454
22.4661
21.6788
20.8845
20.0844
19.2801
18.473
17.6652
16.8587
16.0557
15.2584
14.4693
13.6908
12.9252
12.1747
11.4417
10.7282
10.0361
9.36731
8.72321
8.10503
7.5136
6.9493
25.0075
26.0341
27.0532
28.0572
29.039
29.993
30.9145
31.8003
32.6479
33.4557
34.2228
34.9484
35.6322
36.274
36.8737
37.4312
37.9466
38.4198
38.8511
39.2407
39.589
39.8965
40.1637
40.3915
40.5805
40.7316
40.8456
40.9236
40.9664
40.975
40.9504
40.8935
40.8052
40.6865
40.538
40.3607
40.1552
39.9221
39.6622
39.3762
39.0646
38.7283
38.368
37.9844
37.5784
37.1507
36.7021
36.2332
35.7448
35.2372
34.711
34.1663
33.6035
33.0229
32.4246
31.8091
31.1767
30.528
29.8636
29.1841
28.4904
27.7832
27.0631
26.331
25.5872
24.8325
24.0671
23.2918
22.507
21.7133
20.9118
20.1034
19.2898
18.4725
17.6536
16.8352
16.0199
15.2101
14.4083
13.6172
12.8394
12.0772
11.3332
10.6096
9.9086
9.2322
8.58218
7.95995
7.36652
6.80234
25.0064
26.0781
27.1409
28.185
29.2024
30.1865
31.1329
32.0385
32.9015
33.7211
34.4969
35.229
35.9175
36.5626
37.1644
37.723
38.2386
38.7112
39.1411
39.5284
39.8737
40.1775
40.4405
40.6634
40.847
40.9924
41.1005
41.1722
41.2088
41.2111
41.1802
41.1171
41.0229
40.8983
40.7443
40.5616
40.3509
40.1127
39.8478
39.5567
39.24
38.8985
38.5329
38.1442
37.7331
37.3005
36.8474
36.3744
35.8822
35.3713
34.842
34.2946
33.7291
33.1456
32.5444
31.9255
31.2893
30.6365
29.9675
29.2834
28.5848
27.8727
27.1478
26.4109
25.6625
24.9029
24.1325
23.3515
22.5601
21.7589
20.9484
20.1298
19.3044
18.474
17.6408
16.8072
15.9759
15.1498
14.3317
13.5244
12.7308
11.9535
11.1951
10.4583
9.74547
9.05897
8.40098
7.77329
7.17719
6.61327
25.0024
26.1346
27.2549
28.351
29.413
30.434
31.4096
32.3375
33.2173
34.049
34.8336
35.5719
36.2647
36.9128
37.5166
38.0762
38.5919
39.0636
39.4916
39.8761
40.2177
40.5168
40.7743
40.9911
41.1681
41.3063
41.407
41.4711
41.4998
41.4943
41.4557
41.3851
41.2836
41.152
40.9914
40.8023
40.5854
40.3413
40.0705
39.7733
39.4505
39.1028
38.7308
38.3356
37.9181
37.4795
37.0208
36.5427
36.0461
35.5314
34.9988
34.4483
33.88
33.2936
32.689
32.0662
31.4256
30.7676
30.093
29.4029
28.6982
27.9801
27.2495
26.5071
25.7534
24.9886
24.2128
23.4257
22.6272
21.8174
20.9966
20.1657
19.3259
18.4793
17.6282
16.7755
15.9243
15.0778
14.2392
13.4118
12.5985
11.8022
11.0259
10.2723
9.54424
8.84456
8.17601
7.54103
6.94139
6.37796
24.9947
26.2077
27.4035
28.5657
29.6824
30.7463
31.7543
32.7056
33.6015
34.4443
35.2363
35.9796
36.6759
37.3264
37.9318
38.4922
39.0078
39.4784
39.9041
40.2852
40.622
40.9154
41.1662
41.3754
41.5443
41.6738
41.7654
41.8202
41.8395
41.8246
41.7766
41.697
41.5868
41.447
41.2787
41.0824
40.8586
40.6079
40.3304
40.0264
39.6965
39.3412
38.9615
38.5584
38.1331
37.687
37.2213
36.7372
36.2355
35.7166
35.1806
34.6274
34.0565
33.4672
32.8592
32.2322
31.5863
30.9221
30.2405
29.5429
28.8306
28.1051
27.3677
26.6191
25.8599
25.09
24.3089
23.5159
22.7103
21.8914
21.0591
20.2138
19.357
18.4907
17.6178
16.7415
15.8657
14.9941
14.1305
13.2785
12.4414
11.6221
10.8238
10.0494
9.30198
8.58518
7.9026
7.25774
6.65334
6.09074
24.9827
26.3052
27.6002
28.8454
30.0271
31.139
32.18
33.1528
34.0619
34.9122
35.7085
36.4543
37.1524
37.8044
38.411
38.9722
39.4877
39.9571
40.3802
40.7572
41.0884
41.3747
41.6173
41.8173
41.9763
42.0954
42.1762
42.2199
42.2279
42.2016
42.1426
42.0522
41.9319
41.7827
41.6056
41.4013
41.1701
40.9123
40.6277
40.3163
39.9783
39.6144
39.2253
38.8125
38.3775
37.9221
37.4479
36.9566
36.449
35.9258
35.3868
34.8314
34.2587
33.6674
33.0564
32.4249
31.773
31.1011
30.4107
29.7035
28.9816
28.247
27.5014
26.7461
25.9814
25.2069
24.4217
23.6241
22.8122
21.9844
21.1398
20.2784
19.4015
18.5115
17.6118
16.7066
15.8007
14.8987
14.005
13.1237
12.2582
11.4118
10.5872
9.78726
9.01556
8.27636
7.57475
6.91609
6.30498
5.74375
24.9675
26.4419
27.8681
29.2162
30.4721
31.633
32.7034
33.6912
34.6062
35.4575
36.2527
36.9972
37.6947
38.3472
38.9549
39.5174
40.0334
40.5019
40.9222
41.2943
41.6186
41.8963
42.1288
42.3178
42.4648
42.5716
42.6396
42.6702
42.6648
42.6252
42.553
42.45
42.3178
42.1577
41.971
41.7582
41.5194
41.2546
40.9629
40.6438
40.297
39.923
39.5227
39.0979
38.6506
38.1834
37.6988
37.1987
36.6846
36.1571
35.6159
35.0599
34.4872
33.8955
33.2824
32.6466
31.9877
31.3064
30.6046
29.8849
29.1503
28.4041
27.6488
26.8861
26.1164
25.339
24.5519
23.7523
22.9366
22.1013
21.2442
20.3649
19.4645
18.5458
17.6133
16.6726
15.7298
14.7909
13.8614
12.9457
12.0476
11.1698
10.3147
9.48442
8.68218
7.91328
7.18491
6.50585
5.88467
5.32575
24.955
26.6474
28.248
29.7194
31.0534
32.257
33.345
34.3341
35.2417
36.0831
36.8691
37.6072
38.3014
38.9536
39.5633
40.1287
40.6469
41.1155
41.533
41.8994
42.2153
42.4823
42.7023
42.8778
43.0108
43.1031
43.1561
43.1715
43.1505
43.095
43.0071
42.8891
42.743
42.5707
42.3733
42.1517
41.9058
41.6348
41.337
41.0104
40.6543
40.2687
39.855
39.415
38.9519
38.4693
37.9712
37.4604
36.939
36.4075
35.8658
35.3118
34.7427
34.1538
33.5407
32.9011
32.2341
31.5409
30.8238
30.0871
29.3353
28.5738
27.8065
27.0359
26.2621
25.4845
24.6998
23.9035
23.0888
22.249
21.3805
20.4815
19.5535
18.5998
17.6265
16.6411
15.6529
14.6695
13.6977
12.7423
11.8074
10.8949
10.0063
9.14106
8.30063
7.49169
6.72394
6.01218
5.37462
4.81996
24.9658
26.9846
28.8135
30.42
31.8218
33.047
34.1284
35.0937
35.9722
36.7879
37.5539
38.2797
38.9679
39.6207
40.2349
40.8076
41.331
41.8019
42.2169
42.5766
42.8818
43.1352
43.3395
43.4982
43.6146
43.6903
43.7265
43.7244
43.6851
43.6109
43.504
43.3681
43.2055
43.019
42.8098
42.5795
42.3276
42.0532
41.7518
41.4189
41.0535
40.6545
40.2244
39.7647
39.2808
38.7771
38.2613
37.7368
37.2072
36.6724
36.1327
35.5851
35.0261
34.4463
33.8367
33.1946
32.5177
31.8092
31.0709
30.3105
29.5337
28.7517
27.9687
27.1896
26.4131
25.6397
24.8641
24.081
23.2767
22.4379
21.5602
20.6395
19.6794
18.6817
17.6569
16.6136
15.5688
14.531
13.5103
12.5094
11.5345
10.5856
9.66416
8.76181
7.87363
7.0107
6.18224
5.41155
4.7451
4.19991
25.0736
27.595
29.6987
31.415
32.8442
34.0436
35.0783
35.9778
36.7923
37.5636
38.296
39.0059
39.6847
40.3427
40.9656
41.5566
42.0901
42.5679
42.9796
43.3317
43.6222
43.8582
44.0415
44.179
44.2763
44.3336
44.3513
44.33
44.2694
44.1731
44.042
43.8848
43.7016
43.4994
43.276
43.0378
42.7811
42.5097
42.2114
41.8738
41.5002
41.0845
40.6357
40.1486
39.6378
39.1015
38.5632
38.0198
37.4826
36.9434
36.4105
35.8743
35.3387
34.7812
34.179
33.5376
32.8464
32.1198
31.3494
30.5569
29.7392
28.9303
28.1249
27.3389
26.5594
25.7976
25.039
24.2884
23.5137
22.6826
21.8012
20.854
19.8588
18.8025
17.7137
16.5877
15.4745
14.3676
13.2941
12.2386
11.2242
10.2364
9.29437
8.362
7.41014
6.47992
5.55725
4.66074
3.94089
3.42121
25.5762
28.8064
31.1414
32.8227
34.197
35.2768
36.2223
36.9837
37.6742
38.3948
39.0698
39.7761
40.4309
41.1143
41.7418
42.3877
42.9287
43.4287
43.8272
44.1749
44.4404
44.6563
44.8086
44.9169
44.9951
45.0332
45.0315
44.9915
44.9042
44.785
44.6168
44.4381
44.2247
44.0094
43.7632
43.5218
43.2554
43.0042
42.727
42.3797
42.007
41.5616
41.1015
40.5663
40.0308
39.4282
38.8722
38.2931
37.7604
37.2049
36.6926
36.1621
35.6825
35.1798
34.5774
33.9516
33.2257
32.493
31.6594
30.8392
29.9314
29.1036
28.2529
27.4784
26.6799
25.9503
25.2019
24.5302
23.8318
22.9994
22.1369
21.1372
20.1259
18.9698
17.8239
16.5431
15.3707
14.156
13.0518
11.9085
10.8755
9.82124
8.91049
7.99011
6.91538
5.93817
4.8945
3.65547
2.84837
2.4063
27.8514
31.3067
33.5246
34.6723
35.9731
36.7027
37.6311
38.091
38.5119
39.2912
39.798
40.6195
41.1354
41.9657
42.4909
43.3691
43.8254
44.4349
44.7472
45.1359
45.3292
45.5452
45.6385
45.6976
45.7707
45.7894
45.7663
45.7205
45.5842
45.4668
45.2061
45.0407
44.7497
44.5633
44.2426
44.0412
43.7072
43.5355
43.3431
42.9214
42.6179
42.0591
41.6747
40.9839
40.5197
39.6872
39.2138
38.4992
38.0704
37.4036
37.0003
36.3761
36.0589
35.7214
35.0091
34.5092
33.6144
33.0108
31.9498
31.247
30.0079
29.3093
28.2707
27.6518
26.701
26.1296
25.2537
24.8104
24.3422
23.359
22.6697
21.437
20.601
19.1223
18.1279
16.3422
15.3277
13.785
12.8654
11.4195
10.5572
9.19921
8.54033
7.84034
6.28008
5.49202
4.513
2.02817
1.23014
1.01685
6.56895
5.95537
5.37515
4.82667
4.30787
3.81637
3.3496
2.90487
2.47943
2.07055
1.67552
1.29171
0.916533
0.547484
0.18209
6.53436
5.9219
5.34334
4.79692
4.28049
3.79157
3.32751
2.88553
2.46284
2.05666
1.66427
1.28304
0.910395
0.543822
0.180873
6.46457
5.85446
5.27928
4.7371
4.22552
3.74187
3.28329
2.84686
2.42969
2.02894
1.64185
1.26578
0.898166
0.536527
0.178448
6.35838
5.75197
5.18215
4.6466
4.14257
3.66703
3.21685
2.78889
2.38009
1.98752
1.60839
1.24004
0.879946
0.525662
0.174838
6.21383
5.61281
5.05065
4.52451
4.03106
3.56679
3.12814
2.7117
2.31421
1.93263
1.56412
1.20604
0.855895
0.511331
0.170078
6.02821
5.43469
4.88306
4.36965
3.89031
3.44085
3.01718
2.61552
2.23239
1.86464
1.5094
1.16408
0.826253
0.493681
0.164217
5.79776
5.21458
4.67719
4.18063
3.71963
3.28905
2.88417
2.50077
2.13516
1.7841
1.44475
1.11459
0.791345
0.472914
0.157325
5.51747
4.9486
4.4304
3.956
3.51847
3.11151
2.72963
2.36819
2.02334
1.69181
1.37088
1.05818
0.75161
0.449299
0.149491
5.18057
4.63186
4.13976
3.69442
3.28669
2.90884
2.55459
2.219
1.89815
1.58891
1.28877
0.995603
0.707607
0.423174
0.140829
4.77793
4.25842
3.80231
3.39517
3.02499
2.68251
2.36086
2.05503
1.76131
1.4769
1.19965
0.927846
0.660031
0.394953
0.131476
4.29708
3.82153
3.41581
3.0589
2.73553
2.4353
2.15129
1.87893
1.61512
1.3577
1.10509
0.856082
0.609707
0.365127
0.121594
3.72132
3.31473
2.98043
2.68906
2.4229
2.17182
1.93003
1.69424
1.46252
1.23366
1.00689
0.781675
0.557577
0.334247
0.111366
3.02997
2.73561
2.50209
2.29394
2.09517
1.899
1.70274
1.50547
1.30702
1.10751
0.907142
0.706133
0.504671
0.302912
0.100989
2.20611
2.09559
1.99836
1.8894
1.76481
1.62625
1.47643
1.31785
1.15257
0.982198
0.808017
0.631033
0.452052
0.271739
0.0906623
1.27435
1.44226
1.5063
1.50047
1.44837
1.36473
1.25886
1.13692
1.00318
0.86068
0.711683
0.55792
0.400758
0.241324
0.0805831
10.0479
10.1434
10.2374
10.3288
10.4162
10.4978
10.571
10.632
10.6746
10.6887
10.6551
10.5324
10.2103
9.31953
6.32126
10.0131
10.0381
10.0593
10.0738
10.078
10.0674
10.0354
9.97261
9.86428
9.68615
9.3949
8.90645
8.04251
6.3999
3.09369
9.97909
9.93536
9.88577
9.82585
9.75017
9.65178
9.52117
9.34481
9.1024
8.7621
8.27155
7.54123
6.41541
4.6355
1.86689
9.9464
9.83673
9.71945
9.58884
9.43806
9.25848
9.03866
8.76283
8.40845
7.94233
7.31465
6.45059
5.24249
3.55767
1.31033
9.91542
9.74336
9.56238
9.36583
9.14593
8.89309
8.595
8.23536
7.79205
7.23472
6.52187
5.59882
4.40059
2.87045
1.013
9.88646
9.65618
9.4161
9.15902
8.87666
8.5591
8.19406
7.76596
7.2548
6.63506
5.87503
4.93813
3.78914
2.41051
0.832716
9.85972
9.5758
9.28162
8.96974
8.6318
8.25807
7.8369
7.3542
6.79291
6.13278
5.351
4.42471
3.33714
2.08885
0.71329
9.83531
9.50254
9.15941
8.79854
8.41179
7.98996
7.52244
6.997
6.39965
5.71496
4.92728
4.02327
2.99672
1.85557
0.629289
9.81327
9.43646
9.04951
8.6453
8.21613
7.75355
7.2482
6.68973
6.067
5.36865
4.58433
3.70691
2.73587
1.68141
0.567712
9.79354
9.37741
8.9516
8.50938
8.04366
7.54684
7.01082
6.42705
5.78685
5.08203
4.30601
3.45554
2.53294
1.54838
0.521222
9.77603
9.32509
8.86508
8.38978
7.89276
7.36733
6.80658
6.20355
5.55157
4.84484
4.07939
3.25426
2.37302
1.44491
0.485349
9.76061
9.27907
8.78916
8.28526
7.76159
7.21235
6.6317
6.01404
5.35429
4.64842
3.89418
3.09195
2.24563
1.3633
0.457207
9.74712
9.23884
8.72297
8.19444
7.64818
7.07915
6.48251
5.85374
5.18902
4.48558
3.7423
2.96024
2.14324
1.29818
0.434844
9.73538
9.20387
8.66556
8.11594
7.55056
6.96513
6.35561
5.7184
5.05062
4.35041
3.61734
2.8528
2.06033
1.24574
0.416891
9.72522
9.17364
8.61601
8.04837
7.46686
6.86783
6.24793
5.60429
4.93474
4.23805
3.51422
2.76474
1.99279
1.20321
0.402363
9.71646
9.14759
8.5734
7.99042
7.39533
6.78502
6.15673
5.50817
4.8377
4.14453
3.4289
2.69229
1.93747
1.1685
0.390528
9.70893
9.12524
8.5369
7.94089
7.33436
6.7147
6.07961
5.42726
4.75642
4.06659
3.35816
2.63249
1.89198
1.14003
0.380836
9.70249
9.10613
8.50571
7.89866
7.28252
6.65508
6.01446
5.35918
4.68832
4.00157
3.29938
2.58298
1.85444
1.11659
0.372865
9.697
9.08982
8.47914
7.86273
7.23851
6.60461
5.95948
5.30193
4.63125
3.94727
3.25046
2.5419
1.82337
1.09722
0.366285
9.69232
9.07593
8.45654
7.83223
7.20122
6.56195
5.91312
5.25379
4.5834
3.90189
3.20968
2.50775
1.7976
1.08118
0.360838
9.68834
9.06414
8.43737
7.80637
7.16966
6.52591
5.87406
5.21332
4.54329
3.86393
3.17566
2.47931
1.77617
1.06785
0.356317
9.68496
9.05414
8.42112
7.78449
7.14299
6.49551
5.84116
5.17931
4.50964
3.83216
3.14724
2.4556
1.75832
1.05677
0.352559
9.6821
9.04567
8.40736
7.76599
7.12046
6.46987
5.81346
5.15073
4.48141
3.80555
3.12347
2.4358
1.74344
1.04754
0.349429
9.67968
9.03851
8.39574
7.75036
7.10146
6.44827
5.79016
5.12671
4.45774
3.78327
3.1036
2.41926
1.73102
1.03983
0.346818
9.67764
9.03247
8.38593
7.73718
7.08545
6.43008
5.77056
5.10654
4.43787
3.76459
3.08696
2.40543
1.72064
1.0334
0.344639
9.67592
9.02736
8.37765
7.72607
7.07196
6.41477
5.75408
5.0896
4.4212
3.74894
3.07303
2.39385
1.71196
1.02802
0.342818
9.67446
9.02306
8.37068
7.71671
7.0606
6.40189
5.74023
5.07537
4.40722
3.73582
3.06136
2.38417
1.7047
1.02353
0.341296
9.67324
9.01944
8.36481
7.70883
7.05105
6.39107
5.7286
5.06343
4.39549
3.72482
3.05159
2.37606
1.69863
1.01977
0.340023
9.67221
9.01639
8.35987
7.70221
7.04302
6.38198
5.71883
5.05341
4.38566
3.71561
3.0434
2.36928
1.69355
1.01662
0.338959
9.67134
9.01383
8.35572
7.69665
7.03629
6.37435
5.71064
5.04502
4.37743
3.7079
3.03656
2.3636
1.6893
1.014
0.338069
9.67062
9.01168
8.35224
7.69199
7.03064
6.36796
5.70378
5.03799
4.37053
3.70145
3.03083
2.35885
1.68575
1.0118
0.337325
9.67001
9.00988
8.34933
7.68808
7.02591
6.36262
5.69805
5.03211
4.36477
3.69605
3.02605
2.35489
1.68278
1.00996
0.336705
9.6695
9.00838
8.34689
7.68482
7.02196
6.35815
5.69326
5.02721
4.35997
3.69156
3.02206
2.35159
1.68031
1.00844
0.336188
9.66908
9.00713
8.34487
7.68211
7.01868
6.35444
5.68928
5.02313
4.35597
3.68782
3.01875
2.34885
1.67826
1.00717
0.335758
9.66873
9.00609
8.34319
7.67986
7.01596
6.35136
5.68598
5.01975
4.35266
3.68473
3.016
2.34658
1.67656
1.00612
0.335403
9.66844
9.00524
8.34181
7.67801
7.01372
6.34883
5.68326
5.01698
4.34994
3.68219
3.01375
2.34471
1.67517
1.00526
0.335111
9.6682
9.00454
8.34068
7.6765
7.01189
6.34676
5.68105
5.01471
4.34773
3.68012
3.01192
2.34319
1.67403
1.00455
0.334874
9.66801
9.00398
8.33977
7.67529
7.01043
6.34511
5.67928
5.0129
4.34595
3.67846
3.01044
2.34197
1.67312
1.00399
0.334683
9.66786
9.00354
8.33906
7.67434
7.00928
6.34381
5.67789
5.01147
4.34456
3.67715
3.00929
2.34102
1.67241
1.00355
0.334534
9.66775
9.00321
8.33853
7.67362
7.00841
6.34283
5.67683
5.0104
4.3435
3.67617
3.00842
2.34029
1.67187
1.00322
0.334421
9.66767
9.00298
8.33815
7.67311
7.00779
6.34213
5.67609
5.00964
4.34276
3.67547
3.0078
2.33978
1.67149
1.00298
0.334341
9.66762
9.00283
8.33791
7.6728
7.00741
6.34171
5.67563
5.00917
4.3423
3.67504
3.00742
2.33947
1.67125
1.00283
0.334292
9.6676
9.00277
8.33782
7.67267
7.00726
6.34153
5.67545
5.00898
4.34211
3.67487
3.00726
2.33934
1.67116
1.00278
0.334272
9.66761
9.0028
8.33786
7.67272
7.00733
6.34161
5.67553
5.00906
4.34219
3.67494
3.00733
2.3394
1.6712
1.0028
0.334281
9.66765
9.00291
8.33804
7.67296
7.00761
6.34193
5.67587
5.00941
4.34254
3.67527
3.00762
2.33964
1.67138
1.00291
0.334318
9.66772
9.00311
8.33836
7.67339
7.00813
6.34252
5.6765
5.01006
4.34317
3.67586
3.00814
2.34007
1.6717
1.00311
0.334385
9.66782
9.0034
8.33883
7.67403
7.0089
6.34338
5.67743
5.011
4.3441
3.67672
3.00891
2.3407
1.67217
1.0034
0.334485
9.66795
9.00379
8.33947
7.67488
7.00993
6.34455
5.67868
5.01229
4.34535
3.67789
3.00995
2.34156
1.67282
1.0038
0.334619
9.66812
9.0043
8.3403
7.67599
7.01127
6.34606
5.6803
5.01394
4.34697
3.67941
3.01129
2.34267
1.67364
1.00431
0.334792
9.66834
9.00494
8.34133
7.67737
7.01295
6.34796
5.68233
5.01602
4.349
3.68131
3.01297
2.34406
1.67469
1.00496
0.33501
9.66861
9.00573
8.34261
7.67908
7.01501
6.35029
5.68483
5.01858
4.35151
3.68365
3.01505
2.34578
1.67597
1.00575
0.335279
9.66893
9.00669
8.34416
7.68117
7.01754
6.35314
5.68789
5.02171
4.35457
3.68651
3.01758
2.34788
1.67754
1.00672
0.335607
9.66932
9.00786
8.34605
7.68369
7.02059
6.35659
5.69159
5.02549
4.35828
3.68998
3.02066
2.35042
1.67944
1.0079
0.336005
9.6698
9.00926
8.34832
7.68672
7.02426
6.36075
5.69604
5.03005
4.36275
3.69415
3.02436
2.35349
1.68173
1.00931
0.336485
9.67037
9.01094
8.35103
7.69036
7.02867
6.36573
5.70138
5.03552
4.3681
3.69917
3.0288
2.35717
1.68449
1.01102
0.337061
9.67104
9.01294
8.35428
7.69472
7.03394
6.37169
5.70777
5.04207
4.37452
3.70517
3.03413
2.36158
1.68779
1.01306
0.337751
9.67185
9.01534
8.35816
7.69991
7.04023
6.37881
5.71541
5.04989
4.38219
3.71235
3.04049
2.36685
1.69173
1.0155
0.338577
9.67282
9.01819
8.36278
7.7061
7.04773
6.3873
5.72452
5.05923
4.39135
3.72092
3.0481
2.37316
1.69645
1.01842
0.339565
9.67396
9.02158
8.36828
7.71348
7.05666
6.39741
5.73538
5.07036
4.40227
3.73115
3.05719
2.38069
1.70209
1.02191
0.340746
9.67533
9.02562
8.37482
7.72224
7.06729
6.40945
5.74831
5.08363
4.41529
3.74336
3.06803
2.38968
1.70882
1.02607
0.342157
9.67695
9.03041
8.38258
7.73266
7.07993
6.42377
5.76371
5.09943
4.43082
3.75792
3.08097
2.40042
1.71687
1.03106
0.343843
9.67887
9.0361
8.3918
7.74504
7.09494
6.44079
5.78202
5.11826
4.44932
3.77528
3.09642
2.41324
1.72648
1.03701
0.345859
9.68115
9.04284
8.40274
7.75972
7.11277
6.46103
5.80381
5.14066
4.47137
3.79599
3.11485
2.42856
1.73797
1.04413
0.34827
9.68385
9.05082
8.41569
7.77713
7.13393
6.48506
5.82972
5.16733
4.49764
3.82069
3.13687
2.44687
1.7517
1.05264
0.351155
9.68704
9.06027
8.43104
7.79776
7.15902
6.5136
5.86051
5.19908
4.52895
3.85017
3.16317
2.46876
1.76815
1.06284
0.354611
9.69081
9.07145
8.44918
7.82218
7.18875
6.54746
5.8971
5.23685
4.56627
3.88536
3.19461
2.49497
1.78785
1.07507
0.358757
9.69526
9.08463
8.47061
7.85105
7.22396
6.5876
5.94056
5.2818
4.61075
3.92739
3.23222
2.52636
1.81148
1.08975
0.363736
9.7005
9.10018
8.4959
7.88514
7.26559
6.63516
5.99214
5.33527
4.66379
3.9776
3.27726
2.56402
1.83987
1.1074
0.369726
9.70667
9.11846
8.52567
7.92535
7.31477
6.69146
6.05335
5.39887
4.72705
4.03765
3.33124
2.60926
1.87403
1.12867
0.376948
9.71391
9.13994
8.56067
7.97269
7.37278
6.75803
6.12593
5.47452
4.80252
4.1095
3.39602
2.66369
1.91523
1.15436
0.385677
9.72238
9.16509
8.60171
8.0283
7.4411
6.83665
6.21192
5.56445
4.89257
4.19556
3.47389
2.72933
1.96503
1.18547
0.39626
9.73227
9.19447
8.64972
8.09349
7.52139
6.92935
6.31368
5.67133
5.00005
4.29874
3.56766
2.80867
2.02542
1.22329
0.409139
9.74377
9.22868
8.70571
8.16968
7.61553
7.03845
6.43398
5.79828
5.12839
4.4226
3.68079
2.90486
2.09893
1.26945
0.424882
9.7571
9.26835
8.77076
8.25844
7.7256
7.16655
6.57595
5.94896
5.28166
4.57145
3.81762
3.02186
2.18879
1.32608
0.444235
9.77248
9.31416
8.84602
8.36146
7.85384
7.31656
6.74317
6.12763
5.46472
4.7506
3.98354
3.16477
2.29922
1.396
0.468186
9.79012
9.3668
8.93269
8.48048
8.00268
7.49164
6.93965
6.33918
5.68333
4.96649
4.18537
3.34016
2.43582
1.48299
0.498081
9.81026
9.42691
9.03192
8.61726
8.17459
7.69515
7.16978
6.58918
5.94426
5.22701
4.4317
3.5566
2.60607
1.59225
0.53579
9.83306
9.49511
9.14479
8.77349
8.37203
7.93052
7.43826
6.88382
6.25542
5.54173
4.7334
3.82543
2.82025
1.73112
0.583996
9.8587
9.57188
9.27222
8.95065
8.59727
8.20113
7.7499
7.22981
6.62577
5.92214
5.1043
4.16173
3.09273
1.91024
0.646694
9.88727
9.65756
9.41487
9.14987
8.85219
8.50997
8.10934
7.63406
7.06527
6.38184
5.56178
4.58583
3.44401
2.14565
0.730111
9.9188
9.75225
9.573
9.37177
9.13803
8.85933
8.52059
8.10322
7.58437
6.93638
6.12749
5.12508
3.90397
2.46243
0.844551
9.95321
9.85575
9.74637
9.61623
9.45507
9.25038
8.98641
8.64283
8.1931
7.60263
6.82757
5.81618
4.51699
2.90165
1.00845
9.99032
9.96752
9.93414
9.88222
9.80231
9.68255
9.50747
9.25613
8.89953
8.39701
7.69174
6.70708
5.34953
3.5338
1.25823
10.0298
10.0866
10.1348
10.1676
10.1772
10.1531
10.0814
9.94247
9.70725
9.33214
8.74988
7.8569
6.50022
4.48525
1.67529
10.0713
10.2117
10.346
10.4692
10.5754
10.6567
10.7021
10.6956
10.6121
10.4111
10.0237
9.32866
8.108
5.98874
2.46777
10.1141
10.3412
10.5649
10.7825
10.9908
11.1851
11.3589
11.5021
11.5984
11.6193
11.5113
11.1653
10.3397
8.46559
4.24257
10.1577
10.473
10.788
11.1024
11.4159
11.7277
12.0368
12.3412
12.637
12.9169
13.1639
13.335
13.2996
12.5735
8.97713
10.2013
10.6049
11.0114
11.4229
11.842
12.2722
12.7179
13.186
13.6867
14.2373
14.8691
15.6479
16.7388
18.6746
23.6823
10.2443
10.7349
11.2313
11.738
12.2605
12.8057
13.3835
14.0081
14.7017
15.5011
16.4722
17.7439
19.5913
22.6423
28.3022
10.286
10.8608
11.444
12.0422
12.663
13.3166
14.0165
14.7822
15.6431
16.6454
17.8664
19.4401
21.6075
24.798
29.7059
0.52381
0.938563
1.11929
1.18632
1.18721
1.14536
1.07413
0.981881
0.874256
0.755231
0.627735
0.494006
0.355817
0.214636
0.0717329
0.280982
0.643159
0.846417
0.946644
0.979452
0.966339
0.920766
0.851599
0.764957
0.665243
0.555741
0.438993
0.317035
0.191569
0.0640771
0.176892
0.458109
0.64508
0.753777
0.803573
0.809844
0.78378
0.733444
0.664729
0.582043
0.488772
0.387592
0.280687
0.169906
0.0568804
0.123192
0.338503
0.498093
0.601806
0.657911
0.675794
0.66364
0.628043
0.574195
0.506188
0.427291
0.340163
0.247028
0.1498
0.0501935
0.0910694
0.257588
0.389903
0.482889
0.538786
0.562596
0.559773
0.535309
0.493486
0.437891
0.371521
0.296903
0.216207
0.131344
0.044048
0.0697934
0.200422
0.30902
0.389723
0.441936
0.467887
0.470929
0.454625
0.422336
0.377071
0.321474
0.257859
0.188278
0.114576
0.0384576
0.0547375
0.158554
0.247506
0.316336
0.36332
0.389082
0.395512
0.385037
0.360193
0.323423
0.27699
0.222956
0.163209
0.0994855
0.0334198
0.0436107
0.127006
0.199962
0.258117
0.299438
0.323697
0.331832
0.325421
0.306327
0.276483
0.23778
0.192019
0.140898
0.0860205
0.0289189
0.0351403
0.102707
0.162695
0.211585
0.2474
0.269506
0.27825
0.274611
0.259923
0.23569
0.203469
0.164803
0.121195
0.0740988
0.024929
0.0285543
0.083669
0.133133
0.17413
0.20488
0.224591
0.233264
0.231469
0.220144
0.200443
0.173632
0.141017
0.103911
0.0636165
0.0214167
0.0233526
0.0685541
0.109451
0.143788
0.170023
0.187338
0.195545
0.194943
0.186179
0.170132
0.147823
0.120347
0.0888419
0.0544565
0.018344
0.0191949
0.0564274
0.0903236
0.119071
0.141358
0.156409
0.163942
0.164082
0.157269
0.144169
0.125599
0.102475
0.0757714
0.0464953
0.0156707
0.0158406
0.046617
0.0747708
0.0988385
0.117716
0.1307
0.137471
0.138048
0.132724
0.122002
0.106536
0.0870873
0.0644865
0.0396089
0.0133562
0.0131146
0.0386272
0.0620546
0.0822092
0.0981664
0.109303
0.115299
0.11611
0.111926
0.103128
0.0902381
0.0738877
0.0547819
0.0336769
0.0113608
0.0108862
0.0320851
0.0516104
0.0684939
0.0819629
0.0914751
0.0967266
0.0976388
0.0943322
0.0870935
0.0763424
0.0626006
0.046465
0.0285856
0.00964693
0.00905587
0.0267049
0.0430001
0.057149
0.0685063
0.0766049
0.0811665
0.0820965
0.0794676
0.0734974
0.0645227
0.0529751
0.0393586
0.0242296
0.00817958
0.00754678
0.0222644
0.03588
0.047742
0.057312
0.0641901
0.0681274
0.0690245
0.0669226
0.061987
0.0544889
0.0447857
0.0333021
0.0205128
0.00692685
0.0062987
0.0185889
0.0299772
0.0399262
0.0479862
0.0538169
0.0571987
0.0580345
0.0563445
0.0522553
0.0459858
0.0378322
0.028152
0.0173491
0.00585997
0.0052639
0.0155394
0.0250736
0.0334217
0.040208
0.0451438
0.0480374
0.0487978
0.0474319
0.044037
0.0387907
0.0319385
0.0237811
0.0146617
0.00495333
0.00440421
0.0130047
0.0209933
0.0280013
0.0337145
0.0378883
0.0403568
0.0410371
0.0399277
0.037104
0.0327104
0.0269507
0.020078
0.0123832
0.00418432
0.00368889
0.0108946
0.0175938
0.0234798
0.0282897
0.0318165
0.0339177
0.0345188
0.0336137
0.0312608
0.0275783
0.0227356
0.0169456
0.0104545
0.00353318
0.00309299
0.00913623
0.0147589
0.0197054
0.0237555
0.0267344
0.0285199
0.0290462
0.0283045
0.0263407
0.0232515
0.0191782
0.0142997
0.00882453
0.00298272
0.0025962
0.00766981
0.0123933
0.0165532
0.0199649
0.0224807
0.0239962
0.0244539
0.0238436
0.0222018
0.0196079
0.0161798
0.012068
0.00744904
0.0025181
0.00218186
0.00644648
0.0104188
0.0139205
0.0167962
0.0189213
0.020207
0.0206029
0.0200988
0.0187238
0.0165433
0.0136559
0.0101885
0.00629011
0.00212654
0.0018363
0.00542603
0.00877121
0.0117222
0.0141485
0.0159448
0.0170353
0.0173766
0.0169587
0.0158048
0.0139694
0.0115348
0.00860803
0.00531527
0.00179713
0.00154829
0.00457535
0.00739722
0.00988815
0.0119382
0.0134582
0.0143837
0.0146773
0.0143295
0.0133591
0.0118113
0.00975543
0.00728164
0.00449689
0.00152054
0.00130853
0.0038671
0.00625298
0.00836017
0.0100958
0.0113844
0.0121709
0.0124231
0.0121325
0.0113141
0.0100059
0.00826615
0.0061711
0.00381152
0.00128887
0.00110938
0.00327873
0.00530219
0.0070901
0.00856379
0.00965906
0.010329
0.0105458
0.0103018
0.00960929
0.00850009
0.00702349
0.00524418
0.00323936
0.00109545
0.000944522
0.00279164
0.00451491
0.00603817
0.00729444
0.00822899
0.00880163
0.00898838
0.00878233
0.00819373
0.00724932
0.00599098
0.00447382
0.00276375
0.000934657
0.000808774
0.00239051
0.00386648
0.00517156
0.00624844
0.00705016
0.00754214
0.00770364
0.00752847
0.00702517
0.00621647
0.00513813
0.00383737
0.00237075
0.000801783
0.000697881
0.00206282
0.00333668
0.00446337
0.00539345
0.00608633
0.00651208
0.0066526
0.00650239
0.00606863
0.00537079
0.00443967
0.00331605
0.00204881
0.000692927
0.000608387
0.00179834
0.00290905
0.00389167
0.00470311
0.00530796
0.00568002
0.00580339
0.00567314
0.0052954
0.00468704
0.00387486
0.00289442
0.00178841
0.000604874
0.00053751
0.00158888
0.00257034
0.00343879
0.00415618
0.00469118
0.00502058
0.00513025
0.0050157
0.00468227
0.00414477
0.00342686
0.00255995
0.00158183
0.000535016
0.000483054
0.00142793
0.00231008
0.00309078
0.00373585
0.00421713
0.00451368
0.00461274
0.00451021
0.00421079
0.00372774
0.0030823
0.00230269
0.00142292
0.00048128
0.000443333
0.00131054
0.00212024
0.00283693
0.00342924
0.0038713
0.00414388
0.00423519
0.0041414
0.00386678
0.00342345
0.00283087
0.00211496
0.00130696
0.000442067
0.00041712
0.00123307
0.00199496
0.00266942
0.00322693
0.00364313
0.00389991
0.00398612
0.00389812
0.00363988
0.00322276
0.00266506
0.00199117
0.00123049
0.000416209
0.000403603
0.00119313
0.00193038
0.00258309
0.0031227
0.00352564
0.00377433
0.00385799
0.00377303
0.00352326
0.00311966
0.00257991
0.00192761
0.00119125
0.000402938
0.000402362
0.00118947
0.0019245
0.00257528
0.00311336
0.00351522
0.00376333
0.00384691
0.00376235
0.00351343
0.00311107
0.00257289
0.00192241
0.00118805
0.000401862
0.00041335
0.00122196
0.00197709
0.00264571
0.00319857
0.00361153
0.00386655
0.00395254
0.00386578
0.00361012
0.00319677
0.00264382
0.00197545
0.00122085
0.000412956
0.000436897
0.00129157
0.00208974
0.00279649
0.00338091
0.00381747
0.00408711
0.00417808
0.00408646
0.00381627
0.00337938
0.00279488
0.00208835
0.00129063
0.000436562
0.000473714
0.00140042
0.00226586
0.00303218
0.00366589
0.00413929
0.0044317
0.00453039
0.00443108
0.00413815
0.00366444
0.00303067
0.00226454
0.00139952
0.000473397
0.000524917
0.00155179
0.00251078
0.00335994
0.00406216
0.00458674
0.00491078
0.00502015
0.00491012
0.00458554
0.00406062
0.00335833
0.00250938
0.00155084
0.000524581
0.000592062
0.00175028
0.00283194
0.00378971
0.00458174
0.00517341
0.00553888
0.00566222
0.0055381
0.00517199
0.00457993
0.00378782
0.00283029
0.00174916
0.000591665
0.000677187
0.00200193
0.00323909
0.00433455
0.00524041
0.00591709
0.00633505
0.00647608
0.00633407
0.00591529
0.00523811
0.00433214
0.00323699
0.00200051
0.000676683
0.00078288
0.00231438
0.00374461
0.005011
0.00605818
0.00684039
0.00732348
0.00748642
0.00732217
0.00683798
0.0060551
0.00500778
0.00374181
0.00231248
0.000782208
0.000912357
0.00269714
0.00436387
0.00583963
0.00705989
0.00797132
0.00853416
0.00872389
0.00853236
0.00796803
0.00705567
0.00583522
0.00436003
0.00269453
0.000911435
0.00106955
0.00316184
0.0051157
0.00684563
0.00827598
0.00934425
0.0100038
0.0102261
0.0100013
0.00933967
0.00827012
0.0068395
0.00511036
0.00315821
0.00106827
0.00125926
0.00372263
0.00602297
0.0080596
0.00974343
0.0110009
0.0117771
0.0120385
0.0117736
0.0109945
0.00973522
0.00805101
0.0060155
0.00371755
0.00125747
0.00148725
0.00439659
0.00711332
0.00951848
0.0115069
0.0129916
0.0139079
0.0142161
0.013903
0.0129826
0.0114953
0.0095064
0.0071028
0.00438946
0.00148473
0.00176048
0.00520427
0.00841996
0.0112667
0.0136199
0.0153768
0.0164609
0.0168251
0.0164539
0.0153641
0.0136036
0.0112497
0.00840514
0.00519421
0.00175692
0.00208728
0.0061703
0.00998272
0.0133575
0.0161469
0.0182292
0.0195136
0.0199445
0.0195038
0.0182113
0.016124
0.0133335
0.00996182
0.00615611
0.00208227
0.00247764
0.00732417
0.0118493
0.0158547
0.0191649
0.0216354
0.0231588
0.0236691
0.0231449
0.0216101
0.0191325
0.0158208
0.0118198
0.00730415
0.00247056
0.00294348
0.00870116
0.0140767
0.0188343
0.0227657
0.0256992
0.0275072
0.0281117
0.0274876
0.0256635
0.02272
0.0187865
0.0140351
0.0086729
0.00293349
0.00349908
0.0103434
0.0167331
0.0223876
0.0270594
0.0305443
0.032691
0.0334072
0.0326634
0.0304939
0.0269948
0.0223201
0.0166743
0.0103035
0.00348498
0.00416148
0.0123013
0.0198998
0.0266232
0.0321768
0.0363183
0.0388679
0.0397163
0.038829
0.0362471
0.0320857
0.0265279
0.0198168
0.012245
0.00414157
0.00495104
0.0146349
0.023674
0.0316708
0.0382747
0.0431974
0.0462258
0.0472304
0.0461708
0.043097
0.0381461
0.0315363
0.0235569
0.0145554
0.00492293
0.00589208
0.0174161
0.0281717
0.0376853
0.0455395
0.0513917
0.0549886
0.0561774
0.054911
0.0512498
0.045358
0.0374954
0.0280064
0.0173039
0.0058524
0.00701369
0.0207309
0.0335317
0.0448518
0.0541942
0.0611514
0.0654232
0.0668287
0.0653136
0.0609512
0.0539379
0.0445837
0.0332983
0.0205725
0.00695766
0.00835064
0.0246818
0.0399195
0.0533911
0.0645046
0.0727755
0.0778475
0.0795075
0.0776928
0.0724927
0.0641428
0.0530128
0.0395901
0.0244581
0.00827154
0.00994454
0.0293917
0.0475335
0.0635674
0.0767884
0.0866201
0.0926405
0.0945983
0.0924221
0.086221
0.0762776
0.0630333
0.0470684
0.029076
0.00983287
0.0118453
0.0350077
0.0566108
0.0756966
0.0914249
0.103111
0.110254
0.112559
0.109945
0.102547
0.0907038
0.0749425
0.0559541
0.034562
0.0116876
0.0141126
0.0417062
0.0674355
0.0901566
0.108868
0.122755
0.131226
0.133934
0.13079
0.121959
0.10785
0.0890921
0.0665085
0.041077
0.01389
0.0168183
0.049699
0.0803486
0.1074
0.129659
0.146158
0.156198
0.159372
0.155583
0.145036
0.128222
0.105897
0.0790399
0.0488107
0.0165041
0.0200488
0.0592405
0.0957595
0.127971
0.15445
0.174046
0.185935
0.189644
0.185068
0.172462
0.152421
0.125849
0.093912
0.0579864
0.0196052
0.0239081
0.0706373
0.114161
0.152521
0.184018
0.207286
0.221351
0.225668
0.220127
0.205048
0.181154
0.149526
0.111553
0.0688669
0.0232819
0.028522
0.0842597
0.136146
0.181836
0.219298
0.246913
0.263535
0.268534
0.261806
0.243754
0.215256
0.177608
0.132464
0.0817602
0.0276379
0.0340429
0.100556
0.162434
0.216862
0.261416
0.294171
0.313787
0.319542
0.311347
0.289713
0.255709
0.210893
0.157235
0.0970267
0.0327945
0.0406558
0.120069
0.193893
0.258744
0.311723
0.350551
0.37366
0.380235
0.370216
0.344258
0.303667
0.250318
0.186553
0.115086
0.0388931
0.0485866
0.143463
0.231581
0.308867
0.371854
0.417843
0.445011
0.452448
0.440151
0.408961
0.360483
0.296971
0.221218
0.136427
0.0460975
0.058112
0.171548
0.276788
0.368917
0.443785
0.498202
0.530058
0.538361
0.5232
0.485666
0.427735
0.352124
0.262156
0.161612
0.0545969
0.0695733
0.205322
0.331097
0.440951
0.529913
0.594222
0.631457
0.640562
0.62178
0.576532
0.507258
0.417242
0.310435
0.19129
0.0646084
0.0833934
0.246021
0.396457
0.527489
0.633156
0.709036
0.752384
0.762121
0.738731
0.684076
0.601181
0.494016
0.367279
0.226201
0.0763794
0.100101
0.295184
0.475289
0.631636
0.757076
0.846435
0.896643
0.906678
0.877387
0.811223
0.711952
0.584378
0.434076
0.26718
0.0901893
0.120362
0.354745
0.570613
0.757238
0.906045
1.01101
1.06879
1.07853
1.04164
0.961351
0.842371
0.690515
0.512394
0.315168
0.106351
0.145026
0.42716
0.686239
0.909095
1.08545
1.20836
1.27428
1.28277
1.23602
1.13834
0.995612
0.814885
0.603972
0.371201
0.125208
0.175188
0.515581
0.827012
1.09324
1.30195
1.44526
1.51964
1.52534
1.46575
1.34659
1.17523
0.960207
0.710722
0.436413
0.147137
0.21228
0.62411
0.999167
1.31731
1.56385
1.73003
1.81266
1.81325
1.73684
1.59106
1.38517
1.12945
0.834704
0.512012
0.172536
0.258212
0.758167
1.21084
1.5911
1.88153
2.07279
2.16265
2.15459
2.0561
1.87726
1.6297
1.32577
0.978086
0.599261
0.201818
0.315576
0.925054
1.47278
1.92724
2.26808
2.48593
2.58063
2.55872
2.43112
2.21117
1.91336
1.55247
1.14308
0.699432
0.235399
0.387988
1.13482
1.79947
2.34228
2.74
2.98457
3.07955
3.03623
2.87023
2.59911
2.24081
1.81283
1.33185
0.813751
0.273674
0.480639
1.40163
2.21075
2.85804
3.31826
3.58705
3.67448
3.59889
3.38233
3.04758
2.61663
2.10996
1.54639
0.94332
0.316997
0.601263
1.74612
2.7344
3.50369
4.02941
4.31544
4.38258
4.25943
3.97645
3.56281
3.045
2.44657
1.78836
1.08902
0.365644
0.761927
2.19933
3.41008
4.31844
4.90699
5.19579
5.22278
5.03091
4.66127
4.15034
3.52933
2.82467
2.05886
1.25141
0.41978
0.982618
2.80991
4.29574
5.35522
5.99268
6.2579
6.21492
5.92578
5.44417
4.81428
4.07172
3.24521
2.35826
1.43058
0.479417
1.29909
3.65759
5.47742
6.68502
7.33681
7.53398
7.37795
6.95425
6.33
5.5564
4.67235
3.7077
2.6859
1.62604
0.544378
1.782
4.87932
7.08421
8.40073
8.99657
9.05524
8.72678
8.12191
7.31947
6.37518
5.32892
4.20984
3.03995
1.83661
0.614261
2.58898
6.72072
9.30784
10.6168
11.0293
10.8453
10.2675
9.42671
8.40736
7.26471
6.036
4.7472
3.4172
2.06037
0.688421
4.12248
9.63472
12.419
13.4554
13.4761
12.9087
11.9906
10.8554
9.58081
8.21392
6.78473
5.31315
3.81303
2.29462
0.765969
7.55366
14.443
16.7438
16.9992
16.3311
15.2154
13.8645
12.3809
10.8182
9.20631
7.56285
5.89885
4.22154
2.53594
0.845794
16.6917
22.4377
22.4889
21.184
19.4969
17.6853
15.8302
13.9612
12.0897
10.2205
8.35515
6.49373
4.63576
2.78038
0.926614
10.3297
10.9927
11.6666
12.3594
13.0808
13.8431
14.6625
15.561
16.5704
17.7371
19.1303
20.8521
23.0438
25.8571
29.2824
10.3739
11.1258
11.8903
12.6766
13.4956
14.3604
15.2878
16.2995
17.4245
18.7013
20.1802
21.9225
23.9885
26.4
29.0483
10.414
11.2464
12.0922
12.9612
13.8645
14.815
15.8286
16.9245
18.1265
19.4631
20.9667
22.6686
24.5876
26.7056
28.9357
10.4497
11.3534
12.2708
13.2114
14.186
15.2065
16.287
17.4433
18.6937
20.0578
21.5544
23.1975
24.9872
26.8989
28.8735
10.4809
11.4469
12.4261
13.4276
14.4613
15.538
16.6693
17.8679
19.1471
20.5195
21.9955
23.5793
25.2645
27.0288
28.8326
10.5077
11.5272
12.559
13.6115
14.6937
15.8147
16.9841
18.2118
19.5069
20.8775
22.3285
23.8595
25.4623
27.1189
28.802
10.5305
11.5951
12.671
13.7657
14.8871
16.0428
17.2406
18.4879
19.7911
21.1549
22.5812
24.0676
25.606
27.1823
28.7769
10.5495
11.6517
12.7641
13.8933
15.046
16.2286
17.4474
18.7079
20.0144
21.3695
22.7735
24.2232
25.7114
27.2269
28.7554
10.5651
11.6982
12.8403
13.9973
15.1748
16.3782
17.6125
18.8816
20.1887
21.5351
22.9199
24.34
25.7891
27.2583
28.7368
10.5777
11.7357
12.9017
14.0806
15.2775
16.4968
17.7424
19.0173
20.3236
21.6619
23.0308
24.4274
25.8462
27.2802
28.7206
10.5876
11.7653
12.9499
14.146
15.3577
16.5889
17.8427
19.1214
20.4264
21.7577
23.1139
24.4921
25.8879
27.2952
28.707
10.5952
11.7878
12.9865
14.1955
15.4184
16.6584
17.918
19.1991
20.5026
21.8283
23.1747
24.5391
25.9176
27.3052
28.6959
10.6007
11.804
13.0129
14.2311
15.4619
16.7079
17.9715
19.2542
20.5564
21.8779
23.2171
24.5717
25.938
27.3116
28.6875
10.6042
11.8145
13.03
14.2541
15.4899
16.7398
18.0059
19.2894
20.5907
21.9094
23.244
24.5922
25.9507
27.3154
28.6818
10.606
11.8196
13.0384
14.2654
15.5036
16.7554
18.0227
19.3066
20.6074
21.9247
23.2571
24.6021
25.9568
27.3171
28.6789
32.2131
33.7522
36.1127
37.358
39.0413
39.9432
41.1354
41.7011
42.2131
43.1774
43.7977
44.7976
45.4369
46.4751
47.1552
48.3149
48.9562
49.8694
50.3923
51.1423
51.5738
52.1816
52.4863
52.7835
53.3594
53.7554
54.4234
54.8818
55.6695
56.2226
57.2244
57.8074
58.6988
59.2269
60.0301
60.5034
61.2057
61.5611
61.9257
62.6661
63.1928
64.1252
64.7827
65.9635
66.8007
68.3612
69.2617
70.6596
71.4789
72.7446
73.4783
74.5823
75.1207
75.6675
76.8078
77.5889
78.9767
79.9011
81.5334
82.615
84.5663
85.6257
87.1892
88.0519
89.3201
90.0102
90.9981
91.4465
91.8661
92.7374
93.2802
94.2147
94.7759
95.7331
96.3017
97.2976
97.7874
98.5074
98.8597
99.4236
99.6915
100.204
100.323
100.483
101.319
101.08
100.187
98.3449
94.2636
83.6189
31.364
33.1783
34.9693
36.4682
37.874
39.0365
40.1062
40.9788
41.7859
42.6491
43.4686
44.3386
45.1627
46.0417
46.8759
47.7632
48.549
49.3252
50.0046
50.6701
51.2522
51.817
52.3054
52.7848
53.3215
53.859
54.4576
55.0572
55.7311
56.4065
57.163
57.8649
58.5944
59.2588
59.9392
60.5543
61.1751
61.7281
62.2944
62.9576
63.6462
64.4444
65.2676
66.2236
67.1984
68.313
69.3481
70.4321
71.4143
72.4231
73.3246
74.2311
75.0197
75.8175
76.7536
77.7057
78.7967
79.8831
81.1135
82.313
83.6377
84.8056
85.9704
86.9657
87.933
88.7417
89.5044
90.1138
90.6809
91.3121
91.9028
92.5399
93.116
93.7253
94.2568
94.8009
95.21
95.567
95.79
95.9508
95.9752
95.9125
95.6447
95.2061
94.5702
93.2485
90.9918
87.3239
81.3072
71.4114
30.9333
32.6373
34.246
35.7119
37.0563
38.2628
39.36
40.3502
41.2772
42.1829
43.0662
43.9448
44.8088
45.672
46.5192
47.3568
48.1551
48.9194
49.6363
50.3171
50.9547
51.5614
52.1366
52.7026
53.2817
53.8735
54.4896
55.1248
55.7895
56.4728
57.1792
57.8815
58.5829
59.2667
59.9413
60.5958
61.2413
61.8748
62.5225
63.2114
63.9408
64.7265
65.5601
66.4556
67.3936
68.3781
69.3628
70.35
71.3103
72.2547
73.1625
74.0486
74.9042
75.7669
76.6752
77.6212
78.6222
79.6564
80.737
81.8291
82.9337
83.9885
84.9944
85.9183
86.7728
87.5383
88.2301
88.8406
89.4018
89.9438
90.4573
90.9513
91.4066
91.8284
92.1923
92.4968
92.7065
92.818
92.8083
92.6729
92.3828
91.9148
91.2103
90.212
88.8075
86.7617
83.8273
79.684
73.9355
66.2936
30.6635
32.2331
33.7279
35.13
36.4365
37.6459
38.7674
39.8117
40.7988
41.7482
42.6697
43.5715
44.4554
45.3244
46.1755
47.0065
47.8092
48.5811
49.3192
50.0254
50.7007
51.3505
51.9803
52.6008
53.2228
53.8519
54.4934
55.1488
55.8202
56.5049
57.2005
57.8986
58.5957
59.2867
59.9715
60.6492
61.3238
62.0002
62.6901
63.4058
64.1533
64.9387
65.7624
66.6252
67.5207
68.4419
69.373
70.3053
71.228
72.138
73.0306
73.9089
74.7771
75.6496
76.5413
77.4564
78.3984
79.3618
80.3424
81.3261
82.2999
83.2406
84.1351
84.9695
85.7395
86.4394
87.0712
87.6373
88.1486
88.6154
89.0384
89.4171
89.7442
90.0134
90.212
90.328
90.343
90.242
90.0063
89.6166
89.0451
88.2561
87.1977
85.8013
83.967
81.5531
78.4024
74.3542
69.2893
63.2472
30.4764
31.9358
33.3429
34.685
35.9561
37.155
38.2855
39.3549
40.3738
41.3531
42.3009
43.223
44.1228
45.002
45.8602
46.696
47.5067
48.2907
49.0472
49.7772
50.4827
51.1675
51.8364
52.496
53.1527
53.8115
54.4762
55.1489
55.8306
56.5206
57.2169
57.9163
58.6163
59.3146
60.011
60.7061
61.4026
62.105
62.8196
63.5531
64.3104
65.0947
65.9071
66.7467
67.6096
68.4901
69.3804
70.2733
71.1627
72.045
72.9179
73.7827
74.6424
75.5035
76.3722
77.2517
78.1424
79.041
79.942
80.8362
81.7125
82.5577
83.3608
84.1122
84.8058
85.4373
86.0056
86.5116
86.9583
87.3485
87.6818
87.9556
88.1638
88.2986
88.3492
88.3031
88.1451
87.8585
87.4245
86.8206
86.019
84.9842
83.6705
82.0199
79.9598
77.4044
74.2687
70.4875
66.049
61.0458
30.3392
31.7136
33.051
34.3416
35.5793
36.762
37.8909
38.9701
40.0053
41.0028
41.9684
42.9061
43.8191
44.709
45.5763
46.4209
47.242
48.0392
48.8127
49.5635
50.2938
51.0064
51.7052
52.3945
53.0788
53.7619
54.4466
55.1351
55.8283
56.5262
57.228
57.9324
58.6381
59.3445
60.0514
60.7599
61.4721
62.1911
62.9208
63.6652
64.4273
65.2093
66.0117
66.8335
67.672
68.5234
69.3828
70.2452
71.1067
71.9642
72.8161
73.6624
74.5046
75.3452
76.1866
77.0297
77.8737
78.7156
79.5503
80.3707
81.1685
81.9344
82.6597
83.3369
83.9601
84.5248
85.0286
85.4698
85.848
86.1621
86.4099
86.5872
86.6878
86.7036
86.6244
86.4382
86.1309
85.6863
85.0859
84.3083
83.3275
82.1128
80.627
78.8271
76.6645
74.0902
71.0635
67.5662
63.621
59.3097
30.2348
31.5439
32.8262
34.0737
35.2811
36.4458
37.5674
38.6479
39.6902
40.6981
41.6751
42.6242
43.5479
44.4477
45.3245
46.1789
47.0109
47.821
48.6099
49.3787
50.1294
50.8645
51.5867
52.2994
53.0058
53.7088
54.4108
55.1136
55.8182
56.5252
57.2344
57.9455
58.6582
59.3724
60.0885
60.8074
61.5308
62.2608
62.9999
63.7506
64.5147
65.2935
66.0872
66.895
67.7148
68.5441
69.3795
70.2175
71.0552
71.8903
72.721
73.5469
74.3679
75.1845
75.9971
76.8051
77.6069
78.3993
79.1777
79.9366
80.6691
81.3681
82.0266
82.6381
83.1971
83.699
84.1401
84.5175
84.8285
85.0699
85.2381
85.3278
85.3325
85.244
85.0524
84.7465
84.3129
83.7369
83.0014
82.087
80.9717
79.6303
78.0349
76.1552
73.961
71.4262
68.5347
65.289
61.719
57.8876
30.1535
31.4123
32.651
33.863
35.0439
36.1908
37.3027
38.38
39.4242
40.4371
41.4212
42.3784
43.3104
44.2188
45.1044
45.9681
46.8106
47.6326
48.435
49.2192
49.9869
50.74
51.4811
52.2125
52.9368
53.6563
54.373
55.0885
55.8039
56.5199
57.237
57.9554
58.6752
59.3967
60.1205
60.8475
61.579
62.3164
63.0613
63.8154
64.5798
65.3551
66.1414
66.9378
67.743
68.5549
69.3711
70.189
71.0065
71.8213
72.6319
73.4371
74.2362
75.0285
75.813
76.5883
77.3523
78.1016
78.8322
79.5391
80.2166
80.8588
81.4597
82.0135
82.5149
82.9592
83.3421
83.6595
83.9076
84.082
84.1779
84.1896
84.11
83.9313
83.6438
83.2371
82.6989
82.0159
81.173
80.1538
78.9401
77.5125
75.8508
73.9348
71.747
69.2747
66.5149
63.478
60.1923
56.7052
30.0893
31.3093
32.5135
33.6968
34.8551
35.9857
37.0873
38.1593
39.2023
40.2172
41.2053
42.1679
43.1064
44.0218
44.9151
45.7872
46.6391
47.4715
48.2856
49.0827
49.8643
50.6322
51.3884
52.1349
52.8738
53.6069
54.336
55.0626
55.7877
56.5123
57.237
57.9623
58.6886
59.4166
60.1469
60.8802
61.6175
62.3599
63.1086
63.8644
64.6281
65.4
66.1798
66.967
67.7604
68.5583
69.3589
70.1603
70.9603
71.7572
72.5492
73.335
74.1132
74.8823
75.6408
76.3867
77.1174
77.8296
78.5195
79.1826
79.8137
80.4078
80.9593
81.463
81.9138
82.3067
82.637
82.9001
83.0914
83.2058
83.2378
83.1813
83.0292
82.7737
82.4058
81.9156
81.2922
80.5237
79.5973
78.4993
77.2153
75.7308
74.0315
72.1049
69.9413
67.5363
64.893
62.0243
58.9549
55.7206
30.0384
31.2285
32.4058
33.5659
34.7055
35.822
36.9137
37.9799
39.0203
40.0353
41.0254
41.9917
42.9349
43.8559
44.7556
45.6349
46.4947
47.3361
48.16
48.9677
49.7607
50.5406
51.3089
52.0676
52.8182
53.5625
54.3019
55.0378
55.7714
56.5035
57.2351
57.9666
58.6989
59.4324
60.1679
60.906
61.6477
62.3936
63.1445
63.901
64.6636
65.4322
66.2067
66.9863
67.7701
68.5568
69.3447
70.1322
70.9175
71.6988
72.4745
73.2427
74.0019
74.7502
75.4857
76.2058
76.9079
77.5887
78.2443
78.8707
79.4631
80.0167
80.5266
80.9876
81.3947
81.7429
82.0274
82.243
82.3846
82.4468
82.4239
82.3093
82.0962
81.7767
81.3426
80.7847
80.0932
79.2578
78.2676
77.1114
75.7781
74.257
72.5386
70.6151
68.4822
66.1401
63.5946
60.8589
57.9539
54.9075
29.9985
31.1658
32.3223
33.4642
34.5887
35.6934
36.7765
37.837
38.8743
39.8884
40.8795
41.848
42.7946
43.7199
44.6248
45.5099
46.3763
47.2249
48.0568
48.8732
49.6753
50.4646
51.2426
52.0109
52.7709
53.5241
54.2719
55.0156
55.7562
56.4948
57.2322
57.9691
58.7063
59.4444
60.184
60.9259
61.6707
62.419
63.1713
63.928
64.6893
65.455
66.225
66.9985
67.7747
68.5523
69.33
70.1062
70.8793
71.6475
72.4092
73.1624
73.9052
74.6356
75.3513
76.0497
76.7279
77.3826
78.0101
78.6064
79.167
79.6875
80.1629
80.5885
80.9591
81.2699
81.5156
81.691
81.7909
81.8094
81.7406
81.5781
81.3149
80.9436
80.4565
79.8449
79.1004
78.2137
77.1757
75.9775
74.6103
73.0665
71.3397
69.4258
67.3236
65.0356
62.5691
59.9365
57.1556
54.2487
29.968
31.1183
32.2591
33.3872
34.5
35.5952
36.6712
37.7268
38.7612
39.774
40.7653
41.7352
42.6842
43.6128
44.5215
45.4113
46.2828
47.1372
47.9753
48.7983
49.6075
50.4041
51.1896
51.9652
52.7325
53.4927
54.2471
54.9969
55.7432
56.4869
57.229
57.9703
58.7114
59.4531
60.196
60.9407
61.6878
62.4377
63.1908
63.9473
64.7074
65.4708
66.2372
67.0059
67.7761
68.5466
69.3163
70.0836
70.847
71.6047
72.3549
73.0958
73.8252
74.541
75.2406
75.9215
76.5805
77.2145
77.8197
78.3921
78.9277
79.4218
79.8699
80.2671
80.6086
80.8891
81.1037
81.2468
81.313
81.2964
81.1911
80.9905
80.688
80.2763
79.7481
79.0956
78.3109
77.3862
76.3135
75.0856
73.6957
72.1383
70.4092
68.5067
66.4314
64.1872
61.7819
59.2269
56.5376
53.7329
29.9458
31.0841
32.2136
33.3318
34.436
35.5242
36.5948
37.6465
38.6784
39.6901
40.6813
41.652
42.6026
43.5334
44.445
45.3381
46.2134
47.072
47.9146
48.7426
49.5569
50.3589
51.1498
51.9308
52.7034
53.4687
54.2279
54.9823
55.7328
56.4805
57.2261
57.9706
58.7147
59.4591
60.2043
60.951
61.6997
62.4506
63.2042
63.9605
64.7196
65.4812
66.2448
67.01
67.7758
68.5411
69.3049
70.0655
70.8216
71.5713
72.3129
73.0444
73.7636
74.4683
75.1558
75.8234
76.4681
77.0865
77.675
78.2298
78.7466
79.2212
79.6488
80.0249
80.3444
80.6022
80.7933
80.912
80.9529
80.9101
80.7774
80.5486
80.2169
79.7756
79.2174
78.5353
77.722
76.7704
75.6737
74.4258
73.0213
71.456
69.7276
67.8354
65.7813
63.57
61.2092
58.7097
56.0851
53.3519
29.9313
31.0618
32.1842
33.2959
34.3945
35.4781
36.545
37.5941
38.6243
39.635
40.626
41.5972
42.5487
43.4809
44.3944
45.2896
46.1675
47.0288
47.8745
48.7056
49.5233
50.3288
51.1232
51.9078
52.6838
53.4525
54.215
54.9723
55.7257
56.4759
57.224
57.9706
58.7167
59.4628
60.2096
60.9576
61.7072
62.4588
63.2126
63.9687
64.7271
65.4874
66.2493
67.0121
67.7749
68.5369
69.2967
70.0529
70.8041
71.5485
72.2843
73.0095
73.7219
74.419
75.0984
75.7572
76.3923
77.0004
77.5778
78.1208
78.6252
79.0867
79.5008
79.8627
80.1676
80.4103
80.5857
80.6881
80.7121
80.6518
80.5009
80.2534
79.9025
79.4417
78.8641
78.1627
77.331
76.3623
75.2505
73.9903
72.5771
71.0078
69.2807
67.3961
65.3565
63.1671
60.8353
58.3715
55.7883
53.1006
29.9241
31.0509
32.1697
33.2782
34.3741
35.4554
36.5205
37.5682
38.5975
39.6077
40.5986
41.5699
42.5219
43.4549
44.3692
45.2655
46.1446
47.0073
47.8545
48.6872
49.5066
50.3138
51.1099
51.8963
52.674
53.4444
54.2084
54.9673
55.722
56.4735
57.2228
57.9706
58.7176
59.4646
60.2121
60.9608
61.7108
62.4627
63.2167
63.9727
64.7306
65.4903
66.2513
67.0129
67.7743
68.5346
69.2924
70.0464
70.7952
71.5369
72.2698
72.9918
73.7008
74.3942
75.0695
75.7238
76.3541
76.957
77.5289
78.066
78.5643
79.0193
79.4266
79.7815
80.079
80.3142
80.4816
80.576
80.5915
80.5224
80.3625
80.1056
79.7452
79.2748
78.6875
77.9767
77.136
76.159
75.0399
73.7738
72.3566
70.7855
69.0594
67.1788
65.1467
62.9681
60.6507
58.2044
55.6413
52.9757
47.8552
35.5818
29.8442
26.079
23.0742
20.4352
18.0031
15.7011
13.4865
11.3331
9.22356
7.1454
5.08936
3.04802
1.01509
55.1095
43.3844
35.8953
30.6581
26.6106
23.2279
20.2432
17.5115
14.9489
12.5029
10.1394
7.83409
5.56942
3.33152
1.10886
56.3043
46.9503
39.6939
34.0472
29.4816
25.6224
22.2298
19.1527
16.2942
13.5902
10.9967
8.48205
6.02264
3.59974
1.19766
55.9548
48.4179
41.8822
36.3547
31.6458
27.5499
23.9007
20.5751
17.4848
14.5668
11.7749
9.07466
6.43926
3.84708
1.27967
55.1861
48.8836
43.0616
37.8432
33.1963
29.0305
25.2476
21.7616
18.503
15.4171
12.4614
9.60227
6.81255
4.06959
1.35359
54.3267
48.868
43.6367
38.7595
34.2653
30.1276
26.2972
22.7206
19.3482
16.137
13.0511
10.0603
7.139
4.26507
1.41868
53.4893
48.6243
43.8569
39.2923
34.9773
30.9169
27.0927
23.475
20.0317
16.7314
13.5456
10.4487
7.41796
4.43295
1.47471
52.7178
48.2822
43.8737
39.575
35.434
31.4698
27.6811
24.0548
20.5719
17.2111
13.9509
10.7707
7.65113
4.57398
1.5219
52.0312
47.9123
43.7802
39.6994
35.7136
31.8466
28.1066
24.4909
20.9898
17.5899
14.2759
11.0319
7.84177
4.68988
1.56077
51.4378
47.5549
43.6346
39.7282
35.8737
32.0959
28.4074
24.8119
21.3062
17.8826
14.5309
11.239
7.99408
4.78293
1.59205
50.9415
47.2342
43.4746
39.7044
35.9567
32.2553
28.6149
25.0428
21.54
18.1032
14.7257
11.3989
8.11254
4.85562
1.61655
50.5439
46.9651
43.3246
39.6574
35.9928
32.3531
28.7538
25.204
21.7076
18.2641
14.8697
11.5181
8.20145
4.91041
1.63505
50.2456
46.7568
43.2006
39.6074
36.0035
32.4101
28.8426
25.3114
21.8219
18.3756
14.9706
11.6024
8.26457
4.94944
1.64824
50.0468
46.6152
43.1128
39.5674
36.0032
32.4405
28.8948
25.3767
21.8928
18.4456
15.0344
11.656
8.30493
4.97445
1.65671
49.9474
46.5436
43.0675
39.5455
36.001
32.4536
28.9188
25.4075
21.9267
18.4793
15.0653
11.682
8.32457
4.98665
1.66085
)
;

boundaryField
{
    hot
    {
        type            fixedValue;
        value           uniform 10;
    }
    cold
    {
        type            fixedValue;
        value           uniform 0;
    }
    interface_left
    {
        type            fixedValue;
        value           nonuniform List<scalar> 
90
(
0
0
0
0
0
0
0
0
0
0
0
0
0
0
0
0
0
0
0
0
0
0
0
0
0
0
0
0
0
0
0
0
0
0
0
0
0
0
0
0
0
0
0
0
0
0
0
0
0
0
0
0
0
0
0
0
0
0
0
0
0
0
0
0
0
0
0
0
0
0
0
0
0
0
0
0
0
0
0
0
0
0
0
0
0
0
0
33.4475
33.4475
33.4475
)
;
    }
    interface_right
    {
        type            fixedValue;
        value           uniform 0;
    }
    interface_top
    {
        type            fixedValue;
        value           nonuniform List<scalar> 
90
(
33.4475
33.4475
37.4872
37.4872
40.1872
40.1872
42.1007
42.1007
42.1007
43.6887
43.6887
45.2864
45.2864
46.9493
46.9493
48.9636
48.9636
50.4222
50.4222
51.6072
51.6072
52.5817
52.5817
52.5817
53.5074
53.5074
54.5566
54.5566
55.8072
55.8072
57.5561
57.5561
59.0122
59.0122
60.3126
60.3126
61.4704
61.4704
61.4704
62.6736
62.6736
64.163
64.163
66.0804
66.0804
68.86
68.86
71.1892
71.1892
73.2878
73.2878
75.1645
75.1645
75.1645
77.093
77.093
79.3998
79.3998
82.1392
82.1392
85.6722
85.6722
88.3024
88.3024
90.4292
90.4292
92.1328
92.1328
92.1328
93.686
93.686
95.3201
95.3201
97.0158
97.0158
98.9096
98.9096
100.242
100.242
101.372
101.372
102.633
102.633
102.633
105.467
105.467
105.467
105.467
105.467
105.467
)
;
    }
    interface_bottom
    {
        type            fixedValue;
        value           nonuniform List<scalar> 
90
(
33.4475
33.4475
35.4866
35.4866
37.2722
37.2722
38.6724
38.6724
38.6724
39.9352
39.9352
41.261
41.261
42.6108
42.6108
44.1632
44.1632
45.1517
45.1517
45.7568
45.7568
46.0776
46.0776
46.0776
46.1972
46.1972
46.1497
46.1497
45.9104
45.9104
45.4319
45.4319
44.9367
44.9367
44.396
44.396
43.8158
43.8158
43.8158
43.107
43.107
42.1818
42.1818
41.0291
41.0291
39.5579
39.5579
38.3963
38.3963
37.313
37.313
36.2616
36.2616
36.2616
35.0719
35.0719
33.5988
33.5988
31.8369
31.8369
29.6568
29.6568
27.9772
27.9772
26.4383
26.4383
24.9681
24.9681
24.9681
23.3271
23.3271
21.3011
21.3011
18.8496
18.8496
15.6864
15.6864
13.1509
13.1509
10.7548
10.7548
8.38477
8.38477
8.38477
5.40639
5.40639
5.40639
0
0
0
)
;
    }
    defaultFaces
    {
        type            empty;
    }
}


// ************************************************************************* //
