/*--------------------------------*- C++ -*----------------------------------*\
| =========                 |                                                 |
| \\      /  F ield         | OpenFOAM: The Open Source CFD Toolbox           |
|  \\    /   O peration     | Version:  5.x                                   |
|   \\  /    A nd           | Web:      www.OpenFOAM.org                      |
|    \\/     M anipulation  |                                                 |
\*---------------------------------------------------------------------------*/
FoamFile
{
    version     2.0;
    format      ascii;
    class       volScalarField;
    location    "10.5";
    object      gradTx;
}
// * * * * * * * * * * * * * * * * * * * * * * * * * * * * * * * * * * * * * //

dimensions      [0 -1 0 1 0 0 0];

internalField   nonuniform List<scalar> 
6300
(
37.3303
37.7204
38.4936
39.6352
41.1218
42.92
44.9845
47.2567
49.6639
52.1193
54.5237
56.7699
58.7485
60.3567
61.5064
36.939
37.3362
38.124
39.2889
40.809
42.6524
44.7754
47.1204
49.6145
52.1689
54.6806
57.036
59.1177
60.8136
62.0279
36.1494
36.56
37.3761
38.5862
40.1716
42.104
44.3431
46.8338
49.5033
52.2598
54.9923
57.5744
59.8711
61.7508
63.0994
34.9478
35.3774
36.233
37.507
39.1859
41.2476
43.658
46.367
49.3039
52.3733
55.4531
58.3967
61.0401
63.2177
64.7831
33.3156
33.7674
34.6702
36.0218
37.8163
40.0412
42.6729
45.671
48.9706
52.4749
56.0489
59.5177
62.6735
65.2955
67.1825
31.2304
31.7052
32.6576
34.0925
36.015
38.4267
41.3203
44.6722
48.4312
52.5054
56.7485
60.9502
64.8391
68.1068
70.4591
28.6694
29.1642
30.1612
31.6745
33.7234
36.3289
39.5082
43.2651
47.5754
52.3658
57.4881
62.6942
67.6245
71.8321
74.8614
25.6125
26.1199
27.1474
28.7199
30.8741
33.6562
37.1172
41.3034
46.2381
51.8928
58.1425
64.7125
71.1312
76.7341
80.7764
22.047
22.5545
23.5874
25.1824
27.3956
30.3033
33.9999
38.5918
44.1798
50.8233
58.4753
66.8806
75.4522
83.1951
88.8279
17.9731
18.4626
19.4643
21.0256
23.2217
26.1604
29.9863
34.8829
41.0645
48.744
58.0535
68.8807
80.6002
91.7643
100.074
13.4088
13.8574
14.7806
16.2329
18.3042
21.1291
24.9007
29.888
36.4501
45.0335
56.1124
69.987
86.3017
103.187
116.437
8.39485
8.77679
9.56669
10.8204
12.6323
15.15
18.5985
23.3172
29.8131
38.8262
51.3742
68.6513
91.4313
118.241
141.76
2.99809
3.28735
3.88809
4.84884
6.25361
8.23908
11.025
14.9681
20.6577
29.0829
41.9053
61.8109
92.5287
136.585
184.742
-2.68873
-2.51441
-2.15134
-1.5676
-0.706595
0.526888
2.29345
4.87157
8.76579
14.9409
25.352
44.1568
80.2856
150.827
268.516
-8.55063
-8.50568
-8.4122
-8.26204
-8.04004
-7.71914
-7.25047
-6.54192
-5.40803
-3.438
0.403524
9.17726
33.6286
117.918
467.705
62.1231
62.2584
62.0008
61.3588
60.3531
59.0133
57.3755
55.4785
53.3614
51.0615
48.6127
46.0452
43.3851
40.6543
37.8716
35.0526
32.2105
29.3569
26.5018
23.6539
20.8212
18.0108
15.229
12.4814
9.77297
7.1079
4.4898
1.92158
-0.594505
-3.05679
-5.4642
-7.81614
-10.1124
-12.3532
-14.5387
-16.6693
-18.745
-20.766
-22.7319
-24.6423
-26.4966
-28.2944
-30.0352
-31.7192
-33.3468
-34.9194
-36.4387
-37.907
-39.3269
-40.7012
-42.0321
-43.3219
-44.5717
-45.782
-46.9525
-48.0822
-49.1694
-50.2123
-51.209
-52.1578
-53.0574
-53.9067
-54.7049
-55.4509
-56.1435
-56.7804
-57.3583
-57.8724
-58.3163
-58.6821
-58.9606
-59.1415
-59.2142
-59.1682
-58.994
-58.6832
-58.2293
-57.6279
-56.8769
-55.977
-54.9311
-53.7447
-52.426
-50.9857
-49.4372
-47.7964
-46.0817
-44.3134
-42.5136
-40.7051
62.6793
62.8227
62.553
61.8814
60.8326
59.4412
57.7475
55.7943
53.6236
51.2746
48.7825
46.1776
43.4857
40.7283
37.923
35.0849
32.2264
29.3584
26.4906
23.6314
20.7886
17.9692
15.1793
12.4247
9.71015
7.04
4.41776
1.84631
-0.6721
-3.1359
-5.5441
-7.89625
-10.1923
-12.4327
-14.6177
-16.748
-18.8237
-20.845
-22.8115
-24.7227
-26.5778
-28.3759
-30.1166
-31.7997
-33.4257
-34.9956
-36.5116
-37.9761
-39.3921
-40.7628
-42.0909
-43.3787
-44.6278
-45.8386
-47.0106
-48.1425
-49.2324
-50.278
-51.2771
-52.2279
-53.129
-53.9795
-54.779
-55.527
-56.2227
-56.8644
-57.4492
-57.9725
-58.4279
-58.807
-59.1001
-59.2963
-59.3841
-59.352
-59.1898
-58.8884
-58.4408
-57.8422
-57.0907
-56.1864
-55.1325
-53.9344
-52.6003
-51.1408
-49.5694
-47.9022
-46.158
-44.3581
-42.5254
-40.6842
63.8224
63.9805
63.6823
62.9455
61.8042
60.303
58.4919
56.4219
54.1411
51.6926
49.1135
46.4343
43.6798
40.87
38.0209
35.1456
32.2551
29.3591
26.4663
23.5848
20.7218
17.8843
15.0784
12.3097
9.58312
6.90281
4.27232
1.69451
-0.828469
-3.29515
-5.70474
-8.05706
-10.3524
-12.5916
-14.7755
-16.905
-18.9806
-21.0025
-22.9704
-24.8835
-26.7404
-28.5398
-30.2806
-31.9621
-33.5845
-35.149
-36.6579
-38.1143
-39.522
-40.8849
-42.2068
-43.4906
-44.7382
-45.9502
-47.1256
-48.2626
-49.3583
-50.4097
-51.4139
-52.3686
-53.2725
-54.1249
-54.9264
-55.6775
-56.3787
-57.0295
-57.6278
-58.1695
-58.6481
-59.0548
-59.3784
-59.6064
-59.7254
-59.7224
-59.5851
-59.3031
-58.8686
-58.2761
-57.5233
-56.6104
-55.5405
-54.3191
-52.9541
-51.4562
-49.8387
-48.118
-46.3139
-44.4491
-42.549
-40.6403
65.6184
65.794
65.4415
64.591
63.2928
61.6096
59.6078
57.3517
54.8988
52.2977
49.5875
46.7982
43.9526
41.0675
38.1557
35.2273
32.2909
29.3544
26.4252
23.5107
20.6179
17.7534
14.9236
12.1338
9.38909
6.69358
4.05081
1.46357
-1.06603
-3.5367
-5.94789
-8.29983
-10.5934
-12.8301
-15.0115
-17.1393
-19.2145
-21.2376
-23.2081
-25.1248
-26.9854
-28.7877
-30.5294
-32.209
-33.8262
-35.382
-36.8793
-38.3221
-39.7157
-41.0656
-42.3769
-43.654
-44.8993
-46.1136
-47.2953
-48.4413
-49.5473
-50.6087
-51.6212
-52.5818
-53.489
-54.3429
-55.1454
-55.8991
-56.6064
-57.2692
-57.8869
-58.4564
-58.9712
-59.4212
-59.7933
-60.0723
-60.2417
-60.2851
-60.1876
-59.9367
-59.5228
-58.94
-58.1854
-57.2597
-56.1659
-54.9097
-53.4987
-51.943
-50.2557
-48.4533
-46.5564
-44.5903
-42.5841
-40.5692
68.1779
68.3666
67.9165
66.8796
65.3347
63.3736
61.0886
58.5636
55.8687
53.0588
50.1741
47.2422
44.2812
41.3025
38.3135
35.3197
32.3262
29.3384
26.3623
23.4048
20.4725
17.5723
14.7105
11.8927
9.12384
6.40814
3.74909
1.14949
-1.3886
-3.86397
-6.27637
-8.62657
-10.9163
-13.1481
-15.3247
-17.449
-19.5232
-21.548
-23.5231
-25.4463
-27.3141
-29.1224
-30.8672
-32.5454
-34.1556
-35.6988
-37.1784
-38.6003
-39.9717
-41.301
-42.5957
-43.8623
-45.1045
-46.3231
-47.5155
-48.6767
-49.7997
-50.8771
-51.9024
-52.871
-53.7812
-54.6342
-55.434
-56.1863
-56.8975
-57.5727
-58.2145
-58.8213
-59.3866
-59.8987
-60.3415
-60.6951
-60.9383
-61.0498
-61.0103
-60.804
-60.4196
-59.8501
-59.0932
-58.15
-57.0244
-55.7222
-54.2507
-52.6187
-50.8378
-48.9238
-46.898
-44.7888
-42.6309
-40.4637
71.6742
71.8577
71.2352
69.8983
67.9745
65.6028
62.914
60.0189
57.003
53.9265
50.8275
47.727
44.6343
41.5514
38.4774
35.4109
32.3525
29.3047
26.2723
23.2618
20.2804
17.3355
14.4336
11.5807
8.78174
6.04086
3.36154
0.746658
-1.8016
-4.28197
-6.69443
-9.04035
-11.3226
-13.5452
-15.7131
-17.8309
-19.9025
-21.9299
-23.9126
-25.8472
-27.728
-29.5482
-31.3005
-32.9791
-34.581
-36.1065
-37.5602
-38.9504
-40.2879
-41.5853
-42.8544
-44.1051
-45.3431
-46.5695
-47.7801
-48.9663
-50.1169
-51.2198
-52.2644
-53.2436
-54.1549
-55.0012
-55.7899
-56.5319
-57.2395
-57.9236
-58.5916
-59.2449
-59.8775
-60.4753
-61.017
-61.4762
-61.8237
-62.0309
-62.0721
-61.927
-61.5818
-61.0293
-60.2683
-59.3021
-58.1364
-56.7778
-55.2328
-53.5079
-51.6109
-49.5544
-47.3589
-45.0565
-42.6905
-40.3129
76.3751
76.508
75.5813
73.7606
71.2579
68.2873
65.0353
61.6471
58.2236
54.8255
51.4819
48.1998
44.9723
41.7867
38.6294
35.4899
32.3628
29.248
26.15
23.0763
20.0355
17.0361
14.0858
11.1907
8.35571
5.58468
2.88099
0.247738
-2.31245
-4.79785
-7.2083
-9.54579
-11.8146
-14.0212
-16.1734
-18.2791
-20.3453
-22.376
-24.3709
-26.325
-28.2291
-30.0713
-31.8394
-33.5229
-35.1157
-36.6171
-38.033
-39.3755
-40.6614
-41.9097
-43.1391
-44.3652
-45.5976
-46.8379
-48.079
-49.3066
-50.502
-51.6455
-52.7197
-53.713
-54.6215
-55.4502
-56.2122
-56.9264
-57.6144
-58.2967
-58.9888
-59.6975
-60.4177
-61.1317
-61.8105
-62.417
-62.9102
-63.25
-63.4013
-63.3373
-63.0415
-62.5077
-61.7381
-60.7407
-59.5253
-58.101
-56.4734
-54.6441
-52.6131
-50.3842
-47.9733
-45.4151
-42.7664
-40.1003
82.7011
82.6827
81.2134
78.6036
75.2138
71.3755
67.3515
63.3252
59.4065
55.6449
52.047
48.5927
45.249
41.9802
38.7548
35.5502
32.3545
29.1664
25.9923
22.8429
19.7303
16.6657
13.658
10.7139
7.83727
5.03128
2.29885
-0.35654
-2.93109
-5.42168
-7.82726
-10.15
-12.3962
-14.5754
-16.7002
-18.784
-20.839
-22.8732
-24.8876
-26.8745
-28.8188
-30.7006
-32.4994
-34.197
-35.7816
-37.2502
-38.6109
-39.8817
-41.0884
-42.2606
-43.4279
-44.6157
-45.8401
-47.1043
-48.3964
-49.6925
-50.9613
-52.1702
-53.2908
-54.3036
-55.2021
-55.9944
-56.7024
-57.3576
-57.9966
-58.6548
-59.3614
-60.1325
-60.9658
-61.838
-62.7074
-63.5199
-64.2166
-64.7397
-65.0397
-65.0805
-64.843
-64.3246
-63.5352
-62.4922
-61.2141
-59.7159
-58.0035
-56.0702
-53.8994
-51.4754
-48.799
-45.9036
-42.8664
-39.7997
91.337
90.945
88.486
84.568
79.8137
74.7295
69.6695
64.8471
60.3619
56.2276
52.4043
48.8253
45.4169
42.1104
38.8496
35.5967
32.3345
29.064
25.7983
22.556
19.3555
16.2126
13.1385
10.1393
7.21688
4.37172
1.60557
-1.07736
-3.67069
-6.16798
-8.5654
-10.8646
-13.074
-15.208
-17.286
-19.3302
-21.3623
-23.3987
-25.4436
-27.485
-29.4978
-31.4492
-33.3047
-35.0334
-36.6137
-38.0382
-39.3175
-40.4795
-41.5643
-42.6178
-43.6867
-44.8127
-46.0246
-47.3296
-48.7075
-50.1169
-51.5058
-52.8211
-54.0161
-55.058
-55.9348
-56.6592
-57.2675
-57.8114
-58.35
-58.9424
-59.6401
-60.477
-61.4571
-62.5474
-63.685
-64.7888
-65.7718
-66.5497
-67.0503
-67.2235
-67.0481
-66.5306
-65.6968
-64.5811
-63.219
-61.6386
-59.8507
-57.8373
-55.5496
-52.9295
-49.939
-46.5956
-43.0084
-39.3666
103.46
102.182
97.858
91.7351
84.8868
78.0469
71.6435
65.882
60.8106
56.3615
52.4085
48.8111
45.4372
42.1736
38.9321
35.6559
32.3255
28.9538
25.5701
22.208
18.8971
15.6601
12.5108
9.45381
6.48492
3.59815
0.792244
-1.9273
-4.54869
-7.05811
-9.44493
-11.7085
-13.8601
-15.9209
-17.9202
-19.8934
-21.8793
-23.9116
-26.0041
-28.1364
-30.2649
-32.3353
-34.2919
-36.0831
-37.6697
-39.0345
-40.1922
-41.188
-42.0846
-42.9521
-43.8625
-44.885
-46.0744
-47.4493
-48.9722
-50.5699
-52.1556
-53.6445
-54.9609
-56.0493
-56.8857
-57.4903
-57.9245
-58.2719
-58.625
-59.0773
-59.7174
-60.6142
-61.7886
-63.1879
-64.71
-66.2307
-67.6215
-68.7578
-69.5314
-69.8675
-69.7445
-69.1912
-68.263
-67.0239
-65.5372
-63.8591
-62.0217
-59.9985
-57.6777
-54.9159
-51.5865
-47.638
-43.2284
-38.7167
121.248
117.802
109.819
99.9455
89.9467
80.734
72.6914
65.9217
60.3619
55.7796
51.8996
48.474
45.2977
42.2042
39.0634
35.7922
32.3752
28.8603
25.3102
21.7858
18.3316
14.9807
11.7498
8.64107
5.63443
2.7079
-0.145617
-2.91869
-5.58798
-8.1248
-10.5019
-12.7137
-14.7768
-16.7224
-18.5917
-20.4382
-22.329
-24.3376
-26.5069
-28.7928
-31.1153
-33.3849
-35.5166
-37.4266
-39.0447
-40.3284
-41.2993
-42.0387
-42.646
-43.2238
-43.8761
-44.7163
-45.8564
-47.355
-49.1284
-51.0391
-52.9442
-54.7151
-56.2332
-57.4027
-58.1695
-58.5659
-58.7054
-58.7232
-58.7563
-58.9409
-59.4241
-60.3505
-61.7955
-63.6506
-65.7359
-67.8586
-69.8367
-71.487
-72.6414
-73.1716
-73.0596
-72.3906
-71.2758
-69.8223
-68.1301
-66.3078
-64.4592
-62.5873
-60.4398
-57.7188
-54.1245
-49.3437
-43.5949
-37.6688
149.142
139.953
124.499
108.335
93.874
81.7354
71.9054
64.2178
58.5046
54.1851
50.7356
47.7767
45.0383
42.3016
39.3819
36.1376
32.5653
28.8167
25.0126
21.2618
17.617
14.1282
10.8127
7.68101
4.66835
1.71234
-1.19943
-4.0596
-6.81806
-9.42149
-11.7967
-13.9328
-15.8624
-17.6337
-19.2959
-20.9188
-22.6089
-24.5318
-26.8413
-29.3961
-32.0413
-34.6325
-37.06
-39.1901
-40.9004
-42.0722
-42.7392
-43.0789
-43.2493
-43.3876
-43.6185
-44.1149
-45.1217
-46.864
-49.0859
-51.5159
-53.9251
-56.1488
-58.0064
-59.3352
-59.9856
-60.0106
-59.6606
-59.1517
-58.6685
-58.3736
-58.4916
-59.3394
-61.2106
-63.7812
-66.7067
-69.694
-72.5227
-74.9292
-76.6491
-77.3994
-77.1758
-76.2307
-74.7756
-72.9634
-70.9092
-68.7937
-66.9294
-65.5723
-64.0268
-61.7782
-58.3706
-52.4424
-44.2162
-35.7828
197.295
171.125
140.201
114.267
94.4549
79.4103
68.0328
59.6692
54.6391
51.3368
48.8638
46.7608
44.7752
42.6618
40.1669
36.9544
33.0084
28.8521
24.6377
20.5846
16.6773
13.0257
9.61025
6.54926
3.62041
0.652879
-2.32769
-5.34706
-8.27139
-11.0468
-13.4357
-15.4492
-17.176
-18.7016
-20.0565
-21.3023
-22.5531
-24.1691
-26.8221
-29.8686
-33.0447
-36.1153
-39.0311
-41.5572
-43.5309
-44.5423
-44.6499
-44.3619
-43.8981
-43.4172
-42.9781
-42.7776
-43.327
-45.6817
-48.7431
-52.0216
-55.1721
-58.1089
-60.5399
-62.2437
-62.7012
-61.9942
-60.8435
-59.5421
-58.3085
-57.2108
-56.5072
-56.8535
-59.6176
-63.3995
-67.5873
-71.7568
-75.8155
-79.3591
-82.0517
-83.0286
-82.3297
-80.8042
-78.7882
-76.452
-73.7755
-70.9165
-68.6683
-68.8274
-68.6253
-67.5059
-66.2452
-58.8496
-45.135
-31.8805
291.963
209.142
148.712
111.385
88.1684
71.8031
59.819
50.3193
48.2842
47.2933
46.4584
45.5749
44.695
43.5705
41.9841
38.8265
33.7536
28.9704
24.0299
19.6968
15.369
11.5826
7.89713
5.22697
2.628
-0.387965
-3.40016
-6.77142
-9.93912
-13.2288
-15.6149
-17.3785
-18.7791
-20.0151
-20.9739
-21.6784
-21.9711
-22.3126
-26.2357
-30.1542
-34.1996
-37.8202
-41.5629
-44.7194
-47.5462
-48.3131
-47.1293
-45.8977
-44.5706
-43.3859
-41.9933
-40.3597
-38.9319
-43.4809
-48.0867
-52.7109
-56.726
-60.7962
-64.1199
-66.9456
-67.0928
-64.6158
-62.2426
-59.8338
-57.7519
-55.4795
-53.01
-50.8852
-56.5578
-62.4326
-68.4934
-73.9778
-79.849
-85.013
-89.924
-91.0697
-88.6724
-86.0832
-83.2605
-80.4296
-76.9035
-72.1586
-66.9399
-72.6016
-74.5437
-73.4359
-82.9533
-74.355
-45.3909
-22.6481
508.61
214.913
123.951
88.1826
72.0145
57.8857
48.0266
30.2194
40.4247
43.0242
44.1216
44.383
44.9661
45.143
46.0631
43.4555
34.0809
29.3142
22.5467
18.8006
13.2808
9.99388
4.72164
3.80191
2.23584
-1.43437
-3.95567
-8.48893
-11.4311
-16.712
-18.6903
-19.8303
-20.6191
-21.7273
-22.2573
-22.6473
-21.3183
-15.2985
-25.6555
-30.2565
-35.9657
-39.3485
-44.9381
-48.3553
-54.5273
-54.892
-49.6769
-47.57
-45.0376
-43.6531
-41.3548
-37.645
-25.9295
-41.1974
-47.4031
-54.2764
-58.1996
-64.5575
-68.4156
-75.5036
-75.2623
-67.0867
-63.692
-59.6537
-57.4688
-54.0312
-49.0156
-33.6879
-53.2059
-61.1968
-70.2285
-75.6407
-84.8998
-91.03
-103.217
-104.211
-95.2903
-91.697
-87.7436
-85.407
-81.7855
-74.082
-49.5427
-81.7307
-84.8528
-64.0646
-125.747
-119.186
-36.6873
0.901501
-38.734
-36.6352
-34.6247
-32.7304
-30.9744
-29.3721
-27.9331
-26.6622
-25.5603
-24.6259
-23.8557
-23.2458
-22.7925
-22.4923
-22.3428
-38.6789
-36.5465
-34.5078
-32.5917
-30.8203
-29.2083
-27.7646
-26.4927
-25.3925
-24.4612
-23.6949
-23.089
-22.639
-22.3412
-22.193
-38.5647
-36.3634
-34.2676
-32.3079
-30.5061
-28.8759
-27.4238
-26.1511
-25.0552
-24.1313
-23.3735
-22.7759
-22.3329
-22.0402
-21.8946
-38.3829
-36.0743
-33.8909
-31.8656
-30.0199
-28.3649
-26.9033
-25.6324
-24.5456
-23.6349
-22.8916
-22.3077
-21.8762
-21.5917
-21.4504
-38.1194
-35.6595
-33.3555
-31.2433
-29.3427
-27.6599
-26.1917
-24.929
-23.8596
-22.9706
-22.25
-21.6868
-21.2723
-20.9997
-20.8645
-37.7519
-35.0882
-32.6277
-30.4089
-28.4471
-26.7399
-25.2743
-24.0319
-22.9927
-22.1378
-21.4505
-20.9169
-20.5261
-20.2699
-20.1432
-37.2453
-34.3134
-31.6576
-29.3171
-27.2964
-25.578
-24.1335
-22.9312
-21.9411
-21.1369
-20.497
-20.004
-19.6449
-19.4105
-19.2947
-36.5436
-33.2618
-30.3718
-27.905
-25.843
-24.1418
-22.7499
-21.6179
-20.7033
-19.9716
-19.3962
-18.9568
-18.6388
-18.432
-18.3302
-35.5529
-31.818
-28.6624
-26.0877
-24.0283
-22.3961
-21.1062
-20.087
-19.2822
-18.6498
-18.159
-17.7879
-17.5211
-17.3484
-17.2636
-34.1063
-29.7943
-26.3717
-23.7547
-21.7859
-20.3078
-19.1916
-18.3412
-17.6884
-17.186
-16.8019
-16.5144
-16.3091
-16.1768
-16.1119
-31.8883
-26.8809
-23.2749
-20.7732
-19.0523
-17.8572
-17.0108
-16.3976
-15.9439
-15.6037
-15.3479
-15.1584
-15.0238
-14.9374
-14.8951
-28.2639
-22.5657
-19.0736
-17.0106
-15.7928
-15.0576
-14.5967
-14.2941
-14.0859
-13.9367
-13.8274
-13.7472
-13.6903
-13.6537
-13.6357
-21.8968
-16.044
-13.443
-12.4024
-12.0503
-11.9835
-12.0242
-12.0961
-12.1684
-12.2298
-12.2775
-12.3125
-12.3363
-12.3511
-12.3581
-9.91815
-6.27034
-6.25168
-7.10562
-8.0223
-8.80181
-9.42009
-9.89762
-10.2616
-10.5362
-10.7404
-10.8886
-10.9913
-11.056
-11.0873
13.7735
7.13258
1.81232
-1.74596
-4.13135
-5.78121
-6.95661
-7.81249
-8.4442
-8.91286
-9.25897
-9.50991
-9.68425
-9.79429
-9.84752
-13.9659
-14.0428
-14.2039
-14.4651
-14.8536
-15.4141
-16.2196
-17.3949
-19.1679
-22.0016
-26.9879
-37.2594
-63.993
-155.623
-554.407
-18.8358
-19.0185
-19.4001
-20.0162
-20.9288
-22.2397
-24.117
-26.8465
-30.9407
-37.3834
-48.219
-68.0425
-107.673
-190.994
-345.344
-23.5794
-23.8564
-24.4337
-25.3618
-26.7277
-28.6724
-31.4229
-35.3507
-41.0831
-49.7148
-63.2086
-85.0702
-121.013
-177.04
-243.466
-28.1309
-28.4862
-29.2241
-30.4036
-32.1249
-34.5458
-37.9114
-42.6021
-49.2122
-58.6699
-72.3876
-92.3192
-120.405
-155.862
-187.715
-32.4361
-32.8505
-33.7081
-35.0696
-37.0365
-39.7634
-43.4801
-48.5209
-55.364
-64.6666
-77.2512
-93.9053
-114.679
-137.185
-154.084
-36.4537
-36.9074
-37.8423
-39.3156
-41.4204
-44.294
-48.1294
-53.1883
-59.8079
-68.3842
-79.2882
-92.6305
-107.75
-122.401
-132.187
-40.1565
-40.6305
-41.6028
-43.1232
-45.2707
-48.1567
-51.9292
-56.772
-62.8931
-70.4853
-79.6318
-90.1209
-101.147
-110.995
-117.085
-43.5304
-44.0079
-44.9828
-46.4956
-48.6082
-51.4039
-54.9857
-59.4682
-64.957
-71.5069
-79.043
-87.2379
-95.3622
-102.197
-106.213
-46.5729
-47.04
-47.9895
-49.4517
-51.4714
-54.1053
-57.4169
-61.4654
-66.2841
-71.8437
-77.9965
-84.4038
-90.4722
-95.3577
-98.1289
-49.2911
-49.7372
-50.6402
-52.0208
-53.9081
-56.3361
-59.3365
-62.9279
-67.0966
-71.7686
-76.7733
-81.805
-86.4035
-89.9862
-91.9689
-51.6998
-52.1174
-52.9594
-54.2382
-55.9696
-58.1694
-60.8457
-63.9895
-67.5596
-71.4625
-75.5311
-79.5068
-83.04
-85.7255
-87.1856
-53.8185
-54.203
-54.9754
-56.1412
-57.7061
-59.6717
-62.0302
-64.7552
-67.7914
-71.0413
-74.3533
-77.5159
-80.2651
-82.3156
-83.416
-55.6703
-56.0194
-56.7183
-57.7673
-59.1643
-60.9014
-62.9602
-65.3047
-67.8747
-70.5768
-73.2794
-75.8119
-77.9753
-79.5655
-80.4105
-57.2798
-57.593
-58.2181
-59.1517
-60.3863
-61.9079
-63.6917
-65.6978
-67.8662
-70.112
-72.3234
-74.3643
-76.0834
-77.3327
-77.9916
-58.6719
-58.9501
-59.5038
-60.3271
-61.4092
-62.7322
-64.2688
-65.9782
-67.804
-69.671
-71.4859
-73.1399
-74.5177
-75.5099
-76.0302
-59.8709
-60.1159
-60.6024
-61.3229
-62.2647
-63.4084
-64.7258
-66.1779
-67.7131
-69.2663
-70.7599
-72.1074
-73.2196
-74.0149
-74.4299
-60.8998
-61.114
-61.5385
-62.165
-62.9801
-63.964
-65.0893
-66.3199
-67.6096
-68.9029
-70.1355
-71.2381
-72.1416
-72.7839
-73.1178
-61.78
-61.9661
-62.3344
-62.8763
-63.5783
-64.4214
-65.3798
-66.4207
-67.5038
-68.5816
-69.6013
-70.5071
-71.2449
-71.7669
-72.0375
-62.5309
-62.6919
-63.0098
-63.4763
-64.0786
-64.7986
-65.613
-66.4923
-67.4016
-68.3007
-69.1461
-69.8928
-70.4979
-70.9245
-71.1451
-63.1701
-63.3086
-63.5819
-63.9821
-64.4971
-65.1105
-65.801
-66.5431
-67.3064
-68.0571
-68.7594
-69.3767
-69.875
-70.2252
-70.4059
-63.713
-63.8319
-64.066
-64.4082
-64.8473
-65.3687
-65.9534
-66.5791
-67.2198
-67.8473
-68.4316
-68.9433
-69.3549
-69.6434
-69.7921
-64.1735
-64.2751
-64.4751
-64.7669
-65.1405
-65.5828
-66.0774
-66.6046
-67.1425
-67.6673
-68.1543
-68.5793
-68.9203
-69.1588
-69.2815
-64.5634
-64.6501
-64.8205
-65.0687
-65.3861
-65.7608
-66.1786
-66.6227
-67.0744
-67.5137
-67.92
-68.2737
-68.5568
-68.7545
-68.8561
-64.8931
-64.9669
-65.1118
-65.3227
-65.5917
-65.9088
-66.2615
-66.6355
-67.0149
-67.3828
-67.7223
-68.0172
-68.2527
-68.4169
-68.5012
-65.1717
-65.2343
-65.3574
-65.5362
-65.764
-66.0321
-66.3297
-66.6446
-66.9633
-67.2717
-67.5556
-67.8018
-67.9981
-68.1347
-68.2049
-65.4067
-65.4598
-65.5642
-65.7156
-65.9084
-66.1349
-66.3859
-66.651
-66.9188
-67.1775
-67.4152
-67.621
-67.7848
-67.8988
-67.9573
-65.6048
-65.6499
-65.7382
-65.8664
-66.0294
-66.2207
-66.4324
-66.6556
-66.8807
-67.0978
-67.297
-67.4692
-67.6062
-67.7014
-67.7502
-65.7716
-65.8098
-65.8846
-65.9931
-66.1308
-66.2923
-66.4708
-66.6588
-66.8482
-67.0305
-67.1976
-67.3419
-67.4566
-67.5362
-67.577
-65.912
-65.9443
-66.0076
-66.0993
-66.2158
-66.3521
-66.5027
-66.6611
-66.8205
-66.9737
-67.1141
-67.2352
-67.3313
-67.398
-67.4322
-66.0299
-66.0573
-66.1108
-66.1884
-66.2869
-66.4021
-66.5292
-66.6627
-66.797
-66.926
-67.044
-67.1457
-67.2264
-67.2824
-67.3111
-66.1289
-66.152
-66.1974
-66.2631
-66.3464
-66.4438
-66.5511
-66.6639
-66.7771
-66.8858
-66.9852
-67.0708
-67.1387
-67.1858
-67.2099
-66.2118
-66.2314
-66.2699
-66.3255
-66.3961
-66.4785
-66.5694
-66.6647
-66.7604
-66.8522
-66.936
-67.0082
-67.0654
-67.1051
-67.1254
-66.281
-66.2977
-66.3304
-66.3776
-66.4375
-66.5075
-66.5845
-66.6653
-66.7463
-66.824
-66.895
-66.956
-67.0044
-67.0379
-67.0551
-66.3387
-66.3529
-66.3807
-66.421
-66.472
-66.5315
-66.597
-66.6657
-66.7345
-66.8005
-66.8608
-66.9126
-66.9536
-66.982
-66.9966
-66.3865
-66.3987
-66.4224
-66.4569
-66.5005
-66.5513
-66.6073
-66.666
-66.7247
-66.7811
-66.8324
-66.8766
-66.9116
-66.9358
-66.9482
-66.4259
-66.4363
-66.4568
-66.4864
-66.5239
-66.5676
-66.6158
-66.6662
-66.7167
-66.765
-66.8091
-66.847
-66.877
-66.8978
-66.9085
-66.458
-66.467
-66.4848
-66.5105
-66.543
-66.5809
-66.6226
-66.6663
-66.71
-66.7519
-66.7901
-66.8229
-66.8489
-66.8669
-66.8761
-66.4838
-66.4917
-66.5073
-66.5298
-66.5583
-66.5916
-66.6281
-66.6664
-66.7047
-66.7414
-66.7748
-66.8036
-66.8263
-66.842
-66.8501
-66.504
-66.5111
-66.525
-66.545
-66.5704
-66.6
-66.6325
-66.6665
-66.7005
-66.7331
-66.7628
-66.7883
-66.8085
-66.8225
-66.8297
-66.5194
-66.5258
-66.5384
-66.5565
-66.5795
-66.6063
-66.6357
-66.6665
-66.6974
-66.7269
-66.7537
-66.7768
-66.7951
-66.8077
-66.8142
-66.5303
-66.5362
-66.5479
-66.5647
-66.586
-66.6108
-66.638
-66.6666
-66.6951
-66.7224
-66.7473
-66.7687
-66.7856
-66.7973
-66.8033
-66.5371
-66.5427
-66.5538
-66.5698
-66.59
-66.6136
-66.6395
-66.6666
-66.6937
-66.7197
-66.7433
-66.7636
-66.7796
-66.7908
-66.7964
-66.5399
-66.5454
-66.5563
-66.5719
-66.5917
-66.6147
-66.6401
-66.6666
-66.6931
-66.7185
-66.7416
-66.7615
-66.7772
-66.788
-66.7936
-66.5389
-66.5445
-66.5554
-66.5711
-66.5911
-66.6143
-66.6399
-66.6666
-66.6933
-66.7189
-66.7422
-66.7622
-66.778
-66.789
-66.7946
-66.534
-66.5398
-66.5511
-66.5675
-66.5882
-66.6123
-66.6388
-66.6666
-66.6943
-66.7209
-66.7451
-66.7658
-66.7823
-66.7936
-66.7995
-66.5251
-66.5313
-66.5434
-66.5609
-66.5829
-66.6087
-66.637
-66.6666
-66.6962
-66.7245
-66.7503
-66.7725
-66.79
-66.8022
-66.8084
-66.512
-66.5187
-66.5319
-66.551
-66.5751
-66.6033
-66.6342
-66.6665
-66.6989
-66.7299
-66.7581
-66.7824
-66.8015
-66.8148
-66.8216
-66.4941
-66.5016
-66.5164
-66.5376
-66.5645
-66.5959
-66.6304
-66.6665
-66.7026
-66.7372
-66.7687
-66.7957
-66.8172
-66.832
-66.8396
-66.4711
-66.4796
-66.4962
-66.5203
-66.5508
-66.5864
-66.6255
-66.6664
-66.7074
-66.7466
-66.7823
-66.813
-66.8373
-66.8542
-66.8628
-66.4421
-66.4518
-66.471
-66.4986
-66.5336
-66.5744
-66.6193
-66.6663
-66.7134
-66.7584
-66.7995
-66.8348
-66.8627
-66.882
-66.8919
-66.4063
-66.4176
-66.4398
-66.4718
-66.5124
-66.5597
-66.6117
-66.6662
-66.7208
-66.773
-66.8207
-66.8616
-66.894
-66.9165
-66.928
-66.3627
-66.3759
-66.4017
-66.4391
-66.4864
-66.5416
-66.6024
-66.666
-66.7297
-66.7908
-66.8465
-66.8944
-66.9323
-66.9585
-66.972
-66.3099
-66.3254
-66.3557
-66.3995
-66.455
-66.5197
-66.591
-66.6657
-66.7406
-66.8123
-66.8778
-66.9341
-66.9786
-67.0095
-67.0253
-66.2464
-66.2646
-66.3002
-66.3518
-66.4171
-66.4933
-66.5773
-66.6653
-66.7536
-66.8382
-66.9154
-66.9819
-67.0345
-67.071
-67.0896
-66.1702
-66.1916
-66.2337
-66.2945
-66.3716
-66.4616
-66.5608
-66.6648
-66.7691
-66.8692
-66.9606
-67.0392
-67.1016
-67.1448
-67.1669
-66.0791
-66.1045
-66.1541
-66.226
-66.3171
-66.4235
-66.5409
-66.664
-66.7876
-66.9062
-67.0146
-67.1079
-67.1819
-67.2332
-67.2595
-65.9705
-66.0004
-66.0591
-66.1441
-66.2519
-66.3779
-66.5169
-66.6629
-66.8095
-66.9504
-67.0791
-67.19
-67.278
-67.339
-67.3703
-65.841
-65.8764
-65.9458
-66.0464
-66.174
-66.3233
-66.4881
-66.6613
-66.8355
-67.0029
-67.156
-67.288
-67.3928
-67.4656
-67.5028
-65.6869
-65.7288
-65.8109
-65.9299
-66.081
-66.258
-66.4535
-66.6591
-66.8661
-67.0652
-67.2476
-67.405
-67.5299
-67.6167
-67.6611
-65.5038
-65.5533
-65.6504
-65.7912
-65.9701
-66.1799
-66.4118
-66.656
-66.9021
-67.1392
-67.3566
-67.5443
-67.6936
-67.7972
-67.8503
-65.2863
-65.3448
-65.4595
-65.626
-65.8378
-66.0863
-66.3615
-66.6517
-66.9445
-67.2269
-67.4863
-67.7104
-67.8888
-68.0128
-68.0764
-65.0282
-65.0972
-65.2327
-65.4294
-65.6799
-65.9743
-66.3007
-66.6455
-66.9939
-67.3307
-67.6403
-67.9083
-68.1218
-68.2704
-68.3466
-64.7221
-64.8035
-64.9633
-65.1956
-65.4916
-65.8401
-66.2271
-66.6368
-67.0516
-67.4532
-67.8232
-68.144
-68.4
-68.5782
-68.6697
-64.3596
-64.4554
-64.6435
-64.9174
-65.2669
-65.6791
-66.1378
-66.6245
-67.1184
-67.5977
-68.0403
-68.4248
-68.732
-68.9463
-69.0564
-63.9306
-64.0431
-64.2643
-64.5866
-64.9988
-65.4858
-66.0292
-66.6071
-67.1953
-67.7677
-68.2976
-68.7591
-69.1286
-69.3867
-69.5194
-63.4235
-63.5554
-63.8148
-64.1935
-64.6787
-65.2534
-65.8965
-66.5826
-67.2832
-67.9672
-68.6025
-69.1573
-69.6026
-69.9142
-70.0746
-62.8249
-62.979
-63.2826
-63.7264
-64.2965
-64.9736
-65.7338
-66.548
-67.3826
-68.2007
-68.9632
-69.6315
-70.1694
-70.5467
-70.7411
-62.1194
-62.2989
-62.653
-63.1717
-63.8398
-64.6362
-65.5338
-66.4992
-67.4935
-68.4726
-69.3894
-70.1961
-70.8478
-71.306
-71.5426
-61.2892
-61.4975
-61.909
-62.5133
-63.2941
-64.2285
-65.2865
-66.4305
-67.6149
-68.7878
-69.892
-70.8684
-71.6605
-72.2193
-72.5084
-60.3145
-60.5551
-61.0313
-61.7324
-62.6418
-63.7351
-64.9797
-66.3335
-67.7444
-69.1507
-70.4832
-71.6686
-72.6352
-73.3198
-73.6748
-59.1727
-59.4492
-59.9973
-60.807
-61.8617
-63.1365
-64.597
-66.1969
-67.8771
-69.5649
-71.1766
-72.6207
-73.8057
-74.649
-75.0878
-57.839
-58.1546
-58.7818
-59.7116
-60.9287
-62.409
-64.1175
-66.0047
-68.0043
-70.032
-71.9862
-73.7527
-75.2133
-76.2592
-76.8054
-56.2861
-56.6438
-57.3563
-58.4168
-59.8129
-61.5232
-63.514
-65.7343
-68.112
-70.5501
-72.9262
-75.097
-76.909
-78.2162
-78.9021
-54.4849
-54.8866
-55.6891
-56.889
-58.4789
-60.4427
-62.751
-65.3548
-68.1779
-71.1112
-74.0086
-76.6904
-78.9553
-80.6044
-81.4752
-52.4049
-52.8513
-53.7459
-55.0906
-56.8853
-59.1229
-61.783
-64.8228
-68.1672
-71.697
-75.2408
-78.5733
-81.4289
-83.5331
-84.6529
-50.015
-50.505
-51.4901
-52.9798
-54.9843
-57.5099
-60.5512
-64.0794
-68.0277
-72.2732
-76.6195
-80.7874
-84.4243
-87.1451
-88.608
-47.2851
-47.8148
-48.8842
-50.5116
-52.7215
-55.5389
-58.9813
-63.0442
-67.6819
-72.7793
-78.1221
-83.37
-88.0556
-91.6305
-93.579
-44.1874
-44.7501
-45.8909
-47.6391
-50.0369
-53.1341
-56.9804
-61.61
-67.0167
-73.1151
-79.6904
-86.3431
-92.4582
-97.2451
-99.9028
-40.699
-41.2843
-42.4758
-44.3157
-46.8666
-50.2091
-54.4356
-59.6363
-65.871
-73.1196
-81.2047
-89.6894
-97.7828
-104.338
-108.072
-36.8045
-37.3976
-38.6107
-40.4989
-43.1468
-46.6703
-51.2145
-56.9446
-64.0212
-72.5432
-82.4415
-93.3071
-104.175
-113.39
-118.834
-32.4985
-33.0806
-34.277
-36.1545
-38.8192
-42.423
-47.1697
-53.318
-61.1677
-71.0109
-83.0063
-96.9229
-111.716
-125.06
-133.376
-27.7884
-28.3373
-29.4707
-31.2638
-33.8398
-37.382
-42.1519
-48.51
-56.9299
-67.9838
-82.237
-99.9297
-120.263
-140.22
-153.692
-22.6976
-23.1884
-24.2064
-25.8299
-28.1896
-31.4885
-36.0315
-42.2702
-50.863
-62.7352
-79.0789
-101.103
-129.07
-159.884
-183.364
-17.2664
-17.6737
-18.5221
-19.8849
-21.8876
-24.7314
-28.7336
-34.3959
-42.519
-54.3813
-71.9763
-98.1478
-135.9
-184.641
-229.339
-11.5527
-11.8531
-12.4809
-13.4959
-15.0018
-17.1703
-20.2831
-24.813
-31.5785
-42.0465
-58.9179
-87.1504
-135.098
-212.205
-306.353
-5.63095
-5.80546
-6.17142
-6.76627
-7.65637
-8.95375
-10.849
-13.6781
-18.0671
-25.2653
-37.97
-62.4613
-114.047
-227.932
-448.745
0.411487
0.374591
0.296549
0.167877
-0.0285477
-0.322484
-0.766763
-1.46047
-2.60533
-4.66074
-8.83731
-18.9564
-49.7328
-169.404
-744.476
6.47898
6.58266
6.79914
7.14855
7.66648
8.41265
9.48808
11.0698
13.488
17.4163
24.4217
38.8934
76.3142
205.377
790.363
12.4739
12.7118
13.2088
14.0116
15.2024
16.9185
19.3906
23.0185
28.532
37.3556
52.495
80.8054
138.72
263.541
501.535
18.3029
18.6603
19.4055
20.6047
22.3729
24.8987
28.4896
33.6567
41.2762
52.9081
71.4212
102.158
154.66
243.108
377.997
44.658
18.2079
7.58916
2.09194
-1.23883
-3.44715
-4.99123
-6.10651
-6.92756
-7.53702
-7.98815
-8.31624
-8.54491
-8.68962
-8.75975
28.2285
17.2822
9.28414
4.07643
0.611276
-1.78653
-3.50225
-4.75987
-5.69565
-6.39614
-6.91822
-7.30005
-7.56735
-7.73706
-7.81948
19.4004
14.309
9.04127
4.85075
1.72017
-0.599572
-2.33135
-3.63668
-4.62708
-5.37909
-5.9456
-6.36331
-6.65749
-6.84505
-6.93636
14.1077
11.4581
8.05024
4.88897
2.26595
0.179084
-1.45656
-2.73217
-3.72401
-4.4908
-5.07626
-5.51228
-5.82161
-6.01981
-6.11658
10.6549
9.13361
6.88788
4.55335
2.43939
0.644385
-0.831775
-2.0247
-2.97718
-3.72838
-4.31063
-4.74917
-5.06284
-5.26493
-5.36393
8.25849
7.3121
5.78711
4.06449
2.39132
0.888256
-0.403677
-1.48418
-2.3701
-3.08326
-3.64477
-4.07272
-4.38149
-4.58161
-4.67997
6.51918
5.89231
4.82353
3.54126
2.22509
0.985499
-0.122405
-1.07876
-1.88297
-2.54342
-3.07161
-3.479
-3.77554
-3.96889
-4.06427
5.21512
4.77933
4.00817
3.04152
2.00565
0.991283
0.0536242
-0.778991
-1.49564
-2.0954
-2.5823
-2.96224
-3.24119
-3.42418
-3.51476
4.21365
3.89919
3.32852
2.58983
1.77126
0.943783
0.156706
-0.559745
-1.18948
-1.72573
-2.16723
-2.51557
-2.77346
-2.9436
-3.02811
3.43051
3.19694
2.76551
2.19358
1.54304
0.868216
0.210741
-0.40071
-0.948235
-1.42185
-1.81684
-2.1317
-2.36662
-2.52247
-2.60012
2.80954
2.63205
2.30002
1.85191
1.33167
0.780591
0.232812
-0.286062
-0.758304
-1.17254
-1.52207
-1.80332
-2.01467
-2.1556
-2.22603
2.31179
2.17446
1.91513
1.56031
1.14169
0.690667
0.234807
-0.203795
-0.608645
-0.968168
-1.2747
-1.52345
-1.71161
-1.83766
-1.90083
1.90938
1.80157
1.59653
1.313
0.974193
0.604096
0.224814
-0.144966
-0.490455
-0.800581
-1.06744
-1.28564
-1.45167
-1.56336
-1.61948
1.58182
1.49618
1.33242
1.10408
0.828414
0.523898
0.208219
-0.103003
-0.396818
-0.663031
-0.893961
-1.08405
-1.22945
-1.32763
-1.37708
1.31372
1.24503
1.11313
0.927998
0.702663
0.451447
0.188528
-0.0731263
-0.322345
-0.549977
-0.748832
-0.913486
-1.04002
-1.12574
-1.16899
1.0933
1.03777
0.930782
0.779833
0.594875
0.387119
0.167955
-0.0518844
-0.262861
-0.456899
-0.627444
-0.769384
-0.878904
-0.953322
-0.99094
0.911426
0.866246
0.778953
0.655276
0.502914
0.33071
0.147849
-0.0367967
-0.215136
-0.380131
-0.525914
-0.647788
-0.742159
-0.806449
-0.839
0.760916
0.723954
0.652382
0.550631
0.424727
0.281697
0.128981
-0.026088
-0.176675
-0.316701
-0.440983
-0.545282
-0.626295
-0.68161
-0.709654
0.636067
0.605689
0.546762
0.462754
0.358427
0.239408
0.111747
-0.0184914
-0.145547
-0.264202
-0.369924
-0.458942
-0.528271
-0.575701
-0.599776
0.532306
0.507243
0.458554
0.388983
0.302325
0.203118
0.0962997
-0.0131047
-0.120251
-0.22068
-0.31046
-0.386271
-0.44545
-0.486003
-0.50661
0.445945
0.425197
0.384843
0.327073
0.254936
0.172111
0.0826477
-0.00928602
-0.099618
-0.184551
-0.260693
-0.325146
-0.375557
-0.410153
-0.427748
0.373988
0.356761
0.323223
0.275135
0.214966
0.145714
0.07071
-0.00657951
-0.0827334
-0.154525
-0.219041
-0.273767
-0.316644
-0.346105
-0.3611
0.313989
0.299647
0.271704
0.231585
0.181301
0.123308
0.0603588
-0.00466154
-0.0688769
-0.12955
-0.184186
-0.230614
-0.267042
-0.2921
-0.304862
0.263948
0.251976
0.228637
0.195091
0.152986
0.104344
0.0514451
-0.00330252
-0.0574797
-0.108766
-0.15503
-0.194403
-0.225334
-0.24663
-0.257483
0.222216
0.212198
0.192654
0.16454
0.129209
0.088336
0.0438145
-0.00233964
-0.0480895
-0.0914679
-0.130657
-0.164052
-0.190315
-0.208411
-0.217637
0.187439
0.179031
0.162622
0.138998
0.109281
0.07486
0.037317
-0.00165747
-0.0403455
-0.0770786
-0.110306
-0.138652
-0.160964
-0.176349
-0.184196
0.158499
0.15142
0.137597
0.117686
0.0926171
0.0635514
0.0318134
-0.0011742
-0.0339588
-0.065123
-0.0933432
-0.117441
-0.136423
-0.149519
-0.156201
0.134474
0.128489
0.116801
0.0999536
0.0787283
0.0540978
0.0271771
-0.000831859
-0.028697
-0.0552112
-0.0792426
-0.0997798
-0.115969
-0.127143
-0.132846
0.114603
0.109518
0.0995846
0.0852607
0.0672035
0.046234
0.0232962
-0.000589362
-0.0243731
-0.0470228
-0.0675678
-0.0851376
-0.0989952
-0.108564
-0.113449
0.0982612
0.0939131
0.0854164
0.0731596
0.0577003
0.0397367
0.0200733
-0.000417611
-0.0208363
-0.0402956
-0.0579584
-0.0730723
-0.0849988
-0.0932373
-0.0974441
0.0849382
0.0811881
0.0738585
0.0632817
0.0499356
0.0344193
0.0174248
-0.00029599
-0.0179656
-0.0348154
-0.0501185
-0.0632198
-0.0735625
-0.0807092
-0.0843591
0.0742186
0.0709481
0.0645547
0.0553263
0.0436773
0.0301281
0.0152805
-0.000209902
-0.015664
-0.030409
-0.043807
-0.0552824
-0.0643447
-0.0706084
-0.073808
0.0657694
0.062876
0.0572188
0.0490514
0.0387382
0.0267381
0.0135825
-0.000149013
-0.0138548
-0.0269375
-0.0388303
-0.0490202
-0.0570698
-0.0626348
-0.0654779
0.0593288
0.0567224
0.0516257
0.0442659
0.0349702
0.0241503
0.0122843
-0.000106013
-0.012478
-0.0242922
-0.0350357
-0.0442438
-0.0515197
-0.0565508
-0.0591214
0.0546977
0.0522975
0.0476037
0.0408245
0.0322601
0.0222888
0.0113501
-7.57393e-05
-0.0114885
-0.0223902
-0.0323069
-0.0408087
-0.0475279
-0.0521749
-0.0545495
0.0517327
0.0494648
0.0450293
0.0386223
0.0305266
0.021099
0.010754
-5.45586e-05
-0.0108537
-0.021172
-0.0305604
-0.0386109
-0.0449748
-0.0493765
-0.051626
0.0503421
0.0481369
0.0438236
0.0375925
0.0297178
0.020546
0.0104797
-3.9928e-05
-0.0105526
-0.0205994
-0.0297425
-0.0375841
-0.0437837
-0.0480723
-0.050264
0.0504825
0.0482723
0.0439493
0.0377035
0.0298096
0.020614
0.01052
-3.00912e-05
-0.010575
-0.0206542
-0.0298281
-0.0376973
-0.0439192
-0.0482237
-0.0504236
0.0521571
0.0498746
0.0454098
0.0389588
0.0308049
0.0213055
0.0108771
-2.38674e-05
-0.0109207
-0.0213375
-0.0308196
-0.0389538
-0.0453859
-0.049836
-0.0521105
0.0554164
0.0529918
0.0482491
0.0413964
0.0327341
0.0226421
0.0115622
-2.05097e-05
-0.0115997
-0.0226695
-0.0327468
-0.0413921
-0.0482286
-0.0529586
-0.0553762
0.0603587
0.0577183
0.0525532
0.0450901
0.035656
0.0246643
0.0125965
-1.96151e-05
-0.0126323
-0.0246906
-0.0356681
-0.0450859
-0.0525336
-0.0576865
-0.0603204
0.0671341
0.0641974
0.0584527
0.050152
0.0396591
0.0274338
0.0140113
-2.10766e-05
-0.0140498
-0.027462
-0.0396721
-0.0501476
-0.0584316
-0.0641633
-0.0670929
0.0759483
0.0726258
0.0661266
0.0567358
0.0448649
0.0310343
0.0158495
-2.507e-05
-0.0158953
-0.0310678
-0.0448804
-0.0567305
-0.0661016
-0.0725853
-0.0758993
0.087069
0.0832596
0.075808
0.0650412
0.0514313
0.0355749
0.0181665
-3.20751e-05
-0.0182251
-0.0356178
-0.0514511
-0.0650344
-0.0757759
-0.0832077
-0.0870062
0.100834
0.0964218
0.0877909
0.0753202
0.0595572
0.0411929
0.0210321
-4.29335e-05
-0.0211105
-0.0412504
-0.0595837
-0.0753113
-0.0877479
-0.0963524
-0.10075
0.117663
0.112513
0.102439
0.087885
0.0694889
0.0480582
0.0245322
-5.89492e-05
-0.0246399
-0.0481371
-0.0695253
-0.0878727
-0.10238
-0.112417
-0.117547
0.138066
0.132022
0.120198
0.103117
0.0815273
0.0563781
0.0287719
-8.20458e-05
-0.0289218
-0.0564879
-0.081578
-0.1031
-0.120116
-0.131889
-0.137906
0.162666
0.155542
0.141608
0.121478
0.0960371
0.0664035
0.0338778
-0.000114997
-0.0340879
-0.0665574
-0.0961081
-0.121454
-0.141493
-0.155356
-0.162441
0.192211
0.18379
0.16732
0.143526
0.113457
0.0784368
0.0400021
-0.00016176
-0.0402976
-0.0786532
-0.113557
-0.143492
-0.167158
-0.183528
-0.191895
0.227602
0.217626
0.198115
0.16993
0.134316
0.0928401
0.0473268
-0.00022795
-0.0477433
-0.0931451
-0.134456
-0.169882
-0.197887
-0.217257
-0.227157
0.269919
0.258082
0.234931
0.201492
0.159243
0.110046
0.0560687
-0.000321516
-0.0566561
-0.110477
-0.159441
-0.201425
-0.23461
-0.257562
-0.269291
0.320454
0.306391
0.27889
0.239171
0.188992
0.130572
0.0664854
-0.000453693
-0.0673143
-0.13118
-0.189273
-0.239076
-0.278436
-0.305657
-0.319567
0.380752
0.36403
0.331331
0.28411
0.224463
0.155033
0.0788819
-0.000640352
-0.0800519
-0.155889
-0.224859
-0.283976
-0.330691
-0.362994
-0.379499
0.452659
0.43276
0.393853
0.337675
0.266726
0.184158
0.0936191
-0.000903907
-0.0952706
-0.185367
-0.267285
-0.337486
-0.39295
-0.431298
-0.45089
0.538379
0.514687
0.468366
0.401493
0.317057
0.218816
0.111122
-0.001276
-0.113454
-0.220523
-0.317845
-0.401227
-0.46709
-0.512622
-0.535883
0.640547
0.612322
0.557147
0.477505
0.376971
0.260035
0.131892
-0.00180131
-0.135183
-0.262446
-0.378084
-0.477128
-0.555346
-0.609408
-0.637023
0.762309
0.728668
0.662913
0.568021
0.448271
0.309035
0.156515
-0.00254292
-0.161161
-0.312438
-0.449843
-0.567489
-0.66037
-0.724553
-0.757334
0.907425
0.867308
0.788906
0.675793
0.533099
0.367256
0.185677
-0.00358984
-0.192236
-0.37206
-0.535318
-0.675042
-0.785316
-0.861499
-0.900403
1.08039
1.03252
0.938996
0.8041
0.633999
0.4364
0.220176
-0.00506778
-0.229435
-0.443183
-0.637131
-0.803041
-0.933928
-1.02432
-1.07048
1.28659
1.22944
1.1178
0.956849
0.753988
0.518475
0.260936
-0.00715416
-0.274007
-0.52805
-0.75841
-0.955353
-1.11065
-1.21787
-1.27259
1.53246
1.46419
1.33085
1.13869
0.896645
0.615841
0.30902
-0.0100994
-0.327473
-0.629358
-0.902888
-1.13658
-1.32075
-1.44784
-1.5127
1.82574
1.7441
1.58472
1.35516
1.06621
0.731269
0.365642
-0.0142571
-0.391692
-0.75035
-1.07502
-1.35218
-1.57046
-1.72103
-1.79784
2.17568
2.07798
1.88732
1.61287
1.2677
0.867999
0.432172
-0.0201261
-0.468946
-0.894937
-1.28014
-1.60866
-1.86719
-2.04541
-2.1363
2.59346
2.4764
2.24808
1.91967
1.50704
1.02981
0.510136
-0.0284107
-0.562048
-1.06784
-1.52462
-1.91374
-2.21967
-2.43042
-2.53786
3.09249
2.95207
2.67832
2.28492
1.79125
1.22108
0.601202
-0.0401047
-0.674482
-1.27477
-1.81606
-2.27656
-2.63822
-2.88716
-3.014
3.68901
3.5203
3.19162
2.7198
2.12855
1.44686
0.707142
-0.0566104
-0.810584
-1.52265
-2.16358
-2.708
-3.13501
-3.42866
-3.57819
4.40266
4.19959
3.8043
3.23758
2.52864
1.71292
0.829768
-0.0799063
-0.975783
-1.81991
-2.57811
-3.22095
-3.72439
-4.07021
-4.24619
5.25728
5.01233
4.53597
3.85411
3.00286
2.02579
0.970804
-0.112783
-1.17691
-2.17684
-3.07273
-3.83066
-4.42319
-4.82967
-5.03635
6.28195
5.98572
5.41032
4.58822
3.56443
2.39274
1.13169
-0.159175
-1.42259
-2.60598
-3.66314
-4.5552
-5.25115
-5.72784
-5.96999
7.51226
7.15293
6.45593
5.46235
4.22867
2.82171
1.31329
-0.224629
-1.72384
-3.12277
-4.36814
-5.41589
-6.23131
-6.78883
-7.07173
8.99204
8.55457
7.70744
6.50316
5.01321
3.32112
1.51535
-0.316955
-2.09472
-3.74615
-5.21035
-6.43788
-7.39049
-8.04047
-8.36986
10.7755
10.2406
9.20691
7.74228
5.93807
3.89944
1.73582
-0.447147
-2.55332
-4.49952
-6.21685
-7.65072
-8.75977
-9.51466
-9.89664
12.9304
12.2729
11.0055
9.21715
7.02566
4.56452
1.9697
-0.630659
-3.123
-5.41176
-7.42016
-9.08904
-10.3749
-11.2477
-11.6886
15.5418
14.7285
13.1659
10.9719
8.30043
5.3224
2.20741
-0.88918
-3.83401
-6.51866
-8.85916
-10.7932
-12.2768
-13.2806
-13.7866
18.7178
17.7043
15.7647
13.058
9.78803
6.17534
2.43231
-1.25308
-4.72565
-7.8645
-10.5803
-12.8101
-14.5119
-15.6589
-16.2359
22.5974
21.323
18.8961
15.535
11.5136
7.11872
2.61717
-1.76478
-5.84898
-9.50406
-12.6388
-15.1937
-17.132
-18.433
-19.0857
27.3619
25.7419
22.676
18.4705
13.4983
8.13611
2.71895
-2.48323
-7.27027
-11.5048
-15.0999
-18.0051
-20.1946
-21.657
-22.3886
33.251
31.1645
27.2472
21.9382
15.7537
9.19161
2.6714
-3.48995
-9.07516
-13.9496
-18.0399
-21.3135
-23.7619
-25.3883
-26.1994
40.5889
37.8582
32.7846
26.0138
18.2711
10.2179
2.37462
-4.89677
-11.3735
-16.9388
-21.5469
-25.1946
-27.8997
-29.6857
-30.573
49.8227
46.1784
39.5003
30.764
21.004
11.0984
1.68062
-6.85536
-14.3048
-20.5925
-25.7206
-29.7302
-32.6754
-34.6069
-35.5626
61.5867
56.6052
47.6451
36.2247
23.8377
11.64
0.374248
-9.56844
-18.0428
-25.0513
-30.6708
-35.0047
-38.1547
-40.2053
-41.2155
76.8096
69.7942
57.4979
42.3563
26.5398
11.5344
-1.85092
-13.3011
-22.7987
-30.4746
-36.5135
-41.1009
-44.3972
-46.5258
-47.5694
96.9036
86.6498
69.3261
48.9564
28.6784
10.3035
-5.41985
-18.3896
-28.8195
-37.0344
-43.3637
-48.0935
-51.4502
-53.5993
-54.6476
124.117
108.414
83.2689
55.4922
29.4951
7.23115
-10.9009
-25.2417
-36.3782
-44.9035
-51.3245
-56.039
-59.3414
-61.4366
-62.4533
162.235
136.735
99.0382
60.7919
27.7189
1.28928
-19.0144
-34.3188
-45.7498
-54.2335
-60.4699
-64.9646
-68.0703
-70.0223
-70.9644
218.059
173.524
115.188
62.4985
21.3291
-8.90688
-30.5994
-46.0852
-57.1678
-65.1238
-70.8244
-74.8542
-77.5997
-79.3088
-80.129
304.809
219.896
127.416
56.2046
7.34651
-25.0361
-46.4945
-60.9088
-70.7564
-77.5797
-82.3386
-85.6351
-87.848
-89.2117
-89.8623
450.523
271.52
124.872
34.3871
-18.0772
-48.7513
-67.2808
-78.903
-86.4446
-91.4685
-94.8676
-97.1679
-98.6853
-99.6091
-100.047
720.54
300.674
83.3248
-13.834
-58.6328
-80.8998
-92.8632
-99.7302
-103.88
-106.485
-108.159
-109.243
-109.934
-110.343
-110.534
1282.12
189.187
-41.6882
-98.4164
-114.835
-120.203
-121.984
-122.443
-122.389
-122.146
-121.858
-121.592
-121.377
-121.228
-121.152
24.441
24.9068
25.8744
27.4216
29.6809
32.8624
37.2937
43.4841
52.2287
64.7584
82.9014
109.017
144.732
185.154
198.52
30.6702
31.2182
32.3507
34.1452
36.7299
40.2991
45.1374
51.6492
60.3902
72.0713
87.4504
106.899
129.194
148.982
154.298
36.3503
36.944
38.1639
40.0776
42.793
46.4656
51.3061
57.5834
65.6103
75.6847
87.9276
101.933
116.159
127.28
130.743
41.4355
42.0425
43.2822
45.2071
47.8976
51.4626
56.0363
61.7661
68.7817
77.1282
86.6402
96.7425
106.23
113.23
115.843
45.9125
46.5069
47.714
49.5697
52.1265
55.4496
59.6088
64.6613
70.6208
77.4052
84.7597
92.1648
98.7852
103.567
105.613
49.7938
50.3575
51.4959
53.23
55.5877
58.599
62.2861
66.6475
71.6333
77.1115
82.8273
88.3694
93.1779
96.6366
98.2722
53.11
53.632
54.6809
56.2653
58.3941
61.0713
64.2875
68.0071
72.1514
76.5789
81.0671
85.3059
88.9185
91.5278
92.8594
55.9027
56.3781
57.3291
58.7549
60.6507
63.0032
65.784
68.9401
72.3842
75.9836
79.5548
82.8665
85.6606
87.6947
88.7976
58.2186
58.6472
59.5011
60.7731
62.4493
64.5058
66.9037
69.5837
72.4597
75.4148
78.3003
80.943
83.1609
84.7909
85.7194
60.1046
60.4894
61.2536
62.3857
63.8663
65.6655
67.74
70.0297
72.4546
74.9138
77.2872
79.4425
81.2476
82.5872
83.3814
61.6042
61.9506
62.6367
63.6484
64.9632
66.5485
68.3598
70.3392
72.4138
74.497
76.4905
78.2909
79.7981
80.9271
81.6186
62.756
63.0707
63.6927
64.6064
65.788
67.2039
68.8101
70.5518
72.363
74.1683
75.8855
77.4308
78.7254
79.7031
80.3173
63.5915
63.8821
64.4553
65.2952
66.377
67.6674
69.1235
70.6934
72.3167
73.9261
75.4508
76.8199
77.9681
78.841
79.3998
64.135
64.4093
64.9499
65.7403
66.756
67.9637
69.3216
70.7801
72.2826
73.7673
75.1701
76.4283
77.4845
78.2913
78.8143
64.4026
64.6688
65.193
65.9588
66.9414
68.108
69.4175
70.8213
72.2647
73.6887
75.0325
76.2371
77.2489
78.0236
78.5291
152.296
144.925
135.24
110.3
97.7264
79.6609
67.1421
41.3898
57.5131
62.1243
64.1281
65.2409
67.3519
69.2448
74.3846
72.726
62.161
57.1734
50.4285
46.7158
41.0361
36.0068
23.735
34.5768
38.5403
42.2739
44.7354
49.3782
52.9452
60.9174
61.7662
56.7535
54.2839
50.4517
48.143
44.0371
39.4758
26.7278
40.8225
46.6498
53.3768
57.8947
66.4072
72.5453
85.5284
87.483
81.1833
78.104
73.2576
70.2199
64.6533
57.8875
38.5081
60.0515
68.5333
77.6577
83.0911
92.5768
98.7157
111.139
110.813
97.5036
90.821
80.8529
74.9557
65.2591
56.3787
34.6787
52.5427
58.2368
62.2922
64.0745
66.9021
68.4886
72.5104
70.1218
59.1677
53.7812
47.7175
44.3878
42.3394
35.4876
17.9869
51.5607
35.1792
-40.4555
-106.008
-232.545
-579.978
-1701.14
141.678
132.021
121.598
108.028
96.0241
83.8988
73.386
63.8679
64.1154
65.1257
65.9023
66.5202
67.2894
67.9784
68.4934
66.5531
61.9154
57.5151
52.9822
49.0431
45.0135
41.2914
37.921
39.8638
42.1809
44.6362
47.048
49.9101
52.7184
55.6885
56.4176
54.9824
53.198
50.9883
48.8438
46.3408
43.7901
41.5293
45.3847
49.6657
54.3465
58.967
64.3515
69.4898
74.8216
76.6903
75.3252
73.2693
70.4986
67.6319
64.0942
60.2337
56.5951
62.0446
67.7561
73.5615
78.7107
84.1758
88.7241
92.6877
92.0483
86.7849
81.0107
74.3479
67.9894
60.924
53.9185
47.0631
48.8947
50.8115
52.1871
52.7559
52.9702
52.4352
51.1351
47.0722
40.0376
32.8712
25.2066
17.3094
8.24542
-3.89231
-19.5866
-33.6226
-69.3775
-135.885
-230.202
-379.543
-625.76
-973.286
126.54
120.218
112.486
103.499
94.4954
85.8133
78.1963
72.2827
69.6181
68.4627
67.9039
67.5808
67.3412
66.9616
66.1368
64.2635
61.3273
58.0471
54.6801
51.4999
48.5476
46.0689
44.4557
44.6114
45.6221
47.0606
48.7115
50.5189
52.2579
53.6862
54.185
53.7136
52.7237
51.4305
50.0602
48.7128
47.6863
47.5232
49.3332
52.1053
55.4022
58.9384
62.6495
66.1548
69.1005
70.553
70.4608
69.4628
67.8766
66.0089
63.9989
62.2592
61.5944
63.6593
66.8425
70.4088
73.8742
77.0935
79.5727
80.8638
79.9407
76.8004
72.4785
67.4034
62.0401
56.5014
51.2412
46.9376
45.1232
44.165
43.2432
41.9469
40.1167
37.4828
33.7377
28.3016
21.097
12.6782
3.03045
-8.08866
-21.4222
-38.1505
-59.5472
-87.5301
-129.649
-191.265
-275.159
-387.034
-525.649
-657.541
114.271
110.441
105.18
98.9909
92.5027
86.1926
80.5523
76.0179
72.9465
70.9396
69.565
68.5203
67.5934
66.5852
65.289
63.5037
61.2335
58.7032
56.1084
53.628
51.399
49.5994
48.4425
48.1273
48.4467
49.1784
50.1492
51.2256
52.2442
53.0219
53.3487
53.1907
52.6855
51.9832
51.2431
50.622
50.3387
50.675
51.8957
53.7884
56.1128
58.6572
61.2429
63.6244
65.5288
66.6389
66.8996
66.5024
65.659
64.5899
63.5133
62.736
62.6617
63.6627
65.3762
67.4003
69.3907
71.0755
72.1308
72.2271
71.0243
68.516
65.0295
60.8728
56.3422
51.677
47.1857
43.2266
40.1184
37.4651
34.8382
31.906
28.4199
24.1302
18.7749
12.0772
3.90469
-5.74497
-17.0268
-30.2977
-46.2008
-65.6853
-90.0226
-121.08
-161.845
-214.564
-279.821
-356.012
-435.211
-497.36
105.045
102.723
99.2093
94.9121
90.2518
85.606
81.3143
77.6449
74.7409
72.505
70.7497
69.2893
67.9618
66.6224
65.1446
63.4411
61.5135
59.4515
57.3711
55.3931
53.6317
52.2037
51.2165
50.7287
50.6771
50.9511
51.4343
52.0149
52.5766
53.0061
53.21
53.167
52.9304
52.5896
52.2539
52.0442
52.0982
52.5525
53.49
54.8491
56.5055
58.3157
60.1295
61.7802
63.0998
63.9471
64.2847
64.1833
63.7654
63.1807
62.5956
62.1995
62.1794
62.6389
63.4614
64.4392
65.3461
65.963
66.0685
65.4597
63.9868
61.6392
58.5445
54.8798
50.8369
46.6014
42.3631
38.2896
34.4577
30.7269
26.8722
22.6623
17.88
12.3118
5.74521
-2.02347
-11.1605
-21.8176
-34.2195
-48.7158
-65.8213
-86.2308
-110.82
-140.647
-176.821
-219.806
-268.732
-320.654
-369.321
-404.761
98.1453
96.7212
94.3645
91.3543
87.9786
84.5081
81.1788
78.1687
75.5718
73.3772
71.5087
69.8657
68.3465
66.8578
65.3242
63.7003
61.9862
60.2253
58.4856
56.8455
55.3834
54.1727
53.2708
52.7013
52.438
52.4218
52.5787
52.8305
53.099
53.3143
53.4263
53.4214
53.3246
53.1883
53.0824
53.0862
53.2805
53.7336
54.4764
55.4809
56.6762
57.9681
59.2503
60.412
61.3501
61.9882
62.3011
62.319
62.1112
61.7711
61.4049
61.1205
61.0055
61.0916
61.322
61.5793
61.7181
61.5856
61.0337
59.9356
58.2079
55.8372
52.879
49.4307
45.6081
41.5293
37.3023
33.0043
28.6507
24.1666
19.4176
14.2425
8.4715
1.931
-5.55347
-14.1537
-24.0362
-35.3775
-48.3957
-63.3758
-80.6831
-100.756
-124.073
-151.075
-181.989
-216.491
-253.326
-289.977
-322.47
-345.875
92.9417
92.06
90.4593
88.321
85.8402
83.2056
80.5822
78.0962
75.8223
73.7788
71.9417
70.2629
68.6861
67.1571
65.6327
64.0886
62.5255
60.9676
59.4561
58.0407
56.7723
55.6963
54.8456
54.2321
53.8424
53.6424
53.5859
53.6213
53.6975
53.7705
53.8103
53.8076
53.7748
53.7423
53.7524
53.8529
54.0896
54.4966
55.0853
55.8371
56.7072
57.6334
58.5438
59.365
60.0315
60.4964
60.7414
60.7788
60.6463
60.3981
60.0956
59.7965
59.5411
59.3356
59.1427
58.8891
58.4796
57.8112
56.7846
55.3169
53.3539
50.8802
47.9186
44.5194
40.7477
36.67
32.3429
27.7987
23.0313
17.9876
12.5761
6.68066
0.171063
-7.09043
-15.2454
-24.437
-34.811
-46.5223
-59.7459
-74.6836
-91.561
-110.608
-132.018
-155.865
-181.988
-209.812
-238.185
-265.283
-288.703
-305.892
88.9803
88.4326
87.3264
85.7792
83.922
81.8854
79.7862
77.7171
75.7395
73.882
72.1454
70.5122
68.9558
67.4486
65.9684
64.5035
63.0562
61.6421
60.2873
59.0234
57.8831
56.8948
56.0782
55.44
54.9727
54.6558
54.4602
54.3525
54.2998
54.2736
54.2549
54.2364
54.224
54.2343
54.2916
54.4228
54.6527
54.9972
55.4585
56.0219
56.6567
57.3205
57.9647
58.5398
59.0023
59.3206
59.4796
59.4823
59.3471
59.1023
58.7802
58.4088
58.0037
57.5603
57.0499
56.4223
55.613
54.5514
53.1697
51.4105
49.2345
46.625
43.5873
40.144
36.327
32.1692
27.6955
22.9141
17.8093
12.3378
6.43139
0.0031185
-7.04663
-14.8252
-23.4441
-33.0172
-43.6594
-55.4888
-68.6271
-83.1971
-99.313
-117.058
-136.448
-157.376
-179.534
-202.341
-224.874
-245.882
-263.902
-277.532
85.9472
85.6078
84.8273
83.682
82.2607
80.654
78.9455
77.2048
75.4827
73.8098
72.199
70.6496
69.1537
67.7004
66.2809
64.8922
63.5381
62.2304
60.9865
59.8275
58.7744
57.8454
57.0529
56.4011
55.8856
55.4937
55.207
55.0039
54.8629
54.7655
54.6984
54.6558
54.6396
54.6579
54.7234
54.8501
55.0499
55.3287
55.6841
56.1032
56.5636
57.0352
57.4841
57.8759
58.18
58.3731
58.4419
58.3836
58.2046
57.917
57.5348
57.0685
56.5205
55.8807
55.1249
54.2162
53.1086
51.7519
50.0974
48.1034
45.7386
42.9855
39.8393
36.3059
32.3965
28.1228
23.4906
18.4948
13.1151
7.31403
1.03806
-5.77948
-13.2147
-21.3495
-30.2687
-40.0571
-50.7978
-62.5699
-75.4455
-89.4835
-104.718
-121.138
-138.664
-157.11
-176.145
-195.259
-213.755
-230.781
-245.42
-256.854
83.6253
83.4167
82.8518
81.9811
80.8651
79.5676
78.1497
76.6645
75.1538
73.6472
72.1628
70.7092
69.289
67.9022
66.5484
65.2298
63.9524
62.7257
61.5628
60.4781
59.486
58.5986
57.824
57.1653
56.6198
56.1795
55.8327
55.5652
55.3628
55.2128
55.1058
55.0367
55.0046
55.0127
55.0664
55.1715
55.3324
55.5493
55.8172
56.1243
56.4533
56.7819
57.085
57.3376
57.5166
57.6037
57.5863
57.458
57.2176
56.8672
56.4097
55.8452
55.1686
54.3671
53.4192
52.2958
50.962
49.3801
47.5135
45.3293
42.8013
39.9112
36.6485
33.0085
28.9903
24.5922
19.809
14.6282
9.02749
2.97402
-3.57541
-10.6725
-18.3751
-26.7441
-35.841
-45.725
-56.4499
-68.0608
-80.5892
-94.0463
-108.413
-123.624
-139.554
-155.995
-172.638
-189.064
-204.752
-219.113
-231.552
-241.56
81.8637
81.7371
81.3152
80.6318
79.7293
78.6535
77.4497
76.1595
74.8176
73.4515
72.0809
70.7193
69.3754
68.0553
66.764
65.5074
64.2925
63.1285
62.0255
60.9945
60.046
59.1884
58.4275
57.7658
57.2016
56.73
56.3432
56.0319
55.7863
55.5974
55.458
55.3634
55.3111
55.3012
55.3344
55.412
55.5335
55.6959
55.8928
56.1133
56.343
56.5643
56.7579
56.9042
56.9848
56.984
56.8896
56.6929
56.388
55.9709
55.4377
54.7825
53.9958
53.0634
51.9655
50.6777
49.1718
47.4177
45.3861
43.0495
40.3847
37.373
34.0001
30.2555
26.1305
21.6158
16.6998
11.3659
5.59172
-0.651852
-7.40017
-14.6936
-22.5754
-31.0899
-40.2794
-50.1814
-60.8254
-72.2294
-84.3943
-97.2984
-110.889
-125.073
-139.708
-154.587
-169.44
-183.928
-197.658
-210.21
-221.181
-230.235
80.557
80.4814
80.1535
79.5968
78.8416
77.9221
76.873
75.7275
74.5152
73.261
71.985
70.7028
69.4266
68.1658
66.9288
65.7237
64.5586
63.4422
62.3835
61.3915
60.4741
59.6379
58.8876
58.225
57.6493
57.1575
56.7444
56.4033
56.1274
55.91
55.7451
55.6282
55.5561
55.5266
55.538
55.5884
55.6748
55.7923
55.9334
56.0882
56.2439
56.3859
56.4982
56.5645
56.5693
56.4983
56.3395
56.0826
55.7191
55.2411
54.6406
53.9082
53.0321
51.997
50.7846
49.3729
47.738
45.8544
43.697
41.2418
38.4672
35.3541
31.8864
28.0499
23.8313
19.2171
14.1919
8.73742
2.83179
-3.55089
-10.4399
-17.867
-25.8644
-34.4634
-43.6911
-53.5683
-64.1058
-75.301
-87.1336
-99.5603
-112.509
-125.873
-139.506
-153.216
-166.767
-179.882
-192.257
-203.582
-213.567
-221.978
79.6322
79.5875
79.3198
78.8462
78.1893
77.3758
76.4336
75.3903
74.2717
73.1006
71.8968
70.6767
69.4542
68.2408
67.0467
65.8813
64.7535
63.6719
62.6448
61.6799
60.7842
59.9631
59.2204
58.558
57.9755
57.471
57.0408
56.6801
56.3836
56.146
55.9622
55.8278
55.7389
55.6922
55.6846
55.7122
55.7706
55.8536
55.9537
56.0609
56.1639
56.2495
56.3039
56.3127
56.2619
56.1383
55.9298
55.6251
55.2141
54.6867
54.0326
53.2402
52.2963
51.1854
49.8896
48.3888
46.6614
44.6847
42.436
39.8934
37.0362
33.8453
30.3033
26.394
22.1015
17.4098
12.3018
6.75849
0.758721
-5.72076
-12.7048
-20.2187
-28.2869
-36.9309
-46.1669
-56.0034
-66.4379
-77.4538
-89.0162
-101.069
-113.529
-126.284
-139.191
-152.072
-164.718
-176.898
-188.366
-198.879
-208.217
-216.204
79.0405
79.0133
78.7813
78.3578
77.7611
77.0134
76.1384
75.1603
74.1024
72.9862
71.8308
70.653
69.4675
68.2868
67.1223
65.9839
64.8809
63.8221
62.8153
61.8679
60.986
60.1745
59.4369
58.7749
58.1887
57.6767
57.2363
56.8636
56.5543
56.3038
56.1074
55.9609
55.8601
55.801
55.7795
55.7909
55.8299
55.8898
55.9627
56.039
56.1079
56.1572
56.1743
56.1458
56.0585
55.8998
55.6575
55.3199
54.8758
54.3139
53.6227
52.7895
51.8002
50.6392
49.2889
47.7303
45.943
43.9059
41.5977
38.9974
36.0851
32.8416
29.2488
25.2893
20.946
16.2018
11.0384
5.43671
-0.623619
-7.16406
-14.2065
-21.772
-29.8799
-38.5453
-47.7774
-57.5767
-67.9321
-78.8181
-90.1917
-101.989
-114.121
-126.476
-138.912
-151.263
-163.34
-174.938
-185.847
-195.865
-204.81
-212.538
78.7518
78.7325
78.5171
78.1171
77.5491
76.8329
75.9903
75.044
74.0159
72.9268
71.7957
70.6393
69.4726
68.3086
67.1591
66.0343
64.9438
63.8962
62.8995
61.9606
61.0854
60.2786
59.5435
58.8819
58.294
57.7786
57.3334
56.955
56.6395
56.3827
56.1801
56.0275
55.9205
55.8549
55.8261
55.8292
55.8583
55.9066
55.966
56.027
56.0791
56.1107
56.1094
56.0625
55.9572
55.781
55.5216
55.1672
54.7061
54.1267
53.4165
52.5626
51.5506
50.3646
48.9875
47.4004
45.5836
43.5167
41.179
38.5502
35.6103
32.3402
28.7217
24.7367
20.3677
15.5969
10.4058
4.77528
-1.31465
-7.8845
-14.9546
-22.5441
-30.6696
-39.3432
-48.5705
-58.3482
-68.661
-79.4793
-90.756
-102.424
-114.392
-126.548
-138.753
-150.846
-162.647
-173.967
-184.61
-194.393
-203.151
-210.756
-1685.09
-591.967
-312.231
-222.248
-185.098
-166.175
-155.024
-147.818
-142.89
-139.407
-136.911
-135.134
-133.912
-133.144
-132.774
-968.74
-630.739
-417.611
-304.502
-243.519
-208.551
-187.122
-173.221
-163.808
-157.247
-152.611
-149.351
-147.13
-145.745
-145.079
-663.97
-544.627
-422.968
-334.626
-275.921
-237.385
-211.687
-194.135
-181.871
-173.161
-166.935
-162.525
-159.51
-157.625
-156.718
-507.161
-460.825
-395.003
-335.109
-288.148
-253.379
-228.104
-209.757
-196.378
-186.587
-179.44
-174.304
-170.756
-168.524
-167.447
-414.937
-396.503
-361.105
-322.653
-288.181
-259.873
-237.591
-220.409
-207.295
-197.366
-189.933
-184.492
-180.684
-178.268
-177.095
-355.571
-349.138
-330.257
-306.211
-282.047
-260.336
-241.976
-226.988
-215.025
-205.645
-198.432
-193.045
-189.218
-186.766
-185.569
-314.963
-314.218
-304.568
-289.883
-273.457
-257.444
-242.987
-230.54
-220.169
-211.753
-205.104
-200.033
-196.375
-194.006
-192.843
-286.033
-288.198
-283.908
-275.294
-264.449
-252.992
-241.983
-232.013
-223.356
-216.091
-210.196
-205.605
-202.241
-200.039
-198.95
-264.884
-268.628
-267.57
-262.931
-256.048
-248.091
-239.936
-232.17
-225.148
-219.057
-213.982
-209.946
-206.943
-204.955
-203.966
-249.218
-253.858
-254.81
-252.807
-248.72
-243.384
-237.497
-231.581
-226.004
-221.004
-216.725
-213.252
-210.626
-208.87
-207.99
-237.607
-242.771
-245.003
-244.763
-242.636
-239.227
-235.082
-230.651
-226.281
-222.226
-218.661
-215.706
-213.438
-211.904
-211.131
-229.137
-234.612
-237.666
-238.602
-237.831
-235.802
-232.949
-229.656
-226.241
-222.953
-219.984
-217.471
-215.513
-214.175
-213.497
-223.211
-228.87
-232.444
-234.145
-234.28
-233.198
-231.254
-228.781
-226.069
-223.36
-220.846
-218.678
-216.965
-215.783
-215.181
-219.448
-225.209
-229.09
-231.253
-231.943
-231.451
-230.085
-228.142
-225.891
-223.567
-221.361
-219.428
-217.883
-216.809
-216.259
-217.619
-223.427
-227.45
-229.83
-230.784
-230.576
-229.49
-227.806
-225.784
-223.651
-221.601
-219.786
-218.327
-217.308
-216.785
)
;

boundaryField
{
    hot
    {
        type            calculated;
        value           nonuniform List<scalar> 
120
(
37.2324
36.8393
36.0464
34.8403
33.2026
31.112
28.5462
25.4864
21.9213
17.8522
13.2982
8.30093
2.92711
-2.73145
-8.56166
-13.9471
-18.7912
-23.5115
-28.0438
-32.3342
-36.3419
-40.0395
-43.4122
-46.457
-49.1803
-51.5958
-53.7226
-55.5831
-57.2015
-58.6022
-59.8094
-60.846
-61.7332
-62.4904
-63.1352
-63.6831
-64.1479
-64.5415
-64.8745
-65.1559
-65.3933
-65.5934
-65.762
-65.9038
-66.023
-66.123
-66.2068
-66.2768
-66.3351
-66.3834
-66.4232
-66.4557
-66.4817
-66.5022
-66.5178
-66.5288
-66.5356
-66.5385
-66.5375
-66.5326
-66.5236
-66.5103
-66.4922
-66.4689
-66.4396
-66.4034
-66.3593
-66.306
-66.2418
-66.1648
-66.0727
-65.9629
-65.832
-65.6764
-65.4913
-65.2715
-65.0108
-64.7016
-64.3355
-63.9023
-63.3903
-62.7861
-62.0742
-61.2369
-60.254
-59.1033
-57.7598
-56.1965
-54.3845
-52.2934
-49.8929
-47.1532
-44.0476
-40.554
-36.6579
-32.3549
-27.6534
-22.5771
-17.1666
-11.4792
-5.58833
0.42046
6.45361
12.4157
18.2153
24.3267
30.5355
36.2039
41.2854
45.7651
49.6536
52.9798
55.7839
58.1113
60.008
61.5172
62.6768
63.5184
64.0659
64.3356
)
;
    }
    cold
    {
        type            calculated;
        value           nonuniform List<scalar> 
120
(
-22.3055
-22.156
-21.8583
-21.4152
-20.8309
-20.1116
-19.2659
-18.3049
-17.2426
-16.0958
-14.8846
-13.6312
-12.3598
-11.0949
-9.86061
-8.77701
-7.83979
-6.95889
-6.14048
-5.38843
-4.70435
-4.08795
-3.53729
-3.04917
-2.6195
-2.24363
-1.91664
-1.63354
-1.38948
-1.17986
-1.0004
-0.847187
-0.716713
-0.605839
-0.511802
-0.432184
-0.364882
-0.308082
-0.260221
-0.219966
-0.186177
-0.157889
-0.134286
-0.114683
-0.0985068
-0.0852813
-0.0746164
-0.0661963
-0.059771
-0.0551496
-0.0521945
-0.050818
-0.0509797
-0.0526853
-0.0559873
-0.0609861
-0.0678334
-0.0767369
-0.0879663
-0.101862
-0.118844
-0.139426
-0.164232
-0.194009
-0.229658
-0.272255
-0.323082
-0.383671
-0.455841
-0.54176
-0.644001
-0.765616
-0.910231
-1.08214
-1.28642
-1.52908
-1.81724
-2.15925
-2.56498
-3.04601
-3.61591
-4.29057
-5.08845
-6.031
-7.14297
-8.45275
-9.9927
-11.7994
-13.9136
-16.3806
-19.2492
-22.5715
-26.4018
-30.7941
-35.8002
-41.4661
-47.8278
-54.9065
-62.7037
-71.1958
-80.3299
-90.0212
-100.153
-110.58
-121.133
-132.683
-144.916
-156.495
-167.182
-176.806
-185.273
-192.554
-198.679
-203.719
-207.77
-210.937
-213.326
-215.029
-216.12
-216.653
)
;
    }
    interface_left
    {
        type            calculated;
        value           nonuniform List<scalar> 
90
(
-881.25
-443.044
-276.225
-200.402
-159.821
-135.175
-118.827
-107.317
-98.8723
-92.4925
-87.5671
-83.7014
-80.6285
-78.1609
-76.1634
-74.5359
-73.2029
-72.1064
-71.2012
-70.4518
-69.8298
-69.3126
-68.8818
-68.5226
-68.2226
-67.9721
-67.7626
-67.5874
-67.4409
-67.3184
-67.216
-67.1306
-67.0594
-67.0003
-66.9513
-66.9111
-66.8784
-66.8521
-66.8315
-66.8158
-66.8048
-66.7979
-66.795
-66.796
-66.8009
-66.81
-66.8233
-66.8415
-66.8649
-66.8944
-66.9309
-66.9754
-67.0293
-67.0943
-67.1724
-67.2661
-67.3782
-67.5122
-67.6724
-67.8638
-68.0925
-68.3659
-68.6929
-69.0843
-69.5531
-70.1153
-70.7905
-71.6027
-72.5819
-73.7652
-75.1997
-76.945
-79.0779
-81.6991
-84.942
-88.9879
-94.0889
-100.606
-109.076
-120.336
-135.767
-157.838
-191.426
-247.409
-353.585
-590.961
-1223.38
1273.79
653.976
457.646
)
;
    }
    interface_right
    {
        type            calculated;
        value           nonuniform List<scalar> 
90
(
63.9638
34.3238
21.6147
15.0561
11.1318
8.53203
6.69201
5.332
4.29657
3.49144
2.85549
2.34716
1.93704
1.60373
1.33125
1.10744
0.922919
0.770308
0.643779
0.538664
0.451205
0.378353
0.317622
0.266979
0.224752
0.189567
0.16029
0.135988
0.115889
0.0993608
0.0858866
0.0750456
0.066501
0.0599878
0.0553044
0.052306
0.0508996
0.0510412
0.0527341
0.0560292
0.0610262
0.0678765
0.0767881
0.0880319
0.10195
0.118964
0.139594
0.164467
0.19434
0.230124
0.272912
0.32401
0.38498
0.457689
0.544369
0.647684
0.770816
0.917571
1.0925
1.30105
1.54974
1.84639
2.20041
2.62309
3.12805
3.73175
4.45412
5.31938
6.35709
7.60349
9.1032
10.9116
13.0979
15.7493
18.9769
22.9241
27.7785
33.79
41.2983
50.7769
62.9058
78.698
99.735
128.636
170.088
233.355
339.106
540.123
990.027
2188.5
)
;
    }
    interface_top
    {
        type            calculated;
        value           nonuniform List<scalar> 
90
(
152.296
144.925
135.24
110.3
97.7264
79.6609
67.1421
41.3898
57.5131
62.1243
64.1281
65.2409
67.3519
69.2448
74.3846
72.726
62.161
57.1734
50.4285
46.7158
41.0361
36.0068
23.735
34.5768
38.5403
42.2739
44.7354
49.3782
52.9452
60.9174
61.7662
56.7535
54.2839
50.4517
48.143
44.0371
39.4758
26.7278
40.8225
46.6498
53.3768
57.8947
66.4072
72.5453
85.5284
87.483
81.1833
78.104
73.2576
70.2199
64.6533
57.8875
38.5081
60.0515
68.5333
77.6577
83.0911
92.5768
98.7157
111.139
110.813
97.5036
90.821
80.8529
74.9557
65.2591
56.3787
34.6787
52.5427
58.2368
62.2922
64.0745
66.9021
68.4886
72.5104
70.1218
59.1677
53.7812
47.7175
44.3878
42.3394
35.4876
17.9869
51.5607
35.1792
-40.4555
-106.008
-232.545
-579.978
-1701.14
)
;
    }
    interface_bottom
    {
        type            calculated;
        value           nonuniform List<scalar> 
90
(
508.61
214.913
123.951
88.1826
72.0145
57.8857
48.0266
30.2194
40.4247
43.0242
44.1216
44.383
44.9661
45.143
46.0631
43.4555
34.0809
29.3142
22.5467
18.8006
13.2808
9.99388
4.72164
3.80191
2.23584
-1.43437
-3.95567
-8.48893
-11.4311
-16.712
-18.6903
-19.8303
-20.6191
-21.7273
-22.2573
-22.6473
-21.3183
-15.2985
-25.6555
-30.2565
-35.9657
-39.3485
-44.9381
-48.3553
-54.5273
-54.892
-49.6769
-47.57
-45.0376
-43.6531
-41.3548
-37.645
-25.9295
-41.1974
-47.4031
-54.2764
-58.1996
-64.5575
-68.4156
-75.5036
-75.2623
-67.0867
-63.692
-59.6537
-57.4688
-54.0312
-49.0156
-33.6879
-53.2059
-61.1968
-70.2285
-75.6407
-84.8998
-91.03
-103.217
-104.211
-95.2903
-91.697
-87.7436
-85.407
-81.7855
-74.082
-49.5427
-81.7307
-84.8528
-64.0646
-125.747
-119.186
-36.6873
0.901501
)
;
    }
    defaultFaces
    {
        type            empty;
    }
}


// ************************************************************************* //
