/*--------------------------------*- C++ -*----------------------------------*\
| =========                 |                                                 |
| \\      /  F ield         | OpenFOAM: The Open Source CFD Toolbox           |
|  \\    /   O peration     | Version:  5.x                                   |
|   \\  /    A nd           | Web:      www.OpenFOAM.org                      |
|    \\/     M anipulation  |                                                 |
\*---------------------------------------------------------------------------*/
FoamFile
{
    version     2.0;
    format      ascii;
    class       volScalarField;
    location    "7.1";
    object      gradTy;
}
// * * * * * * * * * * * * * * * * * * * * * * * * * * * * * * * * * * * * * //

dimensions      [0 -1 0 1 0 0 0];

internalField   nonuniform List<scalar> 
6300
(
1046.75
1140.53
1235.19
1331.28
1429.34
1529.85
1633.24
1739.83
1849.86
1963.43
2080.48
2200.76
2323.87
2449.21
2576.02
-0.439478
-1.30984
-2.15367
-2.95102
-3.67879
-4.30993
-4.81326
-5.15428
-5.29711
-5.20802
-4.8604
-4.24073
-3.35452
-2.23042
-0.920501
-0.742039
-2.21255
-3.64112
-4.99577
-6.23881
-7.32531
-8.20248
-8.81057
-9.08594
-8.96686
-8.40234
-7.36333
-5.8545
-3.92326
-1.66173
-1.05818
-3.1572
-5.20246
-7.15203
-8.95525
-10.5499
-11.8606
-12.7994
-13.269
-13.1709
-12.4185
-10.9555
-8.77669
-5.94621
-2.6044
-1.3916
-4.15559
-6.85942
-9.4546
-11.8802
-14.0583
-15.8906
-17.2573
-18.0196
-18.0291
-17.1452
-15.2633
-12.3504
-8.48048
-3.85397
-1.74421
-5.21405
-8.62491
-11.9266
-15.0524
-17.9121
-20.3859
-22.3192
-23.5228
-23.7803
-22.8696
-20.6018
-16.8808
-11.7709
-5.54705
-2.11539
-6.33145
-10.4995
-14.5744
-18.4905
-22.1518
-25.4213
-28.1105
-29.9717
-30.6995
-29.9505
-27.3933
-22.7999
-16.175
-7.87762
-2.50128
-7.49679
-12.467
-17.3807
-22.183
-26.7829
-31.0368
-34.7294
-37.5534
-39.095
-38.8393
-36.2202
-30.7503
-22.2515
-11.1435
-2.89415
-8.68729
-14.4909
-20.298
-26.0776
-31.7596
-37.2131
-42.2162
-46.4167
-49.2872
-50.0908
-47.8975
-41.729
-30.9369
-15.8489
-3.28214
-9.86714
-16.5112
-23.2425
-30.0693
-36.9642
-43.8391
-50.505
-56.6094
-61.5455
-64.3383
-63.5494
-57.331
-43.9182
-22.9524
-3.64938
-10.9878
-18.4439
-26.0912
-33.9926
-42.1883
-50.6735
-59.3546
-67.9696
-75.9462
-82.1668
-84.6302
-80.1268
-64.4522
-34.5648
-3.9769
-11.9906
-20.1852
-28.6856
-37.6209
-47.1223
-57.3111
-68.2693
-79.9671
-92.1018
-103.751
-112.677
-114.093
-99.1984
-56.2721
-4.2445
-12.8122
-21.6205
-30.8444
-40.6826
-51.368
-63.1786
-76.4433
-91.5264
-108.741
-128.059
-148.23
-164.369
-161.975
-106.213
-4.43332
-13.3932
-22.6397
-32.3885
-42.8966
-54.4877
-67.5908
-82.7979
-100.952
-123.277
-151.51
-187.814
-233.176
-278.115
-255.693
-4.52886
-13.6872
-23.1561
-33.1729
-44.0268
-56.0946
-69.8981
-86.2037
-106.207
-131.902
-166.889
-218.338
-302.403
-461.612
-830.534
2692.8
2798.76
2903.95
3007.8
3109.78
3209.4
3306.22
3399.86
3490.01
3576.38
3658.78
3737.02
3810.99
3880.57
3945.71
4006.36
4062.49
4114.09
4161.18
4203.76
4241.89
4275.61
4304.97
4330.05
4350.92
4367.67
4380.39
4389.17
4394.12
4395.32
4392.89
4386.93
4377.53
4364.8
4348.82
4329.7
4307.52
4282.37
4254.33
4223.49
4189.94
4153.75
4115
4073.77
4030.14
3984.19
3935.97
3885.57
3833.04
3778.44
3721.82
3663.24
3602.73
3540.36
3476.17
3410.2
3342.51
3273.15
3202.18
3129.67
3055.67
2980.26
2903.5
2825.47
2746.24
2665.88
2584.48
2502.13
2418.92
2334.96
2250.38
2165.32
2079.92
1994.36
1908.83
1823.52
1738.66
1654.46
1571.14
1488.94
1408.07
1328.76
1251.22
1175.64
1102.2
1031.06
962.356
896.181
832.611
771.682
0.385627
1.60177
2.80093
3.94257
4.99464
5.93539
6.75339
7.44646
8.01963
8.48282
8.84862
9.13034
9.34064
9.49063
9.58947
9.64436
9.66076
9.64277
9.5936
9.51591
9.41216
9.28479
9.13634
8.96948
8.78698
8.5917
8.38653
8.17431
7.95777
7.73951
7.52187
7.30683
7.09597
6.89035
6.69052
6.49649
6.30782
6.12382
5.94365
5.76662
5.59232
5.42083
5.2527
5.08899
4.93103
4.78028
4.63798
4.50495
4.38129
4.2663
4.15845
4.05549
3.9547
3.85321
3.74837
3.63803
3.52084
3.39629
3.26466
3.12676
2.9836
2.83595
2.68391
2.52662
2.362
2.18678
1.99665
1.78667
1.55178
1.28738
0.989952
0.657508
0.289915
-0.111004
-0.541575
-0.996546
-1.46947
-1.9531
-2.43977
-2.92163
-3.39077
-3.83918
-4.25869
-4.64089
-4.97717
-5.25899
-5.4784
-5.62874
-5.70552
-5.70706
0.596322
2.69591
4.75904
6.71284
8.5011
10.0873
11.4542
12.6014
13.5409
14.2929
14.8813
15.3306
15.6633
15.8986
16.0518
16.1346
16.1553
16.1201
16.0339
15.9004
15.7236
15.5073
15.2556
14.973
14.6643
14.3342
13.9878
13.6297
13.2647
12.8972
12.5312
12.1704
11.8172
11.4737
11.1406
10.8179
10.5046
10.1993
9.90011
9.60569
9.31511
9.02839
8.74655
8.47156
8.20602
7.95279
7.71439
7.4925
7.28754
7.09835
6.92219
6.75494
6.59155
6.42666
6.25531
6.0736
5.87912
5.67114
5.45049
5.2191
4.97931
4.73307
4.48112
4.2223
3.95319
3.66802
3.35903
3.01714
2.63297
2.19794
1.70539
1.15155
0.536003
-0.138034
-0.864009
-1.63256
-2.4323
-3.25058
-4.07423
-4.88998
-5.68466
-6.44507
-7.15769
-7.80842
-8.3825
-8.86486
-9.24108
-9.49882
-9.62945
-9.62956
0.740182
3.84322
6.87535
9.7223
12.2994
14.5559
16.4725
18.0565
19.3334
20.3396
21.1155
21.7
22.1276
22.4261
22.617
22.7153
22.7315
22.6724
22.5434
22.3489
22.0934
21.7821
21.4207
21.0157
20.5738
20.1019
19.6072
19.0964
18.5766
18.0541
17.5349
17.0242
16.5261
16.0434
15.5773
15.1272
14.6915
14.2672
13.8512
13.4406
13.0338
12.6303
12.2319
11.8419
11.4646
11.1053
10.7683
10.457
10.1723
9.91288
9.67433
9.45004
9.23173
9.01055
8.77832
8.52868
8.25792
7.96529
7.65283
7.32454
6.98531
6.6394
6.28915
5.93371
5.56837
5.18442
4.76961
4.30932
3.78819
3.19206
2.50986
1.73514
0.867016
-0.0896033
-1.12448
-2.22306
-3.36783
-4.53976
-5.7195
-6.88815
-8.0274
-9.11928
-10.1453
-11.0859
-11.9195
-12.6232
-13.174
-13.5515
-13.741
-13.736
0.793907
5.09253
9.25822
13.1202
16.5596
19.5137
21.9699
23.9538
25.5159
26.7184
27.6255
28.2957
28.7777
29.109
29.3156
29.4147
29.4162
29.3259
29.1477
28.8854
28.5439
28.1293
27.6491
27.1119
26.5268
25.903
25.25
24.5769
23.8928
23.2067
22.5267
21.8604
21.2134
20.5899
19.9912
19.4165
18.8623
18.3237
17.795
17.2709
16.748
16.2255
15.7059
15.1942
14.6981
14.226
13.7859
13.3835
13.0215
12.6978
12.4064
12.137
11.8765
11.6108
11.3269
11.0147
10.6687
10.2885
9.8784
9.44622
9.00135
8.55244
8.10509
7.65979
7.21078
6.74566
6.24608
5.68949
5.05179
4.3105
3.44792
2.4536
1.32583
0.0718841
-1.29286
-2.74667
-4.26388
-5.81733
-7.38041
-8.92828
-10.438
-11.8879
-13.2558
-14.5171
-15.6432
-16.6013
-17.3562
-17.8749
-18.1322
-18.1166
0.742587
6.53369
12.079
17.1269
21.5189
25.1891
28.148
30.4594
32.2168
33.5234
34.4775
35.1633
35.6461
35.9722
36.1703
36.2557
36.2342
36.107
35.8741
35.5372
35.1008
34.5721
33.9609
33.2785
32.5368
31.7477
30.9231
30.0745
29.2135
28.3517
27.5005
26.6699
25.8686
25.102
24.3723
23.6775
23.0122
22.3675
21.7335
21.1008
20.463
19.8181
19.1696
18.5256
17.8984
17.3022
16.7504
16.2535
15.8165
15.4377
15.1082
14.8125
14.5301
14.2386
13.9173
13.5504
13.1298
12.6559
12.1369
11.5872
11.0242
10.4643
9.91904
9.39219
8.87735
8.35743
7.80551
7.18732
6.4654
5.60442
4.57646
3.365
1.96711
0.393649
-1.33225
-3.17828
-5.10704
-7.08034
-9.06256
-11.0227
-12.9342
-14.7741
-16.5192
-18.1424
-19.6083
-20.8714
-21.8781
-22.5742
-22.916
-22.8821
0.585793
8.32878
15.6156
22.0779
27.5171
31.888
35.2579
37.7622
39.5662
40.8355
41.7158
42.323
42.7401
43.0194
43.1872
43.2504
43.2044
43.04
42.7501
42.3323
41.7904
41.1336
40.3752
39.5305
38.615
37.6437
36.6308
35.59
34.5354
33.4819
32.4445
31.4378
30.4739
29.5614
28.7033
27.8967
27.1326
26.3963
25.6705
24.9385
24.1885
23.4166
22.6271
21.8333
21.0547
20.3147
19.6363
19.0376
18.5281
18.107
17.7618
17.4691
17.1971
16.9099
16.5738
16.164
15.6682
15.0884
14.4399
13.7479
13.0431
12.3553
11.7069
11.1077
10.5516
10.0157
9.46076
8.83489
8.07962
7.13914
5.96958
4.5452
2.86154
0.93527
-1.19829
-3.49038
-5.88569
-8.33007
-10.7762
-13.1865
-15.5332
-17.7962
-19.9576
-21.9936
-23.8651
-25.5101
-26.8467
-27.7831
-28.2404
-28.1775
0.35832
10.7803
20.3391
28.5011
35.0525
40.0269
43.6123
46.0712
47.6835
48.7056
49.3452
49.7542
50.0303
50.2251
50.3525
50.4005
50.3427
50.1519
49.8082
49.3041
48.6433
47.8394
46.9119
45.8823
44.7715
43.5978
42.3767
41.1235
39.8542
38.5872
37.3429
36.1423
35.0039
33.9408
32.9585
32.0535
31.2116
30.4089
29.6151
28.8007
27.9447
27.039
26.09
25.1178
24.1542
23.2376
22.4066
21.6921
21.1117
20.6662
20.3389
20.0951
19.8853
19.6507
19.3357
18.9005
18.3267
17.6194
16.8047
15.9263
15.0368
14.189
13.4233
12.7604
12.1962
11.7007
11.2176
10.6683
9.95997
9.00322
7.72913
6.09829
4.10489
1.77497
-0.836421
-3.65417
-6.59392
-9.57754
-12.5415
-15.4419
-18.2528
-20.9647
-23.5763
-26.0819
-28.4476
-30.593
-32.3911
-33.6818
-34.3133
-34.205
0.179568
14.4739
27.0726
37.2422
44.8573
50.1638
53.5861
55.5959
56.6472
57.1228
57.3029
57.3729
57.4338
57.5239
57.6283
57.6989
57.6685
57.4796
57.0934
56.4972
55.6982
54.7193
53.5912
52.3468
51.0148
49.6158
48.1651
46.6764
45.1658
43.6559
42.1746
40.7539
39.4219
38.2004
37.0993
36.1161
35.2308
34.4055
33.5864
32.7197
31.7695
30.7208
29.5834
28.3872
27.1835
26.0343
25.0066
24.1511
23.4986
23.0527
22.7932
22.67
22.6071
22.5049
22.2685
21.8345
21.1752
20.3028
19.2594
18.1186
16.9684
15.9025
14.9898
14.2694
13.7402
13.3661
13.0681
12.7289
12.1966
11.3228
10.001
8.1721
5.83154
3.01875
-0.178549
-3.64337
-7.23996
-10.8542
-14.3992
-17.8268
-21.1156
-24.278
-27.3481
-30.3717
-33.3475
-36.1762
-38.666
-40.5297
-41.4513
-41.2663
0.398931
20.608
37.3022
49.6599
57.9852
63.0128
65.5927
66.4995
66.4381
65.9633
65.4168
65.0024
64.7929
64.7997
64.9502
65.1402
65.2203
65.089
64.6786
63.9801
63.0096
61.8116
60.4357
58.9354
57.3521
55.7063
54.0062
52.2586
50.4745
48.6814
46.9171
45.2358
43.6792
42.2849
41.0685
40.0363
39.1619
38.3918
37.6247
36.7576
35.7348
34.529
33.1602
31.6664
30.133
28.6552
27.3575
26.3167
25.587
25.17
25.05
25.1572
25.3843
25.5517
25.4848
25.0919
24.33
23.2314
21.8538
20.3236
18.7781
17.3944
16.2787
15.5023
15.06
14.9211
14.9775
15.067
14.9243
14.2868
13.0025
10.9822
8.23773
4.8158
0.864197
-3.44312
-7.86084
-12.2307
-16.4261
-20.4118
-24.1602
-27.7242
-31.1868
-34.7301
-38.4592
-42.2469
-45.8423
-48.7335
-50.1824
-49.8441
2.08567
31.8026
53.7756
67.8823
75.8607
79.3867
80.0097
78.7987
76.8259
74.909
73.3423
72.339
71.8424
71.8707
72.2174
72.742
73.0787
73.1028
72.6814
71.8572
70.6516
69.1628
67.4625
65.6465
63.7827
61.8781
59.9189
57.8967
55.7994
53.6693
51.5436
49.5417
47.7062
46.1171
44.7758
43.733
42.9461
42.3774
41.8106
41.023
39.9672
38.5751
36.9207
35.0058
33.0057
31.0203
29.3416
28.0376
27.2285
26.8626
26.9828
27.4749
28.2503
28.9388
29.1733
28.8834
27.9723
26.5647
24.6705
22.5531
20.3574
18.5029
17.0817
16.2567
15.9452
16.1971
16.8414
17.7415
18.3666
18.1841
17.0656
14.8372
11.6214
7.37753
2.4211
-3.08199
-8.54865
-13.8568
-18.7532
-23.3365
-27.469
-31.3145
-34.9079
-38.8191
-43.485
-48.5929
-54.031
-59.013
-61.4858
-60.7644
8.95842
54.1487
81.577
94.9286
100.145
99.9375
97.0644
92.1915
87.1304
83.3475
80.4536
78.9428
78.133
78.4802
79.2255
80.6112
81.384
81.7552
81.2609
80.2804
78.6981
76.8156
74.653
72.4232
70.2693
68.1256
65.9195
63.6406
61.1688
58.6481
55.9896
53.6056
51.3763
49.5902
48.0513
47.0591
46.4142
46.3585
46.3126
45.6727
44.6824
42.997
41.0547
38.4663
35.8558
32.9422
30.7847
29.0445
28.2303
27.8541
28.3789
29.3832
31.2401
32.9788
33.6156
33.5683
32.3284
30.5976
27.8076
24.8943
21.4442
18.9866
17.0251
16.2705
16.018
16.9074
18.3359
20.8113
22.9709
23.4284
22.7264
20.113
16.4847
10.9647
4.76456
-2.77383
-9.4652
-16.0761
-21.5313
-26.9105
-31.1909
-35.2679
-38.1711
-41.8214
-47.8739
-54.463
-62.8759
-72.9054
-77.3879
-75.5212
36.1492
102.071
129.648
133.689
132.239
124.325
116.997
105.853
95.5918
90.5034
85.5707
84.5348
82.7551
84.5139
85.3087
89.3605
90.2652
91.6511
90.5378
89.5677
87.1744
84.8692
81.9375
79.0885
76.7387
74.4609
72.0228
69.6599
66.6066
63.8238
60.0383
57.445
54.4068
52.7055
50.5382
49.8838
49.0324
50.324
51.6685
50.8259
50.3972
47.7876
46.118
41.9576
39.1413
33.7743
31.6263
28.717
28.6005
27.5474
29.0838
30.063
34.3994
38.6045
39.0423
39.9696
37.3904
36.1552
31.1213
28.0076
21.1014
18.755
15.2298
15.5608
14.446
16.8408
18.3221
24.3352
30.0256
30.3418
31.1392
26.8495
24.0717
15.5306
9.03473
-3.68565
-10.4978
-19.9598
-24.4187
-32.067
-35.2055
-40.9115
-40.3581
-41.3643
-51.4894
-57.7066
-69.3921
-94.7846
-102.432
-96.8801
154.777
205.205
211.605
180.353
173.639
147.867
142.421
118.243
96.6031
97.4343
85.0758
91.1969
82.2814
91.9348
86.701
102.641
98.4526
105.145
99.6077
100.904
95.5237
93.8244
89.1028
85.0349
83.1043
81.027
78.0181
76.6735
71.6556
70.4436
62.371
61.926
55.5131
56.4927
50.8476
52.9934
48.5655
54.2142
60.1748
55.384
59.2535
51.2254
54.7693
43.5143
46.101
29.9724
33.5652
24.3693
30.3207
23.5133
30.592
25.9096
37.749
49.6559
43.7651
51.4209
40.5181
47.1839
31.6707
36.5832
14.1935
20.222
7.88271
16.9341
7.82115
18.0905
11.7834
28.3243
44.8196
36.5628
46.8776
31.4096
39.9584
17.1522
22.2689
-13.1044
-7.71372
-31.047
-22.7123
-43.7166
-35.5218
-55.5675
-40.2983
-27.7748
-60.7311
-53.0748
-56.169
-142.215
-146.481
-129.924
738.128
371.735
347.777
191.677
242.477
142.137
194.812
126.975
65.252
123.355
57.9666
119.508
55.0646
120.79
57.5989
144.901
90.9674
136.245
98.833
121.849
98.5683
107.128
95.3229
87.8995
89.6773
88.9307
81.6131
88.9732
71.2208
86.9395
53.7171
74.9978
45.9715
69.8168
39.9359
65.5665
33.5861
57.6529
84.1606
47.4687
85.2401
37.9971
84.7288
25.1371
80.0088
-2.23024
53.9184
-1.79204
50.4122
-0.518523
49.035
-2.03673
40.9998
86.3342
28.979
89.5951
18.3452
90.1489
2.80551
84.4725
-33.6376
48.1373
-30.268
44.4627
-26.7152
43.2092
-27.6574
32.3778
95.2553
16.0395
99.7417
1.38433
100.995
-21.436
93.8075
-81.2237
36.4325
-87.7365
21.2419
-97.4127
4.82825
-121.077
-36.2844
51.3053
-128.455
-32.9616
76.5054
-307.407
-220.513
-185.028
707.566
641.373
578.807
519.689
463.789
410.849
360.584
312.701
266.9
222.885
180.362
139.047
98.6617
58.9351
19.6015
-5.62764
-5.44221
-5.17147
-4.83235
-4.44285
-4.02009
-3.57885
-3.13091
-2.68477
-2.24591
-1.8172
-1.39936
-0.991501
-0.591535
-0.196603
-9.48899
-9.16495
-8.69501
-8.10987
-7.44175
-6.72073
-5.97229
-5.21624
-4.46657
-3.73196
-3.01662
-2.32122
-1.64374
-0.980304
-0.325755
-13.5208
-13.0334
-12.3336
-11.4702
-10.4934
-9.44867
-8.37324
-7.29512
-6.23325
-5.19869
-4.19606
-3.2251
-2.28192
-1.36017
-0.451865
-17.805
-17.1141
-16.1354
-14.9438
-13.6129
-12.2071
-10.7768
-9.35764
-7.97254
-6.63339
-5.34378
-4.10115
-2.89865
-1.72657
-0.57339
-22.4398
-21.4823
-20.15
-18.5562
-16.8072
-14.99
-13.1688
-11.386
-9.66576
-8.01847
-6.44444
-4.937
-3.48492
-2.07405
-0.688505
-27.549
-26.2251
-24.4256
-22.3235
-20.0693
-17.7767
-15.5224
-13.3516
-11.2859
-9.33019
-7.47841
-5.71743
-4.02993
-2.39618
-0.795075
-33.296
-31.4431
-29.0034
-26.2426
-23.3694
-20.5248
-17.7921
-15.2119
-12.7958
-10.5379
-8.42146
-6.42428
-4.52115
-2.68561
-0.890686
-39.9039
-37.2475
-33.9019
-30.2739
-26.6404
-23.1606
-19.9091
-16.9077
-14.1474
-11.6039
-9.24515
-7.03699
-4.94473
-2.93437
-0.972734
-47.6815
-43.7406
-39.0825
-34.3104
-29.7575
-25.5677
-21.7759
-18.3621
-15.2822
-12.4848
-9.91817
-7.53369
-5.28633
-3.13436
-1.0386
-57.0398
-50.9501
-44.3762
-38.1274
-32.5109
-27.5763
-23.2644
-19.4822
-16.1343
-13.1347
-10.4089
-7.89317
-5.53246
-3.27811
-1.08589
-68.4239
-58.6428
-49.3441
-41.3113
-34.5821
-28.9618
-24.223
-20.1677
-16.638
-13.5106
-10.6894
-8.09753
-5.67213
-3.35968
-1.11274
-81.8458
-65.8525
-53.0457
-43.1908
-35.5439
-29.4653
-24.4976
-20.3274
-16.7389
-13.5802
-10.7403
-8.13531
-5.69878
-3.3757
-1.11809
-94.8585
-69.8747
-53.7943
-42.8619
-34.9369
-28.8574
-23.9744
-19.905
-16.41
-13.3307
-10.5562
-8.0045
-5.61192
-3.32617
-1.10201
-94.6003
-64.9924
-49.3941
-39.525
-32.4837
-27.0528
-22.6372
-18.908
-15.665
-12.7762
-10.1491
-7.71448
-5.41813
-3.21501
-1.06579
-4.53195
-13.6961
-23.1697
-33.1896
-44.0447
-56.1126
-69.9178
-86.2339
-106.276
-132.093
-167.442
-219.958
-307.143
-474.605
-855.658
-4.45797
-13.4672
-22.7637
-32.5648
-43.1317
-54.7974
-68.0099
-83.401
-101.899
-124.915
-154.614
-194.132
-246.455
-304.419
-289.719
-4.31915
-13.0386
-22.0069
-31.4079
-41.4552
-52.4074
-64.5884
-78.4095
-94.3837
-113.093
-134.967
-159.412
-181.847
-184.691
-115.953
-4.12393
-12.4372
-20.9493
-29.802
-39.1498
-49.1635
-60.0274
-71.922
-84.968
-99.0718
-113.531
-126.087
-130.843
-114.671
-55.4982
-3.88326
-11.6975
-19.6551
-27.8519
-36.3816
-45.3287
-54.7498
-64.6342
-74.8171
-84.8028
-93.4163
-98.1748
-94.37
-74.5117
-31.0309
-3.60942
-10.8581
-18.1945
-25.6702
-33.3233
-41.164
-49.1499
-57.1383
-64.8022
-71.4863
-75.9782
-76.2087
-69.044
-50.7566
-19.4665
-3.31483
-9.95768
-16.6369
-23.3652
-30.1342
-36.8982
-43.5478
-49.8669
-55.4669
-59.6912
-61.4988
-59.3776
-51.4411
-36.0306
-13.2096
-3.01103
-9.03188
-15.0452
-21.0317
-26.9483
-32.7116
-38.1747
-43.0943
-47.0861
-49.5734
-49.7469
-46.5844
-39.0278
-26.4502
-9.45131
-2.70802
-8.11123
-13.4718
-18.7466
-23.8687
-28.7331
-33.1787
-36.9656
-39.7496
-41.0618
-40.3111
-36.8422
-30.1008
-19.9399
-7.01493
-2.4139
-7.22014
-11.9577
-16.5673
-20.9677
-25.0451
-28.6399
-31.533
-33.4347
-33.9824
-32.7623
-29.3723
-23.548
-15.349
-5.34575
-2.13473
-6.37664
-10.5324
-14.533
-18.2908
-21.692
-24.5881
-26.7887
-28.0597
-28.1303
-26.7199
-23.5925
-18.644
-12.0108
-4.15447
-1.87465
-5.59286
-9.21489
-12.6671
-15.8613
-18.6895
-21.019
-22.6898
-23.518
-23.3064
-21.8698
-19.0772
-14.9097
-9.52192
-3.27747
-1.63616
-4.87579
-8.01516
-10.9801
-13.6858
-16.0332
-17.9069
-19.1759
-19.6982
-19.3329
-17.961
-15.5164
-12.0228
-7.62782
-2.61603
-1.42034
-4.22829
-6.93647
-9.47309
-11.759
-13.7056
-15.2146
-16.1803
-16.4945
-16.0581
-14.797
-12.6839
-9.76176
-6.16197
-2.10752
-1.22723
-3.65003
-5.97682
-8.14008
-10.0676
-11.6816
-12.8996
-13.6368
-13.8119
-13.3559
-12.2246
-10.4131
-7.97116
-5.01178
-1.71051
-1.05607
-3.13841
-5.13067
-6.9707
-8.59376
-9.93251
-10.9182
-11.4835
-11.5675
-11.1226
-10.1242
-8.5801
-6.53979
-4.09895
-1.39665
-0.905607
-2.68931
-4.39016
-5.95191
-7.31729
-8.42849
-9.2286
-9.66431
-9.69007
-9.27364
-8.4027
-7.09156
-5.38648
-3.36765
-1.14596
-0.774235
-2.29772
-3.74619
-5.06941
-6.21725
-7.14041
-7.79195
-8.1297
-8.11965
-7.74018
-6.98678
-5.87649
-4.451
-2.77717
-0.944034
-0.660198
-1.95821
-3.18915
-4.30865
-5.27317
-6.04088
-6.57313
-6.83653
-6.80567
-6.46629
-5.81861
-4.88025
-3.68793
-2.29729
-0.780245
-0.561699
-1.66525
-2.70946
-3.65547
-4.46569
-5.10478
-5.54092
-5.74763
-5.70586
-5.40641
-4.85224
-4.06031
-3.06253
-1.90516
-0.646616
-0.476974
-1.41348
-2.29793
-3.09653
-3.77701
-4.30955
-4.66798
-4.8312
-4.78493
-4.52337
-4.05092
-3.38328
-2.54791
-1.58329
-0.537065
-0.404355
-1.19785
-1.946
-2.61959
-3.19102
-3.63519
-3.93054
-4.06022
-4.01343
-3.78673
-3.38509
-2.8227
-2.12301
-1.31806
-0.44689
-0.342294
-1.01369
-1.64583
-2.21356
-2.69336
-3.06414
-3.30809
-3.41173
-3.36684
-3.17152
-2.83086
-2.35742
-1.77118
-1.09881
-0.372409
-0.289389
-0.856792
-1.39036
-1.86856
-2.27139
-2.58112
-2.78306
-2.86633
-2.82469
-2.65721
-2.3688
-1.97047
-1.47914
-0.917065
-0.310713
-0.244381
-0.723373
-1.17334
-1.57588
-1.91404
-2.17293
-2.3404
-2.40765
-2.36989
-2.22684
-1.98304
-1.64806
-1.23622
-0.766059
-0.259481
-0.206153
-0.610102
-0.989238
-1.32789
-1.61171
-1.8282
-1.9673
-2.02187
-1.9882
-1.86639
-1.66059
-1.37902
-1.03377
-0.640334
-0.216848
-0.173727
-0.514055
-0.833238
-1.11797
-1.35611
-1.5372
-1.65288
-1.69733
-1.66768
-1.56426
-1.39074
-1.15419
-0.864783
-0.535468
-0.181302
-0.146248
-0.432686
-0.701156
-0.94038
-1.14012
-1.29161
-1.3879
-1.42424
-1.39839
-1.31078
-1.16466
-0.966036
-0.7235
-0.447852
-0.151613
-0.122976
-0.363789
-0.589375
-0.790198
-0.957636
-1.08434
-1.16453
-1.19433
-1.17196
-1.09791
-0.975014
-0.808371
-0.605202
-0.374532
-0.126776
-0.103269
-0.305463
-0.494785
-0.66319
-0.803429
-0.909343
-0.976142
-1.00063
-0.981405
-0.918961
-0.815738
-0.676063
-0.505995
-0.313072
-0.105961
-0.0865788
-0.256073
-0.414715
-0.555735
-0.673048
-0.761505
-0.817124
-0.83728
-0.820853
-0.768318
-0.681767
-0.564853
-0.422655
-0.261462
-0.0884851
-0.0724316
-0.214215
-0.346877
-0.464737
-0.562697
-0.636462
-0.682725
-0.699324
-0.685365
-0.641287
-0.568872
-0.471194
-0.352501
-0.218031
-0.0737817
-0.0604227
-0.178688
-0.289315
-0.387552
-0.469143
-0.530512
-0.568916
-0.58258
-0.570786
-0.533928
-0.473516
-0.392125
-0.293297
-0.181391
-0.0613787
-0.0502048
-0.148463
-0.240355
-0.321922
-0.389627
-0.440502
-0.472282
-0.483509
-0.473606
-0.442921
-0.392722
-0.325159
-0.243174
-0.150376
-0.0508815
-0.0414802
-0.122658
-0.198562
-0.265915
-0.321793
-0.363748
-0.389917
-0.399105
-0.390853
-0.365459
-0.323982
-0.268204
-0.200555
-0.124011
-0.0419588
-0.0339928
-0.100514
-0.162704
-0.217873
-0.263624
-0.297952
-0.319338
-0.326809
-0.319999
-0.299161
-0.26517
-0.21949
-0.164112
-0.10147
-0.0343309
-0.0275217
-0.0813776
-0.13172
-0.176369
-0.213384
-0.241142
-0.258417
-0.264428
-0.258883
-0.241993
-0.214473
-0.177509
-0.132712
-0.082051
-0.0277599
-0.0218751
-0.0646799
-0.104688
-0.140166
-0.169568
-0.19161
-0.205315
-0.210069
-0.205641
-0.192206
-0.170332
-0.140964
-0.105383
-0.0651516
-0.0220419
-0.0168847
-0.0499235
-0.0808013
-0.108179
-0.130864
-0.147863
-0.158428
-0.162082
-0.158654
-0.148276
-0.131392
-0.108731
-0.0812826
-0.0502501
-0.0170002
-0.0124014
-0.0366671
-0.0593445
-0.0794492
-0.0961056
-0.108585
-0.116336
-0.119013
-0.116489
-0.108864
-0.0964628
-0.0798228
-0.0596698
-0.0368879
-0.0124795
-0.00829084
-0.0245134
-0.0396737
-0.0531134
-0.0642473
-0.072588
-0.0777678
-0.0795552
-0.0778657
-0.0727668
-0.0644761
-0.0533527
-0.0398821
-0.0246548
-0.00834087
-0.00442961
-0.013097
-0.0211971
-0.0283783
-0.0343279
-0.0387854
-0.0415542
-0.0425106
-0.041609
-0.0388854
-0.0344559
-0.0285122
-0.0213137
-0.0131761
-0.00445759
-0.000701523
-0.0020745
-0.00335851
-0.00449822
-0.0054442
-0.00615499
-0.00659893
-0.00675565
-0.00661712
-0.00618823
-0.00548674
-0.0045427
-0.00339723
-0.00210079
-0.000710818
0.00300569
0.00888625
0.0143799
0.0192474
0.0232762
0.0262901
0.028157
0.0287943
0.0281731
0.0263197
0.023314
0.0192869
0.0144144
0.00890963
0.00301397
0.00680372
0.0201155
0.0325531
0.0435751
0.052701
0.0595315
0.0637663
0.0652177
0.0638188
0.0596274
0.0528237
0.0437035
0.0326649
0.0201914
0.00683056
0.010807
0.0319517
0.0517089
0.0692191
0.0837191
0.0945746
0.101308
0.10362
0.101403
0.0947483
0.0839415
0.0694516
0.0519113
0.0320892
0.0108556
0.0151359
0.0447511
0.0724243
0.0969527
0.117267
0.132479
0.141919
0.145165
0.142068
0.132752
0.117616
0.0973173
0.0727419
0.0449666
0.0152121
0.0199207
0.0588986
0.0953229
0.127611
0.154357
0.174391
0.186828
0.191115
0.187049
0.174795
0.154874
0.128152
0.0957935
0.059218
0.0200337
0.0253047
0.0748187
0.121092
0.162117
0.196108
0.221575
0.237396
0.242863
0.237716
0.222159
0.196855
0.162899
0.121773
0.0752804
0.025468
0.0314492
0.0929881
0.150505
0.201507
0.243774
0.275455
0.295152
0.301979
0.295608
0.276289
0.244841
0.202623
0.151477
0.0936476
0.0316825
0.0385375
0.113949
0.184441
0.24696
0.298788
0.337655
0.361841
0.370256
0.362489
0.338838
0.300303
0.248544
0.185821
0.114886
0.0388687
0.0467802
0.138326
0.223911
0.299835
0.362799
0.410045
0.439479
0.449765
0.440396
0.411721
0.364944
0.302078
0.225864
0.139652
0.0472491
0.0564214
0.16684
0.270087
0.361707
0.437721
0.4948
0.530408
0.542919
0.531705
0.497169
0.440753
0.364877
0.272849
0.168714
0.0570843
0.0677449
0.200334
0.324335
0.434411
0.525787
0.59446
0.63737
0.652544
0.639201
0.597807
0.530071
0.43889
0.328236
0.202981
0.0686814
0.0810825
0.239788
0.38825
0.520095
0.629614
0.712005
0.763584
0.781963
0.766171
0.716731
0.635663
0.526421
0.393759
0.243526
0.082405
0.0968217
0.286351
0.4637
0.621277
0.752272
0.850937
0.912846
0.935102
0.916499
0.857611
0.760812
0.630209
0.471478
0.29163
0.098689
0.115416
0.341371
0.552876
0.740913
0.897371
1.01538
1.08963
1.11661
1.09479
1.02481
0.909429
0.753522
0.563857
0.348824
0.118053
0.137397
0.406421
0.658342
0.882469
1.06916
1.21021
1.29924
1.33197
1.30652
1.22351
1.08618
0.90027
0.673845
0.416943
0.14112
0.163385
0.483342
0.783102
1.05001
1.27262
1.44115
1.54792
1.58774
1.5582
1.45993
1.29665
1.07514
0.804988
0.498197
0.16864
0.194102
0.574282
0.930666
1.24831
1.51363
1.71497
1.84309
1.89164
1.85759
1.74147
1.54755
1.28378
0.961564
0.595255
0.201521
0.230389
0.681741
1.10512
1.48292
1.79905
2.03961
2.19348
2.25289
2.21395
2.07702
1.84694
1.533
1.14875
0.711351
0.240863
0.273218
0.808615
1.31123
1.76033
2.13693
2.42443
2.60944
2.68242
2.63834
2.47724
2.20453
1.83104
1.37281
0.850421
0.288007
0.323711
0.958245
1.55447
2.08809
2.53664
2.8804
3.10317
3.19319
3.14396
2.95494
2.63207
2.1879
1.64142
1.01727
0.344594
0.383151
1.13446
1.84119
2.47488
3.00911
3.42035
3.68905
3.80064
3.74662
3.52556
3.1438
2.61579
1.96395
1.21781
0.412639
0.452997
1.34164
2.17859
2.93072
3.56693
4.05926
4.384
4.52303
4.46523
4.20774
3.75706
3.12966
2.35193
1.45934
0.494641
0.534889
1.58468
2.57488
3.46701
4.22464
4.8145
5.20784
5.38207
5.32247
5.02403
4.49299
3.74787
2.81965
1.75092
0.593711
0.630654
1.86909
3.03924
4.09667
4.99881
5.70615
6.1838
6.40341
6.3455
6.00179
5.37754
4.49318
3.38492
2.10392
0.713756
0.74229
2.20091
3.58185
4.83411
5.90819
6.75724
7.33887
7.61742
7.56691
7.17429
6.44267
5.39393
4.0701
2.5327
0.85973
0.871947
2.58664
4.21377
5.69524
6.97376
7.99397
8.70432
9.05984
9.02581
8.58213
7.72793
6.48565
4.90354
3.05559
1.03798
1.02187
3.03314
4.9468
6.69724
8.21864
9.44578
10.3161
10.7727
10.7691
10.275
9.28261
7.81328
5.92153
3.69627
1.25674
1.19434
3.5474
5.7931
7.85823
9.66775
11.1453
12.215
12.8049
12.8529
12.3136
11.1684
9.43416
7.17106
4.48569
1.52682
1.39152
4.13618
6.76472
9.19662
11.3473
13.1279
14.4469
15.2135
15.3442
14.773
13.4632
11.4222
8.71376
5.46499
1.86272
1.61533
4.80554
7.87283
10.7302
13.2837
15.431
17.0623
18.0633
18.323
17.745
16.2655
13.8735
10.6316
6.68972
2.28412
1.8672
5.56019
9.12664
12.4747
15.5019
18.0922
20.1151
21.4279
21.8832
21.3429
19.7014
16.915
13.0354
8.23638
2.81845
2.14782
6.40266
10.532
14.4419
18.0233
21.1472
23.6608
25.3877
26.1344
25.7054
23.9321
20.7153
16.0777
10.2127
3.5048
2.45676
7.33222
12.0896
16.6369
20.8624
24.6259
27.7524
30.028
31.2018
31.0011
29.165
25.502
19.9721
12.7744
4.40059
2.79209
8.34369
13.7929
19.0554
24.0219
28.5465
32.4348
35.433
37.2232
37.4323
35.6663
31.5849
25.0245
16.1527
5.59312
3.14999
9.42618
15.6257
21.6792
27.488
32.9088
37.7349
41.6764
44.3423
45.2347
43.7751
39.3891
31.6816
20.703
7.22077
3.52439
10.5618
17.5597
24.4726
31.2233
37.6836
43.6489
48.8054
52.6924
54.6701
53.9156
49.4993
40.6101
26.9916
9.51452
3.90663
11.7248
19.5525
27.3784
35.1599
42.8018
50.1241
56.8153
62.368
66.002
66.5986
62.7153
52.8222
35.9595
12.8859
4.28545
12.8809
21.5465
30.3148
39.1931
48.1414
57.037
65.6152
73.3754
79.4427
82.3918
80.104
69.8738
49.2401
18.1309
4.64712
13.9883
23.4687
33.1745
43.1772
53.5172
64.1698
74.9824
85.5577
95.0478
101.821
103.007
94.1493
69.7946
26.9537
4.97615
14.9989
25.2342
35.8275
46.9268
58.6753
71.1907
84.5137
98.4928
112.539
125.128
132.884
129.185
103.186
43.4614
5.25622
15.8616
26.7508
38.1289
50.225
63.3003
77.6502
93.5884
111.38
131.04
151.791
170.714
179.706
159.996
78.8565
5.47166
16.5272
27.9276
39.9312
52.8427
67.0394
83.0057
101.375
122.969
148.782
179.72
215.439
250.158
259.464
167.427
5.6091
16.9531
28.6852
41.1027
54.5673
69.549
86.6917
106.921
131.626
162.963
204.328
260.855
338.255
429.305
424.617
5.65916
17.1092
28.9667
41.5465
55.2379
70.5571
88.2329
109.358
135.678
170.176
218.404
291.774
416.868
665.627
1268.29
5.61767
16.9822
28.7462
41.2179
54.7775
69.928
87.3778
108.187
134.047
167.854
215.019
286.768
409.6
656.171
1260.59
5.48641
16.5777
28.034
40.1334
53.2118
67.7015
84.1887
103.507
126.895
156.253
194.558
246.287
316.396
398.205
392.012
5.27285
15.9194
26.875
38.3686
50.6656
64.087
79.0322
96.0009
115.595
138.438
164.774
193.039
215.062
201.347
63.5928
-59.9971
-48.8469
-40.5032
-34.0528
-28.859
-24.532
-20.8265
-17.5804
-14.6809
-12.0458
-9.61248
-7.33135
-5.16143
-3.06742
-1.01763
-22.4972
-31.1534
-30.7461
-28.0421
-24.87
-21.7498
-18.8207
-16.1034
-13.581
-11.2253
-9.00684
-6.89706
-4.86942
-2.8991
-0.962635
-10.2318
-19.7538
-22.5837
-22.3563
-20.8448
-18.8345
-16.6675
-14.491
-12.365
-10.3095
-8.32562
-6.40566
-4.53754
-2.70723
-0.899854
-5.56475
-13.0013
-16.5442
-17.562
-17.1657
-16.0279
-14.5208
-12.8433
-11.0999
-9.34372
-7.59996
-5.8782
-4.17935
-2.49942
-0.831735
-3.46221
-8.95247
-12.2581
-13.7494
-14.0012
-13.4777
-12.4923
-11.2413
-9.84355
-8.36928
-6.85893
-5.33476
-3.80798
-2.28308
-0.760681
-2.35556
-6.42069
-9.2318
-10.7975
-11.375
-11.2482
-10.6481
-9.74107
-8.64025
-7.41981
-6.12743
-4.79309
-3.43525
-2.06499
-0.688896
-1.69749
-4.75968
-7.07026
-8.53185
-9.2378
-9.34721
-9.0168
-8.37536
-7.51993
-6.52023
-5.425
-4.26768
-3.07111
-1.85094
-0.61828
-1.2705
-3.62057
-5.49822
-6.79083
-7.51474
-7.75158
-7.60145
-7.15815
-6.4997
-5.68694
-4.76562
-3.76949
-2.72333
-1.64554
-0.550363
-0.976099
-2.80951
-4.33239
-5.44467
-6.12985
-6.42459
-6.3896
-6.09029
-5.58658
-4.92897
-4.15814
-3.30601
-2.39748
-1.45221
-0.486291
-0.764178
-2.21406
-3.45166
-4.39504
-5.01604
-5.3265
-5.36125
-5.16432
-4.78026
-4.24959
-3.60708
-2.88165
-2.09711
-1.27321
-0.426839
-0.606746
-1.766
-2.77522
-3.56925
-4.11782
-4.41984
-4.49373
-4.36824
-4.0757
-3.64783
-3.11357
-2.49832
-1.82405
-1.10981
-0.372454
-0.486975
-1.4221
-2.2482
-2.91387
-3.39077
-3.67157
-3.76462
-3.68812
-3.46508
-3.11992
-2.67626
-2.15595
-1.57874
-0.962436
-0.323311
-0.394159
-1.15391
-1.83256
-2.38956
-2.79988
-3.05362
-3.15322
-3.10971
-2.93924
-2.66037
-2.29214
-1.85307
-1.36056
-0.830901
-0.279372
-0.321174
-0.942033
-1.50137
-1.96708
-2.31768
-2.5427
-2.64117
-2.61943
-2.48866
-2.26284
-1.95721
-1.58727
-1.16818
-0.714542
-0.24044
-0.26311
-0.772865
-1.2352
-1.62451
-1.92268
-2.11961
-2.21258
-2.20485
-2.10406
-1.92071
-1.66692
-1.35559
-0.99976
-0.612389
-0.206212
-0.216476
-0.636623
-1.01971
-1.34522
-1.59797
-1.76871
-1.85389
-1.85486
-1.77676
-1.62746
-1.41659
-1.15479
-0.85324
-0.523289
-0.176319
-0.178731
-0.526111
-0.844199
-1.11645
-1.33019
-1.47719
-1.55366
-1.55976
-1.4989
-1.37696
-1.20159
-0.981586
-0.726432
-0.446004
-0.150361
-0.147985
-0.435935
-0.70051
-0.928293
-1.10873
-1.23464
-1.30229
-1.31115
-1.26343
-1.16355
-1.01759
-0.83278
-0.617168
-0.379279
-0.127927
-0.122807
-0.361986
-0.582364
-0.773007
-0.925134
-1.03254
-1.09173
-1.10181
-1.06417
-0.982135
-0.860541
-0.705358
-0.523369
-0.321899
-0.108618
-0.102097
-0.30109
-0.48486
-0.64446
-0.772582
-0.86391
-0.915271
-0.925594
-0.895728
-0.82818
-0.726811
-0.596545
-0.443091
-0.272717
-0.0920561
-0.0849969
-0.250764
-0.404135
-0.537767
-0.645572
-0.723024
-0.767298
-0.777278
-0.753445
-0.697702
-0.613142
-0.503828
-0.374558
-0.230677
-0.0778895
-0.0708313
-0.209042
-0.337115
-0.449002
-0.539634
-0.605171
-0.643133
-0.652434
-0.633315
-0.587227
-0.516658
-0.424962
-0.316169
-0.194819
-0.0657993
-0.0590624
-0.174357
-0.281332
-0.374993
-0.451118
-0.506459
-0.538865
-0.547318
-0.531908
-0.493745
-0.434841
-0.357964
-0.266497
-0.164285
-0.0554992
-0.0492583
-0.145448
-0.234791
-0.313158
-0.377031
-0.423671
-0.451224
-0.458767
-0.446295
-0.414663
-0.365499
-0.301096
-0.224284
-0.138315
-0.046735
-0.0410696
-0.121292
-0.195869
-0.261384
-0.314906
-0.354132
-0.377475
-0.384112
-0.373983
-0.34775
-0.306738
-0.25284
-0.188427
-0.11624
-0.0392826
-0.0342119
-0.101055
-0.163239
-0.217936
-0.262707
-0.295619
-0.315323
-0.321097
-0.312849
-0.291098
-0.25692
-0.211884
-0.157968
-0.0974766
-0.0329462
-0.0284516
-0.0840511
-0.135807
-0.181379
-0.218741
-0.246275
-0.262842
-0.267814
-0.261089
-0.243072
-0.214641
-0.177092
-0.132074
-0.0815168
-0.0275552
-0.0235965
-0.0697156
-0.112668
-0.150521
-0.181596
-0.204545
-0.21841
-0.222652
-0.217168
-0.202276
-0.178692
-0.147485
-0.110024
-0.0679207
-0.0229615
-0.0194867
-0.0575785
-0.0930695
-0.124369
-0.150092
-0.169122
-0.180657
-0.184242
-0.179777
-0.167515
-0.148036
-0.122218
-0.0911965
-0.0563072
-0.019037
-0.0159889
-0.0472469
-0.0763804
-0.102088
-0.123235
-0.138901
-0.148423
-0.15142
-0.147801
-0.137763
-0.121778
-0.100565
-0.075054
-0.0463466
-0.0156705
-0.0129909
-0.03839
-0.0620693
-0.0829743
-0.100182
-0.112945
-0.12072
-0.123191
-0.120279
-0.112139
-0.0991512
-0.0818959
-0.0611303
-0.0377526
-0.0127654
-0.0103973
-0.0307271
-0.0496843
-0.0664265
-0.0802158
-0.090452
-0.0966983
-0.0986988
-0.0963863
-0.0898818
-0.0794861
-0.0656634
-0.0490197
-0.030276
-0.0102378
-0.0081265
-0.0240169
-0.0388368
-0.0519287
-0.0627159
-0.0707286
-0.0756242
-0.0772008
-0.0754036
-0.0703255
-0.0622
-0.0513892
-0.0383671
-0.0236981
-0.00801372
-0.00610738
-0.01805
-0.029189
-0.0390308
-0.0471419
-0.0531691
-0.0568543
-0.0580448
-0.0566986
-0.0528847
-0.0467779
-0.0386502
-0.0288576
-0.017825
-0.00602781
-0.00427716
-0.0126409
-0.0204419
-0.0273342
-0.0330146
-0.0372355
-0.0398162
-0.0406497
-0.0397068
-0.0370357
-0.0327589
-0.0270668
-0.020209
-0.0124828
-0.00422125
-0.00257925
-0.0076225
-0.0123254
-0.0164791
-0.0199005
-0.0224405
-0.0239909
-0.0244879
-0.0239147
-0.0223013
-0.0197223
-0.0162927
-0.0121631
-0.00751235
-0.00254029
-0.000961365
-0.00284034
-0.00459026
-0.00613234
-0.00739813
-0.00833268
-0.0088969
-0.00906895
-0.00884469
-0.00823729
-0.00727605
-0.00600468
-0.00447909
-0.00276488
-0.000934674
0.000626149
0.00185223
0.0030006
0.0040226
0.00487426
0.0055181
0.00592484
0.00607484
0.00595931
0.00558108
0.00495486
0.00410689
0.003074
0.00190205
0.000643772
0.00223186
0.00659874
0.0106792
0.0142958
0.0172909
0.0195335
0.0209248
0.0214029
0.0209457
0.0195716
0.0173397
0.0143468
0.0107236
0.0066289
0.00224253
0.00390481
0.0115441
0.0186798
0.0250004
0.0302299
0.0341398
0.0365587
0.0373804
0.0365684
0.0341576
0.0302528
0.0250243
0.0187006
0.0115582
0.00390981
0.00569599
0.016839
0.0272461
0.0364624
0.0440851
0.049781
0.0533013
0.054492
0.0533011
0.0497808
0.0440847
0.0364621
0.0272458
0.0168388
0.00569592
0.00766
0.0226449
0.0366391
0.0490307
0.0592778
0.0669326
0.071661
0.0732568
0.0716509
0.0669142
0.0592542
0.049006
0.0366177
0.0226303
0.00765484
0.00985664
0.0291384
0.0471447
0.0630877
0.07627
0.0861158
0.0921954
0.0942442
0.0921741
0.086077
0.0762203
0.0630357
0.0470995
0.0291077
0.00984578
0.0123528
0.0365174
0.0590827
0.079061
0.0955785
0.107913
0.115528
0.118091
0.115493
0.10785
0.0954967
0.0789756
0.0590083
0.0364669
0.0123349
0.0152246
0.0450065
0.0728166
0.0974369
0.11779
0.132988
0.142367
0.14552
0.142314
0.132891
0.117667
0.0973076
0.072704
0.0449302
0.0151975
0.0185594
0.0548646
0.0887647
0.118775
0.143582
0.162102
0.173528
0.177365
0.173451
0.161961
0.143401
0.118586
0.0886005
0.0547532
0.01852
0.0224592
0.0663923
0.107413
0.143725
0.173737
0.19614
0.209957
0.214591
0.209846
0.195937
0.173478
0.143454
0.107178
0.0662324
0.0224026
0.0270429
0.0799414
0.129331
0.173047
0.209175
0.236138
0.252761
0.258327
0.252603
0.23585
0.208807
0.172662
0.128996
0.0797139
0.0269624
0.0324506
0.0959262
0.155189
0.207637
0.250976
0.283313
0.30324
0.309901
0.303017
0.282905
0.250455
0.207092
0.154713
0.0956037
0.0323366
0.0388481
0.114836
0.185775
0.248552
0.300415
0.339102
0.36293
0.370877
0.362615
0.338525
0.299677
0.24778
0.185103
0.11438
0.0386867
0.0464315
0.13725
0.222029
0.297042
0.359002
0.405205
0.433645
0.443105
0.433199
0.40439
0.357959
0.295951
0.221079
0.136606
0.0462034
0.0554338
0.163858
0.265061
0.354593
0.428528
0.483638
0.517537
0.528777
0.516907
0.482487
0.427054
0.353052
0.26372
0.162947
0.0551117
0.0661326
0.195478
0.316196
0.422972
0.511121
0.576796
0.617158
0.630491
0.616268
0.57517
0.50904
0.420796
0.314302
0.194192
0.0656778
0.0788584
0.233087
0.37701
0.504282
0.609314
0.687527
0.735543
0.751333
0.734287
0.685232
0.606377
0.50121
0.374335
0.231271
0.0782162
0.0940058
0.27785
0.449383
0.60103
0.726127
0.81922
0.8763
0.89497
0.874527
0.815979
0.721979
0.596693
0.445606
0.275286
0.0930991
0.112046
0.331159
0.535561
0.716208
0.865156
0.975912
1.04372
1.06576
1.04122
0.971337
0.859301
0.710086
0.530229
0.32754
0.110766
0.133545
0.394679
0.638229
0.853393
1.0307
1.16242
1.24292
1.26888
1.23939
1.15596
1.02243
0.844749
0.630702
0.38957
0.131738
0.159177
0.470407
0.760603
1.01686
1.22788
1.38448
1.47998
1.51049
1.47499
1.37536
1.21621
1.00466
0.749977
0.463194
0.156626
0.189756
0.560736
0.906537
1.21173
1.46284
1.64895
1.76217
1.79793
1.75512
1.63608
1.44637
1.19451
0.891536
0.550554
0.186154
0.226256
0.668543
1.08066
1.44415
1.74293
1.96403
2.09812
2.1399
2.08818
1.94586
1.71968
1.41983
1.05948
0.654169
0.221172
0.269856
0.797295
1.28854
1.72149
2.07695
2.3395
2.49816
2.54677
2.48412
2.31385
2.04412
1.68716
1.25864
0.777002
0.262677
0.321975
0.951173
1.53689
2.05263
2.47546
2.78709
2.9746
3.03088
2.95478
2.75088
2.42912
2.00416
1.49468
0.922523
0.31184
0.384334
1.13524
1.83381
2.44825
2.95117
3.32085
3.54213
3.6069
3.51415
3.26974
2.88575
2.37983
1.77422
1.09479
0.370026
0.459023
1.35564
2.18913
2.9213
3.51939
3.95763
4.21831
4.29225
4.17882
3.88547
3.42703
2.82471
2.10501
1.29853
0.438823
0.548593
1.61985
2.6148
3.48744
4.19856
4.71766
5.02412
5.10769
4.96838
4.61581
4.06819
3.35108
2.49603
1.53922
0.520071
0.656165
1.93703
3.12538
4.1657
5.01104
5.62532
5.98466
6.07784
5.90599
5.48156
4.82701
3.97319
2.95769
1.82319
0.615893
0.785584
2.31842
3.73872
4.97931
5.98393
6.70995
7.12996
7.23199
7.01893
6.50705
5.72416
4.70755
3.50197
2.15768
0.728715
0.94161
2.77795
4.47683
5.95675
7.15021
8.00703
8.49599
8.60487
8.33931
7.72067
6.78354
5.57308
4.14253
2.55095
0.861296
1.13018
3.33291
5.36693
7.13304
8.5502
9.55949
10.1259
10.2377
9.9048
9.15539
8.03266
6.59139
4.89487
3.01231
1.01674
1.35875
4.005
6.44301
8.55159
10.2333
11.4194
12.0713
12.1792
11.7594
10.8493
9.5029
7.78688
5.77635
3.55212
1.19848
1.6368
4.82166
7.7478
10.2665
12.2605
13.6502
14.3942
14.4872
13.9544
12.8459
11.2297
9.18681
6.80615
4.18177
1.4103
1.97645
5.81793
9.33545
12.3455
14.7073
16.3292
17.1692
17.2294
16.5491
15.1949
13.2528
10.8212
8.00515
4.9135
1.65624
2.39347
7.03911
11.2754
14.8747
17.6678
19.5512
20.4853
20.4858
19.6116
17.952
15.6158
12.7223
9.39547
5.76018
1.9405
2.90859
8.5445
13.6575
17.9636
21.2597
23.432
24.4495
24.3495
23.2193
21.1788
18.3655
14.9242
10.9999
6.73485
2.26733
3.54954
10.4129
16.5999
21.7535
25.6319
28.1146
29.1895
28.9282
27.4589
24.942
21.5512
17.4613
12.8409
7.85005
2.64074
4.35416
12.7509
20.2597
26.4289
30.973
33.7746
34.8571
34.3455
32.4258
29.3117
25.2221
20.3665
14.9389
9.11689
3.06424
5.37508
15.7054
24.8496
32.2325
37.5239
40.6279
41.6313
40.7404
38.2216
34.3586
29.4248
23.6688
17.3107
10.5438
3.54037
6.68747
19.4835
30.6623
39.4882
45.5936
48.9394
49.7207
48.2652
44.9504
40.1488
34.198
27.3889
19.9662
12.1348
4.07016
8.40182
24.3845
38.1086
48.6327
55.5792
59.0313
59.363
57.0807
52.7112
46.7366
39.5668
31.5349
22.9052
13.8875
4.65249
10.6862
30.8537
47.7769
60.2611
67.9908
71.2896
70.8199
67.3452
61.5861
54.1539
45.5339
36.0955
26.1135
15.7911
5.28331
13.8072
39.5756
60.5273
75.1906
83.4788
86.1644
84.3629
79.1954
71.6223
62.3955
52.0688
41.0334
29.5577
17.8234
5.95488
18.21
51.6419
77.644
94.5464
102.857
104.154
100.243
92.7153
82.8064
71.4004
59.0952
46.2765
33.1814
19.9485
6.65507
24.6878
68.8673
101.079
119.868
127.104
125.76
118.633
107.888
95.0295
81.029
66.4778
51.7111
36.9003
22.1155
7.36676
34.7738
94.4029
133.835
153.211
157.308
151.38
139.534
124.528
108.045
91.0395
74.0093
57.1757
40.6009
24.2572
8.0678
51.7473
133.963
180.517
197.162
194.474
181.107
162.629
142.191
121.421
101.067
81.4036
62.46
44.1407
26.2915
8.73138
83.4969
198.288
247.966
254.538
239.053
214.383
187.082
160.085
134.507
110.613
88.2976
67.3102
47.3536
28.1247
9.32729
151.498
307.827
345.347
327.228
290.007
249.484
211.321
176.991
146.422
119.062
94.2684
71.4438
50.0607
29.658
9.82391
321.349
499.87
481.363
413.181
343.251
282.944
232.897
191.283
156.108
125.726
98.8713
74.5758
52.0864
30.7961
10.1911
813.541
828.733
651.871
500.343
389.81
309.274
248.615
201.103
162.463
129.94
101.696
76.4526
53.2789
31.4581
10.4034
2425.09
1290.96
804.778
559.031
415.533
321.797
255.2
204.759
164.569
131.181
102.435
76.8916
53.5312
31.5879
10.4433
4.95392
14.9378
25.1524
35.7596
46.9318
58.8502
71.6929
85.5952
100.542
116.101
130.761
140.364
134.553
89.6454
-41.9148
4.53741
13.6591
22.92
32.4065
42.1916
52.3167
62.7572
73.3515
83.6618
92.7061
98.4663
97.0752
81.8278
43.4302
-22.3892
4.07397
12.2411
20.4614
28.7545
37.1107
45.4671
53.6667
61.3906
68.046
72.5943
73.3224
67.6409
52.2532
24.6359
-12.4902
3.59127
10.7697
17.9298
25.039
32.0293
38.7736
45.0512
50.4973
54.5359
56.3017
54.5874
47.9108
34.9069
15.3497
-8.14754
3.11266
9.31629
15.4488
21.442
27.1933
32.5464
37.2665
41.0109
43.2977
43.4884
40.8149
34.5091
24.1137
10.005
-6.07182
2.65568
7.93384
13.107
18.0866
22.7551
26.9517
30.4576
32.9819
34.1546
33.5377
30.6735
25.198
17.0343
6.62909
-4.90968
2.23183
6.65623
10.9584
15.042
18.7884
22.0474
24.6301
26.3046
26.8013
25.8332
23.1412
18.5736
12.1947
4.3846
-4.14227
1.84722
5.50072
9.02808
12.3343
15.3086
17.8191
19.7105
20.8055
20.9139
19.8533
17.4844
13.7607
8.7866
2.85728
-3.55325
1.50354
4.47128
7.31872
9.95827
12.292
14.2093
15.5869
16.2927
16.1958
15.1828
13.1832
10.1991
6.33521
1.81296
-3.04504
1.19917
3.56207
5.81713
7.88785
9.69155
11.1387
12.1343
12.5822
12.3935
11.4992
9.86677
7.51784
4.54291
1.10541
-2.5716
0.930258
2.76066
4.49984
6.08434
7.44743
8.51927
9.22878
9.5075
9.29607
8.55327
7.26654
5.46232
3.21306
0.637297
-2.11019
0.69146
2.05045
3.33721
4.5022
5.49444
6.26201
6.75377
6.92248
6.72948
6.1507
5.18326
3.85127
2.20914
0.340323
-1.64948
0.47659
1.41249
2.29633
3.0928
3.76609
4.28048
4.60165
4.69891
4.54831
4.13639
3.46408
2.5499
1.43139
0.16378
-1.18437
0.279004
0.826588
1.34281
1.80657
2.19664
2.49215
2.67339
2.72311
2.62831
2.38225
1.98653
1.45262
0.802438
0.0674673
-0.713712
-1067.94
-1204
-1340.61
-1478.12
-1616.83
-1756.99
-1898.82
-2042.42
-2187.82
-2334.97
-2483.69
-2633.72
-2784.69
-2936.16
-3087.64
-187.12
-2.20545
-217.023
-66.2254
-192.534
-79.309
-164.572
-85.8406
-13.7747
-86.8326
-8.40575
-80.17
-0.683941
-76.2049
5.98288
-101.21
-23.5731
-90.6389
-25.0601
-77.381
-22.0439
-64.6062
-21.341
20.9809
-19.3904
31.3941
-13.8546
43.5897
-12.7788
53.8187
-40.4218
29.1724
-40.8724
23.6379
-36.8368
21.9277
-31.5987
17.3163
67.3676
13.4691
78.6565
11.8248
91.0808
0.34275
97.1949
-56.7876
46.5946
-69.5366
26.6278
-75.949
11.2778
-81.4952
-10.7392
60.9607
-33.9272
58.5168
-55.4554
51.8243
-87.9032
33.7891
-168.539
-49.7579
-184.902
-85.8725
-193.556
-113.736
-202.128
-145.88
-93.458
-179.053
-118.927
-209.356
-149.195
-246.228
-188.299
-307.228
-260.207
-344.109
-314.412
-395.776
-381.201
-491.346
-500.257
-516.154
-808.9
-893.682
-1063.91
-1361.25
-1905.93
-3013.67
-73.8977
-64.6421
-105.585
-93.2295
-111.566
-94.6873
-99.6739
-76.3206
-53.4864
-56.441
-41.9478
-48.3198
-35.9039
-45.0479
-35.7821
-53.0703
-44.4546
-52.5786
-42.017
-45.8659
-34.6643
-34.796
-20.0809
-5.45889
-5.33554
5.28986
2.45706
12.0453
5.37872
12.4384
-3.5676
2.87374
-7.46849
0.924659
-6.06917
3.68667
0.602522
15.5673
30.7875
28.0255
38.9102
31.0812
40.5332
25.3162
30.7447
0.0184703
4.5465
-17.3411
-9.7918
-26.9105
-17.594
-29.1618
-12.2282
4.63146
-7.73169
1.05467
-19.6247
-13.8014
-43.306
-42.796
-88.0449
-88.3486
-118.157
-114.964
-137.099
-133.169
-149.054
-140.523
-133.114
-150.798
-152.519
-176.125
-181.953
-210.57
-221.665
-258.471
-273.611
-306.08
-325.665
-363.071
-393.218
-445.831
-490.361
-552.875
-673.305
-770.803
-881.007
-1005.24
-1095.27
-933.459
-41.4299
-54.7915
-70.8923
-76.0356
-81.3042
-78.5773
-75.5829
-66.0513
-56.0605
-51.1727
-45.4425
-43.5229
-40.0763
-40.3999
-39.3084
-42.2308
-41.2296
-41.4245
-38.2218
-36.0223
-30.9638
-26.3643
-18.6861
-11.0201
-6.40317
-1.4343
0.882859
3.90781
3.77077
4.27297
0.962774
0.743792
-1.04312
0.369005
0.57929
3.93548
6.81352
13.4507
20.1018
22.9306
26.1115
25.4527
25.5088
20.5602
16.3571
6.05855
0.536935
-7.53433
-10.6893
-15.9385
-16.392
-17.8701
-13.6104
-9.617
-11.9914
-13.9768
-21.9573
-28.5547
-41.9291
-53.4875
-72.2704
-84.4509
-98.9336
-107.579
-118.177
-124.064
-131.135
-133.547
-136.635
-145.526
-154.594
-168.491
-181.893
-200.141
-218.003
-240.908
-262.056
-286.6
-311.251
-340.812
-372.878
-411.948
-454.561
-506.189
-570.721
-629.617
-677.888
-698.482
-647.25
-439.528
-27.606
-40.996
-51.9778
-58.6602
-62.5552
-62.8517
-60.9049
-56.4426
-51.2862
-47.1175
-43.4501
-40.925
-38.8198
-37.7902
-37.055
-37.0419
-36.2827
-35.1632
-32.9826
-30.2963
-26.6028
-22.3667
-17.2746
-12.1916
-7.9787
-4.34122
-1.71181
0.322283
1.24098
1.59597
1.04047
0.870304
0.774288
1.54263
2.69628
4.87135
7.60988
11.3123
14.9184
17.3271
18.8399
18.793
17.6889
14.7289
10.7449
5.21802
0.197062
-4.80884
-8.5727
-11.8739
-13.7163
-14.8427
-14.6108
-14.6978
-16.813
-20.3771
-26.2836
-33.5509
-43.1689
-53.777
-66.0047
-77.2393
-88.1168
-97.383
-106.037
-113.257
-119.925
-125.599
-131.799
-140.002
-149.713
-161.568
-174.856
-190.266
-207.077
-225.877
-245.607
-266.966
-289.764
-314.941
-342.453
-372.957
-405.775
-440.917
-476.244
-503.724
-514.612
-495.138
-424.562
-282.339
-19.9704
-30.6651
-39.2512
-45.2953
-48.9843
-50.3532
-49.8456
-47.8299
-45.0863
-42.337
-39.8097
-37.7192
-36.0115
-34.7531
-33.7589
-32.9242
-31.8514
-30.4269
-28.4685
-26.0174
-23.0204
-19.5989
-15.8472
-12.1075
-8.72282
-5.79383
-3.44654
-1.65442
-0.474396
0.232765
0.565994
0.89275
1.34976
2.16415
3.34514
4.99857
7.02089
9.31539
11.4617
13.0162
13.817
13.6582
12.5444
10.3746
7.35747
3.65177
-0.161595
-3.86892
-7.11935
-9.90683
-12.0683
-13.7683
-15.1489
-16.8547
-19.545
-23.4011
-28.6468
-35.1584
-42.9788
-51.7306
-61.1645
-70.5373
-79.6155
-88.0633
-95.9596
-103.237
-110.144
-116.886
-124.073
-132.302
-141.74
-152.577
-164.756
-178.367
-193.279
-209.498
-226.803
-245.254
-264.844
-285.699
-307.71
-330.624
-353.633
-375.371
-393.057
-401.713
-395.047
-365.373
-305.04
-211.76
-15.1273
-23.3691
-30.1831
-35.32
-38.7526
-40.5548
-40.9564
-40.2637
-38.8927
-37.2355
-35.5386
-33.9606
-32.5546
-31.3343
-30.2316
-29.1477
-27.9255
-26.4579
-24.6626
-22.5235
-20.0481
-17.3053
-14.4016
-11.5112
-8.80971
-6.40785
-4.38089
-2.74882
-1.50797
-0.591124
0.101692
0.728472
1.41142
2.25858
3.31445
4.59534
6.04069
7.53253
8.85808
9.79118
10.1765
9.89946
8.92096
7.24123
4.96226
2.24133
-0.672163
-3.5861
-6.33183
-8.84034
-11.0842
-13.1526
-15.218
-17.5928
-20.597
-24.4229
-29.186
-34.8797
-41.4461
-48.7002
-56.4109
-64.2575
-72.0202
-79.5355
-86.771
-93.7474
-100.599
-107.528
-114.845
-122.856
-131.75
-141.649
-152.591
-164.589
-177.597
-191.552
-206.345
-221.897
-238.096
-254.789
-271.658
-288.151
-303.313
-315.65
-322.867
-321.761
-308.608
-279.754
-232.958
-169.806
-11.7946
-18.1314
-23.5323
-27.8014
-30.871
-32.7757
-33.6452
-33.6767
-33.1138
-32.1934
-31.0992
-29.957
-28.8334
-27.7491
-26.6804
-25.5738
-24.356
-22.9642
-21.3553
-19.517
-17.4647
-15.2468
-12.9403
-10.6468
-8.46889
-6.48595
-4.75061
-3.28395
-2.07912
-1.09661
-0.271772
0.479017
1.23228
2.04809
2.95533
3.95079
4.98902
5.98454
6.81487
7.35023
7.48501
7.14589
6.30238
4.96575
3.19843
1.10312
-1.18718
-3.55062
-5.891
-8.16011
-10.3578
-12.5466
-14.8467
-17.4298
-20.4713
-24.1003
-28.3907
-33.3497
-38.9287
-45.0176
-51.4668
-58.1038
-64.7861
-71.416
-77.9603
-84.4424
-90.9486
-97.6158
-104.622
-112.144
-120.316
-129.224
-138.907
-149.364
-160.554
-172.402
-184.8
-197.609
-210.642
-223.627
-236.151
-247.597
-257.065
-263.303
-264.659
-259.155
-244.775
-219.967
-184.424
-140.01
-9.35345
-14.2406
-18.51
-22.0086
-24.6656
-26.4859
-27.5392
-27.9443
-27.8482
-27.4001
-26.7275
-25.9255
-25.054
-24.1401
-23.1824
-22.1587
-21.0357
-19.7821
-18.3772
-16.8176
-15.1184
-13.3149
-11.4592
-9.61496
-7.84631
-6.20657
-4.73252
-3.44113
-2.32927
-1.3742
-0.537772
0.226816
0.963907
1.70677
2.46997
3.24546
3.99965
4.67522
5.19721
5.4869
5.47669
5.11939
4.39465
3.31123
1.90767
0.246504
-1.59607
-3.54747
-5.55191
-7.58183
-9.64319
-11.7792
-14.0667
-16.6058
-19.4983
-22.8244
-26.6311
-30.9255
-35.6757
-40.8146
-46.2506
-51.8834
-57.6257
-63.4177
-69.237
-75.1006
-81.0636
-87.2128
-93.6545
-100.494
-107.818
-115.682
-124.107
-133.081
-142.559
-152.457
-162.657
-172.996
-183.253
-193.124
-202.191
-209.888
-215.465
-217.982
-216.328
-209.328
-195.953
-175.636
-148.659
-116.484
-7.46515
-11.2363
-14.5949
-17.4244
-19.6621
-21.297
-22.3634
-22.9299
-23.0861
-22.9268
-22.5384
-21.9906
-21.3322
-20.5908
-19.776
-18.883
-17.8999
-16.8142
-15.6186
-14.3155
-12.919
-11.4546
-9.95804
-8.47085
-7.03463
-5.68512
-4.44796
-3.3363
-2.35017
-1.47746
-0.696831
0.0177082
0.690713
1.33969
1.97045
2.57431
3.12705
3.59061
3.91767
4.05904
3.97181
3.62567
3.00716
2.12145
0.991666
-0.345042
-1.84437
-3.46401
-5.17212
-6.95421
-8.81699
-10.7895
-12.92
-15.2687
-17.8962
-20.8518
-24.1647
-27.84
-31.8583
-36.1786
-40.7458
-45.4999
-50.3882
-55.3744
-60.4445
-65.6097
-70.9045
-76.3825
-82.1072
-88.1417
-94.5368
-101.323
-108.507
-116.067
-123.95
-132.071
-140.307
-148.494
-156.411
-163.77
-170.198
-175.221
-178.265
-178.66
-175.688
-168.675
-157.121
-140.889
-120.378
-96.6313
-5.93117
-8.82463
-11.44
-13.6906
-15.5246
-16.9249
-17.9055
-18.5047
-18.7765
-18.7813
-18.577
-18.2132
-17.7278
-17.1456
-16.48
-15.7353
-14.9102
-14.0027
-13.0129
-11.9464
-10.8154
-9.63891
-8.4417
-7.25161
-6.09638
-5.00018
-3.98101
-3.04901
-2.20604
-1.44646
-0.759034
-0.129911
0.453789
1.00049
1.51134
1.97843
2.3845
2.70422
2.90715
2.96202
2.84144
2.52585
2.00615
1.28487
0.375402
-0.700623
-1.9176
-3.25129
-4.68395
-6.2085
-7.83087
-9.5703
-11.4571
-13.528
-15.8198
-18.3624
-21.1741
-24.2583
-27.6034
-31.1847
-34.969
-38.9204
-43.0072
-47.2072
-51.5122
-55.9289
-60.4786
-65.1933
-70.1105
-75.2662
-80.688
-86.3891
-92.3636
-98.5832
-104.994
-111.513
-118.025
-124.376
-130.368
-135.752
-140.219
-143.401
-144.873
-144.178
-140.866
-134.555
-125.024
-112.302
-96.7543
-79.1076
-4.62868
-6.81332
-8.81049
-10.5568
-12.0116
-13.157
-13.9966
-14.5507
-14.8515
-14.9369
-14.8452
-14.6111
-14.2627
-13.8206
-13.2982
-12.7032
-12.0395
-11.3098
-10.5179
-9.67038
-8.77749
-7.85342
-6.91545
-5.98256
-5.07349
-4.20475
-3.38898
-2.63395
-1.94231
-1.31204
-0.737782
-0.212643
0.269601
0.712386
1.11465
1.46982
1.7657
1.98539
2.10916
2.11697
1.99124
1.71924
1.29475
0.718618
-0.00170201
-0.853904
-1.82344
-2.89671
-4.06412
-5.32258
-6.67684
-8.13955
-9.72972
-11.4699
-13.3826
-15.4861
-17.7916
-20.3014
-23.0088
-25.8989
-28.9519
-32.1464
-35.4632
-38.889
-42.4189
-46.0568
-49.8152
-53.7125
-57.7701
-62.0073
-66.4368
-71.0607
-75.8665
-80.8237
-85.8814
-90.9648
-95.9726
-100.773
-105.201
-109.053
-112.091
-114.039
-114.598
-113.464
-110.358
-105.072
-97.5184
-87.7814
-76.1523
-63.1307
-3.47808
-5.0728
-6.54301
-7.84385
-8.94488
-9.8307
-10.4999
-10.9627
-11.2378
-11.3485
-11.3197
-11.1747
-10.9337
-10.6125
-10.2224
-9.77149
-9.26518
-8.70794
-8.10455
-7.4612
-6.78609
-6.08953
-5.38351
-4.6809
-3.99427
-3.33479
-2.71126
-2.12946
-1.59205
-1.09886
-0.647709
-0.235542
0.140268
0.480638
0.78376
1.04453
1.25452
1.40259
1.47603
1.46206
1.34947
1.13003
0.799458
0.357753
-0.191158
-0.840491
-1.5822
-2.40887
-3.31551
-4.30103
-5.369
-6.52759
-7.78864
-9.16595
-10.6731
-12.3212
-14.1172
-16.0625
-18.1533
-20.3809
-22.7335
-25.1984
-27.7644
-30.4234
-33.1724
-36.0135
-38.9536
-42.0032
-45.1733
-48.4733
-51.9076
-55.4724
-59.1531
-62.9214
-66.7336
-70.5274
-74.2207
-77.7087
-80.8627
-83.5296
-85.5331
-86.6786
-86.7629
-85.5893
-82.9902
-78.8544
-73.157
-65.9857
-57.5555
-48.2033
-2.42563
-3.51228
-4.5201
-5.41928
-6.18881
-6.81704
-7.30114
-7.64584
-7.86147
-7.96186
-7.96229
-7.87766
-7.72131
-7.50429
-7.2352
-6.92053
-6.56523
-6.17357
-5.7498
-5.29886
-4.82671
-4.3404
-3.84786
-3.35742
-2.87717
-2.41434
-1.97473
-1.56236
-1.17943
-0.826478
-0.502866
-0.207471
0.060567
0.301107
0.512425
0.690898
0.831019
0.925762
0.967251
0.947638
0.860029
0.699294
0.462617
0.149673
-0.237609
-0.695669
-1.22025
-1.80749
-2.45494
-3.16239
-3.93231
-4.76976
-5.68182
-6.67666
-7.76224
-8.94512
-10.2293
-11.6159
-13.1026
-14.6845
-16.3549
-18.1067
-19.9331
-21.8298
-23.7947
-25.829
-27.9362
-30.1216
-32.3908
-34.7475
-37.1919
-39.7187
-42.3147
-44.9574
-47.6133
-50.2361
-52.7656
-55.1263
-57.2273
-58.9622
-60.2117
-60.8474
-60.7395
-59.7678
-57.8354
-54.8854
-50.918
-46.0031
-40.2862
-33.9837
-1.43386
-2.06584
-2.65422
-3.18196
-3.63678
-4.01147
-4.30373
-4.51544
-4.65173
-4.71985
-4.72803
-4.68453
-4.59697
-4.47183
-4.31439
-4.12881
-3.91845
-3.68622
-3.43499
-3.1679
-2.88857
-2.60113
-2.3101
-2.02019
-1.73593
-1.46141
-1.19993
-0.953877
-0.724671
-0.512871
-0.318436
-0.141068
0.0193889
0.162568
0.287285
0.391382
0.471742
0.524481
0.545306
0.529961
0.474703
0.376718
0.234397
0.0474223
-0.183363
-0.456286
-0.769321
-1.12065
-1.50921
-1.93507
-2.39965
-2.90573
-3.45707
-4.05796
-4.71258
-5.42435
-6.19542
-7.02632
-7.91597
-8.86187
-9.86061
-10.9085
-12.0021
-13.1391
-14.3185
-15.5406
-16.8072
-18.1207
-19.4833
-20.8964
-22.3588
-23.8663
-25.41
-26.9755
-28.5417
-30.0802
-31.5544
-32.9189
-34.1198
-35.0947
-35.7749
-36.0876
-35.9611
-35.3306
-34.1463
-32.3821
-30.0439
-27.1753
-23.8605
-20.2202
-3226.02
-3351.11
-3475.21
-3598.04
-3719.34
-3838.91
-3956.57
-4072.18
-4185.64
-4296.9
-4405.91
-4512.68
-4617.22
-4719.57
-4819.79
-4917.96
-5014.15
-5108.47
-5201.01
-5291.91
-5381.27
-5469.23
-5555.92
-5641.47
-5726.02
-5809.7
-5892.64
-5974.95
-6056.75
-6138.15
-6219.24
-6300.11
-6380.84
-6461.51
-6542.17
-6622.9
-6703.73
-6784.71
-6865.85
-6947.17
-7028.66
-7110.29
-7192.01
-7273.77
-7355.47
-7437.01
-7518.25
-7599.05
-7679.26
-7758.68
-7837.12
-7914.36
-7990.18
-8064.31
-8136.48
-8206.38
-8273.68
-8338.03
-8399.03
-8456.29
-8509.35
-8557.76
-8601.03
-8638.65
-8670.1
-8694.83
-8712.27
-8721.84
-8722.92
-8714.9
-8697.12
-8668.89
-8629.52
-8578.29
-8514.48
-8437.36
-8346.21
-8240.35
-8119.14
-7982.02
-7828.53
-7658.36
-7471.34
-7267.55
-7047.25
-6811.01
-6559.64
-6294.23
-6016.13
-5726.88
2225.18
1194.49
759.384
535.204
401.402
312.587
248.805
200.139
161.156
128.639
100.555
75.5375
52.6168
31.059
10.2701
456.291
613.575
531.566
430.029
345.801
279.956
228.124
186.295
151.543
121.825
95.7042
72.146
50.3742
29.7794
9.85402
46.2061
271.947
323.267
307.539
271.814
233.307
197.435
165.371
136.894
111.41
88.2897
66.9668
46.954
27.8299
9.22046
-59.7297
104.736
182.01
205.04
200.604
184.022
162.937
140.856
119.25
98.6305
79.0763
60.4767
42.6444
25.3653
8.41825
-87.2852
24.7158
94.9933
130.006
141.537
139.236
129.431
115.865
100.617
84.7842
68.9072
53.2182
37.781
22.5683
7.50538
-91.0494
-13.5813
43.2409
78.4505
96.3014
101.952
99.6849
92.554
82.5675
70.9809
58.549
45.7072
32.6924
19.6212
6.54024
-86.3634
-31.2316
13.1009
44.2535
63.2648
72.584
74.8009
72.0971
66.1167
58.0218
48.5999
38.3684
27.6596
16.6836
5.57454
-78.2831
-38.0815
-3.85907
22.197
39.9195
50.317
54.8365
54.9154
51.7792
46.3888
39.4595
31.5064
22.8937
13.8788
4.64874
-68.7293
-38.9514
-12.6527
8.47359
23.8981
33.927
39.3116
40.9476
39.6949
36.2939
31.3422
25.3033
18.5295
11.2887
3.7903
-58.5142
-36.3416
-16.2742
0.451473
13.2716
22.1805
27.5345
29.8677
29.7582
27.7491
24.3115
19.8346
14.6321
8.95615
3.01396
-48.0054
-31.6265
-16.5541
-3.66536
6.556
13.9884
18.7778
21.2299
21.7205
20.6324
18.3197
15.0912
11.2081
6.88972
2.32338
-37.3751
-25.605
-14.6505
-5.11515
2.62888
8.43893
12.3577
14.5532
15.261
14.74
13.2434
11.002
8.21911
5.07113
1.7132
-26.7023
-18.7681
-11.328
-4.77385
0.635467
4.78035
7.66078
9.36387
10.0298
9.82307
8.91158
7.45423
5.59506
3.46239
1.17139
-16.0203
-11.4371
-7.11943
-3.28777
-0.0935926
2.38613
4.14103
5.21157
5.67128
5.61075
5.1255
4.30818
3.24446
2.01198
0.681371
-5398.32
-5029.12
-4652.25
-4270.62
-3886.79
-3502.92
-3120.67
-2741.2
-2365.23
-1993.07
-1624.66
-1259.68
-897.583
-537.652
-179.066
)
;

boundaryField
{
    hot
    {
        type            calculated;
        value           nonuniform List<scalar> 
120
(
1046.75
-0.439478
-0.742039
-1.05818
-1.3916
-1.74421
-2.11539
-2.50128
-2.89415
-3.28214
-3.64938
-3.9769
-4.2445
-4.43332
-4.52886
-4.53195
-4.45797
-4.31915
-4.12393
-3.88326
-3.60942
-3.31483
-3.01103
-2.70802
-2.4139
-2.13473
-1.87465
-1.63616
-1.42034
-1.22723
-1.05607
-0.905607
-0.774235
-0.660198
-0.561699
-0.476974
-0.404355
-0.342294
-0.289389
-0.244381
-0.206153
-0.173727
-0.146248
-0.122976
-0.103269
-0.0865788
-0.0724316
-0.0604227
-0.0502048
-0.0414802
-0.0339928
-0.0275217
-0.0218751
-0.0168847
-0.0124014
-0.00829084
-0.00442961
-0.000701523
0.00300569
0.00680372
0.010807
0.0151359
0.0199207
0.0253047
0.0314492
0.0385375
0.0467802
0.0564214
0.0677449
0.0810825
0.0968217
0.115416
0.137397
0.163385
0.194102
0.230389
0.273218
0.323711
0.383151
0.452997
0.534889
0.630654
0.74229
0.871947
1.02187
1.19434
1.39152
1.61533
1.8672
2.14782
2.45676
2.79209
3.14999
3.52439
3.90663
4.28545
4.64712
4.97615
5.25622
5.47166
5.6091
5.65916
5.61767
5.48641
5.27285
4.95392
4.53741
4.07397
3.59127
3.11266
2.65568
2.23183
1.84722
1.50354
1.19917
0.930258
0.69146
0.47659
0.279004
-1067.94
)
;
    }
    cold
    {
        type            calculated;
        value           nonuniform List<scalar> 
120
(
19.6015
-0.196603
-0.325755
-0.451865
-0.57339
-0.688505
-0.795075
-0.890686
-0.972734
-1.0386
-1.08589
-1.11274
-1.11809
-1.10201
-1.06579
-1.01763
-0.962635
-0.899854
-0.831735
-0.760681
-0.688896
-0.61828
-0.550363
-0.486291
-0.426839
-0.372454
-0.323311
-0.279372
-0.24044
-0.206212
-0.176319
-0.150361
-0.127927
-0.108618
-0.0920561
-0.0778895
-0.0657993
-0.0554992
-0.046735
-0.0392826
-0.0329462
-0.0275552
-0.0229615
-0.019037
-0.0156705
-0.0127654
-0.0102378
-0.00801372
-0.00602781
-0.00422125
-0.00254029
-0.000934674
0.000643772
0.00224253
0.00390981
0.00569592
0.00765484
0.00984578
0.0123349
0.0151975
0.01852
0.0224026
0.0269624
0.0323366
0.0386867
0.0462034
0.0551117
0.0656778
0.0782162
0.0930991
0.110766
0.131738
0.156626
0.186154
0.221172
0.262677
0.31184
0.370026
0.438823
0.520071
0.615893
0.728715
0.861296
1.01674
1.19848
1.4103
1.65624
1.9405
2.26733
2.64074
3.06424
3.54037
4.07016
4.65249
5.28331
5.95488
6.65507
7.36676
8.0678
8.73138
9.32729
9.82391
10.1911
10.4034
10.4433
10.2701
9.85402
9.22046
8.41825
7.50538
6.54024
5.57454
4.64874
3.7903
3.01396
2.32338
1.7132
1.17139
0.681371
-179.066
)
;
    }
    interface_left
    {
        type            calculated;
        value           nonuniform List<scalar> 
90
(
-855.658
-289.719
-115.953
-55.4982
-31.0309
-19.4665
-13.2096
-9.45131
-7.01493
-5.34575
-4.15447
-3.27747
-2.61603
-2.10752
-1.71051
-1.39665
-1.14596
-0.944034
-0.780245
-0.646616
-0.537065
-0.44689
-0.372409
-0.310713
-0.259481
-0.216848
-0.181302
-0.151613
-0.126776
-0.105961
-0.0884851
-0.0737817
-0.0613787
-0.0508815
-0.0419588
-0.0343309
-0.0277599
-0.0220419
-0.0170002
-0.0124795
-0.00834087
-0.00445759
-0.000710818
0.00301397
0.00683056
0.0108556
0.0152121
0.0200337
0.025468
0.0316825
0.0388687
0.0472491
0.0570843
0.0686814
0.082405
0.098689
0.118053
0.14112
0.16864
0.201521
0.240863
0.288007
0.344594
0.412639
0.494641
0.593711
0.713756
0.85973
1.03798
1.25674
1.52682
1.86272
2.28412
2.81845
3.5048
4.40059
5.59312
7.22077
9.51452
12.8859
18.1309
26.9537
43.4614
78.8565
167.427
424.617
1268.29
1260.59
392.012
63.5928
)
;
    }
    interface_right
    {
        type            calculated;
        value           nonuniform List<scalar> 
90
(
-59.9971
-22.4972
-10.2318
-5.56475
-3.46221
-2.35556
-1.69749
-1.2705
-0.976099
-0.764178
-0.606746
-0.486975
-0.394159
-0.321174
-0.26311
-0.216476
-0.178731
-0.147985
-0.122807
-0.102097
-0.0849969
-0.0708313
-0.0590624
-0.0492583
-0.0410696
-0.0342119
-0.0284516
-0.0235965
-0.0194867
-0.0159889
-0.0129909
-0.0103973
-0.0081265
-0.00610738
-0.00427716
-0.00257925
-0.000961365
0.000626149
0.00223186
0.00390481
0.00569599
0.00766
0.00985664
0.0123528
0.0152246
0.0185594
0.0224592
0.0270429
0.0324506
0.0388481
0.0464315
0.0554338
0.0661326
0.0788584
0.0940058
0.112046
0.133545
0.159177
0.189756
0.226256
0.269856
0.321975
0.384334
0.459023
0.548593
0.656165
0.785584
0.94161
1.13018
1.35875
1.6368
1.97645
2.39347
2.90859
3.54954
4.35416
5.37508
6.68747
8.40182
10.6862
13.8072
18.21
24.6878
34.7738
51.7473
83.4969
151.498
321.349
813.541
2425.09
)
;
    }
    interface_top
    {
        type            calculated;
        value           nonuniform List<scalar> 
90
(
-276.963
62.3472
-305.214
-31.7457
-254.22
-56.528
-213.891
-90.1291
21.6103
-113.763
21.2353
-108.4
30.2861
-103.932
43.5199
-141.528
-2.05106
-121.199
-7.08596
-102.396
-8.10814
-88.4379
-21.9098
42.9009
-33.5084
52.697
-30.2459
69.3207
-31.0757
88.8537
-73.0463
53.2852
-69.2078
45.0936
-62.5228
39.7213
-58.5251
18.0387
96.452
-3.04995
109.95
-9.3632
131.387
-26.0923
152.863
-107.509
84.8509
-113.949
60.9687
-116.788
39.7272
-124.831
-10.022
106.598
-61.4217
105.231
-90.9977
106.314
-130.176
100.688
-237.03
-10.9818
-238.673
-54.6828
-237.887
-90.8135
-243.482
-148.029
-58.7593
-204.218
-88.8953
-237.922
-118.961
-275.907
-155.845
-345.695
-242.784
-371.94
-298.393
-418.099
-362.518
-521.179
-497.031
-464.152
-891.531
-944.195
-1137.41
-1535.01
-2415.49
-4711.62
)
;
    }
    interface_bottom
    {
        type            calculated;
        value           nonuniform List<scalar> 
90
(
1224.58
468.022
432.506
178.936
288.051
125.873
232.51
130.072
36.3431
145.505
33.2175
143.692
30.0591
145.104
29.784
178.607
79.89
159.223
93.8094
136.376
97.6074
115.623
98.0319
88.0907
93.1049
93.4632
82.2926
97.3723
68.4752
99.4983
44.6135
85.4664
36.6295
80.8375
29.7002
76.308
20.0687
59.1797
102.637
37.7054
105.573
23.7992
108.909
6.92679
108.811
-30.6149
72.6136
-24.214
68.8388
-21.0983
66.1437
-25.9563
42.5305
115.35
12.4461
120.096
-4.27898
125.403
-24.9557
125.682
-75.2763
74.304
-62.5627
70.1217
-55.9709
66.8423
-61.1666
34.3256
135.283
-6.8102
141.967
-29.5066
150.85
-59.164
154.965
-140.931
77.3018
-135.904
62.1215
-142.612
43.4674
-175.456
-33.0546
118.338
-188.602
-18.0507
193.932
-438.931
-266.094
-219.867
)
;
    }
    defaultFaces
    {
        type            empty;
    }
}


// ************************************************************************* //
