/*--------------------------------*- C++ -*----------------------------------*\
| =========                 |                                                 |
| \\      /  F ield         | OpenFOAM: The Open Source CFD Toolbox           |
|  \\    /   O peration     | Version:  5.x                                   |
|   \\  /    A nd           | Web:      www.OpenFOAM.org                      |
|    \\/     M anipulation  |                                                 |
\*---------------------------------------------------------------------------*/
FoamFile
{
    version     2.0;
    format      ascii;
    class       volScalarField;
    location    "8.2";
    object      gradTy;
}
// * * * * * * * * * * * * * * * * * * * * * * * * * * * * * * * * * * * * * //

dimensions      [0 -1 0 1 0 0 0];

internalField   nonuniform List<scalar> 
6300
(
1035.11
1105.58
1176.8
1249.28
1323.47
1399.8
1478.65
1560.31
1645
1732.83
1823.77
1917.65
2014.14
2112.76
2212.9
-0.381874
-1.13856
-1.87345
-2.57009
-3.20935
-3.76873
-4.22221
-4.54087
-4.69453
-4.65468
-4.39858
-3.91435
-3.20594
-2.29659
-1.22919
-0.644321
-1.92184
-3.16496
-4.34733
-5.43778
-6.39897
-7.18685
-7.75137
-8.03903
-7.99769
-7.58392
-6.77241
-5.5659
-4.00278
-2.15888
-0.917893
-2.73953
-4.51718
-6.21643
-7.79538
-9.20241
-10.3747
-11.2386
-11.7124
-11.713
-11.1668
-10.0253
-8.28232
-5.98959
-3.26261
-1.20559
-3.60116
-5.94779
-8.20576
-10.3249
-12.2405
-13.8709
-15.1158
-15.8589
-15.9749
-15.345
-13.8796
-11.5484
-8.41062
-4.63114
-1.50887
-4.51168
-7.46695
-10.3339
-13.0576
-15.5637
-17.7524
-19.4947
-20.6321
-20.9825
-20.3584
-18.5992
-15.6209
-11.4731
-6.38183
-1.82709
-5.4697
-9.07442
-12.605
-16.0079
-19.2041
-22.08
-24.4783
-26.1919
-26.9645
-26.5067
-24.5379
-20.8626
-15.4788
-8.68074
-2.15683
-6.46555
-10.7559
-15.0036
-19.1647
-23.1647
-26.8848
-30.1463
-32.6924
-34.1765
-34.1657
-32.1825
-27.8126
-20.8985
-11.7821
-2.49149
-7.47964
-12.4799
-17.4887
-22.4824
-27.4046
-32.1481
-36.5291
-40.2544
-42.8829
-43.7968
-42.2135
-37.3063
-28.5205
-16.1151
-2.82096
-8.48149
-14.1953
-19.9887
-25.8712
-31.823
-37.7734
-43.5673
-48.9126
-53.3035
-55.9244
-55.5679
-50.6785
-39.7619
-22.4928
-3.13179
-9.42996
-15.8309
-22.3992
-29.1905
-36.2424
-43.5546
-51.0535
-58.5245
-65.4935
-71.0286
-73.4548
-70.0777
-57.3555
-32.7004
-3.40798
-10.2755
-17.2991
-24.5863
-32.2489
-40.4008
-49.1487
-58.5669
-68.6378
-79.1167
-89.241
-97.1442
-98.8213
-86.8818
-51.447
-3.63254
-10.965
-18.5034
-26.3976
-34.8176
-43.9629
-54.0717
-65.4268
-78.3422
-93.0936
-109.673
-127.059
-141.18
-139.902
-93.9803
-3.78968
-11.4485
-19.3516
-27.6827
-36.6606
-46.5608
-57.7479
-70.7253
-86.2098
-105.241
-129.299
-160.235
-198.938
-237.564
-220.11
-3.86732
-11.6875
-19.7715
-28.3208
-37.5809
-47.871
-59.6332
-73.5158
-90.5297
-112.36
-142.046
-185.64
-256.771
-391.303
-702.679
2305.44
2389.62
2473.38
2556.28
2637.85
2717.71
2795.49
2870.87
2943.58
3013.4
3080.15
3143.69
3203.9
3260.7
3314.02
3363.82
3410.06
3452.74
3491.84
3527.37
3559.35
3587.81
3612.77
3634.28
3652.39
3667.14
3678.61
3686.84
3691.9
3693.87
3692.81
3688.78
3681.86
3672.12
3659.62
3644.43
3626.61
3606.24
3583.37
3558.07
3530.41
3500.45
3468.26
3433.9
3397.44
3358.94
3318.46
3276.06
3231.8
3185.73
3137.89
3088.35
3037.14
2984.3
2929.89
2873.95
2816.53
2757.69
2697.47
2635.95
2573.17
2509.2
2444.11
2377.95
2310.8
2242.73
2173.8
2104.1
2033.71
1962.72
1891.24
1819.39
1747.28
1675.08
1602.94
1531.02
1459.51
1388.58
1318.44
1249.25
1181.23
1114.53
1049.35
985.843
924.153
864.414
806.732
751.192
697.852
646.739
-0.159667
0.839178
1.82649
2.76844
3.63827
4.41772
5.09721
5.67483
6.15475
6.54524
6.85681
7.10064
7.28735
7.42631
7.52523
7.59014
7.62562
7.63503
7.62094
7.58542
7.5303
7.45736
7.3684
7.26533
7.15009
7.02466
6.891
6.75103
6.60657
6.45932
6.31079
6.16224
6.01466
5.86868
5.72456
5.58221
5.44125
5.30111
5.16117
5.02097
4.88033
4.73946
4.59903
4.4601
4.32401
4.19219
4.0659
3.94602
3.83282
3.7259
3.62411
3.52569
3.42847
3.33013
3.22852
3.12197
3.00945
2.89069
2.7661
2.63654
2.50309
2.36659
2.22733
2.08473
1.93718
1.78198
1.61554
1.43366
1.23202
1.00666
0.754482
0.473716
0.164141
-0.172793
-0.534052
-0.915247
-1.31096
-1.71509
-2.12117
-2.5226
-2.91274
-3.28491
-3.6323
-3.94795
-4.22478
-4.45574
-4.63433
-4.75511
-4.81444
-4.81102
-0.308865
1.41642
3.11578
4.7284
6.20727
7.52174
8.65732
9.61348
10.4002
11.0343
11.5358
11.9252
12.2214
12.4406
12.5958
12.6967
12.7503
12.7619
12.7351
12.6729
12.5782
12.4537
12.3025
12.1276
11.9323
11.7201
11.4943
11.2581
11.0146
10.7668
10.5172
10.2681
10.0211
9.77739
9.53734
9.30071
9.06668
8.83406
8.60158
8.36821
8.13346
7.89762
7.66188
7.42821
7.19915
6.97745
6.76559
6.56533
6.37735
6.20096
6.03413
5.87357
5.71523
5.55474
5.38809
5.21214
5.02507
4.82652
4.61748
4.39991
4.17616
3.94822
3.71707
3.48202
3.24041
2.9875
2.71678
2.42056
2.09081
1.72012
1.30268
0.835099
0.316847
-0.249528
-0.858606
-1.50256
-2.17179
-2.85564
-3.54298
-4.22264
-4.88355
-5.51467
-6.10478
-6.64219
-7.11475
-7.51006
-7.81632
-8.02341
-8.12436
-8.11648
-0.520212
2.03148
4.53056
6.88156
9.01365
10.8841
12.4766
13.7969
14.8663
15.7151
16.377
16.8847
17.2672
17.5482
17.7455
17.8721
17.9367
17.945
17.9012
17.8084
17.6701
17.4898
17.2716
17.0201
16.7401
16.4363
16.1137
15.7768
15.4301
15.078
14.7241
14.372
14.024
13.682
13.3463
13.0166
12.6912
12.368
12.0444
11.7186
11.3893
11.0568
10.7229
10.3908
10.0648
9.74963
9.44964
9.16804
8.90623
8.66333
8.43612
8.21929
8.00608
7.78923
7.56202
7.31928
7.05816
6.77837
6.48204
6.17307
5.85611
5.53535
5.21326
4.88958
4.56069
4.21942
3.85549
3.45649
3.00926
2.50158
1.92378
1.2701
0.53949
-0.26415
-1.13234
-2.05288
-3.011
-3.99061
-4.97533
-5.94918
-6.89677
-7.80305
-8.65268
-9.4294
-10.1155
-10.6923
-11.1407
-11.4442
-11.5907
-11.575
-0.816026
2.72225
6.15849
9.34987
12.1968
14.6465
16.6878
18.3418
19.6503
20.6653
21.4404
22.0248
22.4596
22.7763
22.9973
23.1371
23.2043
23.2036
23.1379
23.0098
22.8226
22.5806
22.2891
21.9542
21.5823
21.1801
20.7539
20.3098
19.8539
19.3919
18.9291
18.4701
18.0189
17.5777
17.1473
16.7266
16.3131
15.9027
15.491
15.0743
14.6501
14.2184
13.7817
13.345
12.9153
12.5004
12.1076
11.7427
11.4083
11.1035
10.8236
10.5602
10.3026
10.039
9.75866
9.45328
9.11851
8.75441
8.36518
7.9581
7.54191
7.12474
6.71207
6.305
5.89915
5.4843
5.04504
4.56219
4.01509
3.38433
2.65447
1.8162
0.867615
-0.185499
-1.33037
-2.54876
-3.81895
-5.1179
-6.42302
-7.71322
-8.96918
-10.1727
-11.3053
-12.3468
-13.2736
-14.0588
-14.6737
-15.0909
-15.29
-15.2618
-1.21228
3.56028
8.13936
12.3145
15.9524
18.9974
21.4573
23.3848
24.8575
25.9615
26.7792
27.3812
27.8226
28.1429
28.3668
28.5076
28.5706
28.5566
28.4653
28.2972
28.055
27.7437
27.3701
26.9424
26.4694
25.9595
25.4208
24.8611
24.2877
23.7081
23.1295
22.5584
22.0004
21.4589
20.9353
20.4276
19.9315
19.4403
18.9461
18.4419
17.9229
17.3883
16.8415
16.2902
15.7456
15.2202
14.7266
14.2744
13.8687
13.509
13.1882
12.8938
12.6086
12.314
11.9923
11.6305
11.222
10.7676
10.2749
9.75714
9.22998
8.7085
8.20366
7.71951
7.25135
6.78512
6.29812
5.76116
5.14212
4.4105
3.54197
2.52183
1.34694
0.0259533
-1.42189
-2.96939
-4.58483
-6.23567
-7.89155
-9.52597
-11.1165
-12.6438
-14.0886
-15.4287
-16.635
-17.6703
-18.4906
-19.0512
-19.3164
-19.2688
-1.71357
4.67687
10.7018
16.0524
20.5617
24.1902
26.993
29.0822
30.5951
31.6699
32.4286
32.9685
33.3601
33.6482
33.8559
33.9901
34.0476
34.0208
33.9032
33.6914
33.3871
32.9964
32.5289
31.996
31.4096
30.7804
30.1182
29.432
28.7306
28.0231
27.3192
26.6282
25.9582
25.3149
24.7004
24.1122
23.5433
22.9824
22.4159
21.8309
21.2185
20.576
19.9081
19.2263
18.5483
17.8947
17.2863
16.7393
16.2633
15.8586
15.5152
15.2142
14.9286
14.6281
14.284
13.8754
13.3919
12.8359
12.221
11.5699
10.9101
10.2685
9.66568
9.11123
8.60101
8.11609
7.62338
7.07856
6.43149
5.63404
4.64801
3.45055
2.03689
0.420345
-1.36964
-3.29191
-5.2994
-7.34585
-9.39062
-11.4015
-13.3547
-15.2332
-17.0222
-18.7027
-20.2424
-21.591
-22.6809
-23.4366
-23.7929
-23.7164
-2.29651
6.3195
14.2348
21.0014
26.4383
30.5711
33.555
35.6078
36.9623
37.8321
38.3914
38.7681
39.0454
39.268
39.4495
39.5819
39.6444
39.6147
39.4752
39.2174
38.8422
38.3584
37.7805
37.1255
36.41
35.6476
34.849
34.0237
33.181
32.3319
31.4891
30.6665
29.8765
29.1284
28.4265
27.7681
27.1426
26.5316
25.9113
25.2584
24.5565
23.7995
22.9935
22.156
21.3148
20.5034
19.7563
19.1011
18.5545
18.1187
17.7805
17.5114
17.2692
17.0039
16.6678
16.2269
15.6655
14.9882
14.2184
13.3944
12.5632
11.7719
11.0572
10.4385
9.91349
9.45754
9.02295
8.54252
7.93673
7.12847
6.05789
4.69001
3.01842
1.06398
-1.12738
-3.4921
-5.95824
-8.45873
-10.9387
-13.3601
-15.7005
-17.9514
-20.1123
-22.1791
-24.1249
-25.8841
-27.3521
-28.3967
-28.8924
-28.7727
-2.86936
8.97055
19.4208
27.8643
34.1917
38.605
41.456
43.1368
44.0247
44.439
44.6146
44.7083
44.8066
44.9441
45.1113
45.2716
45.3715
45.3638
45.2147
44.9099
44.451
43.8532
43.1403
42.3395
41.4753
40.564
39.6157
38.6377
37.6378
36.6288
35.6276
34.6553
33.7317
32.8729
32.0873
31.3741
30.7185
30.0917
29.4512
28.754
27.9714
27.0912
26.1219
25.0888
24.036
23.0174
22.0916
21.3043
20.684
20.2359
19.9442
19.7676
19.641
19.4793
19.2005
18.75
18.1036
17.2718
16.2916
15.2272
14.1568
13.1632
12.3086
11.6288
11.1247
10.7664
10.4868
10.1853
9.73187
8.99902
7.89432
6.36533
4.40583
2.0474
-0.636727
-3.54744
-6.5687
-9.60209
-12.5721
-15.4363
-18.1756
-20.7998
-23.3382
-25.83
-28.2764
-30.5966
-32.6328
-34.1472
-34.8778
-34.6882
-3.15241
13.6219
27.4954
37.7729
44.7006
48.8879
51.0415
51.8064
51.768
51.388
50.9544
50.6403
50.5099
50.5757
50.7817
51.0466
51.2518
51.3151
51.1767
50.8229
50.258
49.5125
48.625
47.6433
46.6068
45.5322
44.4241
43.2815
42.1067
40.9131
39.7231
38.5729
37.4924
36.5109
35.6427
34.8958
34.252
33.6706
33.0714
32.3716
31.5257
30.5102
29.341
28.049
26.7068
25.3965
24.2266
23.266
22.5645
22.1266
21.9414
21.9505
22.0623
22.1224
21.9795
21.554
20.8078
19.7682
18.4849
17.068
15.6387
14.3533
13.3073
12.5653
12.125
11.9612
11.9812
12.0459
11.9286
11.4043
10.341
8.65989
6.36709
3.49931
0.179735
-3.44402
-7.16202
-10.837
-14.3581
-17.6927
-20.8162
-23.7721
-26.6309
-29.5463
-32.6094
-35.7176
-38.6646
-41.026
-42.188
-41.864
-2.27253
22.4498
40.7477
52.504
59.1549
62.0995
62.6274
61.6338
60.0046
58.4158
57.1233
56.3096
55.932
56.0072
56.3688
56.9094
57.3385
57.5585
57.4511
57.042
56.3271
55.3786
54.2476
53.0286
51.7954
50.5512
49.2844
47.9744
46.6054
45.1946
43.764
42.3927
41.1131
39.9883
39.0261
38.2719
37.698
37.2777
36.839
36.2023
35.3268
34.1532
32.7394
31.0841
29.3342
27.576
26.0627
24.8571
24.0681
23.6559
23.6612
23.9879
24.5606
25.0599
25.1678
24.822
23.9368
22.6179
20.8726
18.929
16.9155
15.2009
13.8704
13.0694
12.7294
12.8931
13.4131
14.1706
14.7133
14.5874
13.6792
11.837
9.1581
5.60359
1.43602
-3.20308
-7.81557
-12.2916
-16.4107
-20.2516
-23.6965
-26.8826
-29.8405
-33.0486
-36.8759
-41.0691
-45.5384
-49.6306
-51.6368
-50.9867
2.83988
40.529
63.4202
74.5862
78.9445
78.7887
76.402
72.3744
68.1809
65.0149
62.6009
61.3488
60.6999
61.0245
61.6962
62.9308
63.7241
64.2713
64.1579
63.6993
62.7306
61.5055
59.9948
58.4324
56.9981
55.6007
54.2053
52.7503
51.1623
49.5031
47.7177
46.0788
44.5093
43.2299
42.1083
41.3869
40.9214
40.9099
40.8903
40.3754
39.5558
38.1407
36.484
34.2541
31.9721
29.4015
27.4544
25.8469
25.0277
24.5824
24.9169
25.6697
27.1633
28.5595
29.0081
28.8653
27.6891
26.0801
23.5446
20.8894
17.7606
15.4942
13.6696
12.9087
12.6072
13.311
14.5018
16.6033
18.4597
18.8959
18.3614
16.218
13.209
8.5898
3.37049
-3.00112
-8.66621
-14.2607
-18.8643
-23.381
-26.9494
-30.3218
-32.6898
-35.6588
-40.6155
-46.0225
-52.9546
-61.2385
-64.9102
-63.2994
24.746
79.9163
102.976
106.471
105.234
98.6895
92.5377
83.3524
74.876
70.5294
66.4039
65.5178
64.0643
65.5404
66.2116
69.586
70.4627
71.9335
71.3604
71.0895
69.5016
68.0424
65.8148
63.6501
62.1464
60.646
59.2108
57.7162
55.8206
53.9923
51.4593
49.6638
47.4865
46.2434
44.6132
44.1325
43.4899
44.5527
45.6539
44.9862
44.6411
42.4754
41.053
37.4982
35.0246
30.3282
28.356
25.7009
25.4478
24.3852
25.5694
26.2838
29.9052
33.4227
33.6992
34.3956
32.0635
30.8757
26.388
23.5306
17.3629
15.1505
11.9364
12.0854
11.0363
13.0271
14.278
19.3883
24.2503
24.6013
25.3596
21.8446
19.5781
12.4395
6.96371
-3.81695
-9.61884
-17.6568
-21.4434
-27.876
-30.4846
-35.207
-34.6736
-35.4066
-43.7061
-48.7792
-58.4238
-79.4871
-85.7895
-81.1061
122.629
165.54
170.702
145.168
139.162
118.024
113.041
93.3088
75.6235
75.7253
65.5416
70.5037
63.2096
71.2151
66.834
79.8375
76.3454
82.5388
78.1275
80.376
76.0873
75.686
71.5442
67.9162
67.29
65.5978
64.3022
63.2601
60.3824
59.4968
54.1394
53.7991
49.1193
49.8148
45.4636
47.1119
43.6035
48.1407
52.9654
49.1329
52.349
45.7403
48.6931
39.1864
41.2786
27.3327
30.2417
22.0967
27.0341
20.9532
26.8991
22.7126
32.7971
42.9536
37.7859
44.2874
34.7907
40.4235
26.8844
30.9394
11.27
16.2498
5.36087
12.9881
5.08871
13.8089
8.49719
22.5313
36.5371
29.7204
38.5115
25.6737
32.9633
13.8952
18.1965
-11.8014
-7.35072
-27.1742
-20.2111
-37.8763
-30.9751
-47.6594
-34.8326
-24.2579
-51.4415
-44.9518
-47.4486
-118.99
-122.486
-108.649
607.396
305.518
282.627
155.741
194.879
114.092
154.778
100.315
50.755
95.7298
42.8665
93.1361
40.3211
94.7237
42.4202
113.84
68.2784
108.412
75.3018
99.0733
77.0726
88.7129
76.5313
67.8571
73.9662
69.976
69.026
71.4451
62.0731
71.4384
49.593
64.1811
43.0098
60.6515
37.6727
57.5151
32.1293
51.3129
72.7415
43.1276
74.2028
35.2347
74.2732
24.1701
70.6257
0.0644309
48.0433
-0.347643
44.4851
0.201052
42.8178
-1.41059
35.5835
74.5496
25.0669
77.2147
15.7294
77.577
2.04355
72.5097
-30.3194
40.1984
-27.8794
36.2478
-24.7925
34.7952
-25.143
25.7134
78.8067
12.3625
82.8075
0.517669
84.3024
-18.3022
78.8188
-69.3926
29.8715
-75.2644
16.4854
-83.2525
2.49746
-102.608
-31.7484
41.2625
-107.666
-28.1833
62.9508
-256.475
-184.142
-154.623
592.963
537.457
485.002
435.445
388.592
344.224
302.103
261.98
223.604
186.726
151.1
116.487
82.6538
49.3727
16.4211
-4.73972
-4.57978
-4.34901
-4.06158
-3.73252
-3.3761
-3.00464
-2.62792
-2.25301
-1.88443
-1.52453
-1.17388
-0.83168
-0.496163
-0.164901
-7.99067
-7.71152
-7.31123
-6.81553
-6.25129
-5.64359
-5.01364
-4.37792
-3.74802
-3.13111
-2.53064
-1.94709
-1.37872
-0.822213
-0.273216
-11.3833
-10.9642
-10.3687
-9.63786
-8.8134
-7.9332
-7.02832
-6.12201
-5.22996
-4.3613
-3.51978
-2.70508
-1.91387
-1.14074
-0.378961
-14.9857
-14.393
-13.5614
-12.5536
-11.4311
-10.2474
-9.04432
-7.85173
-6.68845
-5.56427
-4.48206
-3.43955
-2.4309
-1.44791
-0.480838
-18.8794
-18.0602
-16.9301
-15.5838
-14.1098
-12.5807
-11.0497
-9.55202
-8.1077
-6.72519
-5.40455
-4.14008
-2.92225
-1.73913
-0.577314
-23.1671
-22.038
-20.5146
-18.7413
-16.8434
-14.9156
-13.0216
-11.1988
-9.46502
-7.82412
-6.27079
-4.79391
-3.37886
-2.009
-0.666597
-27.9844
-26.4095
-24.3486
-22.023
-19.6065
-17.2164
-14.9219
-12.7564
-10.7293
-8.83535
-7.06047
-5.38582
-3.79021
-2.25137
-0.746664
-33.5165
-31.2669
-28.4469
-25.3955
-22.3429
-19.4214
-16.693
-14.1752
-11.8602
-9.72737
-7.74979
-5.89861
-4.14473
-2.45959
-0.815339
-40.0194
-36.6942
-32.7764
-28.7686
-24.9477
-21.4331
-18.2533
-15.3909
-12.8089
-10.4639
-8.31257
-6.314
-4.43043
-2.62686
-0.870432
-47.8341
-42.7131
-37.1953
-31.9545
-27.2458
-23.1096
-19.4958
-16.326
-13.5204
-11.0067
-8.72243
-6.61428
-4.63605
-2.74696
-0.909946
-57.3301
-49.1279
-41.3365
-34.6075
-28.971
-24.2633
-20.2938
-16.8967
-13.9397
-11.3197
-8.95605
-6.78453
-4.75244
-2.81494
-0.932319
-68.5155
-55.1314
-44.4147
-36.1674
-29.767
-24.6784
-20.5191
-17.0271
-14.0218
-11.3762
-8.99739
-6.81525
-4.77415
-2.828
-0.936691
-79.3484
-58.4664
-45.0225
-35.88
-29.2506
-24.1637
-20.0768
-16.6703
-13.744
-11.1655
-8.84196
-6.70482
-4.70081
-2.78619
-0.923115
-79.0975
-54.3623
-41.3282
-33.0789
-27.1911
-22.6484
-18.954
-15.833
-13.1183
-10.6998
-8.49995
-6.46116
-4.53798
-2.69279
-0.892678
-3.86669
-11.6851
-19.7657
-28.3093
-37.5604
-47.8381
-59.5855
-73.4553
-90.4722
-112.362
-142.286
-186.668
-260.223
-401.274
-721.8
-3.80102
-11.482
-19.406
-27.7569
-36.7551
-46.6817
-57.9143
-70.9845
-86.6731
-106.165
-131.276
-164.63
-208.703
-257.377
-244.524
-3.6805
-11.11
-18.7497
-26.7546
-35.3048
-44.618
-54.9663
-66.6947
-80.2324
-96.0639
-114.541
-135.146
-153.987
-156.203
-97.9386
-3.51233
-10.5921
-17.8394
-25.3736
-33.3244
-41.835
-51.0595
-61.1478
-72.1979
-84.1247
-96.3272
-106.887
-110.816
-97.0282
-46.9159
-3.30588
-9.95771
-16.7299
-23.7029
-30.9549
-38.5559
-46.5524
-54.9326
-63.554
-71.9935
-79.253
-83.2301
-79.9456
-63.0784
-26.2534
-3.07157
-9.23962
-15.4809
-21.8382
-28.3427
-35.0019
-41.7783
-48.5492
-55.0358
-60.6812
-64.458
-64.6155
-58.5069
-42.988
-16.4806
-2.81993
-8.47062
-14.151
-19.8711
-25.6227
-31.3662
-37.0077
-42.3628
-47.1012
-50.666
-52.1758
-50.3522
-43.6022
-30.5282
-11.1894
-2.56076
-7.68091
-12.7936
-17.8818
-22.9082
-27.8012
-32.4356
-36.6042
-39.981
-42.0772
-42.208
-39.5095
-33.0887
-22.4186
-8.00931
-2.3025
-6.8963
-11.453
-15.9354
-20.2862
-24.4156
-28.1866
-31.3953
-33.7497
-34.8528
-34.2046
-31.2514
-25.5258
-16.9055
-5.94667
-2.05199
-6.13741
-10.1638
-14.0803
-17.8176
-21.2788
-24.328
-26.7793
-28.387
-28.8444
-27.8013
-24.9183
-19.9727
-13.0164
-4.53292
-1.81434
-5.41944
-8.95084
-12.3495
-15.5407
-18.4278
-20.8843
-22.7489
-23.8231
-23.8777
-22.6755
-20.0173
-15.8159
-10.1875
-3.52356
-1.59305
-4.75259
-7.83001
-10.7625
-13.475
-15.8756
-17.8515
-19.2673
-19.9669
-19.7835
-18.5607
-16.1879
-12.6498
-8.07781
-2.78024
-1.3902
-4.14272
-6.80976
-9.32814
-11.6256
-13.6181
-15.2076
-16.2829
-16.7238
-16.4111
-15.2442
-13.1676
-10.2017
-6.47186
-2.21948
-1.20669
-3.59218
-5.89268
-8.04709
-9.98804
-11.6403
-12.9205
-13.7389
-14.0039
-13.6316
-12.5595
-10.7647
-8.28391
-5.22875
-1.78828
-1.04252
-3.10062
-5.07699
-6.91419
-8.55079
-9.9208
-10.9541
-11.5789
-11.7264
-11.338
-10.3765
-8.83807
-6.76494
-4.25315
-1.45155
-0.897054
-2.6658
-4.3579
-5.92051
-7.29861
-8.43498
-9.27128
-9.75044
-9.82083
-9.44231
-8.59398
-7.28269
-5.55055
-3.47877
-1.1853
-0.76919
-2.28417
-3.72869
-5.05492
-6.21421
-7.15745
-7.83635
-8.20571
-8.22694
-7.87279
-7.13289
-6.0195
-4.57195
-2.85829
-0.972617
-0.657567
-1.95146
-3.18157
-4.30521
-5.27978
-6.06342
-6.6163
-6.90264
-6.89366
-6.57106
-5.9311
-4.98831
-3.77811
-2.35725
-0.80128
-0.560685
-1.66303
-2.70836
-3.65898
-4.47789
-5.12959
-5.58126
-5.80461
-5.77809
-5.48965
-4.93955
-4.14277
-3.13051
-1.95002
-0.662289
-0.477012
-1.41417
-2.30089
-3.10417
-3.79208
-4.3346
-4.70474
-4.88003
-4.84434
-4.5899
-4.11925
-3.44682
-2.59972
-1.61723
-0.548883
-0.405046
-1.20032
-1.95136
-2.62945
-3.2072
-3.65928
-3.96348
-4.10192
-4.06246
-3.84025
-3.43903
-2.87215
-2.16293
-1.34404
-0.455905
-0.343366
-1.01717
-1.65246
-2.22439
-2.70955
-3.08662
-3.3373
-3.44729
-3.40746
-3.21488
-2.87381
-2.3963
-1.80227
-1.11892
-0.379366
-0.290658
-0.86077
-1.39753
-1.87958
-2.28694
-2.60171
-2.80877
-2.89669
-2.8585
-2.69259
-2.40332
-2.00134
-1.50362
-0.932809
-0.316146
-0.245728
-0.727522
-1.18058
-1.5866
-1.92861
-2.19156
-2.36297
-2.43362
-2.39821
-2.25596
-2.01106
-1.67285
-1.25572
-0.778536
-0.263776
-0.207506
-0.614222
-0.996285
-1.33807
-1.62517
-1.84496
-1.98711
-2.04418
-2.01208
-1.89059
-1.68358
-1.39916
-1.0495
-0.65035
-0.220287
-0.175045
-0.518036
-0.839953
-1.12749
-1.36846
-1.55225
-1.67033
-1.71663
-1.68802
-1.58458
-1.40983
-1.17077
-0.877647
-0.543623
-0.184096
-0.14751
-0.436478
-0.70749
-0.94924
-1.15143
-1.30517
-1.40337
-1.4411
-1.4159
-1.32807
-1.18074
-0.979895
-0.734188
-0.454601
-0.153921
-0.124178
-0.367387
-0.595338
-0.798453
-0.968043
-1.09665
-1.17839
-1.20924
-1.18727
-1.11288
-0.988806
-0.820168
-0.61425
-0.380224
-0.128718
-0.104417
-0.308889
-0.500429
-0.67094
-0.813102
-0.920671
-0.988751
-1.01404
-0.99504
-0.932163
-0.82781
-0.686321
-0.513824
-0.317981
-0.107633
-0.0876856
-0.259367
-0.420118
-0.563107
-0.682177
-0.772102
-0.828812
-0.849598
-0.833267
-0.780242
-0.692596
-0.574002
-0.429606
-0.265807
-0.0899636
-0.0735152
-0.217434
-0.352138
-0.471878
-0.571486
-0.646591
-0.693812
-0.710921
-0.696968
-0.652357
-0.578865
-0.479595
-0.358858
-0.221996
-0.0751286
-0.0615048
-0.181898
-0.294547
-0.394625
-0.477804
-0.540438
-0.579717
-0.593808
-0.581952
-0.544521
-0.483031
-0.40009
-0.299306
-0.185129
-0.0626474
-0.0513102
-0.15174
-0.245682
-0.329102
-0.398387
-0.450497
-0.483107
-0.494708
-0.48469
-0.453389
-0.402087
-0.332973
-0.249053
-0.154027
-0.0521194
-0.0426369
-0.126084
-0.204123
-0.273393
-0.330891
-0.374095
-0.401083
-0.410615
-0.402203
-0.376142
-0.333511
-0.276133
-0.206509
-0.127703
-0.0432096
-0.0352318
-0.104181
-0.168651
-0.225858
-0.273317
-0.308951
-0.331176
-0.33898
-0.331969
-0.310399
-0.275171
-0.227795
-0.170339
-0.105327
-0.035637
-0.0288778
-0.0853896
-0.138221
-0.185088
-0.223954
-0.253116
-0.271282
-0.277628
-0.271842
-0.254139
-0.225263
-0.186457
-0.139413
-0.0861986
-0.029164
-0.0233873
-0.0691525
-0.111932
-0.149873
-0.181327
-0.204914
-0.219593
-0.2247
-0.219987
-0.205635
-0.182249
-0.150838
-0.112772
-0.0697225
-0.0235889
-0.0185973
-0.0549883
-0.0890016
-0.119163
-0.14416
-0.162897
-0.174549
-0.178589
-0.174825
-0.163402
-0.144806
-0.119838
-0.0895898
-0.0553875
-0.0187386
-0.0143654
-0.0424747
-0.0687453
-0.0920376
-0.111338
-0.1258
-0.134788
-0.137897
-0.134979
-0.12615
-0.111785
-0.0925055
-0.0691527
-0.0427512
-0.0144632
-0.010565
-0.0312374
-0.0505567
-0.067684
-0.0818737
-0.0925045
-0.0991078
-0.101388
-0.0992372
-0.0927409
-0.0821762
-0.0680004
-0.0508322
-0.0314244
-0.0106311
-0.00708214
-0.0209396
-0.0338896
-0.0453699
-0.0548803
-0.0620047
-0.066429
-0.0679555
-0.066512
-0.0621563
-0.0550743
-0.0455728
-0.0340663
-0.0210595
-0.00712455
-0.00381229
-0.0112718
-0.018243
-0.0244232
-0.0295434
-0.0333794
-0.035762
-0.0365848
-0.0358086
-0.0334644
-0.0296522
-0.024537
-0.018342
-0.011339
-0.00383607
-0.000657053
-0.00194295
-0.00314539
-0.00421251
-0.00509798
-0.00576301
-0.00617802
-0.00632404
-0.00619368
-0.00579162
-0.00513459
-0.00425079
-0.00317873
-0.00196558
-0.000665054
0.0024786
0.00732792
0.0118582
0.0158721
0.0191944
0.0216798
0.0232192
0.0237448
0.0232325
0.0217041
0.0192255
0.0159047
0.0118866
0.00734718
0.00248542
0.00568915
0.0168203
0.0272203
0.0364368
0.0440676
0.0497792
0.0533203
0.054534
0.0533642
0.0498594
0.0441703
0.0365441
0.0273138
0.0168837
0.0057116
0.00907131
0.0268201
0.0434041
0.0581021
0.0702733
0.0793853
0.0850372
0.0869777
0.0851169
0.079531
0.0704598
0.0582971
0.0435739
0.0269353
0.00911208
0.0127269
0.0376285
0.0608972
0.0815216
0.0986028
0.111393
0.11933
0.12206
0.119456
0.111622
0.0988954
0.0818276
0.0611637
0.0378094
0.0127909
0.0167657
0.0495705
0.080226
0.107401
0.129911
0.146771
0.157239
0.160846
0.157424
0.14711
0.130345
0.107855
0.0806212
0.0498387
0.0168606
0.021309
0.0630045
0.101971
0.136518
0.165141
0.186586
0.199909
0.204512
0.200177
0.187077
0.165768
0.137174
0.102543
0.0633923
0.0214462
0.0264927
0.0783328
0.126785
0.169748
0.205353
0.232041
0.248632
0.254383
0.249016
0.232741
0.206249
0.170685
0.127601
0.0788867
0.0266886
0.0324715
0.0960131
0.155409
0.208087
0.251756
0.284504
0.304882
0.311971
0.305426
0.285498
0.253028
0.209417
0.156568
0.0967996
0.0327497
0.0394231
0.116571
0.188696
0.252679
0.30574
0.345554
0.370357
0.379025
0.371128
0.346962
0.307542
0.254563
0.190337
0.117685
0.039817
0.0475533
0.140617
0.227636
0.304854
0.368919
0.417025
0.447034
0.457577
0.448124
0.419016
0.371467
0.307518
0.229955
0.142192
0.0481102
0.0571017
0.16886
0.273379
0.36616
0.443178
0.50106
0.537225
0.550012
0.538764
0.503871
0.446777
0.369923
0.276656
0.171084
0.0578885
0.0683479
0.202127
0.327272
0.438407
0.530723
0.60017
0.643644
0.659132
0.645817
0.60414
0.535804
0.443722
0.331899
0.205268
0.0694589
0.0816188
0.241388
0.390889
0.523721
0.634142
0.71731
0.769492
0.788248
0.77256
0.722916
0.641317
0.531224
0.397423
0.245823
0.0831875
0.0972972
0.287779
0.466078
0.624591
0.756481
0.855961
0.918545
0.941274
0.922877
0.863876
0.766611
0.635184
0.475303
0.29404
0.0995121
0.115831
0.342626
0.555002
0.743943
0.901321
1.02022
1.09527
1.12285
1.10138
1.0314
0.915622
0.758899
0.568026
0.351466
0.118958
0.137743
0.407483
0.660195
0.885208
1.07287
1.21494
1.30493
1.33848
1.31356
1.23071
1.09306
0.90632
0.678581
0.419964
0.142157
0.163643
0.484162
0.784616
1.0524
1.27607
1.44579
1.55378
1.5947
1.56597
1.46806
1.30457
1.08221
0.810574
0.501782
0.169876
0.19424
0.574771
0.931716
1.25022
1.51672
1.71951
1.8492
1.89926
1.8664
1.75094
1.55695
1.29229
0.968363
0.599647
0.20304
0.230355
0.681753
1.1055
1.48413
1.80161
2.04397
2.1999
2.26138
2.22418
2.08833
1.8584
1.54353
1.15724
0.716875
0.242779
0.272933
0.807928
1.31062
1.76049
2.13864
2.42842
2.61618
2.69201
2.65045
2.49104
2.21881
1.84435
1.38366
0.857517
0.290476
0.323058
0.956529
1.55239
2.08665
2.53703
2.88369
3.11015
3.20414
3.15851
2.97208
2.65019
2.20504
1.65552
1.02655
0.347831
0.38196
1.13124
1.83692
2.47104
3.0074
3.42241
3.69608
3.81318
3.76433
3.54715
3.16713
2.63818
1.98254
1.23012
0.416946
0.451026
1.33622
2.17113
2.9233
3.56202
4.05923
4.39072
4.53743
4.48701
4.23527
3.78747
3.15926
2.37676
1.47587
0.500443
0.531797
1.57609
2.56277
3.45433
4.21488
4.81111
5.21361
5.39853
5.34946
5.05948
4.53306
3.78744
2.85317
1.77337
0.601612
0.625962
1.85597
3.02043
4.07629
4.9818
5.69747
6.18756
6.42207
6.37915
6.04784
5.43083
4.5466
3.43061
2.13472
0.724625
0.735338
2.18136
3.55347
4.80262
5.8805
6.74041
7.33893
7.63821
7.60903
7.23455
6.5141
5.46666
4.13296
2.57534
0.874825
0.861827
2.55806
4.17186
5.64785
6.9305
7.96481
8.69805
9.08235
9.07863
8.66143
7.82438
6.58547
4.99075
3.11516
1.05914
1.00735
2.99197
4.88589
6.6273
8.15288
9.39821
10.2994
10.7959
10.8353
10.3798
9.41365
7.95129
6.04355
3.78025
1.28668
1.17376
3.48884
5.70579
7.75657
9.56978
11.0705
12.1816
12.8267
12.9355
12.4526
11.3474
9.62632
7.34322
4.6052
1.56962
1.36268
4.05383
6.64103
9.05072
11.2036
13.0133
14.3874
15.2297
15.4466
14.9575
13.7088
11.6915
8.95872
5.63674
1.92453
1.57534
4.69096
7.69946
10.5232
13.0755
15.2586
16.9624
18.0668
18.4478
17.9897
16.6037
14.2536
10.9833
6.93922
2.37447
1.81234
5.40243
8.88613
12.1839
15.2037
17.8365
19.9534
21.406
22.0317
21.6661
20.168
17.4544
13.5451
8.60323
2.9523
2.07335
6.18772
10.2018
14.0377
17.6006
20.7724
23.4054
25.3194
26.3036
26.1289
24.5762
21.4855
16.8239
10.7595
3.70628
2.35679
7.0426
11.6412
16.0808
20.2689
24.0822
27.3566
29.8783
31.38
31.5483
30.0523
26.6073
21.0766
13.6025
4.70972
2.65948
7.958
13.1907
18.2984
23.1974
27.7661
31.8301
35.1452
37.3823
38.123
36.8817
33.1771
26.6787
17.4306
6.07883
2.97636
8.91902
14.827
20.6609
26.3549
31.8001
36.8235
41.1605
44.4232
46.0738
45.4215
41.6867
34.1902
22.7194
8.00753
3.30017
9.90408
16.5144
23.1204
29.6849
36.1268
42.2933
47.9213
52.5834
55.6233
56.1016
52.8082
44.4612
30.2587
10.8411
3.62149
10.8846
18.2048
25.6084
33.0999
40.6444
48.1366
55.3525
61.8695
66.9513
69.4003
67.4385
58.7982
41.4192
15.2474
3.9288
11.8253
19.837
28.035
36.478
45.1977
54.1715
63.2685
72.1519
80.107
85.7613
86.706
79.2032
58.6854
22.6555
4.20909
12.6859
21.3397
30.2913
39.6634
49.5744
60.1204
71.3321
83.0783
94.8595
105.392
111.839
108.646
86.7232
36.5086
4.44861
13.4235
22.6353
32.2553
42.4743
53.5096
65.6063
79.024
93.9796
110.478
127.859
143.665
151.093
134.408
66.1964
4.63416
13.9964
23.6473
33.803
44.7179
56.7071
70.1744
85.6472
103.808
125.483
151.419
181.307
210.284
217.873
140.454
4.75443
14.3688
24.3087
34.8231
46.2152
58.8778
73.3492
90.4025
111.196
137.528
172.231
219.581
284.327
360.368
356.022
4.80139
14.5149
24.5708
35.2335
46.8296
59.7918
74.7303
92.5593
114.737
143.758
184.259
245.773
350.522
558.685
1063.04
4.77143
14.4231
24.4113
34.9954
46.4951
59.333
74.1034
91.6952
113.524
142.015
181.692
241.939
344.898
551.305
1056.98
4.66584
14.0976
23.8378
34.1211
45.2309
57.5315
71.5165
87.8875
107.684
132.503
164.839
208.44
267.432
336.091
330.333
4.49072
13.5577
22.8869
32.6725
43.1394
54.5597
67.2721
81.6999
98.3551
117.768
140.163
164.253
183.248
172.553
58.4772
-50.1597
-40.8529
-33.885
-28.4955
-24.154
-20.5356
-17.4359
-14.7197
-12.2929
-10.087
-8.04977
-6.13971
-4.3226
-2.56895
-0.852267
-18.8109
-26.0564
-25.722
-23.4647
-20.814
-18.2052
-15.7554
-13.482
-11.371
-9.39925
-7.54203
-5.77558
-4.07774
-2.4278
-0.806149
-8.55676
-16.5233
-18.8939
-18.7069
-17.4447
-15.7644
-13.9521
-12.1313
-10.3522
-8.63183
-6.97115
-5.36374
-3.79958
-2.26698
-0.753526
-4.65453
-10.8761
-13.8418
-14.6954
-14.3655
-13.4149
-12.1547
-10.7514
-9.29262
-7.82284
-6.3632
-4.9218
-3.49945
-2.09285
-0.696445
-2.89631
-7.48981
-10.2564
-11.5054
-11.7173
-11.2803
-10.4565
-9.41004
-8.24052
-7.00671
-5.7425
-4.46657
-3.18834
-1.91161
-0.636917
-1.97076
-5.37211
-7.72471
-9.0356
-9.51964
-9.41426
-8.91264
-8.15401
-7.23296
-6.2116
-5.12987
-4.01289
-2.87614
-1.72893
-0.576787
-1.42032
-3.98264
-5.91634
-7.13985
-7.73115
-7.82324
-7.54718
-7.01069
-6.29496
-5.45836
-4.54165
-3.57288
-2.57118
-1.54966
-0.517643
-1.06313
-3.02968
-4.60107
-5.68305
-6.28922
-6.4878
-6.36249
-5.99175
-5.44084
-4.76067
-3.98954
-3.15571
-2.27994
-1.37765
-0.460767
-0.816821
-2.3511
-3.62561
-4.55662
-5.13028
-5.3772
-5.34817
-5.09786
-4.67641
-4.12609
-3.48092
-2.76763
-2.00709
-1.21576
-0.407114
-0.63951
-1.85288
-2.88867
-3.67829
-4.19816
-4.45818
-4.48744
-4.32276
-4.00142
-3.55732
-3.01956
-2.41234
-1.7556
-1.06588
-0.357334
-0.50778
-1.47796
-2.32263
-2.98724
-3.44646
-3.69936
-3.76133
-3.6564
-3.41164
-3.05356
-2.60639
-2.0914
-1.52698
-0.929067
-0.311799
-0.407558
-1.19019
-1.8816
-2.43878
-2.83799
-3.07309
-3.15106
-3.08711
-2.9005
-2.61163
-2.24029
-1.80477
-1.3216
-0.805684
-0.270655
-0.329887
-0.965762
-1.53377
-1.99999
-2.34346
-2.5559
-2.63933
-2.60296
-2.46033
-2.22694
-1.91874
-1.55121
-1.13895
-0.695563
-0.233868
-0.26881
-0.788448
-1.25661
-1.64641
-1.9399
-2.12827
-2.21074
-2.19258
-2.08316
-1.89416
-1.63836
-1.3287
-0.977885
-0.59815
-0.201275
-0.220216
-0.646872
-1.03384
-1.35971
-1.6093
-1.77416
-1.852
-1.84556
-1.76122
-1.60777
-1.39535
-1.13475
-0.836897
-0.512632
-0.172621
-0.181188
-0.532849
-0.853496
-1.12596
-1.33752
-1.48045
-1.55177
-1.55261
-1.48726
-1.3623
-1.18579
-0.966659
-0.71424
-0.438044
-0.147596
-0.149598
-0.440356
-0.706601
-0.934482
-1.11339
-1.23645
-1.30048
-1.3056
-1.25467
-1.15261
-1.00582
-0.821668
-0.608087
-0.373345
-0.125866
-0.123865
-0.364882
-0.586337
-0.777
-0.928039
-1.03344
-1.09007
-1.0975
-1.05756
-0.973969
-0.851793
-0.697102
-0.516621
-0.317489
-0.107086
-0.102792
-0.302989
-0.48745
-0.647026
-0.774365
-0.864274
-0.913828
-0.922269
-0.89077
-0.822109
-0.720331
-0.590436
-0.4381
-0.269455
-0.0909223
-0.0854571
-0.252019
-0.405839
-0.53943
-0.646675
-0.723124
-0.76612
-0.774766
-0.749772
-0.693235
-0.608387
-0.499348
-0.370898
-0.228284
-0.0770577
-0.071144
-0.209894
-0.33827
-0.450124
-0.540363
-0.605195
-0.642258
-0.650615
-0.63067
-0.584012
-0.513234
-0.421733
-0.313529
-0.193091
-0.0651985
-0.0592869
-0.174971
-0.282171
-0.375824
-0.451686
-0.506544
-0.538322
-0.546109
-0.530109
-0.491533
-0.432466
-0.355714
-0.26465
-0.163074
-0.0550775
-0.0494355
-0.145938
-0.235477
-0.313873
-0.377591
-0.423914
-0.451039
-0.458116
-0.44522
-0.413278
-0.363975
-0.299628
-0.223067
-0.137513
-0.0464548
-0.0412286
-0.121738
-0.196517
-0.26211
-0.315572
-0.35461
-0.377674
-0.383988
-0.37355
-0.347075
-0.305926
-0.25202
-0.187728
-0.115771
-0.0391177
-0.0343736
-0.101516
-0.163935
-0.218768
-0.263565
-0.296396
-0.315934
-0.32149
-0.313013
-0.291057
-0.256732
-0.211621
-0.157709
-0.0972904
-0.0328787
-0.0286324
-0.0845741
-0.136617
-0.182394
-0.219864
-0.247409
-0.2639
-0.268733
-0.261831
-0.243627
-0.215023
-0.177332
-0.132208
-0.081581
-0.0275736
-0.0238097
-0.070338
-0.11365
-0.151787
-0.183053
-0.206096
-0.21996
-0.224121
-0.218494
-0.203417
-0.179624
-0.148201
-0.110527
-0.068218
-0.0230598
-0.0197443
-0.0583346
-0.0942752
-0.125949
-0.151951
-0.171153
-0.182755
-0.186305
-0.181716
-0.169256
-0.149522
-0.123409
-0.092063
-0.056833
-0.0192132
-0.0163026
-0.0481704
-0.0778623
-0.104048
-0.125568
-0.141488
-0.151138
-0.154138
-0.150403
-0.140144
-0.123847
-0.102249
-0.0762955
-0.0471069
-0.0159265
-0.0133729
-0.0395166
-0.0638835
-0.0853853
-0.103072
-0.116175
-0.124139
-0.126645
-0.123618
-0.115223
-0.101854
-0.0841112
-0.0627739
-0.0387635
-0.0131065
-0.0108611
-0.0320963
-0.0518936
-0.0693712
-0.0837581
-0.0944284
-0.100928
-0.102994
-0.10056
-0.0937544
-0.0828955
-0.0684691
-0.051108
-0.0315631
-0.0106725
-0.00868751
-0.0256741
-0.0415138
-0.0555027
-0.0670243
-0.075577
-0.0807959
-0.0824672
-0.0805349
-0.0751
-0.0664138
-0.0548643
-0.0409579
-0.0252968
-0.00855404
-0.00678353
-0.0200479
-0.0324187
-0.0433469
-0.0523512
-0.0590396
-0.063126
-0.0644418
-0.0629414
-0.0587024
-0.0519197
-0.0428956
-0.0320257
-0.0197812
-0.00668919
-0.00508965
-0.0150422
-0.024325
-0.0325265
-0.0392859
-0.0443085
-0.0473793
-0.0483711
-0.0472491
-0.0440706
-0.0389814
-0.0322082
-0.0240477
-0.014854
-0.00502309
-0.0035532
-0.0105013
-0.0169817
-0.0227073
-0.027426
-0.0309321
-0.0330756
-0.0337678
-0.0329842
-0.030765
-0.0272121
-0.0224837
-0.016787
-0.0103691
-0.00350644
-0.00212667
-0.00628494
-0.0101625
-0.0135871
-0.0164078
-0.0185017
-0.0197795
-0.0201888
-0.0197158
-0.0183853
-0.0162588
-0.0134313
-0.0100268
-0.00619283
-0.00209409
-0.000766124
-0.00226344
-0.00365772
-0.0048861
-0.00589401
-0.00663772
-0.00708619
-0.00722218
-0.00704255
-0.00655799
-0.00579197
-0.00477939
-0.0035648
-0.00220037
-0.000743815
0.000570175
0.00168656
0.00273195
0.00366192
0.00443641
0.00502136
0.00539025
0.00552539
0.00541903
0.00507395
0.00450372
0.0037323
0.00279324
0.00172817
0.000584891
0.00192311
0.00568587
0.00920177
0.0123179
0.0148984
0.0168305
0.018029
0.0184407
0.0180464
0.0168623
0.0149391
0.0123604
0.00923879
0.005711
0.001932
0.003334
0.00985657
0.0159491
0.0213457
0.0258107
0.0291489
0.031214
0.0319155
0.0312221
0.0291636
0.0258296
0.0213655
0.0159663
0.00986824
0.00333813
0.00484587
0.0143258
0.0231796
0.0310203
0.0375053
0.042351
0.0453458
0.0463587
0.0453455
0.0423505
0.0375046
0.0310197
0.023179
0.0143254
0.00484573
0.00650476
0.0192297
0.0311134
0.0416361
0.0503378
0.0568381
0.0608533
0.0622084
0.0608447
0.0568223
0.0503175
0.041615
0.031095
0.0192172
0.00650034
0.00836121
0.0247176
0.039992
0.0535161
0.0646984
0.0730504
0.0782076
0.0799455
0.0781895
0.0730174
0.0646562
0.0534719
0.0399535
0.0246915
0.00835197
0.0104717
0.0309566
0.0500857
0.0670218
0.081024
0.0914805
0.0979355
0.100108
0.0979058
0.0914263
0.0809546
0.0669493
0.0500226
0.0309137
0.0104566
0.0129007
0.0381368
0.0617019
0.0825641
0.0998109
0.112689
0.120636
0.123308
0.120591
0.112607
0.0997061
0.0824546
0.0616065
0.038072
0.0128778
0.0157221
0.0464769
0.0751943
0.100616
0.121631
0.137319
0.146999
0.150249
0.146933
0.1372
0.121478
0.100457
0.0750552
0.0463825
0.0156887
0.0190219
0.0562314
0.0909745
0.121729
0.147148
0.166122
0.177824
0.181749
0.177731
0.16595
0.146929
0.121499
0.0907749
0.0560959
0.018974
0.0229011
0.067698
0.109524
0.146544
0.177139
0.199972
0.214049
0.218763
0.213916
0.199728
0.176827
0.146218
0.10924
0.0675053
0.0228329
0.0274782
0.0812273
0.131409
0.175821
0.212519
0.2399
0.256774
0.262414
0.256585
0.239555
0.212077
0.175359
0.131006
0.0809541
0.0273815
0.0328932
0.0972333
0.157299
0.210452
0.254366
0.287122
0.307298
0.314027
0.307031
0.286634
0.253741
0.209799
0.156729
0.0968469
0.0327566
0.0393125
0.116207
0.187987
0.251499
0.303959
0.343078
0.367158
0.375167
0.36678
0.342387
0.303075
0.250575
0.187182
0.115661
0.0391193
0.0469332
0.138731
0.224415
0.300217
0.362813
0.409473
0.438173
0.447689
0.437639
0.408498
0.361565
0.298912
0.223278
0.137959
0.0466603
0.0559901
0.165498
0.267702
0.358102
0.432732
0.488335
0.522507
0.533794
0.521753
0.486958
0.43097
0.356259
0.266098
0.164409
0.0556049
0.0667632
0.197336
0.319185
0.426936
0.515858
0.582075
0.622726
0.636094
0.621662
0.58013
0.51337
0.424334
0.316919
0.195799
0.0662193
0.0795866
0.235231
0.380453
0.508839
0.614748
0.693561
0.741886
0.757692
0.740384
0.690817
0.611235
0.505166
0.377255
0.23306
0.0788186
0.0948594
0.280361
0.45341
0.606347
0.732447
0.826214
0.883622
0.902276
0.881501
0.822338
0.727487
0.601161
0.448894
0.277296
0.0937752
0.11306
0.334137
0.540327
0.722486
0.872591
0.984106
1.05226
1.07423
1.04926
0.978635
0.86559
0.715164
0.533952
0.32981
0.111529
0.13476
0.398247
0.643928
0.860876
1.03952
1.1721
1.25295
1.27878
1.24873
1.16438
1.02964
0.85054
0.634927
0.392138
0.132599
0.160647
0.474719
0.767475
1.02585
1.23844
1.396
1.49185
1.52212
1.48588
1.3851
1.22449
1.01126
0.754769
0.466095
0.157597
0.191549
0.565989
0.914887
1.22262
1.47556
1.66274
1.77626
1.81163
1.76784
1.64735
1.45587
1.20202
0.896949
0.553814
0.187242
0.22846
0.67499
1.09088
1.45741
1.75834
1.98061
2.11493
2.15609
2.10304
1.95889
1.73054
1.42833
1.06555
0.657802
0.22238
0.272584
0.805264
1.30113
1.73775
2.09572
2.35955
2.51828
2.56593
2.5015
2.32888
2.05647
1.6967
1.26538
0.780998
0.264
0.325378
0.961096
1.55251
2.07269
2.49846
2.81143
2.99875
3.05358
2.97506
2.76813
2.44305
2.01474
1.50204
0.926837
0.313259
0.388611
1.14769
1.85333
2.47318
2.97951
3.35052
3.57121
3.6338
3.53776
3.28941
2.90129
2.39137
1.78207
1.09932
0.371501
0.464442
1.37137
2.2137
2.95248
3.55451
3.99397
4.25341
4.32415
4.2062
3.90771
3.44409
2.83698
2.1131
1.30308
0.440284
0.555515
1.6399
2.64597
3.5267
4.24236
4.7624
5.0666
5.14548
4.99997
4.64064
4.08649
3.36365
2.50394
1.54348
0.521404
0.665084
1.9628
3.16524
4.21552
5.06602
5.68066
6.03621
6.12257
5.94218
5.5088
4.846
3.98534
2.96471
1.82665
0.616916
0.797181
2.35185
3.79014
5.04304
6.05342
6.77878
7.1927
7.28485
7.06
6.53624
5.74285
4.71807
3.50699
2.15958
0.729154
0.956831
2.8217
4.54373
6.03893
7.23868
8.09311
8.57256
8.66719
8.38532
7.75084
6.80032
5.58014
4.14389
2.55015
0.860745
1.15035
3.39072
5.45478
7.23992
8.66366
9.66776
10.2196
10.3109
9.95542
9.18483
8.04498
6.5922
4.89011
3.00713
1.0146
1.38576
4.08215
6.55947
8.6918
10.38
11.5564
12.1862
12.2648
11.8137
10.8751
9.50687
7.77732
5.7619
3.54016
1.19392
1.67334
4.92565
7.90367
10.452
12.4515
13.8245
14.5355
14.5864
14.0103
12.8638
11.2195
9.16088
6.7769
4.15959
1.40211
2.02641
5.95959
9.54614
12.5934
14.9579
16.5523
17.343
17.3433
16.603
15.1978
13.2199
10.7703
7.95385
4.87633
1.64275
2.46256
7.23419
11.563
15.2086
17.9991
19.838
20.6992
20.6142
19.6572
17.9295
15.5477
12.6342
9.31203
5.7014
1.91941
3.00526
8.81618
14.0543
18.4175
21.7008
23.8025
24.7121
24.4905
23.2463
21.1152
18.2445
14.7819
10.8704
6.64541
2.2355
3.68655
10.7958
17.1531
22.3761
26.223
28.5944
29.5104
29.0768
27.451
24.8144
21.352
17.2412
12.6464
7.71776
2.59398
4.55101
13.2975
21.0395
27.29
31.7695
34.3968
35.2456
34.4906
32.3575
29.0867
24.9095
20.0365
14.654
8.92554
2.99699
5.66232
16.4967
25.9614
33.4336
38.602
41.4338
42.0942
40.861
38.0538
33.9881
28.9499
23.1854
16.9017
10.2722
3.44541
7.11403
20.6468
32.2667
41.1766
47.0568
49.9782
50.2575
48.3239
44.6235
39.5646
33.4943
26.6946
19.3893
11.7557
3.93827
9.04853
26.1251
40.4538
51.0231
57.566
60.3569
59.9571
57.0134
52.1362
45.8431
38.545
30.5547
22.1046
13.3668
4.47215
11.6916
33.5113
51.2512
63.6651
70.6801
72.9509
71.4227
67.0451
60.6317
52.819
44.0759
34.7337
25.0194
15.0866
5.04047
15.4205
43.7303
65.7467
80.0557
87.0883
88.1822
84.8665
78.4899
70.0983
60.4404
50.0225
39.1707
28.0858
16.8848
5.63295
20.9071
58.3193
85.5938
101.499
107.62
106.475
100.435
91.3334
80.4438
68.5892
56.2698
43.7693
31.2325
18.7183
6.23509
29.4503
79.9477
113.335
129.735
133.195
128.166
118.129
105.418
91.4586
77.0602
62.6424
48.3926
34.3631
20.5301
6.82811
43.8286
113.457
152.873
166.956
164.665
153.334
137.678
120.367
102.778
85.544
68.8978
52.8625
37.3571
22.2505
7.38932
70.7263
167.946
210.002
215.545
202.41
181.503
158.374
135.508
113.849
93.6189
74.7282
56.9638
40.0736
23.8005
7.89312
128.34
260.742
292.485
277.103
245.551
211.215
178.886
149.811
123.926
100.763
79.7757
60.4576
42.3613
25.0961
8.31273
272.258
423.437
407.692
349.886
290.624
239.529
197.137
161.896
132.113
106.394
83.6636
63.1023
44.0715
26.0568
8.62264
689.323
702.046
552.103
423.679
330.021
261.796
210.421
170.189
137.477
109.948
86.0444
64.6834
45.0757
26.6141
8.80132
2054.94
1093.61
681.563
473.324
351.753
272.359
215.964
173.259
139.239
110.983
86.6587
65.0464
45.2834
26.7205
8.83399
4.22679
12.7454
21.4612
30.5127
40.0475
50.2215
61.1892
73.0704
85.8631
99.2195
111.9
120.469
116.35
79.951
-27.8286
3.88025
11.6815
19.6036
27.7225
36.1028
44.7839
53.7508
62.876
71.8037
79.7279
84.9834
84.3727
72.3487
41.2344
-12.4479
3.49294
10.4964
17.5491
24.6707
31.857
39.0598
46.1535
52.8781
58.7471
62.9041
63.9326
59.6883
47.4385
25.085
-5.14942
3.08801
9.26205
15.4254
21.5539
27.5943
33.4445
38.9245
43.7352
47.4015
49.2081
48.1541
43.0081
32.6308
16.8162
-2.31043
2.685
8.03826
13.3363
18.5249
23.5215
28.1989
32.3647
35.7362
37.915
38.3718
36.4676
31.5602
23.26
11.8604
-1.2224
2.2987
6.86958
11.3564
15.6876
19.7676
23.4648
26.5989
28.9296
30.1499
29.8954
27.7833
23.5058
16.989
8.58827
-0.798206
1.93888
5.78486
9.53181
13.1013
16.3963
19.2934
21.6364
23.2334
23.8599
23.2758
21.2629
17.6896
12.6007
6.30027
-0.632734
1.61081
4.79908
7.88449
10.7893
13.4226
15.6757
17.4199
18.508
18.781
18.0856
16.3027
13.3889
9.4242
4.64506
-0.564223
1.31609
3.91608
6.41759
8.7487
10.8288
12.5664
13.8593
14.5974
14.6708
13.9835
12.474
10.14
7.06312
3.42126
-0.524034
1.05355
3.13154
5.121
6.95894
8.57715
9.90148
10.8529
11.3511
11.3211
10.7039
9.47001
7.63414
5.26756
2.50159
-0.48281
0.820093
2.43551
3.97587
5.38884
6.61925
7.60917
8.29935
8.63239
8.55806
8.04064
7.06774
5.65885
3.87125
1.8003
-0.428433
0.611412
1.81452
2.9581
4.00125
4.90175
5.61647
6.1027
6.32074
6.23769
5.83243
5.10107
4.06184
2.75786
1.25633
-0.356988
0.422443
1.25308
2.04075
2.75629
3.37001
3.85219
4.17414
4.30999
4.23927
3.95001
3.44194
2.72922
1.84165
0.823728
-0.268914
0.247729
0.734584
1.19555
1.61315
1.96981
2.24813
2.43162
2.50573
2.45929
2.28624
1.98729
1.57126
1.05558
0.465606
-0.167341
-1052.92
-1158.92
-1265.41
-1372.7
-1481.06
-1590.73
-1701.9
-1814.69
-1929.14
-2045.23
-2162.83
-2281.75
-2401.69
-2522.32
-2643.23
-144.804
5.31755
-172.06
-48.7516
-153.329
-60.3373
-131.504
-66.5693
-6.90591
-68.6072
-3.26624
-63.8395
2.75221
-62.4824
6.4323
-84.1069
-19.428
-74.7654
-20.5395
-63.2997
-17.7162
-52.4076
-16.7764
18.1046
-14.9748
26.9435
-10.3974
37.1141
-9.58082
45.5469
-32.4275
25.1551
-32.4138
20.9751
-28.7887
19.9667
-24.301
16.4545
58.2726
13.4085
68.0819
12.058
78.7705
2.3952
84.1479
-45.8399
41.6297
-56.6362
24.9522
-62.0411
12.2478
-67.1675
-6.67617
54.7299
-26.5547
52.7917
-44.7977
47.5125
-72.6194
32.4211
-142.241
-39.3672
-156.555
-70.4143
-164.228
-94.4446
-171.745
-122.254
-75.927
-150.937
-97.4216
-177.141
-123.043
-209.246
-156.431
-263.414
-219.716
-295.295
-266.658
-339.614
-324.188
-421.549
-426.79
-438.05
-691.933
-762.132
-905.526
-1157.06
-1618.49
-2557.48
-54.2471
-47.0459
-81.1772
-71.4953
-87.0309
-73.5033
-78.0442
-59.0354
-40.4351
-43.3698
-31.6375
-37.3899
-27.4055
-35.7948
-28.4192
-43.2856
-36.2711
-43.0045
-34.2411
-37.2914
-27.9794
-27.955
-15.7682
-3.66624
-3.48408
5.32594
3.01658
10.9621
5.4503
11.3158
-1.88962
3.51074
-4.89324
2.16401
-3.4732
4.72615
2.28771
14.837
27.6056
25.3866
34.5689
28.0527
36.0478
23.2722
27.892
1.98881
5.86896
-12.6089
-6.15381
-20.6333
-12.6793
-22.5873
-8.10293
6.34142
-4.223
3.37197
-14.2743
-9.18303
-34.4909
-33.9712
-72.9713
-73.1488
-98.9275
-96.0691
-115.274
-111.73
-125.498
-117.827
-111.095
-126.382
-127.567
-148.1
-152.826
-177.883
-187.222
-219.764
-232.558
-261.033
-277.498
-310.019
-335.448
-380.798
-418.257
-471.07
-574.31
-656.862
-749.94
-854.916
-930.935
-793.456
-28.7771
-39.8894
-53.3836
-57.9243
-62.582
-60.6489
-58.4945
-50.9122
-42.9526
-39.2519
-34.8299
-33.6003
-31.1043
-31.8082
-31.2414
-33.9722
-33.3165
-33.5584
-30.9304
-29.0842
-24.8681
-21.016
-14.6374
-8.27249
-4.41739
-0.279826
1.66347
4.18833
4.09798
4.54687
1.85592
1.74454
0.363228
1.63299
1.91781
4.80401
7.29408
12.9038
18.5201
20.9465
23.6614
23.1507
23.2343
19.0998
15.5888
6.92973
2.30387
-4.48434
-7.1137
-11.5288
-11.8845
-13.1315
-9.47145
-6.03406
-8.04029
-9.69991
-16.4923
-22.1031
-33.553
-43.4538
-59.6044
-70.0633
-82.5352
-89.9512
-99.0744
-104.085
-110.118
-112.049
-114.552
-122.133
-129.848
-141.818
-153.331
-169.149
-184.596
-204.548
-222.817
-244.06
-265.216
-290.63
-318.015
-351.408
-387.607
-431.467
-486.467
-536.427
-577.211
-594.465
-550.801
-374.451
-18.2363
-29.3029
-38.4825
-44.1843
-47.6231
-48.1129
-46.7605
-43.3321
-39.3374
-36.1725
-33.4256
-31.6348
-30.1955
-29.6517
-29.3159
-29.5354
-29.0701
-28.2454
-26.4947
-24.2902
-21.2334
-17.7156
-13.488
-9.26562
-5.75859
-2.72707
-0.528384
1.17917
1.96779
2.29786
1.88557
1.8057
1.80084
2.51897
3.56149
5.45088
7.80668
10.9596
14.0265
16.0891
17.3968
17.3914
16.4928
14.0279
10.6969
6.06135
1.85108
-2.34988
-5.50341
-8.27105
-9.80765
-10.7428
-10.5207
-10.5721
-12.358
-15.3819
-20.4131
-26.616
-34.8466
-43.9378
-54.434
-64.0794
-73.4237
-81.3753
-88.7977
-94.9662
-100.647
-105.446
-110.695
-117.692
-126.003
-136.193
-147.637
-160.949
-175.482
-191.755
-208.793
-227.21
-246.802
-268.399
-291.929
-317.973
-345.92
-375.819
-405.878
-429.196
-438.359
-421.723
-361.729
-240.971
-12.6057
-21.4314
-28.5872
-33.7004
-36.9085
-38.2272
-38.0135
-36.5651
-34.525
-32.4892
-30.6423
-29.1608
-27.9952
-27.1937
-26.5884
-26.0829
-25.3393
-24.2636
-22.7104
-20.7213
-18.2608
-15.4355
-12.3292
-9.22685
-6.41333
-3.9733
-2.01129
-0.505022
0.499625
1.11961
1.43831
1.76063
2.19919
2.93968
3.98754
5.42798
7.17327
9.14124
10.9807
12.3207
13.025
12.9201
12.0087
10.2055
7.68572
4.58298
1.38738
-1.72109
-4.44612
-6.78317
-8.59401
-10.0176
-11.173
-12.6094
-14.8901
-18.1702
-22.6432
-28.2057
-34.8973
-42.3949
-50.4847
-58.525
-66.3135
-73.5571
-80.3218
-86.5454
-92.442
-98.1878
-104.318
-111.354
-119.446
-128.759
-139.246
-150.985
-163.855
-177.856
-192.777
-208.662
-225.494
-243.379
-262.215
-281.792
-301.414
-319.932
-334.989
-342.341
-336.65
-311.411
-260.149
-180.936
-9.167
-15.9634
-21.6317
-25.9589
-28.9132
-30.5471
-31.0432
-30.6492
-29.7052
-28.5326
-27.3319
-26.231
-25.2694
-24.4524
-23.7161
-22.9722
-22.0861
-20.9684
-19.5531
-17.8307
-15.8126
-13.5597
-11.1639
-8.77168
-6.5297
-4.53071
-2.83744
-1.46642
-0.414161
0.375645
0.986287
1.54863
2.16323
2.91819
3.84872
4.9665
6.2196
7.50835
8.65436
9.46809
9.81901
9.61053
8.80941
7.41554
5.5146
3.23901
0.798981
-1.64362
-3.94662
-6.0521
-7.93709
-9.67744
-11.4196
-13.4299
-15.9816
-19.2394
-23.3031
-28.1681
-33.7857
-39.9976
-46.605
-53.3312
-59.9858
-66.4263
-72.6231
-78.593
-84.4517
-90.3742
-96.6325
-103.494
-111.125
-119.633
-129.05
-139.387
-150.599
-162.626
-175.368
-188.747
-202.664
-216.983
-231.432
-245.539
-258.492
-269.024
-275.188
-274.262
-263.088
-238.571
-198.818
-145.183
-6.89882
-12.1217
-16.6092
-20.1961
-22.8211
-24.5072
-25.3563
-25.5269
-25.2167
-24.6182
-23.88
-23.1028
-22.3376
-21.5972
-20.8571
-20.0688
-19.1689
-18.1044
-16.8404
-15.3688
-13.7052
-11.8923
-9.99628
-8.10319
-6.29921
-4.65103
-3.20277
-1.97211
-0.953378
-0.113744
0.600339
1.25787
1.92161
2.6403
3.43661
4.30649
5.21081
6.07721
6.80262
7.27797
7.41444
7.15021
6.45947
5.35149
3.87873
2.12757
0.209998
-1.77142
-3.7358
-5.64281
-7.49273
-9.33906
-11.2843
-13.475
-16.0608
-19.1526
-22.8137
-27.0509
-31.8228
-37.0349
-42.5586
-48.245
-53.9705
-59.6504
-65.2552
-70.8048
-76.3736
-82.0808
-88.0819
-94.5311
-101.545
-109.201
-117.531
-126.534
-136.17
-146.373
-157.044
-168.061
-179.259
-190.404
-201.143
-210.95
-219.059
-224.408
-225.595
-220.94
-208.735
-187.666
-157.477
-119.753
-5.312
-9.33828
-12.8829
-15.8174
-18.0802
-19.6715
-20.6453
-21.0961
-21.1423
-20.9039
-20.4834
-19.9565
-19.3693
-18.7408
-18.0666
-17.3254
-16.4878
-15.527
-14.4259
-13.1828
-11.8119
-10.344
-8.82391
-7.3058
-5.84381
-4.48295
-3.25426
-2.17214
-1.23424
-0.421896
0.296262
0.958614
1.6013
2.25107
2.91902
3.59736
4.25711
4.84957
5.31144
5.57636
5.58735
5.30461
4.71086
3.81331
2.64432
1.25641
-0.286356
-1.92301
-3.60679
-5.31481
-7.05261
-8.85727
-10.7945
-12.9499
-15.4104
-18.2448
-21.4934
-25.1624
-29.2246
-33.6222
-38.2764
-43.1006
-48.0193
-52.9806
-57.965
-62.9868
-68.094
-73.3621
-78.8838
-84.7514
-91.0395
-97.7969
-105.042
-112.765
-120.922
-129.442
-138.218
-147.111
-155.927
-164.406
-172.192
-178.802
-183.598
-185.782
-184.411
-178.488
-167.141
-149.892
-126.982
-99.6518
-4.14068
-7.24641
-10.0332
-12.4037
-14.304
-15.7227
-16.6852
-17.2456
-17.4751
-17.4495
-17.2376
-16.8945
-16.4578
-15.9479
-15.3701
-14.7185
-13.9819
-13.1489
-12.2136
-11.1785
-10.056
-8.86836
-7.6463
-6.42519
-5.24037
-4.12213
-3.09226
-2.16204
-1.33184
-0.591937
0.0750403
0.690189
1.27332
1.83825
2.38904
2.9176
3.40297
3.81268
4.10661
4.24318
4.18612
3.90978
3.4027
2.66909
1.72831
0.611484
-0.644217
-2.00335
-3.43938
-4.9404
-6.51255
-8.18085
-9.98669
-11.9816
-14.2175
-16.7365
-19.5636
-22.7034
-26.139
-29.8353
-33.7446
-37.8154
-42.0019
-46.2727
-50.6158
-55.0407
-59.5776
-64.2729
-69.1823
-74.3605
-79.8521
-85.6838
-91.8608
-98.3634
-105.146
-112.134
-119.221
-126.263
-133.072
-139.4
-144.929
-149.257
-151.893
-152.269
-149.776
-143.842
-134.044
-120.265
-102.848
-82.6773
-3.2306
-5.61266
-7.78185
-9.66574
-11.2202
-12.4294
-13.3029
-13.8703
-14.174
-14.2619
-14.1796
-13.966
-13.6505
-13.2515
-12.7783
-12.2329
-11.6133
-10.917
-10.1439
-9.29888
-8.39249
-7.44119
-6.46616
-5.4912
-4.53993
-3.63295
-2.78563
-2.00678
-1.29829
-0.655821
-0.0704058
0.469024
0.972669
1.44696
1.89221
2.3012
2.65893
2.94369
3.12958
3.19006
3.10192
2.84852
2.42209
1.82462
1.06725
0.168055
-0.851562
-1.97138
-3.1767
-4.46187
-5.83227
-7.30454
-8.90476
-10.6644
-12.615
-14.7822
-17.1816
-19.8161
-22.6758
-25.7392
-28.9779
-32.3609
-35.8606
-39.458
-43.146
-46.9306
-50.83
-54.8724
-59.0904
-63.5155
-68.1717
-73.0704
-78.2067
-83.5558
-89.0708
-94.6798
-100.283
-105.748
-110.905
-115.541
-119.392
-122.144
-123.436
-122.881
-120.095
-114.756
-106.674
-95.8777
-82.6765
-67.6879
-2.48753
-4.28551
-5.94134
-7.4022
-8.63351
-9.61944
-10.3614
-10.8746
-11.184
-11.3193
-11.3105
-11.1846
-10.9633
-10.6621
-10.2907
-9.85441
-9.3555
-8.79576
-8.17807
-7.50789
-6.794
-6.04853
-5.28629
-4.52348
-3.77611
-3.05828
-2.38087
-1.75066
-1.17016
-0.638029
-0.150131
0.298882
0.713771
1.09694
1.44702
1.75805
2.01938
2.21649
2.3325
2.35035
2.25507
2.03581
1.68719
1.20982
0.609841
-0.102517
-0.915156
-1.81679
-2.79956
-3.86112
-5.00576
-6.24448
-7.59368
-9.07275
-10.7009
-12.4938
-14.4612
-16.605
-18.9192
-21.3911
-24.0037
-26.7383
-29.5786
-32.513
-35.5372
-38.6548
-41.8766
-45.2189
-48.7002
-52.3373
-56.1415
-60.1147
-64.2459
-68.5089
-72.8596
-77.2335
-81.5433
-85.6757
-89.4892
-92.8107
-95.4356
-97.1299
-97.6389
-96.7041
-94.089
-89.6168
-83.2135
-74.9514
-65.0782
-54.0184
-1.85154
-3.16367
-4.38226
-5.46992
-6.4009
-7.16164
-7.74996
-8.17317
-8.44548
-8.58501
-8.61102
-8.54161
-8.39219
-8.17473
-7.89777
-7.56702
-7.18638
-6.75911
-6.28896
-5.78102
-5.24221
-4.6813
-4.10853
-3.53488
-2.97112
-2.42681
-1.90956
-1.42442
-0.97388
-0.558052
-0.175404
0.176312
0.498958
0.792954
1.05643
1.28478
1.47063
1.60434
1.67503
1.67176
1.58495
1.40755
1.13585
0.769728
0.312396
-0.230553
-0.852472
-1.54725
-2.31088
-3.14261
-4.0457
-5.02726
-6.09752
-7.26836
-8.55143
-9.9563
-11.4888
-13.1503
-14.9374
-16.8425
-18.8555
-20.9655
-23.1628
-25.4404
-27.7957
-30.2307
-32.7515
-35.3671
-38.0872
-40.9202
-43.8698
-46.9328
-50.0968
-53.3373
-56.6165
-59.8811
-63.0602
-66.0641
-68.7826
-71.0848
-72.8204
-73.8236
-73.9214
-72.9468
-70.7572
-67.2585
-62.4296
-56.3454
-49.1885
-41.2456
-1.28315
-2.17705
-3.01221
-3.76377
-4.414
-4.9527
-5.37689
-5.68968
-5.89881
-6.01486
-6.04958
-6.01447
-5.91974
-5.77377
-5.58301
-5.35226
-5.08519
-4.78502
-4.4551
-4.09947
-3.72313
-3.33204
-2.93296
-2.53299
-2.13907
-1.7574
-1.393
-1.04942
-0.728667
-0.431377
-0.157233
0.0944875
0.324273
0.531763
0.715275
0.871541
0.995727
1.08175
1.12282
1.11221
1.04401
0.913814
0.719152
0.459672
0.136918
-0.246203
-0.686201
-1.17993
-1.72545
-2.32272
-2.97399
-3.68366
-4.45789
-5.30371
-6.22796
-7.23627
-8.33211
-9.51631
-10.7869
-12.1398
-13.5691
-15.0685
-16.6325
-18.2572
-19.9408
-21.6844
-23.4912
-25.3658
-27.313
-29.3362
-31.4357
-33.6069
-35.8384
-38.1109
-40.3956
-42.6527
-44.8305
-46.8643
-48.6763
-50.1757
-51.2607
-51.8219
-51.749
-50.9394
-49.311
-46.8156
-43.4534
-39.2839
-34.4309
-29.0782
-0.75566
-1.27546
-1.76296
-2.20397
-2.5881
-2.9091
-3.16467
-3.35593
-3.48665
-3.56231
-3.58922
-3.57372
-3.52162
-3.43786
-3.32641
-3.19038
-3.0323
-2.85438
-2.6589
-2.44842
-2.22596
-1.995
-1.75938
-1.52313
-1.29013
-1.06388
-0.847254
-0.642354
-0.450473
-0.272197
-0.107614
0.0433955
0.180823
0.304222
0.41246
0.503591
0.574875
0.622941
0.644082
0.63464
0.591396
0.511921
0.394807
0.239733
0.0473589
-0.180961
-0.443582
-0.739041
-1.06651
-1.42613
-1.8192
-2.24814
-2.71622
-3.22714
-3.78451
-4.39125
-5.0492
-5.75882
-6.51916
-7.32807
-8.18259
-9.07953
-10.016
-10.9899
-12.0005
-13.0481
-14.1342
-15.2609
-16.4302
-17.6434
-18.8995
-20.1948
-21.5218
-22.8679
-24.2153
-25.5394
-26.8088
-27.9847
-29.0209
-29.8643
-30.456
-30.7342
-30.6378
-30.1118
-29.1137
-27.6215
-25.64
-23.2067
-20.3929
-17.3013
-2753.93
-2854.19
-2953.83
-3052.62
-3150.36
-3246.85
-3341.97
-3435.57
-3527.58
-3617.94
-3706.6
-3793.56
-3878.82
-3962.41
-4044.36
-4124.72
-4203.57
-4280.96
-4356.98
-4431.73
-4505.29
-4577.77
-4649.28
-4719.92
-4789.81
-4859.05
-4927.75
-4996
-5063.91
-5131.55
-5199
-5266.36
-5333.68
-5401.02
-5468.45
-5536.01
-5603.75
-5671.69
-5739.86
-5808.27
-5876.91
-5945.77
-6014.8
-6083.95
-6153.14
-6222.3
-6291.3
-6360.04
-6428.36
-6496.12
-6563.16
-6629.28
-6694.29
-6757.97
-6820.09
-6880.38
-6938.57
-6994.35
-7047.39
-7097.34
-7143.83
-7186.45
-7224.79
-7258.42
-7286.88
-7309.71
-7326.42
-7336.52
-7339.47
-7334.73
-7321.76
-7299.95
-7268.72
-7227.45
-7175.51
-7112.28
-7037.14
-6949.5
-6848.82
-6734.6
-6606.45
-6464.1
-6307.41
-6136.42
-5951.37
-5752.72
-5541.18
-5317.65
-5083.28
-4839.39
1884.9
1011.55
642.916
453.018
339.701
264.499
210.505
169.314
136.325
108.812
85.0526
63.89
44.5025
26.2688
8.68611
385.222
518.942
449.674
363.776
292.507
236.793
192.939
157.553
128.157
103.021
80.9304
61.0076
42.5965
25.1813
8.33247
37.6489
229.318
273.056
259.9
229.754
197.222
166.904
139.8
115.727
94.1842
74.6386
56.6127
39.6942
23.527
7.79483
-52.0315
87.622
153.325
173.011
169.383
155.435
137.653
119.014
100.766
83.3478
66.8262
51.1094
36.0399
21.4372
7.11463
-75.2497
19.8738
79.611
109.432
119.328
117.481
109.257
97.8336
84.9749
71.6131
58.2081
44.9581
31.9184
19.0669
6.34102
-78.2967
-12.4884
35.8114
65.7784
81.0168
85.9
84.0599
78.0869
69.6852
59.9205
49.434
38.5959
27.6082
16.5706
5.52354
-74.1836
-27.3415
10.3447
36.8522
53.0593
61.0413
62.9941
60.7678
55.7574
48.9488
41.0107
32.3828
23.3474
14.0836
4.70598
-67.1992
-33.0376
-3.9433
18.2259
33.3259
42.2107
46.1064
46.2319
43.6266
39.1059
33.2766
26.5764
19.3147
11.7103
3.92262
-58.9724
-33.6659
-11.3063
6.66838
19.8071
28.3682
32.988
34.4257
33.4106
30.5706
26.413
21.3311
15.6243
9.52011
3.19668
-50.1915
-31.3472
-14.2844
-0.0536751
10.8652
18.4662
23.0509
25.0716
25.0187
23.3526
20.473
16.7103
12.3309
7.54898
2.54063
-41.1677
-27.2467
-14.4304
-3.46412
5.24077
11.5802
15.6773
17.7909
18.2394
17.3477
15.4158
12.706
9.44007
5.80418
1.95752
-32.0459
-22.0419
-12.7267
-4.61344
1.98144
6.93624
10.2867
12.1748
12.8002
12.3825
11.1364
9.25767
6.91895
4.27005
1.44275
-22.892
-16.1482
-9.82135
-4.24459
0.361958
3.89635
6.35818
7.82108
8.40378
8.24567
7.4892
6.26919
4.70788
2.91424
0.986077
-13.7331
-9.8375
-6.16587
-2.90557
-0.185446
1.92892
3.4285
4.34747
4.74806
4.70706
4.30548
3.62193
2.7291
1.69294
0.573413
-4562.23
-4250.64
-3932.45
-3610.13
-3285.88
-2961.53
-2638.47
-2317.73
-1999.91
-1685.28
-1373.79
-1065.19
-759.006
-454.648
-151.422
)
;

boundaryField
{
    hot
    {
        type            calculated;
        value           nonuniform List<scalar> 
120
(
1035.11
-0.381874
-0.644321
-0.917893
-1.20559
-1.50887
-1.82709
-2.15683
-2.49149
-2.82096
-3.13179
-3.40798
-3.63254
-3.78968
-3.86732
-3.86669
-3.80102
-3.6805
-3.51233
-3.30588
-3.07157
-2.81993
-2.56076
-2.3025
-2.05199
-1.81434
-1.59305
-1.3902
-1.20669
-1.04252
-0.897054
-0.76919
-0.657567
-0.560685
-0.477012
-0.405046
-0.343366
-0.290658
-0.245728
-0.207506
-0.175045
-0.14751
-0.124178
-0.104417
-0.0876856
-0.0735152
-0.0615048
-0.0513102
-0.0426369
-0.0352318
-0.0288778
-0.0233873
-0.0185973
-0.0143654
-0.010565
-0.00708214
-0.00381229
-0.000657053
0.0024786
0.00568915
0.00907131
0.0127269
0.0167657
0.021309
0.0264927
0.0324715
0.0394231
0.0475533
0.0571017
0.0683479
0.0816188
0.0972972
0.115831
0.137743
0.163643
0.19424
0.230355
0.272933
0.323058
0.38196
0.451026
0.531797
0.625962
0.735338
0.861827
1.00735
1.17376
1.36268
1.57534
1.81234
2.07335
2.35679
2.65948
2.97636
3.30017
3.62149
3.9288
4.20909
4.44861
4.63416
4.75443
4.80139
4.77143
4.66584
4.49072
4.22679
3.88025
3.49294
3.08801
2.685
2.2987
1.93888
1.61081
1.31609
1.05355
0.820093
0.611412
0.422443
0.247729
-1052.92
)
;
    }
    cold
    {
        type            calculated;
        value           nonuniform List<scalar> 
120
(
16.4211
-0.164901
-0.273216
-0.378961
-0.480838
-0.577314
-0.666597
-0.746664
-0.815339
-0.870432
-0.909946
-0.932319
-0.936691
-0.923115
-0.892678
-0.852267
-0.806149
-0.753526
-0.696445
-0.636917
-0.576787
-0.517643
-0.460767
-0.407114
-0.357334
-0.311799
-0.270655
-0.233868
-0.201275
-0.172621
-0.147596
-0.125866
-0.107086
-0.0909223
-0.0770577
-0.0651985
-0.0550775
-0.0464548
-0.0391177
-0.0328787
-0.0275736
-0.0230598
-0.0192132
-0.0159265
-0.0131065
-0.0106725
-0.00855404
-0.00668919
-0.00502309
-0.00350644
-0.00209409
-0.000743815
0.000584891
0.001932
0.00333813
0.00484573
0.00650034
0.00835197
0.0104566
0.0128778
0.0156887
0.018974
0.0228329
0.0273815
0.0327566
0.0391193
0.0466603
0.0556049
0.0662193
0.0788186
0.0937752
0.111529
0.132599
0.157597
0.187242
0.22238
0.264
0.313259
0.371501
0.440284
0.521404
0.616916
0.729154
0.860745
1.0146
1.19392
1.40211
1.64275
1.91941
2.2355
2.59398
2.99699
3.44541
3.93827
4.47215
5.04047
5.63295
6.23509
6.82811
7.38932
7.89312
8.31273
8.62264
8.80132
8.83399
8.68611
8.33247
7.79483
7.11463
6.34102
5.52354
4.70598
3.92262
3.19668
2.54063
1.95752
1.44275
0.986077
0.573413
-151.422
)
;
    }
    interface_left
    {
        type            calculated;
        value           nonuniform List<scalar> 
90
(
-721.8
-244.524
-97.9386
-46.9159
-26.2534
-16.4806
-11.1894
-8.00931
-5.94667
-4.53292
-3.52356
-2.78024
-2.21948
-1.78828
-1.45155
-1.1853
-0.972617
-0.80128
-0.662289
-0.548883
-0.455905
-0.379366
-0.316146
-0.263776
-0.220287
-0.184096
-0.153921
-0.128718
-0.107633
-0.0899636
-0.0751286
-0.0626474
-0.0521194
-0.0432096
-0.035637
-0.029164
-0.0235889
-0.0187386
-0.0144632
-0.0106311
-0.00712455
-0.00383607
-0.000665054
0.00248542
0.0057116
0.00911208
0.0127909
0.0168606
0.0214462
0.0266886
0.0327497
0.039817
0.0481102
0.0578885
0.0694589
0.0831875
0.0995121
0.118958
0.142157
0.169876
0.20304
0.242779
0.290476
0.347831
0.416946
0.500443
0.601612
0.724625
0.874825
1.05914
1.28668
1.56962
1.92453
2.37447
2.9523
3.70628
4.70972
6.07883
8.00753
10.8411
15.2474
22.6555
36.5086
66.1964
140.454
356.022
1063.04
1056.98
330.333
58.4772
)
;
    }
    interface_right
    {
        type            calculated;
        value           nonuniform List<scalar> 
90
(
-50.1597
-18.8109
-8.55676
-4.65453
-2.89631
-1.97076
-1.42032
-1.06313
-0.816821
-0.63951
-0.50778
-0.407558
-0.329887
-0.26881
-0.220216
-0.181188
-0.149598
-0.123865
-0.102792
-0.0854571
-0.071144
-0.0592869
-0.0494355
-0.0412286
-0.0343736
-0.0286324
-0.0238097
-0.0197443
-0.0163026
-0.0133729
-0.0108611
-0.00868751
-0.00678353
-0.00508965
-0.0035532
-0.00212667
-0.000766124
0.000570175
0.00192311
0.003334
0.00484587
0.00650476
0.00836121
0.0104717
0.0129007
0.0157221
0.0190219
0.0229011
0.0274782
0.0328932
0.0393125
0.0469332
0.0559901
0.0667632
0.0795866
0.0948594
0.11306
0.13476
0.160647
0.191549
0.22846
0.272584
0.325378
0.388611
0.464442
0.555515
0.665084
0.797181
0.956831
1.15035
1.38576
1.67334
2.02641
2.46256
3.00526
3.68655
4.55101
5.66232
7.11403
9.04853
11.6916
15.4205
20.9071
29.4503
43.8286
70.7263
128.34
272.258
689.323
2054.94
)
;
    }
    interface_top
    {
        type            calculated;
        value           nonuniform List<scalar> 
90
(
-216.893
58.8961
-244.211
-20.145
-203.976
-41.2803
-172.251
-69.9609
22.8287
-91.0838
21.7044
-87.3783
29.2185
-86.2062
37.8336
-118.214
-1.87197
-100.189
-5.89024
-83.9018
-6.33239
-71.946
-17.2268
36.1409
-26.5486
44.5672
-23.9053
58.4352
-24.7338
74.5274
-59.4574
45.0026
-55.7706
38.7145
-49.9564
34.7725
-46.5854
17.1303
82.6019
-0.302728
94.4173
-5.64871
112.787
-19.7977
131.222
-88.6103
74.0937
-94.1639
54.1917
-96.599
36.691
-104.152
-5.99931
93.8806
-50.0761
92.9081
-75.184
94.5097
-108.877
90.3187
-201.276
-5.57986
-203.074
-43.0917
-202.757
-74.26
-207.873
-124.027
-45.2872
-172.957
-70.6425
-202.282
-95.7872
-235.551
-126.789
-298.055
-203.559
-320.578
-251.813
-360.061
-307.241
-448.557
-424.066
-392.197
-764.072
-805.602
-968.075
-1304.49
-2050.62
-3997.28
)
;
    }
    interface_bottom
    {
        type            calculated;
        value           nonuniform List<scalar> 
90
(
1011.97
387.015
352.003
146.261
231.548
101.463
184.701
102.797
27.8612
112.942
22.3741
112.642
19.4899
114.699
19.3306
141.18
57.7855
127.839
69.4335
112.416
74.9489
97.497
78.7084
66.0564
78.0506
71.9197
71.1878
76.6381
61.5633
80.1983
44.1594
72.2085
36.617
69.379
30.0922
66.2111
21.5799
52.7194
87.8498
35.396
91.1842
23.7035
94.7957
9.08375
95.4382
-24.0777
64.2975
-19.6408
60.4487
-17.5898
57.5764
-22.0608
36.8895
99.5414
10.8337
103.516
-3.74236
108.051
-21.8683
108.29
-66.4868
62.7272
-55.9324
58.0595
-50.0007
54.6741
-53.6315
27.2393
112.403
-6.89476
118.202
-25.3741
126.216
-49.8496
130.623
-119.868
64.3684
-116.068
50.7136
-121.369
34.6656
-148.144
-29.1986
96.8484
-157.579
-15.7412
160.67
-365.929
-222.099
-183.704
)
;
    }
    defaultFaces
    {
        type            empty;
    }
}


// ************************************************************************* //
