/*--------------------------------*- C++ -*----------------------------------*\
| =========                 |                                                 |
| \\      /  F ield         | OpenFOAM: The Open Source CFD Toolbox           |
|  \\    /   O peration     | Version:  5.x                                   |
|   \\  /    A nd           | Web:      www.OpenFOAM.org                      |
|    \\/     M anipulation  |                                                 |
\*---------------------------------------------------------------------------*/
FoamFile
{
    version     2.0;
    format      ascii;
    class       volScalarField;
    location    "19.6";
    object      gradTx;
}
// * * * * * * * * * * * * * * * * * * * * * * * * * * * * * * * * * * * * * //

dimensions      [0 -1 0 1 0 0 0];

internalField   nonuniform List<scalar> 
6300
(
-15.0392
-14.8209
-14.3868
-13.742
-12.8948
-11.8575
-10.6473
-9.28674
-7.80488
-6.23725
-4.62546
-3.0159
-1.45739
0.00209388
1.31914
-15.2577
-15.037
-14.5978
-13.9446
-13.0851
-12.0308
-10.7978
-9.40831
-7.89094
-6.28169
-4.62351
-2.96514
-1.35864
0.144224
1.49644
-15.6972
-15.4719
-15.0229
-14.3538
-13.4706
-12.3829
-11.1052
-9.65798
-8.06915
-6.37533
-4.62204
-2.86281
-1.15656
0.436745
1.86208
-16.3622
-16.1307
-15.6684
-14.9772
-14.0607
-12.9254
-11.5825
-10.0495
-8.35261
-6.52874
-4.62682
-2.70777
-0.841875
0.896902
2.43938
-17.2589
-17.0205
-16.5431
-15.8263
-14.8698
-13.6757
-12.25
-10.6051
-8.76336
-6.76047
-4.64901
-2.49987
-0.400353
1.55307
3.26755
-18.3942
-18.1494
-17.6577
-16.9151
-15.9167
-14.658
-13.1371
-11.358
-9.33549
-7.10105
-4.70917
-2.24266
0.186968
2.44786
4.40761
-19.7746
-19.5255
-19.0233
-18.26
-17.2242
-15.9028
-14.2825
-12.3544
-10.1199
-7.59934
-4.84425
-1.94887
0.942726
3.64348
5.95334
-21.4042
-21.155
-20.6503
-19.8775
-18.8177
-17.4465
-15.736
-13.6577
-11.1905
-8.33245
-5.11993
-1.65157
1.88902
5.22971
8.05085
-23.2833
-23.0403
-22.5457
-21.7822
-20.7226
-19.33
-17.5574
-15.3502
-12.6521
-9.42033
-5.65171
-1.42681
3.03491
7.33519
10.9358
-25.4055
-25.1773
-24.7104
-23.9831
-22.9609
-21.5937
-19.8138
-17.5336
-14.6479
-11.0453
-6.64004
-1.43917
4.34194
10.14
15.0087
-27.7562
-27.5531
-27.1356
-26.4792
-25.5442
-24.2704
-22.5707
-20.3227
-17.3607
-13.4732
-8.42426
-2.03205
5.63167
13.8738
20.9999
-30.3102
-30.1437
-29.7997
-29.2542
-28.4667
-27.3733
-25.8761
-23.8262
-20.9991
-17.0629
-11.552
-3.89678
6.34263
18.7231
30.3743
-33.0307
-32.912
-32.6655
-32.2714
-31.6951
-30.8801
-29.7343
-28.107
-25.747
-22.2277
-16.8242
-8.34606
4.91209
24.3013
46.4588
-35.8702
-35.8083
-35.6791
-35.4709
-35.1626
-34.7178
-34.0741
-33.1209
-31.6542
-29.2768
-25.1715
-17.5757
-2.65001
27.1106
78.1143
-38.7718
-38.7719
-38.7718
-38.7707
-38.7666
-38.7546
-38.7235
-38.6485
-38.4722
-38.054
-37.0095
-34.1355
-25.0475
8.67611
153.878
2.37833
3.18844
3.85106
4.36399
4.73035
4.95762
5.05652
5.03983
4.92129
4.71475
4.4335
4.08979
3.69466
3.25776
2.78745
2.29083
1.7739
1.24169
0.698397
0.147547
-0.407912
-0.965496
-1.5231
-2.07894
-2.6315
-3.17948
-3.72184
-4.25772
-4.7865
-5.30775
-5.82128
-6.32705
-6.82521
-7.31601
-7.79974
-8.27673
-8.7472
-9.21132
-9.66909
-10.1204
-10.565
-11.0027
-11.4332
-11.8562
-12.2717
-12.6798
-13.0806
-13.4746
-13.8621
-14.2438
-14.6199
-14.9906
-15.356
-15.7158
-16.0692
-16.4156
-16.7537
-17.0825
-17.4007
-17.7074
-18.0013
-18.2818
-18.5479
-18.7988
-19.0338
-19.2515
-19.4505
-19.6288
-19.7838
-19.9126
-20.0116
-20.0771
-20.1051
-20.0919
-20.0338
-19.9279
-19.772
-19.5644
-19.3046
-18.993
-18.6307
-18.2199
-17.7638
-17.2664
-16.7324
-16.1676
-15.5784
-14.972
-14.3559
-13.7379
2.57873
3.40049
4.0663
4.57476
4.93035
5.14219
5.22271
5.18623
5.04776
4.82212
4.5232
4.16364
3.75459
3.30569
2.82516
2.31992
1.79575
1.2575
0.70915
0.154063
-0.404963
-0.965565
-1.52574
-2.08375
-2.63814
-3.18765
-3.73121
-4.26799
-4.79736
-5.31891
-5.83245
-6.33802
-6.83581
-7.32616
-7.80944
-8.28606
-8.75632
-9.22041
-9.67833
-10.1299
-10.575
-11.0131
-11.4438
-11.867
-12.2824
-12.6901
-13.0904
-13.4837
-13.8706
-14.2516
-14.6274
-14.9982
-15.3641
-15.7246
-16.0793
-16.4272
-16.767
-17.0975
-17.4173
-17.7254
-18.0206
-18.3022
-18.5695
-18.8218
-19.0583
-19.2783
-19.4801
-19.662
-19.8215
-19.9553
-20.0597
-20.1308
-20.1644
-20.1562
-20.1024
-19.9999
-19.8461
-19.6394
-19.3792
-19.0657
-18.7002
-18.2851
-17.8232
-17.3188
-16.7766
-16.2025
-15.6031
-14.9858
-14.3585
-13.7294
2.99189
3.83683
4.50783
5.0054
5.33706
5.51561
5.55713
5.47922
5.29953
5.03476
4.70002
4.30857
3.87172
3.39899
2.89828
2.37609
1.83776
1.28769
0.729483
0.166135
-0.39985
-0.966353
-1.53155
-2.09386
-2.65189
-3.20442
-3.7504
-4.28897
-4.81951
-5.3416
-5.85513
-6.36019
-6.85713
-7.34645
-7.82873
-8.30453
-8.7743
-9.23832
-9.6966
-10.1489
-10.5949
-11.0338
-11.4653
-11.8888
-12.304
-12.711
-13.1101
-13.5019
-13.8872
-14.267
-14.642
-15.0128
-15.3795
-15.7419
-16.0992
-16.4502
-16.7936
-17.1276
-17.4508
-17.7618
-18.0595
-18.3432
-18.6125
-18.8671
-19.1067
-19.3308
-19.5383
-19.7275
-19.8958
-20.0399
-20.1557
-20.2385
-20.2835
-20.2859
-20.2411
-20.1455
-19.9962
-19.7913
-19.5301
-19.213
-18.8413
-18.4172
-17.9438
-17.4253
-16.8666
-16.2737
-15.6534
-15.0138
-14.3635
-13.7116
3.64399
4.52332
5.19881
5.67463
5.96395
6.08604
6.06324
5.9185
5.67356
5.34791
4.95829
4.51864
4.04031
3.53239
3.00214
2.45532
1.89653
1.32946
0.757086
0.181883
-0.394103
-0.969118
-1.54162
-2.11022
-2.67364
-3.23068
-3.78029
-4.32157
-4.85383
-5.37666
-5.88999
-6.39405
-6.88942
-7.37687
-7.85731
-8.33163
-8.80053
-9.26444
-9.7234
-10.177
-10.6247
-11.0654
-11.4982
-11.9224
-12.3374
-12.7431
-13.1401
-13.5293
-13.9118
-14.2891
-14.6626
-15.0331
-15.401
-15.7663
-16.1279
-16.4842
-16.8334
-17.1732
-17.5016
-17.817
-18.1182
-18.4047
-18.6764
-18.9338
-19.1773
-19.4071
-19.6227
-19.8228
-20.0049
-20.1652
-20.2989
-20.4005
-20.4639
-20.4832
-20.4528
-20.3683
-20.226
-20.0241
-19.7615
-19.4388
-19.0575
-18.6199
-18.1293
-17.5896
-17.0058
-16.3839
-15.7314
-15.057
-14.3706
-13.6829
4.57909
5.50303
6.17703
6.61211
6.83137
6.86484
6.74468
6.50179
6.16355
5.75294
5.28839
4.78422
4.2513
3.69777
3.1297
2.55164
1.96708
1.3787
0.788642
0.198638
-0.389864
-0.975598
-1.5574
-2.13412
-2.70461
-3.2677
-3.82224
-4.3672
-4.90176
-5.42544
-5.93819
-6.44045
-6.93309
-7.41736
-7.89469
-8.36649
-8.83392
-9.29765
-9.75779
-10.2137
-10.6644
-11.1082
-11.5436
-11.9691
-12.3839
-12.7878
-13.1814
-13.5661
-13.9438
-14.3168
-14.6872
-15.0568
-15.4264
-15.7959
-16.1639
-16.5284
-16.8865
-17.235
-17.5711
-17.8926
-18.198
-18.4872
-18.7608
-19.0203
-19.2674
-19.5036
-19.7293
-19.944
-20.1451
-20.3284
-20.4882
-20.6172
-20.7076
-20.7517
-20.7424
-20.6738
-20.5418
-20.3438
-20.0793
-19.7489
-19.3546
-18.8989
-18.3852
-17.8172
-17.1996
-16.5382
-15.8409
-15.1173
-14.3795
-13.6404
5.86612
6.84236
7.49899
7.86007
7.96607
7.86455
7.6026
7.22211
6.75751
6.2354
5.67531
5.09099
4.49178
3.8839
3.27145
2.65718
2.04297
1.43022
0.819991
0.213111
-0.389716
-0.987841
-1.58057
-2.16707
-2.74632
-3.31709
-3.87804
-4.42783
-4.96538
-5.48997
-6.00153
-6.50069
-6.98881
-7.46783
-7.94001
-8.40762
-8.87256
-9.33601
-9.79814
-10.258
-10.7138
-11.163
-11.603
-12.0312
-12.4461
-12.8472
-13.2354
-13.6128
-13.9824
-14.348
-14.713
-15.0804
-15.4518
-15.8272
-16.205
-16.5817
-16.9531
-17.3145
-17.6616
-17.991
-18.3011
-18.592
-18.8654
-19.1246
-19.3732
-19.6148
-19.8517
-20.0844
-20.3106
-20.5256
-20.7216
-20.8892
-21.0178
-21.097
-21.1171
-21.0706
-20.9522
-20.7593
-20.4917
-20.1509
-19.7397
-19.2613
-18.719
-18.1161
-17.4561
-16.7442
-15.9879
-15.1982
-14.3898
-13.5802
7.61164
8.64164
9.24626
9.47506
9.39934
9.09501
8.63095
8.06328
7.43402
6.7723
6.0969
5.41897
4.74454
4.07643
3.41567
2.76245
2.11662
1.47799
0.846388
0.221634
-0.396442
-1.00795
-1.61279
-2.21055
-2.8003
-3.38068
-3.94993
-4.50616
-5.04766
-5.57328
-6.08271
-6.57683
-7.05764
-7.52812
-7.99187
-8.45256
-8.91333
-9.37622
-9.84164
-10.3082
-10.7727
-11.2312
-11.6791
-12.1123
-12.528
-12.9252
-13.3049
-13.6705
-14.0268
-14.3798
-14.7352
-15.0981
-15.4713
-15.8552
-16.2473
-16.6425
-17.0341
-17.4146
-17.7773
-18.1171
-18.4317
-18.7216
-18.9904
-19.2438
-19.4889
-19.7325
-19.98
-20.2338
-20.4924
-20.7497
-20.9957
-21.217
-21.3991
-21.527
-21.5876
-21.5706
-21.4697
-21.2822
-21.0092
-20.6541
-20.2214
-19.7156
-19.1401
-18.4969
-17.7874
-17.0139
-16.1827
-15.3057
-14.402
-13.4959
9.98299
11.0532
11.5345
11.5283
11.1616
10.5553
9.80826
8.99293
8.15703
7.32867
6.5219
5.74173
4.98802
4.25819
3.54888
2.85691
2.17975
1.51552
0.862807
0.220435
-0.412727
-1.03773
-1.65531
-2.26561
-2.86785
-3.46034
-4.0406
-4.60572
-5.15287
-5.67989
-6.18598
-6.67213
-7.14131
-7.5981
-8.04813
-8.49734
-8.951
-9.41274
-9.88349
-10.361
-10.8403
-11.3146
-11.7763
-12.2186
-12.6366
-13.0281
-13.3947
-13.7413
-14.076
-14.4079
-14.7467
-15.1006
-15.4751
-15.8712
-16.2851
-16.7085
-17.1308
-17.5401
-17.9256
-18.2795
-18.5977
-18.8815
-19.1372
-19.3749
-19.6065
-19.8444
-20.0989
-20.3761
-20.6757
-20.9901
-21.305
-21.6014
-21.8581
-22.0538
-22.1696
-22.1915
-22.1115
-21.9281
-21.6449
-21.2689
-20.8083
-20.27
-19.6583
-18.9731
-18.2105
-17.3668
-16.4432
-15.4515
-14.4175
-13.378
13.253
14.3124
14.5243
14.1005
13.2686
12.2179
11.0838
9.95198
8.86897
7.85376
6.9084
6.02617
5.19693
4.41024
3.65695
2.92992
2.22413
1.53632
0.86423
0.205876
-0.440859
-1.07826
-1.70839
-2.33232
-2.9495
-3.55766
-4.1531
-4.73119
-5.28707
-5.81667
-6.31794
-6.79188
-7.24281
-7.67778
-8.10556
-8.53565
-8.97701
-9.43624
-9.91552
-10.4113
-10.9152
-11.4159
-11.9013
-12.36
-12.7832
-13.1668
-13.5129
-13.8295
-14.1289
-14.426
-14.7363
-15.0735
-15.4477
-15.8616
-16.3089
-16.7762
-17.2459
-17.6995
-18.1196
-18.4929
-18.8129
-19.0818
-19.31
-19.5144
-19.7149
-19.9323
-20.1851
-20.486
-20.8376
-21.2296
-21.6406
-22.0428
-22.4047
-22.6953
-22.8868
-22.9589
-22.902
-22.7173
-22.414
-22.0056
-21.5067
-20.93
-20.2824
-19.5604
-18.7503
-17.8345
-16.8017
-15.6583
-14.4406
-13.2106
17.8922
18.7918
18.4289
17.2602
15.6904
14.0003
12.356
10.8406
9.48308
8.27808
7.20382
6.23411
5.34437
4.51402
3.72706
2.97218
2.24247
1.53438
0.845756
0.174482
-0.482523
-1.12935
-1.77045
-2.40882
-3.0442
-3.67335
-4.29062
-4.88866
-5.45912
-5.99428
-6.48926
-6.94473
-7.3673
-7.76779
-8.15963
-8.55772
-8.97723
-9.43079
-9.92377
-10.4498
-10.9944
-11.5392
-12.0647
-12.5523
-12.9866
-13.3596
-13.6736
-13.9422
-14.185
-14.4252
-14.6867
-14.9932
-15.3631
-15.8036
-16.3037
-16.8401
-17.3843
-17.9071
-18.3807
-18.783
-19.1017
-19.3403
-19.517
-19.6593
-19.7989
-19.969
-20.2018
-20.5228
-20.9413
-21.4413
-21.9889
-22.5418
-23.054
-23.4794
-23.7757
-23.9118
-23.8764
-23.6772
-23.3343
-22.8722
-22.3169
-21.6921
-21.0131
-20.2746
-19.4423
-18.4705
-17.3192
-15.9721
-14.4813
-12.9643
24.7755
25.0888
23.4934
20.997
18.2849
15.7163
13.4422
11.5017
9.87739
8.51396
7.34847
6.32669
5.40611
4.55516
3.75077
2.97803
2.22954
1.50426
0.802168
0.122422
-0.538944
-1.18877
-1.83651
-2.48969
-3.14791
-3.8062
-4.45587
-5.08589
-5.68202
-6.22975
-6.71747
-7.14496
-7.52357
-7.87023
-8.20465
-8.54893
-8.92835
-9.36855
-9.88433
-10.4615
-11.0734
-11.6903
-12.2828
-12.821
-13.2785
-13.6369
-13.8998
-14.0918
-14.2448
-14.3933
-14.5726
-14.8211
-15.1767
-15.6598
-16.2459
-16.8925
-17.5535
-18.1852
-18.7444
-19.1931
-19.5058
-19.6877
-19.7734
-19.8078
-19.8387
-19.9153
-20.0912
-20.419
-20.9276
-21.584
-22.3295
-23.0991
-23.8283
-24.449
-24.8948
-25.1117
-25.0861
-24.8441
-24.4257
-23.8729
-23.227
-22.5321
-21.8292
-21.1238
-20.3347
-19.3651
-18.1183
-16.4925
-14.5595
-12.5777
35.6979
34.1338
29.8552
25.0441
20.6723
17.0075
14.0475
11.707
9.89581
8.46458
7.28595
6.27335
5.3674
4.52904
3.72874
2.94881
2.183
1.4406
0.726269
0.0437692
-0.612089
-1.25131
-1.89483
-2.56336
-3.25158
-3.9515
-4.64948
-5.33192
-5.97461
-6.55167
-7.0324
-7.41555
-7.72585
-7.99027
-8.23542
-8.48951
-8.79188
-9.1974
-9.75651
-10.4229
-11.1452
-11.8762
-12.5788
-13.2061
-13.7127
-14.0516
-14.2281
-14.2973
-14.3111
-14.3169
-14.3584
-14.4949
-14.8066
-15.3674
-16.1009
-16.9241
-17.7647
-18.5677
-19.267
-19.7987
-20.0982
-20.1735
-20.1036
-19.9611
-19.8125
-19.7185
-19.7618
-20.0546
-20.7009
-21.5982
-22.6351
-23.7143
-24.7587
-25.6701
-26.3435
-26.6606
-26.607
-26.2649
-25.7104
-25.0075
-24.2071
-23.3834
-22.6488
-22.0934
-21.4867
-20.6586
-19.4629
-17.4552
-14.7078
-11.9038
54.8005
47.0872
36.9835
28.4587
22.0418
17.2836
13.7607
11.1501
9.36687
8.05128
6.98416
6.06626
5.23122
4.44794
3.67723
2.89912
2.10262
1.33643
0.604447
-0.0733213
-0.709254
-1.30772
-1.9172
-2.60869
-3.33846
-4.09964
-4.86545
-5.63522
-6.36172
-7.01232
-7.48782
-7.79101
-7.99419
-8.13802
-8.25331
-8.3605
-8.50684
-8.80503
-9.47412
-10.3038
-11.2044
-12.1032
-12.983
-13.7651
-14.3884
-14.6999
-14.7106
-14.5825
-14.3887
-14.189
-14.0076
-13.916
-14.0777
-14.8264
-15.8266
-16.9303
-18.0301
-19.0991
-20.0307
-20.7388
-21.0129
-20.8684
-20.5379
-20.1229
-19.7076
-19.3238
-19.0729
-19.1809
-20.1126
-21.4114
-22.8795
-24.3792
-25.8806
-27.2338
-28.3049
-28.743
-28.5433
-27.9911
-27.2088
-26.2823
-25.2207
-24.1063
-23.2101
-23.1365
-22.9573
-22.4815
-21.9765
-19.4831
-14.9373
-10.5533
92.9131
63.4817
41.8375
28.8374
21.022
15.7806
12.16
9.40135
8.16435
7.27996
6.4673
5.73966
5.0203
4.34853
3.63622
2.87572
1.97844
1.18284
0.40442
-0.250774
-0.860478
-1.34833
-1.82155
-2.59896
-3.38013
-4.24115
-5.07577
-6.00086
-6.85812
-7.72511
-8.19137
-8.31048
-8.34796
-8.32682
-8.28281
-8.17507
-8.0031
-7.87848
-8.96049
-10.0823
-11.2661
-12.3573
-13.5278
-14.5525
-15.5128
-15.7813
-15.3929
-14.9624
-14.4745
-14.0346
-13.5273
-12.9724
-12.5033
-13.9229
-15.4031
-16.9421
-18.3397
-19.8281
-21.1161
-22.3036
-22.5304
-21.8308
-21.0939
-20.2852
-19.5569
-18.7374
-17.867
-17.1209
-18.9953
-20.9804
-23.0784
-25.0413
-27.2156
-29.2033
-31.1777
-31.7435
-30.9869
-30.0483
-28.9145
-27.7515
-26.3098
-24.5148
-22.5867
-24.3314
-24.8546
-24.3463
-27.353
-24.4665
-14.9333
-7.4359
181.68
68.6619
34.2434
21.7498
16.2953
11.9435
9.31764
5.46131
6.45391
6.40519
5.82783
5.40098
4.74069
4.30731
3.66445
3.04915
1.70767
1.00442
0.0268372
-0.493819
-1.18724
-1.4101
-1.2879
-2.58387
-3.30688
-4.42068
-5.15582
-6.46421
-7.3405
-9.01496
-9.39478
-8.94747
-8.78612
-8.54854
-8.40403
-8.08211
-7.43113
-5.21432
-8.38948
-9.77157
-11.4609
-12.4973
-14.2822
-15.4326
-17.6334
-17.8085
-16.1359
-15.4245
-14.4913
-13.977
-13.1154
-11.9049
-8.209
-12.9323
-14.8947
-17.1571
-18.5187
-20.8453
-22.3459
-25.2518
-25.3814
-22.847
-21.7529
-20.3314
-19.5377
-18.224
-16.4821
-11.2874
-17.7185
-20.3866
-23.4718
-25.3988
-28.8191
-31.1916
-36.0787
-36.6479
-33.6923
-32.3865
-30.662
-29.6219
-27.9072
-25.1149
-16.674
-27.2853
-28.2372
-21.1494
-41.2154
-39.0208
-11.9979
0.399958
-13.0656
-12.3508
-11.6671
-11.0239
-10.4283
-9.88542
-9.39825
-8.96828
-8.59573
-8.27994
-8.01976
-7.81381
-7.66074
-7.5594
-7.50894
-13.0456
-12.3196
-11.6266
-10.9762
-10.3756
-9.82957
-9.34095
-8.91078
-8.53888
-8.22425
-7.96545
-7.76085
-7.60894
-7.50843
-7.45842
-13.0041
-12.2552
-11.5433
-10.8785
-10.2681
-9.71625
-9.22512
-8.79492
-8.42467
-8.11267
-7.85685
-7.65514
-7.50567
-7.40691
-7.3578
-12.9383
-12.1536
-11.4128
-10.7265
-10.1018
-9.54215
-9.04825
-8.61901
-8.25215
-7.94481
-7.69406
-7.49712
-7.3516
-7.25566
-7.20801
-12.8431
-12.0081
-11.2275
-10.5128
-9.87046
-9.30217
-8.80664
-8.38065
-8.02
-7.72031
-7.47739
-7.28759
-7.1479
-7.05605
-7.0105
-12.7106
-11.8082
-10.9761
-10.2268
-9.5649
-8.98932
-8.49542
-8.07685
-7.72684
-7.43895
-7.20753
-7.02788
-6.8963
-6.81006
-6.76738
-12.5287
-11.5378
-10.6419
-9.85323
-9.17292
-8.5947
-8.10878
-7.70442
-7.37147
-7.10104
-6.88583
-6.72004
-6.59929
-6.52045
-6.48152
-12.2782
-11.1723
-10.2002
-9.37124
-8.67877
-8.1077
-7.64049
-7.26052
-6.95349
-6.70785
-6.51464
-6.36709
-6.2603
-6.19086
-6.15666
-11.9272
-10.6731
-9.61518
-8.75271
-8.06314
-7.51674
-7.0849
-6.7436
-6.47405
-6.26218
-6.09772
-5.97332
-5.88389
-5.82599
-5.79754
-11.4196
-9.97772
-8.83464
-7.9612
-7.30429
-6.81115
-6.4387
-6.15486
-5.93688
-5.76904
-5.64067
-5.54454
-5.47588
-5.43162
-5.40991
-10.6503
-8.98341
-7.78434
-6.95309
-6.38159
-5.98481
-5.70383
-5.5002
-5.34949
-5.23639
-5.15131
-5.08823
-5.04344
-5.01463
-5.00053
-9.40902
-7.52113
-6.36612
-5.68515
-5.28411
-5.04262
-4.89157
-4.79255
-4.72445
-4.67568
-4.63989
-4.6136
-4.59494
-4.5829
-4.57699
-7.25465
-5.32592
-4.47383
-4.13722
-4.02705
-4.00994
-4.02722
-4.05394
-4.08002
-4.10194
-4.11892
-4.13131
-4.13978
-4.145
-4.14749
-3.24045
-2.05401
-2.06599
-2.3628
-2.67687
-2.94283
-3.15341
-3.31592
-3.43973
-3.53309
-3.6025
-3.65288
-3.68782
-3.70981
-3.72043
4.65224
2.41635
0.626685
-0.571108
-1.37479
-1.93108
-2.32765
-2.61655
-2.82986
-2.98816
-3.10508
-3.18987
-3.24877
-3.28596
-3.30395
-41.4317
-41.4889
-41.6078
-41.7985
-42.0778
-42.4726
-43.0258
-43.8083
-44.9441
-46.6741
-49.5381
-55.0118
-68.1613
-110.411
-287.548
-43.8102
-43.916
-44.1363
-44.4896
-45.0078
-45.7426
-46.778
-48.2537
-50.4151
-53.7232
-59.1155
-68.6598
-87.1467
-125.001
-193.804
-46.1152
-46.2638
-46.5725
-47.0662
-47.7874
-48.804
-50.2243
-52.2229
-55.0899
-59.3249
-65.8098
-76.0979
-92.6823
-118.099
-147.84
-48.3171
-48.5004
-48.8804
-49.485
-50.3618
-51.5852
-53.2692
-55.589
-58.8149
-63.3641
-69.8628
-79.1634
-92.0841
-108.195
-122.528
-50.3917
-50.6007
-51.0322
-51.7148
-52.6957
-54.0465
-55.8726
-58.3259
-61.621
-66.0495
-71.9701
-79.7148
-89.2706
-99.5253
-107.169
-52.3212
-52.5465
-53.0098
-53.7376
-54.7727
-56.1778
-58.0405
-60.4781
-63.64
-67.6989
-72.8108
-79.0083
-85.9715
-92.6689
-97.1176
-54.0943
-54.3271
-54.8037
-55.547
-56.5927
-57.9914
-59.8091
-62.1273
-65.0363
-68.6169
-72.8976
-77.7701
-82.8571
-87.3739
-90.1557
-55.7058
-55.9384
-56.4124
-57.1463
-58.1678
-59.514
-61.2303
-63.3662
-65.966
-69.0488
-72.5734
-76.3828
-80.1385
-83.2837
-85.1256
-57.1559
-57.382
-57.8408
-58.546
-59.5173
-60.7796
-62.36
-64.283
-66.5603
-69.174
-72.0514
-75.0328
-77.8438
-80.0986
-81.3744
-58.4491
-58.6639
-59.0982
-59.761
-60.6649
-61.8242
-63.2518
-64.9538
-66.921
-69.116
-71.457
-73.8011
-75.9354
-77.5934
-78.5091
-59.5931
-59.7934
-60.1968
-60.8086
-61.6352
-62.6826
-63.953
-65.4405
-67.1235
-68.9566
-70.8607
-72.7149
-74.3578
-75.6035
-76.2798
-60.5981
-60.7819
-61.1509
-61.707
-62.4521
-63.386
-64.5036
-65.7913
-67.2217
-68.748
-70.2988
-71.7754
-73.0559
-74.0091
-74.52
-61.4755
-61.6419
-61.9749
-62.4741
-63.138
-63.9619
-64.9362
-66.0431
-67.2533
-68.5224
-69.7885
-70.9722
-71.9813
-72.7219
-73.115
-62.2373
-62.3863
-62.6835
-63.127
-63.7127
-64.4333
-65.2766
-66.2231
-67.2439
-68.2988
-69.3354
-70.2902
-71.0931
-71.6759
-71.9829
-62.8956
-63.0277
-63.2906
-63.681
-64.1937
-64.8196
-65.5454
-66.3515
-67.2109
-68.088
-68.9391
-69.7136
-70.3578
-70.8213
-71.0641
-63.4622
-63.5784
-63.809
-64.1503
-64.596
-65.1366
-65.7585
-66.4429
-67.1654
-67.8953
-68.5961
-69.2275
-69.748
-70.1199
-70.3139
-63.9481
-64.0496
-64.2506
-64.5471
-64.9324
-65.3972
-65.9281
-66.5079
-67.1149
-67.7227
-68.3013
-68.8182
-69.2415
-69.5421
-69.6983
-64.3636
-64.4517
-64.6259
-64.8821
-65.2138
-65.6117
-66.0637
-66.5541
-67.0638
-67.5704
-68.0492
-68.4742
-68.82
-69.0646
-69.1913
-64.7179
-64.794
-64.9443
-65.1647
-65.4491
-65.7888
-66.1727
-66.5869
-67.0147
-67.4374
-67.8345
-68.185
-68.4689
-68.6688
-68.7722
-65.0194
-65.0849
-65.214
-65.4029
-65.6459
-65.9352
-66.2607
-66.6101
-66.9693
-67.3223
-67.6522
-67.9421
-68.1759
-68.3402
-68.4249
-65.2754
-65.3316
-65.4421
-65.6035
-65.8107
-66.0565
-66.332
-66.6266
-66.9281
-67.2232
-67.4978
-67.7381
-67.9314
-68.0668
-68.1365
-65.4925
-65.5405
-65.6348
-65.7724
-65.9486
-66.1571
-66.39
-66.6383
-66.8914
-67.1382
-67.3671
-67.5668
-67.7269
-67.8389
-67.8965
-65.6763
-65.7171
-65.7975
-65.9146
-66.0641
-66.2407
-66.4375
-66.6465
-66.8591
-67.0657
-67.2567
-67.423
-67.556
-67.6488
-67.6965
-65.8316
-65.8664
-65.9347
-66.0341
-66.1609
-66.3103
-66.4764
-66.6524
-66.8309
-67.004
-67.1636
-67.3022
-67.4129
-67.49
-67.5296
-65.9629
-65.9924
-66.0504
-66.1346
-66.242
-66.3682
-66.5084
-66.6566
-66.8065
-66.9516
-67.0851
-67.2008
-67.2931
-67.3573
-67.3903
-66.0736
-66.0986
-66.1478
-66.2191
-66.3099
-66.4166
-66.5348
-66.6595
-66.7855
-66.9072
-67.019
-67.1157
-67.1927
-67.2463
-67.2738
-66.1669
-66.1881
-66.2297
-66.2901
-66.3669
-66.4569
-66.5566
-66.6616
-66.7675
-66.8696
-66.9633
-67.0443
-67.1087
-67.1534
-67.1764
-66.2455
-66.2635
-66.2987
-66.3497
-66.4146
-66.4906
-66.5746
-66.6631
-66.7521
-66.8379
-66.9165
-66.9843
-67.0383
-67.0757
-67.0949
-66.3116
-66.3268
-66.3566
-66.3998
-66.4546
-66.5188
-66.5896
-66.6641
-66.7391
-66.8112
-66.8772
-66.9341
-66.9793
-67.0106
-67.0267
-66.3672
-66.38
-66.4052
-66.4418
-66.4881
-66.5423
-66.602
-66.6649
-66.728
-66.7887
-66.8441
-66.892
-66.9299
-66.9562
-66.9697
-66.4138
-66.4247
-66.446
-66.4769
-66.5161
-66.5619
-66.6124
-66.6654
-66.7186
-66.7697
-66.8164
-66.8567
-66.8886
-66.9107
-66.922
-66.4529
-66.4621
-66.4802
-66.5063
-66.5395
-66.5783
-66.621
-66.6658
-66.7107
-66.7539
-66.7933
-66.8272
-66.8541
-66.8727
-66.8822
-66.4855
-66.4934
-66.5087
-66.5309
-66.559
-66.5919
-66.6281
-66.666
-66.7041
-66.7406
-66.7739
-66.8026
-66.8253
-66.841
-66.8491
-66.5127
-66.5194
-66.5325
-66.5514
-66.5753
-66.6032
-66.634
-66.6662
-66.6985
-66.7295
-66.7578
-66.7821
-66.8013
-66.8147
-66.8215
-66.5353
-66.541
-66.5522
-66.5683
-66.5887
-66.6126
-66.6388
-66.6663
-66.6939
-66.7203
-66.7444
-66.7651
-66.7815
-66.7928
-66.7987
-66.5539
-66.5588
-66.5684
-66.5823
-66.5998
-66.6203
-66.6428
-66.6664
-66.6901
-66.7127
-66.7334
-66.7511
-66.7651
-66.7749
-66.7798
-66.5692
-66.5734
-66.5817
-66.5937
-66.6089
-66.6266
-66.6461
-66.6665
-66.6869
-66.7065
-66.7243
-66.7397
-66.7518
-66.7602
-66.7645
-66.5814
-66.5851
-66.5924
-66.6029
-66.6162
-66.6317
-66.6487
-66.6666
-66.6844
-66.7015
-66.7171
-66.7305
-66.741
-66.7484
-66.7521
-66.5911
-66.5944
-66.6009
-66.6102
-66.622
-66.6357
-66.6508
-66.6666
-66.6824
-66.6975
-66.7113
-66.7232
-66.7326
-66.739
-66.7424
-66.5986
-66.6015
-66.6073
-66.6157
-66.6264
-66.6387
-66.6524
-66.6666
-66.6809
-66.6945
-66.7069
-66.7176
-66.7261
-66.7319
-66.7349
-66.6039
-66.6066
-66.612
-66.6197
-66.6295
-66.6409
-66.6535
-66.6666
-66.6798
-66.6923
-66.7038
-66.7136
-66.7214
-66.7268
-66.7295
-66.6074
-66.6099
-66.615
-66.6223
-66.6316
-66.6424
-66.6542
-66.6666
-66.679
-66.6909
-66.7017
-66.711
-66.7184
-66.7234
-66.726
-66.609
-66.6115
-66.6165
-66.6236
-66.6326
-66.6431
-66.6546
-66.6666
-66.6787
-66.6902
-66.7007
-66.7098
-66.7169
-66.7219
-66.7244
-66.6089
-66.6114
-66.6164
-66.6235
-66.6325
-66.643
-66.6546
-66.6666
-66.6787
-66.6903
-66.7008
-66.7098
-66.717
-66.7219
-66.7245
-66.6071
-66.6097
-66.6148
-66.6221
-66.6314
-66.6423
-66.6542
-66.6666
-66.6791
-66.691
-66.7019
-66.7112
-66.7186
-66.7237
-66.7263
-66.6034
-66.6062
-66.6116
-66.6194
-66.6293
-66.6408
-66.6534
-66.6666
-66.6799
-66.6925
-66.704
-66.7139
-66.7218
-66.7272
-66.73
-66.5979
-66.6009
-66.6068
-66.6152
-66.626
-66.6385
-66.6522
-66.6666
-66.681
-66.6948
-66.7073
-66.7181
-66.7266
-66.7325
-66.7356
-66.5902
-66.5936
-66.6001
-66.6095
-66.6214
-66.6353
-66.6506
-66.6666
-66.6826
-66.6979
-66.7119
-66.7238
-66.7333
-66.7399
-66.7432
-66.5803
-66.5841
-66.5914
-66.6021
-66.6155
-66.6312
-66.6485
-66.6666
-66.6846
-66.702
-66.7177
-66.7313
-66.742
-66.7494
-66.7532
-66.5677
-66.572
-66.5805
-66.5926
-66.6081
-66.626
-66.6458
-66.6665
-66.6872
-66.7071
-66.7252
-66.7407
-66.753
-66.7615
-66.7659
-66.5522
-66.5572
-66.5669
-66.581
-66.5988
-66.6196
-66.6425
-66.6665
-66.6905
-66.7134
-66.7344
-66.7524
-66.7666
-66.7765
-66.7816
-66.5332
-66.539
-66.5503
-66.5667
-66.5875
-66.6118
-66.6384
-66.6664
-66.6944
-66.7212
-66.7456
-66.7667
-66.7833
-66.7948
-66.8007
-66.5101
-66.5169
-66.5302
-66.5494
-66.5738
-66.6022
-66.6335
-66.6663
-66.6991
-66.7306
-66.7593
-66.784
-66.8035
-66.8171
-66.824
-66.4824
-66.4904
-66.506
-66.5286
-66.5572
-66.5907
-66.6275
-66.6661
-66.7048
-66.7419
-66.7757
-66.8048
-66.8279
-66.8439
-66.8521
-66.4491
-66.4585
-66.4769
-66.5036
-66.5374
-66.5768
-66.6203
-66.6659
-66.7116
-66.7554
-66.7955
-66.8299
-66.8572
-66.8761
-66.8858
-66.4092
-66.4204
-66.4421
-66.4736
-66.5135
-66.5602
-66.6116
-66.6655
-66.7197
-66.7716
-66.8191
-66.86
-66.8924
-66.9148
-66.9263
-66.3617
-66.3748
-66.4006
-66.4378
-66.485
-66.5402
-66.6011
-66.6651
-66.7293
-66.7909
-66.8473
-66.8959
-66.9344
-66.9611
-66.9748
-66.305
-66.3206
-66.351
-66.3951
-66.451
-66.5164
-66.5886
-66.6644
-66.7407
-66.8139
-66.881
-66.9387
-66.9846
-67.0164
-67.0327
-66.2376
-66.256
-66.2919
-66.3441
-66.4103
-66.4878
-66.5734
-66.6635
-66.7541
-66.8412
-66.9211
-66.9899
-67.0446
-67.0825
-67.102
-66.1574
-66.1791
-66.2217
-66.2834
-66.3618
-66.4537
-66.5552
-66.6622
-66.7699
-66.8737
-66.9688
-67.0509
-67.1162
-67.1615
-67.1847
-66.0622
-66.0878
-66.1381
-66.2111
-66.3039
-66.4128
-66.5333
-66.6603
-66.7885
-66.9121
-67.0255
-67.1236
-67.2016
-67.2558
-67.2836
-65.9491
-65.9794
-66.0388
-66.125
-66.2348
-66.3638
-66.5067
-66.6577
-66.8102
-66.9575
-67.093
-67.2102
-67.3035
-67.3685
-67.4018
-65.815
-65.8507
-65.9208
-66.0226
-66.1524
-66.3051
-66.4747
-66.654
-66.8356
-67.0113
-67.1731
-67.3133
-67.4252
-67.5031
-67.5431
-65.6562
-65.6982
-65.7807
-65.9009
-66.0541
-66.2348
-66.4357
-66.6488
-66.865
-67.0747
-67.2682
-67.4362
-67.5704
-67.664
-67.7121
-65.4682
-65.5175
-65.6146
-65.756
-65.9368
-66.1503
-66.3884
-66.6415
-66.8989
-67.1493
-67.3809
-67.5825
-67.7439
-67.8566
-67.9145
-65.2458
-65.3037
-65.4177
-65.5839
-65.7968
-66.0488
-66.3306
-66.6311
-66.9377
-67.2369
-67.5145
-67.7568
-67.9512
-68.0872
-68.1572
-64.9833
-65.0511
-65.1844
-65.3794
-65.6296
-65.9267
-66.2599
-66.6165
-66.9817
-67.3394
-67.6726
-67.9644
-68.1991
-68.3636
-68.4484
-64.6738
-64.7528
-64.9085
-65.1364
-65.4299
-65.7794
-66.1729
-66.5958
-67.0309
-67.459
-67.8594
-68.2115
-68.4957
-68.6954
-68.7985
-64.3095
-64.4012
-64.5823
-64.8481
-65.1912
-65.6015
-66.0656
-66.5667
-67.0851
-67.5978
-68.0798
-68.5057
-68.851
-69.0944
-69.2202
-63.8815
-63.9875
-64.1973
-64.506
-64.9059
-65.3863
-65.9325
-66.5257
-67.1432
-67.7577
-68.3393
-68.856
-69.277
-69.5749
-69.7293
-63.3798
-63.5018
-63.7436
-64.1005
-64.5648
-65.1254
-65.7666
-66.468
-67.2032
-67.9407
-68.6437
-69.2728
-69.7884
-70.155
-70.3456
-62.7935
-62.933
-63.2101
-63.6204
-64.1569
-64.8084
-65.5591
-66.3866
-67.2618
-68.1475
-68.9995
-69.7684
-70.4032
-70.8573
-71.0943
-62.1102
-62.2687
-62.584
-63.0528
-63.6691
-64.4227
-65.2981
-66.2722
-67.313
-68.3776
-69.413
-70.357
-71.1436
-71.7104
-72.0076
-61.317
-61.4954
-61.8513
-62.3828
-63.0859
-63.9524
-64.9685
-66.1116
-67.3476
-68.6282
-69.8899
-71.0549
-72.0367
-72.7506
-73.1272
-60.4
-60.5987
-60.9966
-61.5938
-62.3892
-63.3783
-64.5508
-65.8865
-67.3511
-68.8919
-70.4339
-71.8799
-73.1159
-74.025
-74.5083
-59.345
-59.5639
-60.0035
-60.6672
-61.5579
-62.6769
-64.0197
-65.5718
-67.3018
-69.1548
-71.0446
-72.8507
-74.4221
-75.5951
-76.2249
-58.138
-58.3757
-58.855
-59.5828
-60.5682
-61.8201
-63.3434
-65.1334
-67.1671
-69.392
-71.7135
-73.9845
-76.005
-77.5424
-78.3789
-56.7659
-57.0199
-57.5339
-58.3196
-59.3935
-60.7748
-62.4819
-64.5259
-66.8996
-69.5621
-72.4174
-75.2922
-77.9234
-79.9763
-81.1137
-55.2176
-55.4836
-56.0241
-56.8562
-58.0052
-59.5033
-61.3866
-63.6893
-66.4315
-69.5983
-73.1078
-76.7689
-80.2433
-83.046
-84.6383
-53.4846
-53.7566
-54.3118
-55.1729
-56.3747
-57.9642
-60
-62.5476
-65.6686
-69.3966
-73.6929
-78.3752
-83.0295
-86.9562
-89.2685
-51.5627
-51.833
-52.3872
-53.2531
-54.4749
-56.1153
-58.258
-61.0077
-64.4841
-68.8002
-74.0099
-80.001
-86.3211
-91.9875
-95.5044
-49.4532
-49.7124
-50.2461
-51.0861
-52.2844
-53.9176
-56.0946
-58.9633
-62.7164
-67.5832
-73.7843
-81.3981
-90.0664
-98.5113
-104.183
-47.1637
-47.4013
-47.8923
-48.6705
-49.7918
-51.3425
-53.4507
-56.3046
-60.1753
-65.4397
-72.5774
-82.063
-93.9669
-106.961
-116.799
-44.7093
-44.9143
-45.3393
-46.0166
-47.0012
-48.3802
-50.2891
-52.9399
-56.6663
-61.9953
-69.7401
-81.0486
-97.11
-117.603
-136.247
-42.1127
-42.2746
-42.6111
-43.1494
-43.9368
-45.0499
-46.6124
-48.8283
-52.0445
-56.8733
-64.4281
-76.7334
-97.1754
-129.529
-168.641
-39.4037
-39.5139
-39.7428
-40.1093
-40.6463
-41.4075
-42.4821
-44.0222
-46.3028
-49.8583
-55.8171
-66.7678
-88.9689
-136.761
-228.197
-36.6184
-36.6707
-36.779
-36.951
-37.2001
-37.5476
-38.0285
-38.7018
-39.676
-41.1746
-43.7396
-48.9894
-62.9911
-113.683
-351.249
-33.7968
-33.7888
-33.7711
-33.7394
-33.6856
-33.5952
-33.4413
-33.1725
-32.6851
-31.7503
-29.7979
-25.1333
-11.5338
39.167
277.206
-30.9809
-30.9139
-30.7731
-30.5431
-30.1967
-29.6871
-28.934
-27.7953
-26.0049
-23.0331
-17.7397
-7.48227
14.1586
61.9207
154.487
-28.2116
-28.0904
-27.8371
-27.4279
-26.8213
-25.9481
-24.6948
-22.8706
-20.1455
-15.9283
-9.1292
2.26351
21.7109
53.5597
96.0526
14.9398
6.10511
2.55242
0.710012
-0.40796
-1.15004
-1.66937
-2.04474
-2.32122
-2.52653
-2.67854
-2.78912
-2.8662
-2.91499
-2.93863
9.44767
5.79042
3.11539
1.37158
0.209942
-0.594689
-1.17091
-1.59356
-1.90822
-2.14386
-2.31954
-2.44806
-2.53804
-2.59518
-2.62293
6.49524
4.79358
3.03166
1.62884
0.579923
-0.19795
-0.779079
-1.21738
-1.55009
-1.80282
-1.99327
-2.13373
-2.23268
-2.29576
-2.32648
4.72445
3.83857
2.69855
1.64032
0.761675
0.0621618
-0.486432
-0.914501
-1.24749
-1.50502
-1.70171
-1.84823
-1.95219
-2.01881
-2.05134
3.56884
3.06002
2.3086
1.52708
0.819023
0.217469
-0.277482
-0.677646
-0.997283
-1.24946
-1.44497
-1.59226
-1.69763
-1.76552
-1.79878
2.76655
2.44991
1.93955
1.36282
0.802403
0.298743
-0.134353
-0.49671
-0.793917
-1.03324
-1.22172
-1.36539
-1.46907
-1.53627
-1.56931
2.18412
1.97433
1.61657
1.18722
0.746364
0.331012
-0.0403464
-0.361013
-0.630745
-0.85232
-1.02956
-1.16629
-1.26583
-1.33074
-1.36276
1.74736
1.60148
1.3433
1.01959
0.67261
0.332728
0.0184571
-0.260685
-0.501011
-0.702182
-0.86553
-0.993017
-1.08663
-1.14804
-1.17844
1.4119
1.30662
1.11553
0.868129
0.593918
0.316655
0.0528656
-0.18731
-0.398464
-0.578306
-0.726397
-0.843257
-0.92978
-0.986871
-1.01523
1.14955
1.07133
0.926843
0.735279
0.517341
0.291224
0.0708754
-0.134089
-0.317659
-0.476475
-0.608947
-0.714559
-0.793364
-0.845647
-0.8717
0.9415
0.882057
0.770847
0.620738
0.44644
0.261784
0.0782014
-0.0957229
-0.254042
-0.392936
-0.510146
-0.604471
-0.675361
-0.722631
-0.746258
0.774726
0.728727
0.641857
0.522989
0.38273
0.231597
0.0788199
-0.0681937
-0.203912
-0.324451
-0.427235
-0.510652
-0.573756
-0.616029
-0.637217
0.63989
0.603774
0.535084
0.440093
0.326569
0.202549
0.0754356
-0.0485076
-0.164323
-0.268294
-0.357769
-0.430936
-0.486612
-0.524066
-0.542886
0.53013
0.501438
0.44657
0.370064
0.277695
0.175648
0.0698493
-0.0344659
-0.132956
-0.222203
-0.299627
-0.363363
-0.412118
-0.445041
-0.46162
0.440291
0.417277
0.37308
0.311049
0.235539
0.151351
0.0632326
-0.0244687
-0.108009
-0.184319
-0.250987
-0.306192
-0.348617
-0.377361
-0.391865
0.366429
0.347825
0.311973
0.26139
0.199408
0.129781
0.0563261
-0.0173608
-0.0880821
-0.15313
-0.210306
-0.257894
-0.294614
-0.319566
-0.33218
0.305486
0.290346
0.261093
0.219647
0.168585
0.11087
0.0495799
-0.0123123
-0.0720943
-0.127407
-0.176281
-0.217141
-0.248782
-0.270338
-0.281252
0.255053
0.242666
0.21868
0.184579
0.142381
0.0944407
0.0432516
-0.00872907
-0.0592101
-0.106153
-0.14782
-0.182789
-0.209951
-0.228498
-0.237901
0.213221
0.20304
0.18329
0.155132
0.120163
0.0802671
0.0374728
-0.00618722
-0.0487824
-0.0885631
-0.124009
-0.153856
-0.177102
-0.193006
-0.201078
0.178458
0.170057
0.153736
0.130415
0.101364
0.0681062
0.0322949
-0.0043848
-0.0403089
-0.0739823
-0.104086
-0.129507
-0.149351
-0.16295
-0.16986
0.149529
0.142572
0.129043
0.109674
0.0854881
0.0577176
0.0277199
-0.00310707
-0.0333982
-0.0618799
-0.0874145
-0.109029
-0.125936
-0.137539
-0.14344
0.125428
0.119651
0.108405
0.0922786
0.0721003
0.0488753
0.0237207
-0.00220147
-0.0277437
-0.0518236
-0.073464
-0.0918208
-0.106203
-0.116086
-0.121116
0.105339
0.100528
0.0911543
0.0776962
0.0608276
0.0413728
0.0202543
-0.00155972
-0.0231044
-0.0434612
-0.0617932
-0.0773714
-0.0895946
-0.0980027
-0.102285
0.0885898
0.0845724
0.0767396
0.0654816
0.0513506
0.0350253
0.0172707
-0.001105
-0.0192898
-0.0365047
-0.0520343
-0.0652512
-0.0756346
-0.0827836
-0.0864267
0.0746299
0.0712657
0.0647029
0.0552617
0.0433969
0.0296703
0.0147181
-0.000782826
-0.0161485
-0.0307183
-0.0438812
-0.0550983
-0.06392
-0.0699987
-0.0730978
0.0630058
0.0601799
0.0546646
0.0467244
0.0367359
0.0251662
0.0125466
-0.000554578
-0.0135599
-0.0259085
-0.0370789
-0.0466086
-0.05411
-0.0592823
-0.0619205
0.0533436
0.0509613
0.0463099
0.0396091
0.0311728
0.021391
0.0107095
-0.000392881
-0.0114274
-0.0219168
-0.0314157
-0.0395271
-0.045917
-0.0503255
-0.0525748
0.0453354
0.0433181
0.039378
0.0336989
0.0265438
0.0182404
0.00916464
-0.000278338
-0.0096732
-0.0186129
-0.0267158
-0.0336408
-0.0390996
-0.0428676
-0.0447908
0.0387278
0.0370098
0.0336534
0.0288135
0.0227119
0.015626
0.00787472
-0.000197204
-0.00823504
-0.01589
-0.0228338
-0.0287723
-0.0334562
-0.0366907
-0.0383419
0.0333129
0.0318391
0.0289589
0.0248041
0.0195635
0.0134737
0.0068074
-0.000139741
-0.00706272
-0.0136607
-0.0196498
-0.0247749
-0.0288192
-0.0316129
-0.0330395
0.0289214
0.0276447
0.0251494
0.0215485
0.0170046
0.0117216
0.00593507
-9.90542e-05
-0.00611606
-0.0118542
-0.0170658
-0.0215278
-0.0250503
-0.0274844
-0.0287276
0.0254162
0.0242964
0.0221074
0.0189476
0.0149588
0.0103191
0.00523465
-7.0258e-05
-0.00536302
-0.0104132
-0.0150022
-0.0189329
-0.0220371
-0.0241828
-0.0252788
0.0226885
0.0216906
0.0197394
0.0169223
0.0133649
0.0092255
0.00468727
-4.98961e-05
-0.00477843
-0.00929227
-0.0133957
-0.0169118
-0.0196895
-0.0216098
-0.0225909
0.0206537
0.0197465
0.0179726
0.0154109
0.0121751
0.00840877
0.004278
-3.55242e-05
-0.00434291
-0.00845631
-0.0121971
-0.0154034
-0.0179371
-0.019689
-0.0205842
0.0192488
0.0184043
0.0167527
0.0143674
0.0113538
0.00784504
0.00399562
-2.54171e-05
-0.00404206
-0.00787905
-0.0113695
-0.0143621
-0.0167273
-0.0183631
-0.019199
0.0184301
0.0176223
0.0160424
0.0137601
0.0108763
0.00751782
0.00383239
-1.83613e-05
-0.00386594
-0.00754239
-0.0108876
-0.0137563
-0.016024
-0.0175926
-0.0183942
0.0181724
0.0173764
0.0158197
0.0135706
0.0107283
0.00741761
0.00378394
-1.35099e-05
-0.00380862
-0.00743569
-0.0107366
-0.0135678
-0.0158061
-0.0173546
-0.018146
0.0184672
0.0176588
0.0160776
0.013793
0.0109054
0.00754167
0.0038492
-1.02805e-05
-0.00386798
-0.00755543
-0.0109118
-0.0137908
-0.0160673
-0.0176422
-0.0184471
0.0193234
0.0184778
0.0168238
0.014434
0.0114132
0.00789396
0.00403042
-8.28551e-06
-0.00404556
-0.00790505
-0.0114183
-0.0144323
-0.0168155
-0.0184644
-0.0193072
0.0207667
0.0198581
0.0180809
0.0155131
0.0122671
0.00848529
0.00433326
-7.28558e-06
-0.00434657
-0.00849504
-0.0122716
-0.0155115
-0.0180737
-0.0198463
-0.0207524
0.0228407
0.0218416
0.0198871
0.017063
0.013493
0.00933366
0.004767
-7.16076e-06
-0.00478008
-0.00934325
-0.0134974
-0.0170615
-0.0198799
-0.02183
-0.0228267
0.0256085
0.0244883
0.022297
0.0191307
0.0151282
0.0104648
0.0053448
-7.89622e-06
-0.00535923
-0.0104754
-0.0151331
-0.019129
-0.0222891
-0.0244755
-0.0255931
0.0291541
0.0278787
0.0253839
0.021779
0.0172222
0.0119131
0.00608415
-9.58043e-06
-0.00610165
-0.0119259
-0.0172281
-0.021777
-0.0253743
-0.0278632
-0.0291353
0.0335852
0.0321158
0.0292415
0.0250884
0.0198386
0.0137223
0.00700733
-1.24158e-05
-0.00703002
-0.0137389
-0.0198463
-0.0250858
-0.0292291
-0.0320957
-0.0335609
0.0390365
0.0373283
0.033987
0.0291591
0.0230566
0.0159471
0.00814213
-1.6743e-05
-0.00817272
-0.0159695
-0.023067
-0.0291556
-0.0339702
-0.0373013
-0.0390038
0.045674
0.0436749
0.0397646
0.0341149
0.0269739
0.0186549
0.00952264
-2.30819e-05
-0.00956481
-0.0186858
-0.0269881
-0.03411
-0.0397415
-0.0436375
-0.0456288
0.0536994
0.0513484
0.0467499
0.040106
0.031709
0.0219274
0.0111902
-3.21938e-05
-0.011249
-0.0219705
-0.0317289
-0.0400993
-0.0467177
-0.0512963
-0.0536364
0.0633572
0.0605825
0.0551553
0.0473146
0.0374054
0.0258633
0.0131947
-4.51731e-05
-0.0132773
-0.0259237
-0.0374333
-0.0473051
-0.0551101
-0.0605094
-0.0632688
0.0749416
0.0716582
0.0652364
0.0559593
0.0442357
0.0305813
0.0155959
-6.35787e-05
-0.0157121
-0.0306664
-0.044275
-0.055946
-0.0651728
-0.0715553
-0.0748172
0.0888057
0.0849131
0.0773
0.0663027
0.0524065
0.0362235
0.0184652
-8.96209e-05
-0.0186289
-0.0363435
-0.0524619
-0.066284
-0.0772104
-0.0847681
-0.0886304
0.105373
0.100751
0.0917134
0.078659
0.0621652
0.0429595
0.0218874
-0.000126427
-0.0221184
-0.0431287
-0.0622433
-0.0786325
-0.0915869
-0.100547
-0.105125
0.125148
0.119656
0.108915
0.0934033
0.0738067
0.0509916
0.0259634
-0.000178417
-0.0262894
-0.0512303
-0.0739169
-0.093366
-0.108737
-0.119367
-0.124799
0.148737
0.142205
0.129431
0.110984
0.0876829
0.0605601
0.0308126
-0.000251835
-0.0312727
-0.0608972
-0.0878385
-0.110931
-0.129179
-0.141797
-0.148245
0.176862
0.169087
0.153885
0.131934
0.104213
0.0719512
0.0365761
-0.000355495
-0.0372256
-0.072427
-0.104432
-0.13186
-0.153529
-0.168512
-0.176166
0.210385
0.201126
0.183025
0.156892
0.123895
0.0855042
0.0434202
-0.000501845
-0.0443372
-0.0861758
-0.124205
-0.156787
-0.182523
-0.200314
-0.209403
0.250337
0.239305
0.217741
0.186614
0.147323
0.101621
0.0515407
-0.000708459
-0.0528351
-0.102569
-0.147761
-0.186466
-0.217032
-0.238159
-0.248951
0.297948
0.284798
0.259096
0.222006
0.175201
0.120779
0.0611667
-0.00100014
-0.0629941
-0.122118
-0.175819
-0.221797
-0.258096
-0.28318
-0.295991
0.354689
0.339007
0.308359
0.264144
0.208367
0.143541
0.0725664
-0.00141192
-0.0751461
-0.145431
-0.209239
-0.263849
-0.306947
-0.336722
-0.351927
0.422318
0.403606
0.367043
0.31431
0.247815
0.170573
0.0860515
-0.00199323
-0.0896933
-0.17324
-0.249047
-0.313893
-0.36505
-0.40038
-0.418419
0.502941
0.480599
0.436954
0.37403
0.294726
0.202658
0.101983
-0.00281385
-0.107124
-0.206424
-0.296465
-0.373442
-0.43414
-0.476045
-0.497436
0.599077
0.572382
0.520251
0.445125
0.350498
0.240721
0.120776
-0.00397231
-0.128034
-0.246037
-0.352954
-0.444295
-0.516278
-0.565954
-0.591305
0.713747
0.681828
0.619513
0.52976
0.416789
0.285843
0.142904
-0.00560766
-0.15315
-0.293348
-0.420256
-0.528589
-0.613905
-0.672753
-0.702775
0.85058
0.812378
0.737826
0.630517
0.495561
0.339291
0.168903
-0.00791616
-0.183367
-0.349886
-0.500456
-0.628864
-0.72991
-0.799567
-0.83509
1.01394
0.968166
0.878884
0.750469
0.589133
0.402541
0.199367
-0.0111748
-0.219785
-0.417499
-0.596044
-0.748136
-0.867709
-0.95008
-0.99207
1.20908
1.15416
1.04711
0.893279
0.70024
0.477304
0.234945
-0.0157746
-0.263769
-0.498421
-0.709999
-0.889988
-1.03134
-1.12863
-1.1782
1.44235
1.37637
1.24782
1.06331
0.832106
0.565552
0.27633
-0.0222671
-0.317018
-0.595363
-0.845886
-1.05867
-1.22556
-1.34032
-1.39876
1.72143
1.642
1.4874
1.26576
0.988517
0.669538
0.324223
-0.0314306
-0.381657
-0.711624
-1.00798
-1.25922
-1.45597
-1.59111
-1.65988
2.05565
1.95984
1.77352
1.50682
1.1739
0.791811
0.379293
-0.0443629
-0.460363
-0.851226
-1.20139
-1.4976
-1.72915
-1.88799
-1.96875
2.45641
2.34053
2.11544
1.79386
1.39343
0.935207
0.442097
-0.0626116
-0.556522
-1.01909
-1.43226
-1.78088
-2.05283
-2.23909
-2.3337
2.93763
2.79704
2.52435
2.13566
1.6531
1.10282
0.512952
-0.0883585
-0.674447
-1.22125
-1.70796
-2.11739
-2.43599
-2.65382
-2.76434
3.51646
3.34527
3.0138
2.54263
1.95977
1.29793
0.59175
-0.124676
-0.819652
-1.46512
-2.03732
-2.51696
-2.88913
-3.14305
-3.27171
4.21415
4.00479
3.60026
3.02716
2.32128
1.52383
0.67766
-0.175889
-0.999234
-1.75988
-2.43094
-2.99114
-3.42438
-3.71924
-3.86843
5.05722
4.79982
4.30377
3.60387
2.74636
1.78355
0.76869
-0.248076
-1.22235
-2.11683
-2.90155
-3.55348
-4.05571
-4.39656
-4.56873
6.079
5.76057
5.14883
4.29001
3.24455
2.07941
0.86104
-0.349768
-1.50088
-2.54999
-3.46435
-4.21975
-4.7991
-5.191
-5.38856
7.32189
6.92496
6.16545
5.10573
3.82585
2.41224
0.948132
-0.492914
-1.85024
-3.07671
-4.13752
-5.00827
-5.67264
-6.12037
-6.34557
8.84038
8.34112
7.39052
6.07431
4.49999
2.78011
1.0192
-0.694191
-2.29048
-3.71844
-4.94266
-5.94007
-6.6966
-7.20425
-7.45893
10.7055
10.0707
8.86943
7.2221
5.27518
3.17647
1.05728
-0.976792
-2.84758
-4.50165
-5.90528
-7.03913
-7.89335
-8.46378
-8.7491
13.0115
12.1935
10.6581
8.57791
6.15574
3.58705
1.03622
-1.37277
-3.55518
-5.45875
-7.05523
-8.33233
-9.28714
-9.92124
-10.2374
15.8855
14.8144
12.825
10.1712
7.13802
3.98521
0.91666
-1.9261
-4.45639
-6.62907
-8.42693
-9.8493
-10.9036
-11.5995
-11.9451
19.5031
18.0731
15.4533
12.0278
8.20336
4.32482
0.640293
-2.69641
-5.60592
-8.05965
-10.0593
-11.6218
-12.7689
-13.5209
-13.8928
24.1138
22.1578
18.641
14.1613
9.30625
4.52967
0.122372
-3.76338
-7.07193
-9.8055
-11.9953
-13.6828
-14.9085
-15.7061
-16.0988
30.0827
27.3263
22.4974
16.5555
10.3546
4.47806
-0.757753
-5.23117
-8.93722
-11.9289
-14.28
-16.0643
-17.3454
-18.1722
-18.5775
37.9657
33.9339
27.1265
19.1295
11.1776
3.98149
-2.16734
-7.23184
-11.2986
-14.4971
-16.9582
-18.7952
-20.0978
-20.9311
-21.3374
48.6484
42.4689
32.5815
21.672
11.4757
2.75763
-4.32994
-9.92541
-14.2628
-17.5774
-20.0698
-21.8972
-23.1758
-23.9863
-24.3794
63.6221
53.5786
38.7463
23.7192
10.7472
0.401522
-7.52871
-13.4927
-17.9371
-21.2285
-23.6431
-25.3802
-26.5788
-27.3313
-27.6943
85.5702
68.0135
45.0462
24.339
8.19476
-3.63191
-12.0929
-18.1151
-22.4123
-25.4884
-27.6867
-29.2371
-30.2914
-30.9468
-31.261
119.71
86.2055
49.7764
21.7899
2.64394
-10.0025
-18.3506
-23.9355
-27.7353
-30.3578
-32.1801
-33.4384
-34.2808
-34.799
-35.0458
177.116
106.428
48.6436
13.1015
-7.42056
-19.358
-26.527
-30.9953
-33.8759
-35.7827
-37.0651
-37.9284
-38.4953
-38.8393
-39.0019
283.611
117.689
32.0647
-6.01751
-23.4466
-32.0249
-36.5789
-39.1574
-40.6926
-41.641
-42.2411
-42.624
-42.8644
-43.0054
-43.0707
505.328
73.1871
-17.5299
-39.4789
-45.6189
-47.4861
-48.0025
-48.0439
-47.9168
-47.7411
-47.5676
-47.4182
-47.3023
-47.224
-47.1845
-25.2582
-25.0855
-24.7267
-24.1523
-23.312
-22.1257
-20.4678
-18.1419
-14.8404
-10.0855
-3.16694
6.83079
20.5445
36.231
43.1217
-22.2091
-21.994
-21.5493
-20.8448
-19.8299
-18.4276
-16.5248
-13.9593
-10.5067
-5.87552
0.257906
8.09682
17.2984
26.1224
30.7646
-19.3755
-19.1321
-18.6322
-17.848
-16.7355
-15.2303
-13.2446
-10.6642
-7.35219
-3.16814
1.97714
7.99958
14.4294
20.1951
23.8352
-16.7855
-16.5271
-15.9994
-15.1799
-14.0339
-12.5139
-10.5594
-8.10099
-5.07021
-1.42245
2.81918
7.49426
12.2238
16.3931
19.3543
-14.4542
-14.1918
-13.6587
-12.8385
-11.7067
-10.232
-8.37827
-6.11056
-3.40577
-0.271163
3.2278
6.93444
10.5779
13.7986
16.2647
-12.3856
-12.1273
-11.6053
-10.8089
-9.72278
-8.32937
-6.61135
-4.55755
-2.17165
0.515061
3.42831
6.43753
9.35433
11.9583
14.0585
-10.5755
-10.327
-9.82681
-9.06912
-8.04646
-6.75157
-5.18044
-3.33684
-1.23869
1.07418
3.53232
6.03264
8.4431
10.6215
12.4479
-9.01431
-8.77864
-8.30608
-7.59466
-6.64266
-5.4503
-4.02224
-2.3709
-0.520697
1.48765
3.59372
5.71724
7.76358
9.63627
11.2549
-7.68907
-7.46748
-7.02454
-6.3611
-5.47953
-4.38504
-3.08758
-1.60409
0.0389119
1.80312
3.63733
5.47869
7.25737
8.9048
10.364
-6.58572
-6.378
-5.96382
-5.346
-4.52964
-3.52309
-2.33926
-0.997093
0.477033
2.0483
3.67347
5.30249
6.8821
8.36128
9.69754
-5.6904
-5.4953
-5.10704
-4.52976
-3.77026
-2.83875
-1.74962
-0.52238
0.817692
2.23926
3.70545
5.17537
6.6069
7.96035
9.20246
-4.99049
-4.80607
-4.43962
-3.89606
-3.18324
-2.31235
-1.29844
-0.160842
1.07651
2.38527
3.73334
5.08629
6.40942
7.67042
8.84194
-4.47532
-4.2992
-3.9496
-3.43194
-2.75463
-1.92933
-0.971269
0.100592
1.26357
2.49161
3.75601
5.02667
6.27374
7.4696
8.59068
-4.1366
-3.96612
-3.62797
-3.1278
-2.47432
-1.67939
-0.758244
0.270555
1.38523
2.56125
3.77207
4.99027
6.18893
7.34319
8.43174
-3.96866
-3.80104
-3.46866
-2.9773
-2.33577
-1.55601
-0.653208
0.354296
1.4452
2.59573
3.7804
4.97306
6.14817
7.28216
8.35475
34.6033
37.5276
36.1927
28.7122
25.1667
20.1653
16.8921
10.3061
14.5136
15.8144
16.5905
17.0669
17.9478
18.6458
20.313
20.0209
17.3747
16.1376
14.4389
13.5097
12.06
10.685
7.14747
10.7022
12.0945
13.5713
14.5297
16.2891
17.5729
20.3167
20.6162
18.8825
18.0621
16.8286
16.0974
14.7998
13.3045
9.04571
13.9217
15.9493
18.3002
19.8493
22.7132
24.7571
29.0363
29.6315
27.3631
26.2896
24.6552
23.6616
21.8656
19.6614
13.2703
20.7982
23.8957
27.4734
29.6775
33.5967
36.2346
41.6281
41.9753
37.8044
35.7801
32.8035
31.0222
28.0132
24.7582
15.9928
25.1224
28.6077
32.2922
34.4491
38.3348
40.8943
46.3731
46.5323
42.0431
39.98
37.8406
36.5731
35.7845
31.4633
18.6611
40.6894
33.034
-9.27858
-39.2511
-91.1294
-230.364
-678.04
30.3669
30.44
29.152
26.091
23.2173
20.2158
17.6555
15.3757
15.6247
16.0971
16.5492
16.9644
17.4426
17.8779
18.2663
17.9587
16.9101
15.893
14.8236
13.8934
12.9274
12.0243
11.2294
12.0618
13.0033
14.0113
14.9865
16.1069
17.1704
18.2595
18.566
18.1231
17.5715
16.8903
16.2352
15.4667
14.6752
13.983
15.3673
16.8832
18.526
20.1252
21.9599
23.6917
25.4655
26.0697
25.5773
24.8854
23.9835
23.0806
21.9864
20.8146
19.7677
21.8492
24.0699
26.4147
28.5796
30.9549
33.055
35.053
35.3336
33.9512
32.3407
30.4294
28.5742
26.4547
24.2706
22.2097
24.1302
26.1714
28.2342
30.0156
31.9351
33.5004
34.8923
34.4027
32.1047
29.5188
26.5962
23.36
19.3551
13.517
5.82736
0.988578
-14.8154
-45.6053
-86.2087
-147.594
-246.936
-386.333
25.0812
25.3121
24.6637
23.2
21.4513
19.6308
18.0145
16.8038
16.4138
16.4089
16.5606
16.7707
16.9992
17.177
17.2215
16.9632
16.3999
15.7235
15.0075
14.3285
13.7038
13.2079
12.9681
13.2639
13.8163
14.4981
15.2344
16.0061
16.7311
17.3291
17.5945
17.5199
17.2675
16.9143
16.536
16.1664
15.903
15.9301
16.623
17.6344
18.8142
20.0618
21.3547
22.5658
23.5787
24.0866
24.0787
23.7833
23.3131
22.7748
22.219
21.7878
21.76
22.6997
24.0651
25.615
27.1782
28.7094
30.0222
30.9508
31.0867
30.4262
29.3342
27.9742
26.5069
24.9891
23.6054
22.6933
22.9641
23.7039
24.5811
25.3834
26.0452
26.3563
26.1207
24.8774
22.5806
19.5426
15.8034
11.2536
5.56579
-1.76305
-11.1115
-22.9222
-41.0848
-67.8003
-103.24
-149.401
-205.826
-259.273
20.8917
21.4499
21.3494
20.7187
19.7886
18.7514
17.7891
17.0499
16.6479
16.4949
16.4876
16.5503
16.6286
16.668
16.6125
16.4067
16.0524
15.611
15.1379
14.6851
14.2949
14.0223
13.9353
14.0963
14.4428
14.9064
15.4311
15.9723
16.4746
16.8775
17.1126
17.1725
17.1085
16.9741
16.8245
16.7128
16.7124
16.9184
17.4198
18.1429
19.0049
19.933
20.8669
21.7253
22.419
22.8462
22.9937
22.9329
22.7403
22.4943
22.2719
22.18
22.3588
22.9372
23.7945
24.7961
25.8227
26.7782
27.5424
27.9902
27.9862
27.5223
26.7135
25.6732
24.5124
23.3303
22.2608
21.4737
21.1225
21.0386
21.0357
20.9533
20.6603
19.9994
18.8004
16.8691
14.1239
10.5763
6.17781
0.785943
-5.86036
-14.1347
-24.5047
-37.6856
-55.0376
-77.432
-104.83
-136.425
-169.005
-194.581
17.7817
18.5358
18.798
18.6683
18.2796
17.764
17.2422
16.81
16.5234
16.3711
16.3134
16.3074
16.3137
16.2953
16.2196
16.0639
15.83
15.5437
15.239
14.9515
14.7163
14.5695
14.545
14.6617
14.9003
15.2267
15.6036
15.9945
16.3613
16.6671
16.8827
17.0035
17.0505
17.0559
17.0581
17.0987
17.2243
17.4813
17.8974
18.4512
19.1001
19.7957
20.4878
21.1216
21.6431
22.0082
22.2084
22.2721
22.2445
22.1796
22.1366
22.1822
22.382
22.7728
23.316
23.9412
24.5694
25.1222
25.5181
25.6798
25.548
25.1151
24.4259
23.5458
22.5483
21.5091
20.5096
19.6262
18.8958
18.2566
17.605
16.8264
15.8052
14.4172
12.5344
10.033
6.82244
2.83555
-2.01724
-7.87515
-14.942
-23.4883
-33.8498
-46.4427
-61.7289
-79.8577
-100.379
-122.029
-142.267
-157.1
15.4838
16.3299
16.8103
16.9904
16.9532
16.7851
16.5661
16.3599
16.2052
16.1106
16.0645
16.0465
16.0339
16.005
15.9416
15.8335
15.6827
15.5029
15.3149
15.1425
15.01
14.9403
14.9514
15.051
15.2315
15.4742
15.7558
16.0512
16.3355
16.5865
16.7891
16.9408
17.052
17.1422
17.2363
17.3619
17.547
17.815
18.1765
18.6222
19.1282
19.6632
20.1923
20.6795
21.0923
21.4075
21.6197
21.7425
21.8022
21.8332
21.8737
21.9622
22.1299
22.3887
22.7195
23.0818
23.4244
23.6922
23.8308
23.7919
23.543
23.077
22.4132
21.5874
20.6442
19.6306
18.5912
17.5585
16.5377
15.4925
14.357
13.0491
11.4782
9.54773
7.15937
4.21815
0.639049
-3.65822
-8.76477
-14.7952
-21.8931
-30.2278
-39.9814
-51.3207
-64.3259
-78.8368
-94.3021
-109.667
-123.311
-133.25
13.7721
14.6501
15.2545
15.6254
15.8148
15.879
15.8713
15.8353
15.8004
15.78
15.7748
15.7775
15.7776
15.7639
15.7276
15.6645
15.5769
15.4737
15.3682
15.276
15.2132
15.1944
15.23
15.324
15.4726
15.6654
15.8879
16.1239
16.3575
16.5753
16.7687
16.9362
17.0836
17.2227
17.3689
17.5393
17.7502
18.0138
18.3343
18.706
19.1144
19.539
19.9569
20.3445
20.6817
20.9547
21.1598
21.3036
21.4011
21.4729
21.5414
21.6278
21.7468
21.9008
22.0774
22.2506
22.3867
22.4483
22.3987
22.2065
21.8505
21.3237
20.6334
19.798
18.8415
17.7894
16.663
15.4735
14.2148
12.8584
11.3572
9.65054
7.66889
5.3377
2.58049
-0.678039
-4.51005
-8.98645
-14.1818
-20.1779
-27.0629
-34.9238
-43.8293
-53.7993
-64.7539
-76.4406
-88.3687
-99.7801
-109.691
-117.067
12.4857
13.3641
14.0347
14.5212
14.8563
15.0763
15.2169
15.3088
15.3744
15.4273
15.4733
15.5122
15.5409
15.5552
15.5519
15.5304
15.4935
15.4477
15.4019
15.3668
15.353
15.37
15.4242
15.5182
15.6501
15.8137
16.0003
16.1997
16.402
16.599
16.7854
16.9604
17.1272
17.2927
17.4664
17.6582
17.8775
18.1304
18.4183
18.737
19.0769
19.4246
19.7647
20.082
20.3633
20.5997
20.788
20.9311
21.037
21.117
21.1833
21.2466
21.3128
21.3805
21.4398
21.4728
21.4563
21.3645
21.1719
20.8569
20.4039
19.8055
19.0627
18.1827
17.1764
16.0549
14.8256
13.4885
12.0323
10.4328
8.6535
6.64797
4.363
1.74123
-1.27636
-4.74827
-8.73106
-13.2792
-18.4455
-24.2802
-30.8272
-38.1155
-46.144
-54.8597
-64.1273
-73.6962
-83.1784
-92.0535
-99.7199
-105.605
11.5136
12.3771
13.0797
13.6349
14.063
14.3876
14.6326
14.8197
14.9663
15.0845
15.1817
15.2613
15.3246
15.3715
15.4022
15.4183
15.4229
15.4213
15.4201
15.4267
15.4484
15.4917
15.5608
15.6578
15.7816
15.9288
16.0941
16.2713
16.4542
16.6377
16.8186
16.9962
17.1723
17.351
17.5375
17.7376
17.9562
18.1963
18.4579
18.7373
19.028
19.3209
19.6054
19.8713
20.1095
20.3138
20.4811
20.612
20.7101
20.7807
20.8296
20.8611
20.8764
20.8722
20.84
20.7663
20.6343
20.4255
20.1214
19.7059
19.1665
18.4953
17.6894
16.7493
15.6773
14.4757
13.1435
11.6747
10.0562
8.26628
6.27554
4.04784
1.54221
-1.28514
-4.47887
-8.08267
-12.1378
-16.6816
-21.7464
-27.3564
-33.5239
-40.2409
-47.469
-55.1252
-63.0665
-71.0764
-78.8617
-86.067
-92.3137
-97.2639
10.779
11.6215
12.3365
12.9314
13.4185
13.8131
14.1314
14.3888
14.5987
14.7716
14.915
15.0339
15.1317
15.2108
15.2734
15.3223
15.361
15.3941
15.4267
15.4645
15.5127
15.5759
15.6573
15.7585
15.8792
16.0176
16.1706
16.3344
16.5052
16.6799
16.8563
17.034
17.2137
17.3977
17.5888
17.7901
18.0039
18.2313
18.4714
18.7213
18.976
19.2289
19.4727
19.7001
19.9045
20.081
20.2265
20.3401
20.4225
20.4755
20.5007
20.4987
20.4681
20.4043
20.2996
20.1435
19.9228
19.6235
19.2313
18.7333
18.1186
17.3792
16.5094
15.5056
14.365
13.0843
11.658
10.0768
8.32684
6.38897
4.23887
1.84799
-0.815221
-3.78382
-7.09071
-10.767
-14.8405
-19.3336
-24.2617
-29.6298
-35.4288
-41.6298
-48.177
-54.9799
-61.9066
-68.7796
-75.3797
-81.4604
-86.7739
-91.1084
10.2284
11.0489
11.766
12.3829
12.907
13.3481
13.7174
14.026
14.2843
14.501
14.6832
14.8365
14.9654
15.0735
15.1641
15.2407
15.3071
15.3673
15.4258
15.487
15.5551
15.6336
15.725
15.8308
15.9512
16.0853
16.2314
16.3872
16.5505
16.7193
16.8921
17.0685
17.2488
17.4339
17.6253
17.8243
18.0318
18.2477
18.4707
18.6982
18.9263
19.1499
19.3636
19.5619
19.7396
19.8925
20.0176
20.1128
20.1772
20.2102
20.2108
20.1776
20.1073
19.995
19.8334
19.6135
19.3246
18.9551
18.4934
17.9285
17.2504
16.4507
15.5222
14.4587
13.2544
11.9027
10.3954
8.7218
6.86815
4.8173
2.54899
0.0403972
-2.73279
-5.79521
-9.17042
-12.8793
-16.9387
-21.3591
-26.143
-31.2823
-36.7545
-42.5198
-48.5162
-54.6561
-60.8235
-66.8751
-72.6454
-77.9579
-82.6432
-86.5603
9.82433
10.6252
11.3393
11.9677
12.5145
12.9862
13.3904
13.7355
14.0294
14.2796
14.4927
14.6742
14.8289
14.9611
15.0748
15.1737
15.2617
15.3428
15.4208
15.4995
15.5824
15.6724
15.7718
15.8819
16.0032
16.1355
16.2779
16.4291
16.5878
16.7526
16.9226
17.0974
17.2767
17.461
17.6508
17.8462
18.0474
18.2537
18.4634
18.6742
18.8827
19.085
19.2767
19.4532
19.6102
19.7441
19.8515
19.9299
19.9771
19.9911
19.9696
19.9096
19.807
19.6564
19.4511
19.1828
18.8422
18.4194
17.9042
17.2867
16.5573
15.7076
14.7292
13.6147
12.3561
10.9452
9.37226
7.62613
5.69345
3.55885
1.20516
-1.38609
-4.23375
-7.35607
-10.7694
-14.4869
-18.5167
-22.8608
-27.5125
-32.4548
-37.6579
-43.0766
-48.6484
-54.2919
-59.9066
-65.3753
-70.5695
-75.3579
-79.6183
-83.2506
9.541
10.326
11.0356
11.6696
12.23
12.721
13.1483
13.5182
13.8372
14.1116
14.3474
14.55
14.7245
14.8752
15.0064
15.1221
15.2262
15.3224
15.4144
15.5057
15.5992
15.6976
15.803
15.9166
16.0392
16.171
16.3115
16.4602
16.616
16.7783
16.9462
17.1193
17.2973
17.4802
17.6677
17.8597
18.0557
18.2544
18.4544
18.6533
18.848
19.0353
19.2113
19.3722
19.5141
19.6335
19.727
19.7917
19.8247
19.8231
19.7837
19.7028
19.5756
19.3967
19.1594
18.856
18.4781
18.0166
17.4622
16.8056
16.0377
15.1495
14.1324
12.9779
11.6772
10.2208
8.59861
6.79909
4.80953
2.61596
0.203477
-2.44323
-5.33909
-8.49773
-11.9303
-15.6443
-19.642
-23.9192
-28.4631
-33.2515
-38.2503
-43.4124
-48.6769
-53.9687
-59.1994
-64.2704
-69.0775
-73.5176
-77.497
-80.9397
9.36095
10.135
10.8407
11.477
12.0449
12.5474
12.9887
13.3739
13.7087
13.9987
14.2495
14.4663
14.6539
14.8171
14.9601
15.087
15.2017
15.3078
15.409
15.5083
15.6087
15.7126
15.822
15.9381
16.0619
16.1936
16.3333
16.4806
16.6349
16.7955
16.9621
17.134
17.3108
17.4923
17.678
17.8674
18.0596
18.2533
18.4469
18.638
18.824
19.0017
19.1676
19.3184
19.4503
19.56
19.644
19.6991
19.722
19.7094
19.6576
19.5623
19.4186
19.2209
18.9626
18.6364
18.2342
17.7475
17.1674
16.4849
15.6911
14.7769
13.7335
12.5517
11.2223
9.73531
8.08028
6.24574
4.21944
1.98837
-0.460853
-3.14148
-6.0659
-9.24475
-12.6858
-16.393
-20.3648
-24.593
-29.0616
-33.745
-38.6071
-43.6004
-48.6658
-53.7329
-58.7215
-63.5448
-68.1133
-72.3403
-76.1481
-79.4742
9.27349
10.0419
10.7454
11.3825
11.9538
12.4615
12.9094
13.302
13.6445
13.9421
14.2003
14.4241
14.6184
14.7878
14.9367
15.0692
15.1891
15.3002
15.4059
15.5092
15.613
15.7196
15.831
15.9484
16.0728
16.2047
16.344
16.4907
16.6443
16.8042
16.9701
17.1413
17.3175
17.4982
17.6829
17.8709
18.0611
18.2523
18.4427
18.63
18.8117
18.9847
19.1457
19.2915
19.4185
19.5232
19.6024
19.6525
19.6703
19.652
19.5938
19.4913
19.3394
19.1323
18.8636
18.5261
18.1119
17.6127
17.0199
16.3245
15.5177
14.5905
13.5337
12.3381
10.9942
9.49184
7.82043
5.96857
3.92426
1.67498
-0.791881
-3.48857
-6.42621
-9.61398
-13.0581
-16.7605
-20.718
-24.9206
-29.3505
-33.9807
-38.7745
-43.6842
-48.6519
-53.6095
-58.4812
-63.1856
-67.6402
-71.7659
-75.4923
-78.7629
-672.325
-236.575
-124.615
-88.3624
-73.2721
-65.5251
-60.9309
-57.9477
-55.9001
-54.4494
-53.4082
-52.666
-52.1552
-51.8343
-51.6794
-385.155
-250.705
-165.728
-120.527
-96.0953
-82.0506
-73.4233
-67.8157
-64.012
-61.3577
-59.4805
-58.1592
-57.2589
-56.6975
-56.4276
-262.499
-215.36
-167.064
-131.92
-108.531
-93.1582
-82.8954
-75.8795
-70.9741
-67.4884
-64.9964
-63.2309
-62.0234
-61.2687
-60.9055
-199.144
-181.172
-155.247
-131.559
-112.95
-99.1551
-89.1202
-81.8322
-76.5161
-72.6252
-69.7852
-67.7443
-66.3346
-65.448
-65.0198
-161.772
-154.936
-141.191
-126.117
-112.553
-101.392
-92.5977
-85.8124
-80.6326
-76.7103
-73.7747
-71.6259
-70.1223
-69.1683
-68.7054
-137.676
-135.607
-128.462
-119.166
-109.751
-101.26
-94.066
-88.1865
-83.491
-79.8084
-76.9768
-74.8617
-73.3598
-72.3973
-71.9275
-121.185
-121.352
-117.884
-112.333
-106.025
-99.8319
-94.2188
-89.376
-85.3358
-82.0549
-79.462
-77.4839
-76.0572
-75.1332
-74.6792
-109.441
-110.733
-109.387
-106.257
-102.184
-97.8224
-93.6008
-89.7623
-86.4209
-83.6127
-81.3318
-79.5542
-78.2515
-77.3984
-76.9766
-100.865
-102.751
-102.674
-101.122
-98.6314
-95.6722
-92.599
-89.6507
-86.9724
-84.6426
-82.6976
-81.149
-79.9956
-79.2318
-78.8516
-94.52
-96.7314
-97.4365
-96.9252
-95.5464
-93.6351
-91.4718
-89.2687
-87.1746
-85.2872
-83.6667
-82.3479
-81.3496
-80.6809
-80.3459
-89.8246
-92.2174
-93.4143
-93.5952
-92.9931
-91.8495
-90.3837
-88.7769
-87.1694
-85.6642
-84.3334
-83.2258
-82.3734
-81.7959
-81.5046
-86.4038
-88.8986
-90.4074
-91.0475
-90.9806
-90.3856
-89.4359
-88.2852
-87.0615
-85.8661
-84.7762
-83.848
-83.1217
-82.624
-82.3713
-84.0135
-86.565
-88.2688
-89.2059
-89.4954
-89.2757
-88.6884
-87.8658
-86.9246
-85.9621
-85.0565
-84.2679
-83.6409
-83.2067
-82.9848
-82.497
-85.0784
-86.8962
-88.0114
-88.5188
-88.5329
-88.1753
-87.5645
-86.8084
-86.0007
-85.2191
-84.5255
-83.9667
-83.5763
-83.3759
-81.7606
-84.355
-86.2253
-87.4241
-88.0349
-88.1611
-87.9149
-87.4077
-86.7431
-86.0126
-85.2933
-84.6476
-84.1234
-83.7554
-83.566
)
;

boundaryField
{
    hot
    {
        type            calculated;
        value           nonuniform List<scalar> 
120
(
-15.0939
-15.313
-15.7536
-16.4201
-17.3184
-18.4553
-19.8366
-21.4661
-23.3435
-25.4619
-27.8063
-30.3511
-33.0599
-35.8854
-38.7718
-41.4177
-43.7842
-46.0787
-48.272
-50.3402
-52.2656
-54.0368
-55.6483
-57.0999
-58.3957
-59.5433
-60.5523
-61.4339
-62.2
-62.8625
-63.4331
-63.9227
-64.3415
-64.6988
-65.0029
-65.2613
-65.4804
-65.666
-65.8229
-65.9554
-66.0673
-66.1615
-66.241
-66.3078
-66.3639
-66.411
-66.4505
-66.4835
-66.511
-66.5339
-66.5527
-66.5681
-66.5805
-66.5903
-66.5978
-66.6032
-66.6067
-66.6084
-66.6083
-66.6064
-66.6027
-66.5971
-66.5894
-66.5793
-66.5666
-66.5509
-66.5317
-66.5084
-66.4804
-66.4467
-66.4064
-66.3584
-66.3011
-66.233
-66.1519
-66.0557
-65.9415
-65.806
-65.6456
-65.4557
-65.2313
-64.9663
-64.6539
-64.2864
-63.8548
-63.3492
-62.7585
-62.0706
-61.2724
-60.3504
-59.2904
-58.0788
-56.7028
-55.1516
-53.4173
-51.496
-49.3893
-47.1053
-44.659
-42.073
-39.3767
-36.6055
-33.7987
-30.9972
-28.2412
-25.3005
-22.262
-19.4355
-16.8494
-14.5193
-12.4498
-10.6375
-9.07314
-7.74447
-6.63772
-5.73929
-5.03674
-4.51952
-4.17939
-4.01074
)
;
    }
    cold
    {
        type            calculated;
        value           nonuniform List<scalar> 
120
(
-7.49636
-7.44594
-7.34556
-7.19614
-6.99917
-6.75677
-6.47185
-6.14817
-5.79049
-5.40454
-4.99704
-4.57552
-4.14809
-3.72303
-3.30837
-2.94445
-2.62977
-2.33406
-2.05938
-1.80701
-1.5775
-1.37071
-1.18601
-1.02229
-0.878202
-0.752162
-0.64252
-0.547602
-0.46578
-0.395508
-0.33535
-0.283997
-0.240268
-0.203112
-0.171602
-0.144928
-0.122385
-0.103365
-0.0873461
-0.0738801
-0.0625865
-0.0531428
-0.0452765
-0.038759
-0.0333999
-0.0290417
-0.0255557
-0.0228388
-0.0208104
-0.0194103
-0.0185968
-0.018346
-0.0186506
-0.0195202
-0.0209814
-0.0230786
-0.0258755
-0.0294569
-0.0339312
-0.0394341
-0.0461321
-0.0542279
-0.0639663
-0.0756416
-0.0896065
-0.106282
-0.126172
-0.149874
-0.178101
-0.2117
-0.251677
-0.299228
-0.355768
-0.422976
-0.502839
-0.597707
-0.710356
-0.844058
-1.00267
-1.19071
-1.4135
-1.67722
-1.98911
-2.35754
-2.79217
-3.30409
-3.90594
-4.61198
-5.43815
-6.40202
-7.52269
-8.82043
-10.3163
-12.0312
-13.9853
-16.1963
-18.6778
-21.4377
-24.4762
-27.7834
-31.338
-35.1061
-39.0414
-43.0864
-47.1747
-51.6413
-56.3614
-60.8164
-64.9145
-68.5913
-71.8114
-74.5668
-76.8717
-78.7568
-80.262
-81.4314
-82.3077
-82.9288
-83.3251
-83.5179
)
;
    }
    interface_left
    {
        type            calculated;
        value           nonuniform List<scalar> 
90
(
-431.92
-237.071
-162.405
-128.2
-109.75
-98.4705
-90.949
-85.6308
-81.7162
-78.7507
-76.4564
-74.6524
-73.2163
-72.0618
-71.1263
-70.3634
-69.7382
-69.2235
-68.7985
-68.4465
-68.1542
-67.9111
-67.7086
-67.5397
-67.3986
-67.2807
-67.1822
-67.0997
-67.0308
-66.9731
-66.9249
-66.8847
-66.8511
-66.8232
-66.8001
-66.7811
-66.7656
-66.7531
-66.7432
-66.7357
-66.7302
-66.7267
-66.725
-66.7251
-66.727
-66.7307
-66.7363
-66.7441
-66.7542
-66.767
-66.7828
-66.8022
-66.8257
-66.8541
-66.8883
-66.9292
-66.9782
-67.0368
-67.1069
-67.1906
-67.2906
-67.4102
-67.5532
-67.7243
-67.9292
-68.1749
-68.4699
-68.8247
-69.2522
-69.7686
-70.3942
-71.1549
-72.0837
-73.2239
-74.633
-76.3883
-78.5976
-81.4143
-85.0659
-89.9052
-96.513
-105.922
-120.163
-143.749
-188.176
-286.865
-548.521
474.813
214.097
118.973
)
;
    }
    interface_right
    {
        type            calculated;
        value           nonuniform List<scalar> 
90
(
21.3857
11.4832
7.23495
5.04141
3.72829
2.85805
2.24195
1.78648
1.43966
1.16995
0.956889
0.786572
0.649155
0.537469
0.446163
0.371169
0.309337
0.258201
0.215806
0.18059
0.151292
0.126892
0.106558
0.089607
0.0754815
0.0637209
0.0539463
0.0458457
0.0391623
0.0336857
0.0292442
0.0256994
0.0229409
0.0208831
0.0194623
0.0186343
0.0183736
0.0186716
0.0195371
0.0209963
0.0230933
0.0258917
0.0294765
0.0339566
0.0394683
0.0461793
0.0542937
0.0640586
0.0757716
0.0897897
0.106541
0.126537
0.150389
0.178828
0.212726
0.253126
0.301273
0.358655
0.427051
0.508593
0.60583
0.721824
0.860249
1.02553
1.22298
1.45906
1.74155
2.07995
2.48581
2.97332
3.55996
4.26741
5.12278
6.16025
7.42337
8.96836
10.8688
13.2228
16.1638
19.8777
24.6319
30.8249
39.0794
50.4275
66.7174
91.6053
133.257
212.538
390.211
863.995
)
;
    }
    interface_top
    {
        type            calculated;
        value           nonuniform List<scalar> 
90
(
34.6033
37.5276
36.1927
28.7122
25.1667
20.1653
16.8921
10.3061
14.5136
15.8144
16.5905
17.0669
17.9478
18.6458
20.313
20.0209
17.3747
16.1376
14.4389
13.5097
12.06
10.685
7.14747
10.7022
12.0945
13.5713
14.5297
16.2891
17.5729
20.3167
20.6162
18.8825
18.0621
16.8286
16.0974
14.7998
13.3045
9.04571
13.9217
15.9493
18.3002
19.8493
22.7132
24.7571
29.0363
29.6315
27.3631
26.2896
24.6552
23.6616
21.8656
19.6614
13.2703
20.7982
23.8957
27.4734
29.6775
33.5967
36.2346
41.6281
41.9753
37.8044
35.7801
32.8035
31.0222
28.0132
24.7582
15.9928
25.1224
28.6077
32.2922
34.4491
38.3348
40.8943
46.3731
46.5323
42.0431
39.98
37.8406
36.5731
35.7845
31.4633
18.6611
40.6894
33.034
-9.27858
-39.2511
-91.1294
-230.364
-678.04
)
;
    }
    interface_bottom
    {
        type            calculated;
        value           nonuniform List<scalar> 
90
(
181.68
68.6619
34.2434
21.7498
16.2953
11.9435
9.31764
5.46131
6.45391
6.40519
5.82783
5.40098
4.74069
4.30731
3.66445
3.04915
1.70767
1.00442
0.0268372
-0.493819
-1.18724
-1.4101
-1.2879
-2.58387
-3.30688
-4.42068
-5.15582
-6.46421
-7.3405
-9.01496
-9.39478
-8.94747
-8.78612
-8.54854
-8.40403
-8.08211
-7.43113
-5.21432
-8.38948
-9.77157
-11.4609
-12.4973
-14.2822
-15.4326
-17.6334
-17.8085
-16.1359
-15.4245
-14.4913
-13.977
-13.1154
-11.9049
-8.209
-12.9323
-14.8947
-17.1571
-18.5187
-20.8453
-22.3459
-25.2518
-25.3814
-22.847
-21.7529
-20.3314
-19.5377
-18.224
-16.4821
-11.2874
-17.7185
-20.3866
-23.4718
-25.3988
-28.8191
-31.1916
-36.0787
-36.6479
-33.6923
-32.3865
-30.662
-29.6219
-27.9072
-25.1149
-16.674
-27.2853
-28.2372
-21.1494
-41.2154
-39.0208
-11.9979
0.399958
)
;
    }
    defaultFaces
    {
        type            empty;
    }
}


// ************************************************************************* //
