/*--------------------------------*- C++ -*----------------------------------*\
| =========                 |                                                 |
| \\      /  F ield         | OpenFOAM: The Open Source CFD Toolbox           |
|  \\    /   O peration     | Version:  5.x                                   |
|   \\  /    A nd           | Web:      www.OpenFOAM.org                      |
|    \\/     M anipulation  |                                                 |
\*---------------------------------------------------------------------------*/
FoamFile
{
    version     2.0;
    format      ascii;
    class       volScalarField;
    location    "19.6";
    object      gradTy;
}
// * * * * * * * * * * * * * * * * * * * * * * * * * * * * * * * * * * * * * //

dimensions      [0 -1 0 1 0 0 0];

internalField   nonuniform List<scalar> 
6300
(
992.398
977.305
962.54
948.32
934.854
922.34
910.965
900.895
892.27
885.199
879.751
875.95
873.77
873.134
873.917
-0.164918
-0.493052
-0.815868
-1.12914
-1.42764
-1.7049
-1.95303
-2.16285
-2.32427
-2.42712
-2.46236
-2.4237
-2.30926
-2.12288
-1.87461
-0.276764
-0.827685
-1.37043
-1.89834
-2.40304
-2.87389
-3.29764
-3.65852
-3.93882
-4.1202
-4.18587
-4.12351
-3.9285
-3.60674
-3.17582
-0.391211
-1.17049
-1.93981
-2.69075
-3.41231
-4.08998
-4.70512
-5.23478
-5.65229
-5.929
-6.03743
-5.95596
-5.6745
-5.19975
-4.55817
-0.508801
-1.52326
-2.52755
-3.51253
-4.46544
-5.36857
-6.19805
-6.92316
-7.50654
-7.90604
-8.07884
-7.98839
-7.61373
-6.95955
-6.06278
-0.62954
-1.88618
-3.13461
-4.36636
-5.56834
-6.7208
-7.79535
-8.75325
-9.54464
-10.1098
-10.3835
-10.305
-9.8325
-8.96192
-7.74209
-0.752714
-2.2573
-3.75834
-5.24995
-6.72072
-8.1509
-9.50926
-10.7498
-11.809
-12.6048
-13.0404
-13.0156
-12.4493
-11.3135
-9.66745
-0.876726
-2.63196
-4.39147
-6.15437
-7.91368
-9.65279
-11.341
-12.9277
-14.3367
-15.46
-16.1577
-16.2674
-15.6356
-14.1753
-11.9439
-0.998952
-3.00234
-5.02118
-7.06236
-9.12681
-11.2056
-13.274
-15.2834
-17.1499
-18.7408
-19.8627
-20.2609
-19.6503
-17.808
-14.74
-1.1157
-3.35724
-5.62855
-7.94705
-10.3256
-12.7687
-15.266
-17.7819
-20.2386
-22.4905
-24.2915
-25.263
-24.8967
-22.6663
-18.3581
-1.22229
-3.68235
-6.18872
-8.77167
-11.4598
-14.2775
-17.2393
-20.3397
-23.5319
-26.691
-29.5496
-31.6029
-32.0072
-29.6022
-23.4241
-1.3134
-3.96114
-6.67228
-9.49108
-12.4644
-15.642
-19.0741
-22.8055
-26.8584
-31.1918
-35.6128
-39.5918
-41.9268
-40.3113
-31.4993
-1.38358
-4.1765
-7.04814
-10.0559
-13.2649
-16.7518
-20.6094
-24.9498
-29.9041
-35.6049
-42.1179
-49.2243
-55.7968
-58.217
-47.4094
-1.42798
-4.31311
-7.28788
-10.4194
-13.7872
-17.4909
-21.6618
-26.4802
-32.2032
-39.2054
-48.0295
-59.3907
-73.819
-89.3502
-89.4442
-1.4432
-4.36008
-7.3708
-10.5466
-13.9737
-17.7629
-22.0664
-27.1057
-33.2229
-40.984
-51.4039
-66.4896
-90.7378
-135.92
-239.086
875.781
878.217
881.271
884.815
888.72
892.865
897.137
901.431
905.658
909.739
913.606
917.203
920.484
923.411
925.953
928.088
929.796
931.063
931.878
932.235
932.13
931.558
930.52
929.017
927.051
924.626
921.745
918.415
914.641
910.429
905.785
900.717
895.231
889.333
883.029
876.325
869.227
861.739
853.867
845.616
836.992
827.999
818.645
808.935
798.876
788.474
777.734
766.664
755.269
743.554
731.523
719.181
706.532
693.581
680.332
666.791
652.963
638.857
624.48
609.842
594.952
579.823
564.466
548.892
533.115
517.149
501.007
484.707
468.265
451.702
435.042
418.309
401.535
384.751
367.995
351.305
334.722
318.289
302.052
286.053
270.336
254.944
239.916
225.288
211.095
197.364
184.12
171.379
159.155
147.451
-1.6045
-1.33876
-1.06418
-0.791442
-0.529669
-0.28585
-0.06468
0.131321
0.301476
0.446519
0.568146
0.668622
0.750458
0.816173
0.868147
0.908528
0.939193
0.961746
0.977529
0.987652
0.99302
0.99437
0.992306
0.987328
0.97987
0.97033
0.959089
0.94653
0.933045
0.919023
0.904838
0.890819
0.877225
0.864221
0.851857
0.840069
0.828691
0.817486
0.806189
0.794557
0.782419
0.769709
0.756489
0.742947
0.729361
0.71606
0.703362
0.691506
0.680602
0.670591
0.661237
0.652137
0.642773
0.632577
0.621005
0.60761
0.592104
0.574377
0.5545
0.532676
0.509176
0.484243
0.45801
0.430411
0.401135
0.369607
0.33502
0.296406
0.252741
0.203072
0.146647
0.0830206
0.0121376
-0.0656362
-0.149524
-0.238389
-0.330819
-0.425218
-0.519896
-0.613145
-0.703279
-0.788648
-0.867634
-0.938642
-1.0001
-1.0505
-1.0885
-1.113
-1.12333
-1.11933
-2.70647
-2.24545
-1.77078
-1.30168
-0.854223
-0.440347
-0.0676825
0.260095
0.542544
0.781594
0.980707
1.14417
1.27654
1.38227
1.46546
1.52976
1.5783
1.61374
1.63827
1.65369
1.66145
1.66274
1.65849
1.6495
1.63643
1.61992
1.60057
1.57902
1.55592
1.53196
1.50779
1.48401
1.46109
1.43934
1.41884
1.39945
1.38087
1.36261
1.34417
1.32506
1.30493
1.28364
1.26132
1.2383
1.21514
1.19247
1.17092
1.15099
1.13291
1.11661
1.10166
1.08731
1.07262
1.05649
1.03791
1.01605
0.990376
0.960725
0.927275
0.890477
0.850923
0.809166
0.765551
0.720054
0.672177
0.620916
0.564814
0.502086
0.430827
0.349244
0.255907
0.149951
0.0312284
-0.0996334
-0.241257
-0.39162
-0.548216
-0.708242
-0.86877
-1.02688
-1.17974
-1.32461
-1.4588
-1.57966
-1.68449
-1.77066
-1.83571
-1.87761
-1.89507
-1.88772
-3.85794
-3.17186
-2.46944
-1.78086
-1.13051
-0.535596
-0.00615187
0.454034
0.845992
1.17405
1.44448
1.66436
1.84086
1.98068
2.08984
2.17353
2.23614
2.2813
2.31198
2.3306
2.33907
2.33892
2.33136
2.31738
2.29781
2.27345
2.24508
2.21358
2.17989
2.14503
2.11003
2.07581
2.04314
2.01251
1.98405
1.95754
1.93241
1.90786
1.88297
1.85688
1.82896
1.79894
1.767
1.73373
1.70006
1.66713
1.63603
1.60768
1.58254
1.56056
1.54107
1.52289
1.50439
1.48381
1.45942
1.42986
1.39427
1.35244
1.30476
1.25215
1.19574
1.13667
1.07571
1.01303
0.948002
0.879114
0.804066
0.719974
0.623703
0.512273
0.383269
0.235201
0.0677387
-0.118191
-0.320459
-0.535925
-0.760722
-0.990588
-1.22116
-1.44822
-1.66774
-1.87597
-2.06921
-2.24377
-2.39577
-2.52123
-2.61625
-2.67746
-2.70255
-2.69077
-5.0806
-4.1217
-3.14806
-2.20489
-1.32686
-0.536457
0.155228
0.746337
1.24157
1.64963
1.98114
2.24714
2.45809
2.62337
2.75102
2.84779
2.91923
2.96982
3.0032
3.02224
3.02922
3.0259
3.01362
2.99344
2.96624
2.93287
2.89423
2.85142
2.80568
2.75846
2.71127
2.66552
2.6224
2.58269
2.5466
2.51377
2.48327
2.45375
2.42363
2.39146
2.35614
2.31715
2.27474
2.22987
2.18407
2.13926
2.09733
2.05986
2.02775
2.00103
1.97874
1.95902
1.9393
1.91672
1.88851
1.85246
1.80726
1.75266
1.68948
1.61938
1.5445
1.46698
1.38844
1.30949
1.22947
1.14627
1.05643
0.955483
0.838491
0.700684
0.53816
0.348453
0.130915
-0.113152
-0.38059
-0.666726
-0.965865
-1.27185
-1.57857
-1.88033
-2.17197
-2.44884
-2.70648
-2.9403
-3.14523
-3.31559
-3.44544
-3.52927
-3.56307
-3.5453
-6.3983
-5.0928
-3.78279
-2.5351
-1.397
-0.395131
0.461481
1.17675
1.76272
2.23547
2.61219
2.90923
3.14115
3.32027
3.4567
3.55858
3.63237
3.68319
3.71511
3.73131
3.73427
3.72583
3.70732
3.67967
3.64363
3.59993
3.54948
3.49353
3.43368
3.37194
3.31049
3.2515
3.19683
3.14771
3.10453
3.06673
3.03281
3.00055
2.96734
2.93067
2.88865
2.84037
2.78612
2.7274
2.66675
2.6073
2.55228
2.50439
2.46529
2.4352
2.41279
2.3952
2.37842
2.35782
2.32896
2.28832
2.23385
2.16532
2.08423
1.99356
1.89713
1.79884
1.7018
1.60757
1.5156
1.42304
1.32483
1.21416
1.08331
0.924745
0.73225
0.501841
0.232346
-0.0743998
-0.413739
-0.77875
-1.1611
-1.55199
-1.94308
-2.32695
-2.69743
-3.04934
-3.378
-3.67841
-3.94442
-4.16825
-4.34085
-4.45309
-4.49781
-4.47186
-7.8367
-6.0703
-4.32769
-2.70741
-1.27082
-0.0444836
0.971437
1.79357
2.44712
2.95984
3.35818
3.66533
3.90047
4.07887
4.21238
4.31006
4.37882
4.42404
4.4499
4.45972
4.456
4.44054
4.41443
4.37826
4.33232
4.27698
4.21295
4.14152
4.06471
3.98527
3.90644
3.83157
3.76357
3.70448
3.65501
3.61438
3.58025
3.54901
3.51631
3.47788
3.43048
3.37247
3.3042
3.22801
3.14798
3.06926
2.99725
2.93655
2.8901
2.85858
2.84015
2.83049
2.82327
2.81106
2.78662
2.74431
2.68095
2.59629
2.49302
2.37625
2.25265
2.12912
2.01135
1.90258
1.80276
1.70814
1.61136
1.50208
1.36822
1.19784
0.981106
0.711679
0.387581
0.0114436
-0.409766
-0.865663
-1.34387
-1.83174
-2.31782
-2.79274
-3.24951
-3.68321
-4.09008
-4.46595
-4.80424
-5.0946
-5.32308
-5.47407
-5.53422
-5.49709
-9.42202
-7.01346
-4.69638
-2.61514
-0.841808
0.609259
1.76058
2.65331
3.3345
3.8491
4.23572
4.52536
4.74172
4.90235
5.01989
5.10341
5.15945
5.19301
5.20807
5.20788
5.19493
5.17086
5.13634
5.0912
5.03486
4.96687
4.88737
4.79755
4.69985
4.59805
4.49702
4.40203
4.31781
4.24772
4.19309
4.15298
4.12385
4.09991
4.07383
4.03834
3.98789
3.91965
3.83399
3.73448
3.62762
3.52185
3.42623
3.34849
3.29372
3.26342
3.25518
3.26256
3.27561
3.28217
3.27031
3.2309
3.15896
3.05434
2.92149
2.76905
2.60832
2.45135
2.30817
2.18496
2.08267
1.99658
1.91613
1.82561
1.7059
1.53789
1.30604
1.00043
0.61794
0.162373
-0.355662
-0.920282
-1.51254
-2.1139
-2.70847
-3.28452
-3.83464
-4.35556
-4.84667
-5.30747
-5.73296
-6.10994
-6.41676
-6.62577
-6.71062
-6.65793
-11.1743
-7.82488
-4.72544
-2.07953
0.0511495
1.6945
2.922
3.81759
4.46172
4.92263
5.25289
5.49089
5.66321
5.78785
5.87641
5.93633
5.97246
5.9886
5.98818
5.97439
5.94989
5.91623
5.87353
5.82028
5.75419
5.67333
5.57668
5.46497
5.34089
5.20976
5.0789
4.95702
4.85174
4.7687
4.71033
4.67578
4.66
4.65393
4.64496
4.62037
4.57098
4.49195
4.38377
4.25158
4.10574
3.95989
3.82953
3.7274
3.66216
3.63654
3.64779
3.6865
3.73736
3.77985
3.7937
3.76437
3.68409
3.55307
3.37823
3.17384
2.95863
2.75377
2.5763
2.43729
2.33928
2.27696
2.23544
2.19124
2.1132
1.9699
1.73723
1.39994
0.953569
0.403305
-0.234425
-0.93505
-1.66803
-2.40578
-3.1257
-3.81358
-4.46175
-5.07076
-5.64683
-6.19974
-6.73146
-7.2262
-7.65124
-7.95614
-8.085
-8.00932
-13.0819
-8.27646
-4.10155
-0.802147
1.64552
3.37812
4.56085
5.34342
5.85225
6.18377
6.40241
6.55049
6.65285
6.72481
6.77361
6.80299
6.81371
6.8075
6.78699
6.75578
6.71744
6.67405
6.62535
6.56727
6.49421
6.40193
6.2871
6.14962
5.99152
5.8205
5.64728
5.48756
5.35305
5.25359
5.19268
5.17102
5.18161
5.21157
5.23802
5.23756
5.19621
5.1057
4.96758
4.78782
4.58336
4.37509
4.19166
4.05269
3.97308
3.95609
4.00037
4.09251
4.2107
4.31834
4.37884
4.37079
4.28187
4.11447
3.87711
3.5938
3.29364
3.01638
2.78867
2.63021
2.54416
2.52705
2.55831
2.60528
2.61417
2.5303
2.3188
1.95625
1.43854
0.769932
-0.0228562
-0.903439
-1.81688
-2.7235
-3.58922
-4.39994
-5.14535
-5.83349
-6.48042
-7.12256
-7.78324
-8.44284
-9.05872
-9.54001
-9.75389
-9.6391
-15.0022
-7.82036
-2.2172
1.70156
4.26936
5.85316
6.77539
7.26282
7.49743
7.60676
7.65285
7.6752
7.68555
7.69439
7.69806
7.6958
7.67858
7.64623
7.60043
7.54666
7.49151
7.43869
7.38987
7.33504
7.26109
7.16221
7.0293
6.86317
6.65992
6.43359
6.19542
5.98098
5.80307
5.68219
5.61768
5.61903
5.67453
5.77348
5.86902
5.91286
5.89144
5.78722
5.6106
5.35886
5.06571
4.7538
4.48905
4.29179
4.19312
4.18672
4.28333
4.46031
4.69857
4.92406
5.06205
5.09301
4.99204
4.776
4.44157
4.03744
3.59509
3.2071
2.90075
2.71832
2.64927
2.70699
2.85806
3.07368
3.24827
3.27405
3.11746
2.73557
2.1404
1.315
0.314775
-0.824853
-1.97585
-3.10041
-4.13221
-5.08057
-5.91164
-6.65575
-7.32106
-8.01882
-8.83666
-9.7225
-10.6601
-11.5089
-11.8961
-11.6977
-16.2397
-5.09119
2.09229
6.15056
8.31036
9.28124
9.61648
9.5467
9.32349
9.12127
8.93792
8.81768
8.72089
8.67193
8.63154
8.61065
8.56578
8.50489
8.42592
8.34012
8.2628
8.1982
8.16368
8.13096
8.06452
7.97217
7.81998
7.63085
7.3622
7.06443
6.71006
6.42247
6.17168
6.03029
5.94853
5.98974
6.10555
6.34099
6.57515
6.68284
6.70657
6.5737
6.36248
5.99019
5.5758
5.06526
4.68993
4.38957
4.28095
4.26968
4.4512
4.74049
5.20546
5.65635
5.89998
6.00578
5.86848
5.60862
5.10695
4.53671
3.81884
3.28079
2.83495
2.6437
2.57233
2.75299
3.06532
3.60162
4.09708
4.28084
4.24094
3.82246
3.1742
2.11225
0.853553
-0.729482
-2.1725
-3.6105
-4.79497
-5.92974
-6.80282
-7.59116
-8.11465
-8.74189
-9.79188
-10.9274
-12.3889
-14.1426
-14.8811
-14.4573
-13.5547
3.34769
10.9019
13.3329
14.063
13.6243
13.0406
12.0513
11.1192
10.6085
10.132
9.92625
9.68723
9.63699
9.53681
9.5599
9.4759
9.38943
9.2611
9.12122
9.01565
8.91423
8.9348
8.9753
8.90513
8.86818
8.66376
8.51293
8.10631
7.77668
7.12844
6.81087
6.38266
6.29244
6.1022
6.25296
6.36423
6.91027
7.46333
7.57362
7.74715
7.4729
7.34625
6.68208
6.22427
5.18197
4.7828
4.21122
4.22856
4.075
4.46383
4.76763
5.73259
6.68707
6.93635
7.26859
6.92137
6.78942
5.87103
5.24852
3.78363
3.22169
2.40254
2.39643
2.13245
2.6094
2.95004
4.18836
5.39473
5.60967
5.90957
5.24019
4.80369
3.19281
1.85939
-0.835713
-2.37636
-4.48561
-5.52925
-7.15568
-7.81593
-8.90788
-8.75874
-8.85611
-10.6238
-11.6628
-13.6969
-18.2378
-19.5396
-18.4258
9.10987
25.2481
27.0888
22.9647
21.4981
18.176
17.0481
14.4734
12.3074
12.0459
10.9357
11.0823
10.3813
10.6735
10.2641
10.6629
10.3891
10.3338
10.1124
9.85243
9.76203
9.45411
9.67671
9.97853
9.6974
10.0048
9.42986
9.76288
8.73904
8.94723
7.07017
7.35809
6.10646
6.69815
5.76435
6.57255
5.99635
7.46898
8.98861
8.37285
9.43209
8.15906
9.10362
7.07634
7.71399
4.37212
5.12353
3.18439
4.42188
3.09884
4.59854
3.84231
6.27444
8.73288
7.85287
9.50942
7.66389
9.10231
6.20867
7.17302
2.44783
3.53265
0.799014
2.52022
0.625343
2.6618
1.54183
4.82082
8.11975
6.81588
8.97371
6.32233
8.12403
3.87357
4.82584
-2.60456
-1.7616
-6.89538
-5.42443
-9.77303
-8.20744
-12.0118
-9.04791
-6.56506
-12.5052
-10.965
-11.3951
-26.9974
-27.6765
-24.5479
137.551
67.7363
51.8648
28.7692
31.6052
19.5679
23.1388
16.307
10.7533
14.7057
9.92958
13.4592
9.64509
12.7207
9.8276
12.7345
10.9879
11.5172
11.0196
10.3395
10.8218
9.23019
10.3047
11.8214
9.6423
12.4124
8.88865
12.9669
7.59787
13.1207
3.89457
10.1225
3.17608
9.3008
2.91829
8.8859
2.67841
7.96023
13.5891
6.7603
14.4757
5.65214
15.1406
3.63336
14.9345
-2.33179
9.3389
-2.41647
8.3026
-1.94177
7.98204
-1.67399
6.77863
15.5862
5.11696
16.7935
3.67773
17.6536
0.991041
17.2906
-7.25411
9.34241
-7.21922
7.85138
-6.54265
7.25968
-6.20069
5.42476
17.4729
3.03738
18.9632
0.992181
20.1596
-2.93741
19.8635
-16.2869
7.45988
-18.8157
3.06073
-20.9066
-0.865987
-24.862
-8.64413
7.85526
-25.1582
-7.42962
12.7548
-57.2461
-41.2959
-34.8035
135.147
122.458
110.476
99.1644
88.4763
78.3605
68.7613
59.6213
50.8823
42.4867
34.3781
26.5015
18.8034
11.2318
3.73557
-1.09963
-1.05971
-1.00403
-0.935873
-0.858659
-0.775612
-0.689494
-0.60248
-0.516129
-0.431425
-0.348856
-0.268514
-0.190187
-0.113441
-0.037699
-1.85316
-1.78365
-1.68724
-1.56984
-1.43758
-1.29611
-1.15016
-1.00341
-0.858396
-0.716676
-0.578958
-0.445291
-0.315223
-0.187954
-0.0624505
-2.63847
-2.53448
-2.39142
-2.21867
-2.02572
-1.82106
-1.61163
-1.40259
-1.19737
-0.99792
-0.805007
-0.618463
-0.437458
-0.2607
-0.0865989
-3.47071
-3.32435
-3.12526
-2.88769
-2.62553
-2.35076
-2.07271
-1.79793
-1.53055
-1.27262
-1.02468
-0.786091
-0.555443
-0.330786
-0.109843
-4.3679
-4.16691
-3.89756
-3.58127
-3.23794
-2.88374
-2.53048
-2.18587
-1.85425
-1.53733
-1.23498
-0.945772
-0.667431
-0.397156
-0.13183
-5.35259
-5.0778
-4.71674
-4.30187
-3.86119
-3.41574
-2.97956
-2.56081
-2.16323
-1.78747
-1.43214
-1.09458
-0.771345
-0.458573
-0.152149
-6.45434
-6.07489
-5.58967
-5.04822
-4.48915
-3.93844
-3.41119
-2.91456
-2.45037
-2.01715
-1.61151
-1.22904
-0.864796
-0.513638
-0.170339
-7.71338
-7.17766
-6.51877
-5.81212
-5.10872
-4.43763
-3.81218
-3.23584
-2.70652
-2.21923
-1.7677
-1.34525
-0.945155
-0.560839
-0.185909
-9.18526
-8.40354
-7.49555
-6.57269
-5.69593
-4.89114
-4.16401
-3.51008
-2.9206
-2.38551
-1.89481
-1.4391
-1.00972
-0.598651
-0.198363
-10.9438
-9.75564
-8.48716
-7.28713
-6.21111
-5.26695
-4.44258
-3.71982
-3.08027
-2.50739
-1.98691
-1.50662
-1.05597
-0.625672
-0.207255
-13.0677
-11.188
-9.41025
-7.87747
-6.59438
-5.52293
-4.61951
-3.84632
-3.17325
-2.57685
-2.03879
-1.54446
-1.08187
-0.640805
-0.212237
-15.5554
-12.5182
-10.0883
-8.21806
-6.76594
-5.61082
-4.66615
-3.87266
-3.18952
-2.58795
-2.04693
-1.55056
-1.08621
-0.643439
-0.213121
-17.9488
-13.241
-10.2066
-8.14045
-6.64044
-5.48819
-4.56158
-3.78861
-3.1242
-2.53845
-2.01042
-1.52461
-1.06898
-0.63361
-0.20993
-17.8509
-12.2901
-9.35642
-7.49666
-6.16713
-5.13985
-4.30334
-3.59597
-2.98018
-2.43122
-1.93165
-1.46848
-1.03146
-0.612088
-0.202916
-1.43156
-4.32426
-7.3081
-10.4523
-13.8404
-17.5804
-21.8204
-26.7764
-32.7838
-40.4019
-50.6464
-65.5624
-89.7982
-135.378
-237.22
-1.39831
-4.22186
-7.12821
-10.1795
-13.4495
-17.031
-21.0472
-25.6692
-31.1447
-37.8442
-46.3256
-57.3702
-71.629
-86.7954
-80.8545
-1.34634
-4.06195
-6.84766
-9.75481
-12.8422
-16.1797
-19.8532
-23.9692
-28.6556
-34.0489
-40.2247
-46.9456
-52.829
-52.8706
-32.6613
-1.27846
-3.85334
-6.48274
-9.20497
-12.061
-15.0949
-18.352
-21.8729
-25.6756
-29.7101
-33.7452
-37.1025
-38.0855
-33.0085
-15.7966
-1.19809
-3.60686
-6.05334
-8.56215
-11.1564
-13.8552
-16.6675
-19.5807
-22.5345
-25.3709
-27.7362
-28.9084
-27.5501
-21.5733
-8.91879
-1.10897
-3.33419
-5.58062
-7.85995
-10.1792
-12.5364
-14.913
-17.2602
-19.4748
-21.3586
-22.5556
-22.4715
-20.222
-14.7753
-5.64033
-1.01479
-3.04679
-5.08504
-7.13
-9.17556
-11.2041
-13.179
-15.0319
-16.6447
-17.823
-18.2647
-17.5382
-15.114
-10.5385
-3.8519
-0.918915
-2.75503
-4.58478
-6.39961
-8.18368
-9.90915
-11.5295
-12.9702
-14.1164
-14.7991
-14.7849
-13.7836
-11.5001
-7.76771
-2.76984
-0.824231
-2.46769
-4.09486
-5.69056
-7.23248
-8.68713
-10.0048
-11.113
-11.9099
-12.259
-11.9905
-10.9194
-8.89243
-5.87567
-2.06403
-0.733021
-2.19163
-3.62679
-5.01885
-6.34183
-7.56024
-8.62543
-9.47191
-10.0144
-10.1477
-9.75354
-8.71887
-6.97207
-4.53561
-1.57794
-0.646967
-1.93186
-3.18862
-4.39508
-5.52378
-6.5397
-7.39794
-8.04192
-8.40294
-8.40274
-7.96134
-7.01288
-5.53061
-3.55748
-1.22949
-0.567189
-1.69162
-2.78538
-3.82529
-4.78403
-5.62864
-6.31921
-6.8084
-7.04233
-6.96413
-6.52123
-5.67755
-4.43001
-2.82576
-0.972006
-0.494316
-1.47266
-2.41953
-3.31184
-4.12352
-4.82453
-5.38031
-5.7521
-5.89845
-5.77876
-5.35943
-4.62267
-3.57712
-2.2673
-0.777195
-0.428585
-1.27557
-2.09155
-2.85437
-3.53986
-4.12124
-4.56916
-4.85234
-4.93928
-4.80145
-4.41804
-3.78221
-2.90772
-1.83404
-0.627023
-0.369925
-1.1
-1.80046
-2.45061
-3.02847
-3.51061
-3.8724
-4.08884
-4.13619
-3.99465
-3.65192
-3.10746
-2.37665
-1.49335
-0.509512
-0.318049
-0.944996
-1.54432
-2.09704
-2.58354
-2.98355
-3.27656
-3.44273
-3.46426
-3.32757
-3.02587
-2.56212
-1.95145
-1.22249
-0.416431
-0.272527
-0.809173
-1.32052
-1.78946
-2.19866
-2.53077
-2.76881
-2.89705
-2.9022
-2.77505
-2.51235
-2.11878
-1.60839
-1.00515
-0.341964
-0.232841
-0.690917
-1.12616
-1.52334
-1.86732
-2.1433
-2.33729
-2.43683
-2.43201
-2.31664
-2.08971
-1.75657
-1.32982
-0.829443
-0.281899
-0.198437
-0.588514
-0.958235
-1.29417
-1.5832
-1.81276
-1.97135
-2.04909
-2.03856
-1.93571
-1.74082
-1.45935
-1.10236
-0.686487
-0.233122
-0.168752
-0.500244
-0.813766
-1.09758
-1.34036
-1.53151
-1.66155
-1.72264
-1.70922
-1.61868
-1.45206
-1.21456
-0.915786
-0.569566
-0.193288
-0.143242
-0.424452
-0.689926
-0.929467
-1.13337
-1.29269
-1.39962
-1.44793
-1.43342
-1.35448
-1.21252
-1.01233
-0.762156
-0.473517
-0.160605
-0.121393
-0.359586
-0.584092
-0.786105
-0.957328
-1.09024
-1.17841
-1.21684
-1.20236
-1.13403
-1.01341
-0.844795
-0.635239
-0.394321
-0.133684
-0.102734
-0.304224
-0.493876
-0.664121
-0.807891
-0.918863
-0.991727
-1.02247
-1.0087
-0.949894
-0.847623
-0.705693
-0.530097
-0.328818
-0.111435
-0.086836
-0.257081
-0.417136
-0.56052
-0.681227
-0.773946
-0.834289
-0.859025
-0.846319
-0.795933
-0.709375
-0.589966
-0.442789
-0.274497
-0.0929975
-0.0733179
-0.217013
-0.351973
-0.472664
-0.573996
-0.65151
-0.701574
-0.721573
-0.710098
-0.667088
-0.593937
-0.493522
-0.370141
-0.229347
-0.0776812
-0.0618416
-0.183011
-0.296717
-0.398251
-0.483304
-0.548135
-0.589734
-0.605977
-0.595773
-0.559171
-0.49743
-0.413025
-0.309585
-0.191746
-0.0649318
-0.0521109
-0.15419
-0.249913
-0.33528
-0.406653
-0.460892
-0.495499
-0.508745
-0.499778
-0.46871
-0.416659
-0.345746
-0.259027
-0.160377
-0.0542996
-0.0438681
-0.129783
-0.210299
-0.282027
-0.341898
-0.38728
-0.416097
-0.426936
-0.419128
-0.392818
-0.348986
-0.28944
-0.216755
-0.134165
-0.0454182
-0.0368897
-0.109125
-0.176786
-0.237007
-0.287204
-0.325169
-0.34918
-0.358074
-0.351327
-0.329093
-0.292225
-0.242259
-0.181359
-0.112229
-0.0379876
-0.0309832
-0.0916442
-0.148438
-0.198949
-0.241002
-0.272749
-0.292758
-0.300073
-0.294278
-0.275528
-0.244558
-0.202669
-0.151677
-0.0938427
-0.0317608
-0.025983
-0.0768482
-0.124453
-0.166764
-0.201955
-0.228481
-0.245149
-0.251175
-0.246226
-0.230449
-0.204474
-0.169399
-0.126747
-0.0784053
-0.0265338
-0.0217473
-0.064316
-0.104144
-0.139523
-0.168924
-0.191056
-0.20493
-0.209897
-0.205693
-0.192451
-0.170708
-0.141389
-0.105769
-0.0654189
-0.0221374
-0.0181544
-0.0536872
-0.0869232
-0.116434
-0.14094
-0.159367
-0.170894
-0.174988
-0.171435
-0.160355
-0.142203
-0.117755
-0.0880737
-0.0544681
-0.0184306
-0.0151002
-0.044653
-0.0722895
-0.0968186
-0.117176
-0.13247
-0.14202
-0.145388
-0.142403
-0.133169
-0.118071
-0.097754
-0.073104
-0.0452058
-0.0152957
-0.0124956
-0.0369495
-0.0598135
-0.0801003
-0.0969287
-0.109562
-0.117438
-0.1202
-0.117709
-0.110056
-0.0975614
-0.080762
-0.0603897
-0.0373406
-0.0126339
-0.0102641
-0.03035
-0.0491271
-0.0657832
-0.0795943
-0.0899555
-0.0964079
-0.0986593
-0.0965991
-0.0903048
-0.0800414
-0.0662507
-0.0495342
-0.0306263
-0.0103619
-0.00833976
-0.0246592
-0.0399134
-0.0534416
-0.0646553
-0.0730635
-0.0782945
-0.0801125
-0.0784293
-0.0733098
-0.0649704
-0.0537711
-0.0402003
-0.0248539
-0.00840865
-0.00666543
-0.0197081
-0.0318981
-0.042707
-0.0516642
-0.0583778
-0.0625511
-0.0639967
-0.0626456
-0.0585504
-0.0518852
-0.0429381
-0.0320993
-0.0198446
-0.00671373
-0.00519122
-0.0153489
-0.0248419
-0.0332582
-0.0402312
-0.0454558
-0.0487015
-0.049823
-0.0487671
-0.0455756
-0.0403845
-0.0334185
-0.0249816
-0.0154437
-0.00522475
-0.00387306
-0.0114514
-0.0185333
-0.0248114
-0.0300121
-0.0339079
-0.036327
-0.0371613
-0.0363715
-0.0339893
-0.0301163
-0.0249203
-0.0186282
-0.0115157
-0.00389583
-0.00267142
-0.00789846
-0.012783
-0.0171128
-0.0206992
-0.0233853
-0.0250528
-0.0256272
-0.0250816
-0.023438
-0.0207666
-0.0171833
-0.0128444
-0.00794014
-0.00268617
-0.00155019
-0.00458337
-0.00741778
-0.00993027
-0.0120114
-0.01357
-0.0145376
-0.0148709
-0.0145542
-0.0136004
-0.0120502
-0.00997091
-0.00745316
-0.00460739
-0.00155869
-0.000475628
-0.00140631
-0.00227612
-0.00304732
-0.00368635
-0.00416524
-0.00446283
-0.0045658
-0.00446922
-0.00417691
-0.00370129
-0.00306294
-0.00228971
-0.00141553
-0.000478892
0.000584646
0.00172849
0.00279708
0.00374384
0.00452746
0.00511368
0.00547677
0.0056007
0.00547985
0.0051193
0.00453466
0.00375137
0.00280363
0.00173294
0.000586221
0.00166259
0.00491553
0.00795485
0.0106483
0.0128783
0.0145475
0.0155824
0.0159371
0.0155953
0.0145711
0.0129085
0.0106798
0.00798234
0.0049342
0.00166919
0.00279069
0.00825091
0.0133528
0.0178744
0.0216187
0.0244217
0.0261603
0.0267572
0.0261846
0.0244661
0.0216755
0.0179338
0.0134045
0.00828602
0.00280311
0.00400293
0.0118351
0.0191536
0.0256403
0.0310125
0.0350351
0.037531
0.0383892
0.0375696
0.0351056
0.0311027
0.0257347
0.0192358
0.0118909
0.00402266
0.00533575
0.0157759
0.025532
0.0341801
0.0413433
0.0467084
0.0500389
0.0511862
0.0500964
0.0468135
0.0414779
0.0343207
0.0256545
0.0158591
0.00536516
0.00682919
0.0201918
0.0326797
0.0437508
0.0529228
0.0597944
0.0640626
0.0655364
0.064146
0.0599467
0.0531177
0.0439546
0.0328572
0.0203123
0.0068718
0.00852796
0.0252151
0.0408112
0.05464
0.0660995
0.0746881
0.0800266
0.0818753
0.0801458
0.0749059
0.0663783
0.0549315
0.0410651
0.0253874
0.0085889
0.0104828
0.0309958
0.0501699
0.0671744
0.0812696
0.0918385
0.0984137
0.100699
0.0985831
0.092148
0.0816657
0.0675885
0.0505305
0.0312406
0.0105694
0.0127519
0.0377063
0.0610349
0.0817287
0.0988882
0.111762
0.11978
0.122578
0.120019
0.1122
0.0994491
0.0823152
0.0615457
0.038053
0.0128746
0.0154026
0.0455457
0.0737294
0.0987371
0.119483
0.135057
0.144769
0.148177
0.145109
0.135677
0.120276
0.0995664
0.0744516
0.0460358
0.015576
0.018513
0.0547454
0.0886293
0.118705
0.143667
0.162423
0.174137
0.178272
0.174616
0.163299
0.144788
0.119876
0.0896496
0.0554379
0.0187579
0.0221743
0.0655758
0.106173
0.142223
0.172162
0.194678
0.208767
0.213776
0.209444
0.195915
0.173744
0.143877
0.107614
0.0665539
0.0225203
0.0264934
0.0783531
0.126876
0.169983
0.20581
0.232786
0.249701
0.255767
0.250657
0.234532
0.208044
0.172319
0.128911
0.0797341
0.0269819
0.0315949
0.0934474
0.151339
0.202798
0.245604
0.277878
0.298169
0.305518
0.299518
0.280343
0.248758
0.206097
0.154211
0.0953972
0.0322846
0.0376251
0.111292
0.180268
0.241621
0.29271
0.331292
0.355622
0.364537
0.357526
0.334772
0.297164
0.246278
0.184324
0.114045
0.0385989
0.0447547
0.132394
0.21449
0.287571
0.348501
0.394602
0.423778
0.434615
0.426466
0.399514
0.354788
0.294146
0.220215
0.13628
0.0461294
0.0531829
0.157345
0.254971
0.341959
0.414587
0.469665
0.504668
0.517874
0.508463
0.476599
0.423462
0.35124
0.263054
0.162831
0.0551238
0.0631414
0.186833
0.302838
0.406316
0.492861
0.558665
0.600693
0.616837
0.60605
0.568453
0.505389
0.41942
0.31425
0.19458
0.0658817
0.0748991
0.22166
0.359402
0.482432
0.585535
0.664174
0.714691
0.734499
0.722252
0.677991
0.60322
0.50093
0.375514
0.232597
0.0787681
0.0887658
0.262747
0.426182
0.572384
0.695195
0.789209
0.850013
0.874418
0.860685
0.808711
0.72016
0.598499
0.44893
0.27819
0.0942289
0.105097
0.311158
0.504928
0.678578
0.824849
0.937304
1.01061
1.04082
1.02567
0.96483
0.860089
0.715446
0.537045
0.332964
0.112812
0.124299
0.368104
0.597643
0.803783
0.977983
1.11258
1.20112
1.23871
1.22238
1.15143
1.02773
0.855831
0.642992
0.398897
0.135194
0.146827
0.434954
0.706605
0.951165
1.15861
1.31984
1.42702
1.47405
1.45701
1.37466
1.22882
1.02465
0.770643
0.478445
0.162216
0.173194
0.513245
0.834377
1.12431
1.37134
1.56463
1.69468
1.75386
1.73699
1.64198
1.47043
1.22806
0.924815
0.574679
0.194935
0.203961
0.604671
0.983809
1.32726
1.62137
1.85331
2.01155
2.08649
2.07122
1.96244
1.76122
1.47373
1.11155
0.691472
0.234685
0.239738
0.711073
1.15802
1.56446
1.91457
2.19318
2.38627
2.48174
2.4704
2.34708
2.1119
1.77126
1.33848
0.833756
0.283173
0.281165
0.834408
1.36036
1.84077
2.25742
2.59242
2.82876
2.95116
2.94731
2.8094
2.53582
2.13277
1.61537
1.00788
0.342604
0.328902
0.976691
1.59432
2.16135
2.65696
3.06017
3.35037
3.50824
3.51731
3.36592
3.04964
2.57368
1.95482
1.22214
0.415873
0.383591
1.13991
1.86342
2.53151
3.12065
3.6064
3.96385
4.16864
4.19872
4.03694
3.67433
3.1138
2.37329
1.48749
0.506835
0.44582
1.32592
2.171
2.95649
3.65612
4.2417
4.68333
4.95035
5.01335
4.84739
4.43646
3.7789
2.89265
1.81871
0.62072
0.516062
1.53623
2.51995
3.44107
4.27078
4.97696
5.52404
5.87371
5.98696
5.82794
5.36985
4.6028
3.54234
2.23605
0.76478
0.594606
1.77184
2.91237
3.98912
4.9712
5.82268
6.50182
6.96123
7.14963
7.01615
6.51775
5.63045
4.36273
2.76796
0.949313
0.681463
2.03294
3.34908
4.60289
5.76229
6.78806
7.63216
8.2369
8.53581
8.45773
7.93571
6.92224
5.41022
3.45534
1.18938
0.776265
2.31858
3.82904
5.2822
6.64616
7.87957
8.9287
9.72492
10.1838
10.2076
9.69493
8.56022
6.76522
4.35874
1.50778
0.878154
2.62634
4.34877
6.02344
7.62065
9.09901
10.4008
11.4472
12.1337
12.3299
11.8861
10.6567
8.54484
5.57078
1.94049
0.985676
2.95198
4.90165
6.81845
8.67764
10.441
12.0503
13.4193
14.4243
14.8965
14.6229
13.3659
10.9232
7.23852
2.54728
1.0967
3.28915
5.47733
7.65344
9.80114
11.8899
13.8667
15.6442
17.0846
17.9811
18.0424
16.8986
14.1639
9.60527
3.43413
1.20838
3.62927
6.06138
8.50812
10.9655
13.4165
15.8214
18.103
20.1226
21.6457
22.2987
21.536
18.6712
13.0918
4.80508
1.3172
3.96158
6.63525
9.35537
12.1343
14.975
17.8617
20.7438
23.5055
25.9143
27.538
27.6333
25.0635
18.4583
7.09507
1.41909
4.27353
7.17683
10.1617
13.2603
16.5015
19.9052
23.468
27.1332
30.7281
33.8387
35.581
34.2582
27.1288
11.3482
1.50969
4.55153
7.66172
10.8891
14.287
17.9151
21.8382
26.1211
30.8097
35.878
41.0894
45.6573
47.485
41.807
20.4038
1.58469
4.78205
8.06524
11.4979
15.154
19.1238
23.5212
28.4923
34.2225
40.9285
48.7869
57.6361
65.9238
67.4054
42.9347
1.64024
4.95296
8.36495
11.9514
15.803
20.0355
24.8057
30.3362
36.9575
45.1785
55.7961
70.0047
89.0889
111.026
108.103
1.67341
5.05491
8.54344
12.2209
16.1874
20.5737
25.5621
31.4226
38.5816
47.7639
60.3113
78.987
110.273
171.909
321.386
1.68249
5.08252
8.59069
12.2896
16.2802
20.6937
25.7128
31.607
38.8006
48.0122
60.5704
79.2121
110.379
171.792
321.104
1.66723
5.03502
8.5054
12.1559
16.0791
20.3931
25.2557
30.889
37.618
45.9364
56.6045
70.7388
89.4807
110.632
106.752
1.6288
4.91624
8.29504
11.8326
15.6068
19.7114
24.2634
29.4098
35.3316
42.2285
50.2313
59.0654
66.9087
66.8558
37.9716
-11.313
-9.23029
-7.6665
-6.45393
-5.47503
-4.65772
-3.95657
-3.34145
-2.79136
-2.29097
-1.82857
-1.39485
-0.982118
-0.583711
-0.193656
-4.24521
-5.88828
-5.81904
-5.31319
-4.71645
-4.12773
-3.57394
-3.05938
-2.5811
-2.13402
-1.71266
-1.3117
-0.926187
-0.551465
-0.183119
-1.93254
-3.73533
-4.27476
-4.23554
-3.95226
-3.57346
-3.16404
-2.75209
-2.34917
-1.95921
-1.58255
-1.21781
-0.862757
-0.514788
-0.171116
-1.052
-2.45968
-3.13228
-3.32735
-3.25439
-3.04043
-2.75588
-2.43851
-2.10821
-1.77514
-1.44417
-1.11718
-0.794403
-0.475123
-0.158113
-0.655011
-1.69448
-2.3214
-2.60527
-2.6544
-2.5564
-2.3705
-2.1339
-1.86915
-1.58962
-1.30301
-1.01362
-0.723613
-0.433877
-0.144565
-0.445901
-1.21576
-1.74873
-2.0462
-2.15657
-2.13339
-2.02031
-1.84883
-1.64035
-1.40898
-1.16379
-0.910489
-0.652627
-0.392335
-0.13089
-0.321469
-0.901549
-1.33958
-1.61705
-1.75145
-1.7728
-1.71067
-1.58943
-1.42744
-1.23794
-1.03017
-0.810518
-0.583324
-0.35159
-0.117447
-0.240686
-0.685973
-1.04194
-1.28723
-1.42485
-1.47016
-1.44207
-1.35831
-1.23363
-1.07957
-0.904814
-0.715775
-0.51717
-0.312514
-0.104526
-0.184961
-0.53242
-0.821146
-1.03217
-1.16232
-1.21849
-1.21213
-1.15559
-1.06021
-0.935569
-0.789366
-0.627669
-0.455216
-0.275751
-0.0923412
-0.144832
-0.419652
-0.654306
-0.833268
-0.951176
-1.01024
-1.01702
-0.979838
-0.907116
-0.806531
-0.684672
-0.54703
-0.398128
-0.241726
-0.0810396
-0.115013
-0.334773
-0.526137
-0.676757
-0.780884
-0.838289
-0.852437
-0.828756
-0.773363
-0.69226
-0.590934
-0.474205
-0.346245
-0.210675
-0.0707045
-0.0923203
-0.269612
-0.42626
-0.552527
-0.643033
-0.696373
-0.714115
-0.699692
-0.657457
-0.592029
-0.507887
-0.409176
-0.299646
-0.182678
-0.0613681
-0.074731
-0.218784
-0.347477
-0.453128
-0.530988
-0.579171
-0.598126
-0.589936
-0.557653
-0.504789
-0.434955
-0.351659
-0.258209
-0.157694
-0.053022
-0.0608974
-0.178622
-0.284693
-0.373026
-0.439547
-0.482262
-0.500985
-0.496906
-0.472138
-0.429329
-0.371368
-0.30119
-0.221675
-0.135597
-0.0456283
-0.0498899
-0.146551
-0.234227
-0.308067
-0.364635
-0.402011
-0.419675
-0.418239
-0.399149
-0.36439
-0.316261
-0.257205
-0.189698
-0.1162
-0.0391288
-0.0410479
-0.120718
-0.193366
-0.255102
-0.303048
-0.335447
-0.351624
-0.35183
-0.337037
-0.308733
-0.268742
-0.219085
-0.161881
-0.0992829
-0.0334531
-0.0338904
-0.0997608
-0.16008
-0.211712
-0.252254
-0.280146
-0.294663
-0.295835
-0.284305
-0.261189
-0.227933
-0.186206
-0.137807
-0.0846101
-0.0285247
-0.0280592
-0.0826579
-0.132827
-0.176023
-0.210244
-0.234129
-0.246968
-0.248658
-0.239618
-0.220684
-0.193006
-0.157958
-0.117064
-0.0719425
-0.0242657
-0.0232834
-0.0686306
-0.110415
-0.146563
-0.175412
-0.195783
-0.207013
-0.208931
-0.2018
-0.186249
-0.163195
-0.133769
-0.0992568
-0.0610488
-0.0205998
-0.0193542
-0.0570772
-0.0919152
-0.122173
-0.146464
-0.163782
-0.173524
-0.175485
-0.169828
-0.157024
-0.137808
-0.11311
-0.0840154
-0.051711
-0.0174552
-0.0161093
-0.0475269
-0.0765959
-0.101924
-0.122359
-0.137041
-0.145436
-0.147331
-0.142816
-0.132252
-0.116226
-0.0955055
-0.071002
-0.0437279
-0.014765
-0.0134204
-0.0396072
-0.0638737
-0.0850739
-0.102247
-0.114666
-0.121861
-0.123625
-0.120004
-0.111273
-0.097902
-0.0805272
-0.0599122
-0.0369173
-0.0124687
-0.0111855
-0.0330207
-0.0532804
-0.071019
-0.0854368
-0.0959186
-0.102057
-0.103659
-0.100741
-0.093514
-0.0823583
-0.0677984
-0.0504748
-0.0311159
-0.0105117
-0.00932281
-0.027528
-0.0444375
-0.0592698
-0.0713589
-0.0801866
-0.0854019
-0.0868299
-0.0844696
-0.0784829
-0.0691781
-0.0569885
-0.0424504
-0.0261791
-0.00884559
-0.00776584
-0.022935
-0.0370368
-0.049425
-0.0595455
-0.0669626
-0.0713764
-0.0726314
-0.0707159
-0.0657556
-0.0580005
-0.0478091
-0.0356294
-0.0219796
-0.00742787
-0.00646055
-0.0190831
-0.0308259
-0.0411547
-0.049609
-0.0558237
-0.0595442
-0.060634
-0.0590762
-0.0549686
-0.0485145
-0.0400101
-0.029829
-0.0184064
-0.00622118
-0.00536256
-0.0158419
-0.0255968
-0.0341858
-0.0412273
-0.0464164
-0.0495383
-0.0504748
-0.0492068
-0.0458107
-0.0404521
-0.0333751
-0.0248907
-0.0153626
-0.00519302
-0.00443521
-0.0131038
-0.021177
-0.0282915
-0.0341317
-0.0384445
-0.0410497
-0.0418463
-0.0408148
-0.0380155
-0.0335826
-0.0277172
-0.0206769
-0.0127643
-0.00431513
-0.003648
-0.0107789
-0.0174228
-0.0232818
-0.0280966
-0.0316582
-0.0338166
-0.0344869
-0.0336503
-0.0313543
-0.0277077
-0.0228751
-0.0170686
-0.0105385
-0.00356296
-0.00297542
-0.00879224
-0.0142135
-0.0189971
-0.0229316
-0.025846
-0.0276169
-0.0281735
-0.0274991
-0.0256308
-0.0226562
-0.0187091
-0.0139627
-0.008622
-0.0029152
-0.00239589
-0.00708015
-0.011447
-0.015302
-0.0184748
-0.0208276
-0.0222603
-0.0227149
-0.0221769
-0.0206752
-0.0182798
-0.0150981
-0.0112695
-0.00695964
-0.00235326
-0.00189101
-0.00558841
-0.00903597
-0.0120804
-0.0145874
-0.016448
-0.0175827
-0.0179453
-0.0175238
-0.0163402
-0.0144495
-0.0119361
-0.00891036
-0.00550315
-0.00186086
-0.00144489
-0.00427013
-0.00690479
-0.00923188
-0.0111489
-0.0125723
-0.0134413
-0.0137202
-0.0133996
-0.0124961
-0.0110514
-0.00912996
-0.00681604
-0.00420989
-0.00142358
-0.00104358
-0.00308415
-0.00498715
-0.00666811
-0.00805297
-0.00908143
-0.00970953
-0.00991141
-0.00968015
-0.00902776
-0.00798428
-0.00659629
-0.00492461
-0.0030417
-0.00102856
-0.000674619
-0.00199368
-0.00322367
-0.00430992
-0.00520452
-0.00586854
-0.00627366
-0.00640328
-0.00625307
-0.00583091
-0.00515636
-0.00425956
-0.00317982
-0.00196392
-0.00066409
-0.000326602
-0.000965056
-0.00155999
-0.00208476
-0.00251615
-0.00283541
-0.00302906
-0.00308942
-0.00301477
-0.0028093
-0.00248274
-0.00204982
-0.00152956
-0.000944406
-0.000319298
1.11748e-05
3.3359e-05
5.49977e-05
7.55754e-05
9.43889e-05
0.000110545
0.000123011
0.00013072
0.000132708
0.000128262
0.000117063
9.92866e-05
7.56457e-05
4.73733e-05
1.6132e-05
0.000349069
0.00103216
0.00167073
0.00223715
0.00270679
0.00305907
0.0032784
0.00335485
0.00328467
0.00307053
0.00272144
0.00225248
0.00168408
0.00104122
0.000352274
0.000697412
0.00206188
0.00333656
0.00446593
0.00540067
0.00609993
0.00653302
0.00668081
0.00653661
0.0061065
0.00540908
0.00447471
0.00334422
0.00206707
0.00069925
0.00106684
0.00315393
0.00510331
0.00682984
0.00825808
0.00932561
0.00998573
0.0102095
0.00998708
0.00932808
0.00826124
0.00683314
0.00510618
0.00315588
0.00106753
0.00146861
0.00434161
0.00702479
0.00940086
0.011366
0.0128342
0.0137414
0.014048
0.0137407
0.0128328
0.0113642
0.00939907
0.00702324
0.00434055
0.00146823
0.00191496
0.00566109
0.00915953
0.0122573
0.0148188
0.0167323
0.0179141
0.0183129
0.0179112
0.016727
0.014812
0.0122502
0.00915334
0.00565689
0.00191347
0.00241949
0.00715254
0.0115725
0.0154859
0.0187217
0.0211384
0.0226306
0.0231334
0.0226252
0.0211285
0.018709
0.0154727
0.0115609
0.00714471
0.00241672
0.00299756
0.0088614
0.0143371
0.0191851
0.0231932
0.0261864
0.0280341
0.028656
0.0280255
0.0261707
0.0231731
0.0191641
0.0143188
0.00884898
0.00299317
0.0036668
0.0108397
0.0175377
0.0234674
0.0283695
0.0320297
0.0342886
0.0350481
0.0342758
0.0320064
0.0283396
0.0234361
0.0175104
0.0108212
0.00366026
0.0044476
0.0131478
0.0212717
0.0284633
0.034408
0.0388461
0.0415843
0.0425038
0.0415657
0.0388122
0.0343646
0.028418
0.0212322
0.013121
0.00443813
0.0053638
0.0158561
0.0256529
0.0343249
0.0414926
0.0468428
0.0501426
0.0512493
0.0501161
0.0467944
0.0414306
0.0342601
0.0255965
0.0158178
0.00535025
0.00644337
0.0190473
0.0308152
0.0412311
0.0498391
0.0562631
0.0602238
0.06155
0.0601861
0.0561943
0.049751
0.041139
0.030735
0.0189928
0.00642412
0.00771933
0.0228189
0.0369161
0.0493926
0.0597019
0.0673939
0.0721342
0.0737184
0.0720808
0.0672964
0.0595772
0.0492622
0.0368025
0.0227418
0.00769207
0.00923078
0.0272864
0.0441424
0.0590588
0.071382
0.0805741
0.0862359
0.0881239
0.0861605
0.0804363
0.0712057
0.0588744
0.0439818
0.0271774
0.00919223
0.0110241
0.0325869
0.0527155
0.0705254
0.0852362
0.0962056
0.102958
0.105203
0.102851
0.0960109
0.084987
0.0702649
0.0524886
0.0324329
0.0109696
0.0131544
0.0388832
0.0628984
0.0841439
0.101688
0.114765
0.122809
0.125475
0.122658
0.11449
0.101336
0.083776
0.062578
0.0386657
0.0130774
0.0156873
0.0463692
0.0750045
0.100332
0.121242
0.13682
0.146393
0.149555
0.146181
0.136431
0.120745
0.0998128
0.0745521
0.0460621
0.0155787
0.0187012
0.0552762
0.0894071
0.119589
0.144497
0.163043
0.174429
0.178173
0.174129
0.162495
0.143795
0.118855
0.0887683
0.0548426
0.0185478
0.0222895
0.0658802
0.106552
0.142508
0.172168
0.194239
0.207772
0.212197
0.207348
0.193466
0.171177
0.141472
0.10565
0.0652681
0.022073
0.0265641
0.0785112
0.12697
0.169797
0.205108
0.231364
0.247438
0.25266
0.24684
0.230272
0.20371
0.168335
0.125697
0.077647
0.0262584
0.0316586
0.0935639
0.1513
0.202306
0.244336
0.275559
0.294639
0.30079
0.293795
0.274016
0.242362
0.200242
0.149502
0.0923439
0.0312271
0.0377335
0.111511
0.180302
0.241047
0.291066
0.328184
0.350819
0.358046
0.349627
0.326007
0.28828
0.238133
0.177765
0.109789
0.0371243
0.0449814
0.132921
0.214892
0.287235
0.346755
0.390866
0.417696
0.426166
0.416014
0.387792
0.342821
0.283121
0.211309
0.13049
0.0441213
0.0536336
0.158476
0.256166
0.342326
0.413144
0.465545
0.497322
0.507215
0.494947
0.461206
0.40759
0.336518
0.251108
0.155044
0.0524194
0.0639693
0.188998
0.305444
0.408069
0.49232
0.554545
0.592141
0.603651
0.588789
0.548419
0.48448
0.39987
0.298304
0.184152
0.0622551
0.0763256
0.225479
0.36432
0.486569
0.58679
0.660645
0.705074
0.718397
0.700342
0.651998
0.575723
0.474995
0.35424
0.218637
0.0739054
0.0911106
0.269119
0.434717
0.580364
0.699567
0.787177
0.839605
0.854931
0.832924
0.77497
0.683943
0.564025
0.420486
0.25946
0.0876937
0.10882
0.321377
0.518965
0.692522
0.83428
0.938136
0.999895
1.01739
0.990465
0.920905
0.812224
0.669454
0.498874
0.30774
0.103996
0.13006
0.384029
0.619899
0.826757
0.995309
1.11833
1.19092
1.21068
1.17761
1.094
0.964174
0.794192
0.591535
0.364774
0.123249
0.155571
0.459247
0.740977
0.98759
1.18796
1.33352
1.41864
1.44065
1.39985
1.29919
1.14401
0.941616
0.70093
0.43206
0.145953
0.186266
0.549704
0.886438
1.18053
1.41865
1.59069
1.69016
1.71425
1.66365
1.54223
1.35661
1.11563
0.829895
0.511314
0.172684
0.223276
0.658702
1.0615
1.41235
1.69523
1.89825
2.01403
2.0397
1.97661
1.82986
1.60766
1.32072
0.981664
0.604489
0.204095
0.268011
0.790353
1.27265
1.69135
2.02725
2.26638
2.40046
2.42677
2.34767
2.16987
1.90365
1.56199
1.1599
0.713784
0.240917
0.322245
0.949813
1.52794
2.02785
2.42646
2.70746
2.86173
2.88704
2.78725
2.57128
2.25201
1.84522
1.36872
0.84165
0.283967
0.388228
1.1436
1.83753
2.4347
2.90733
3.23652
3.41254
3.43417
3.3075
3.04442
2.66114
2.17684
1.61264
0.990775
0.334132
0.468847
1.38006
2.21431
2.92803
3.48779
3.87194
4.07054
4.08426
3.92246
3.60102
3.14041
2.56395
1.89658
1.16405
0.392366
0.567851
1.66997
2.67478
3.52825
4.1902
4.63618
4.85691
4.85623
4.64825
4.25426
3.70012
3.01417
2.22578
1.3645
0.459662
0.690178
2.02743
3.24034
4.26144
5.04257
5.55682
5.797
5.77215
5.50319
5.01868
4.35134
3.53551
2.60559
1.5952
0.537013
0.842435
2.47122
3.9391
5.16124
6.08026
6.66776
6.9211
6.85756
6.50779
5.91004
5.10565
4.13607
3.04126
1.85907
0.625362
1.03364
3.02674
4.80849
6.27152
7.34814
8.01072
8.26523
8.14169
7.68457
6.94488
5.97464
4.82357
3.53761
2.15872
0.725523
1.27634
3.72901
5.89919
7.65011
8.90351
9.63702
9.87184
9.65744
9.05754
8.13979
6.96918
5.60471
4.09847
2.49606
0.838076
1.58848
4.62745
7.281
9.37416
10.8199
11.6096
11.7904
11.4408
10.6512
9.51026
8.09829
6.48429
4.72608
2.87199
0.963241
1.99646
5.79352
9.05195
11.5478
13.1918
14.0049
14.0771
13.5298
12.4887
11.0689
9.36766
7.46397
5.42026
3.28585
1.10072
2.54043
7.33359
11.3525
14.3128
16.1407
16.9147
16.794
15.9615
14.5893
12.8229
10.7776
8.54084
6.1774
3.73493
1.24951
3.28417
9.41134
14.388
17.8642
19.8213
20.4457
20.0052
18.768
16.9635
14.7705
12.3204
9.70566
6.98937
4.21381
1.40773
4.33427
12.288
18.4656
22.4705
24.4273
24.7161
23.7695
21.9684
19.6074
16.8965
13.9774
10.941
7.84248
4.71387
1.57244
5.88078
16.398
24.0519
28.4989
30.1917
29.8443
28.1272
25.5577
22.4941
19.167
15.7159
12.2193
8.71646
5.22282
1.73954
8.2914
22.4963
31.865
36.44
37.3726
35.9236
33.0767
29.4899
25.5637
21.5236
17.486
13.5018
9.58402
5.72454
1.9037
12.3533
31.9529
43.0069
46.9105
46.2073
42.9734
38.5398
33.6578
28.7122
23.8784
19.2189
14.7381
10.4111
6.19939
2.05853
19.9618
47.3437
59.1142
60.5799
56.7991
50.856
44.3143
37.8698
31.7829
26.112
20.8278
15.8675
11.1579
6.62505
2.19681
36.2798
73.5756
82.3772
77.8925
68.8922
59.1541
50.0209
41.8332
34.5647
28.0768
22.2116
16.8227
11.7821
6.97801
2.31104
77.0863
119.595
114.866
98.3405
81.4976
67.0319
55.0707
45.1579
36.8044
29.6091
23.2645
17.536
12.2419
7.23573
2.39408
195.437
198.417
155.548
119.008
92.4516
73.1702
58.6979
47.3997
38.2395
30.5506
23.8893
17.9476
12.5016
7.37919
2.43997
583.158
309.076
191.834
132.742
98.3529
75.9685
60.1205
48.1565
38.6526
30.7784
24.0144
18.015
12.5364
7.39545
2.44467
1.56164
4.70932
7.9312
11.2798
14.8121
18.5902
22.68
27.1444
32.0212
37.2655
42.6051
47.1947
48.8536
42.6762
19.841
1.46624
4.41642
7.41965
10.5109
13.7239
17.0874
20.6192
24.3106
28.097
31.7988
35.0143
36.9429
36.1831
30.8279
20.1472
1.35315
4.07046
6.82
9.62042
12.4849
15.4164
18.3987
21.3818
24.257
26.8183
28.7101
29.3796
28.1075
24.305
18.3782
1.22906
3.69224
6.16942
8.66573
11.179
13.6945
16.1773
18.5608
20.7309
22.5073
23.6279
23.7579
22.5628
19.9064
16.1663
1.09991
3.30001
5.49968
7.69406
9.87072
12.0052
14.0552
15.9532
17.5987
18.8518
19.5362
19.4609
18.4794
16.5915
14.0447
0.970454
2.9082
4.8352
6.74005
8.60455
10.4003
12.085
13.5982
14.8587
15.7652
16.204
16.0697
15.3022
13.9349
12.1251
0.844163
2.52711
4.19287
5.82637
7.40706
8.9065
10.2861
11.4956
12.4728
13.1466
13.4454
13.312
12.7251
11.7212
10.403
0.723247
2.16322
3.58277
4.96549
6.29079
7.53242
8.65732
9.62528
10.3901
10.9029
11.119
11.0079
10.5651
9.82216
8.84838
0.608856
1.81974
3.0095
4.162
5.25816
6.27503
7.18537
7.958
8.55919
8.95573
9.11983
9.03548
8.70508
8.154
7.4301
0.501295
1.49737
2.47348
3.41487
4.30482
5.12413
5.85111
6.46209
6.93282
7.24087
7.36896
7.30899
7.06564
6.65851
6.12119
0.400244
1.19498
1.97217
2.71918
3.42211
4.06557
4.63284
5.1064
5.46909
5.70587
5.80606
5.76574
5.58985
5.29307
4.89899
0.304943
0.910131
1.50104
2.06757
2.59886
3.08321
3.50828
3.86156
4.13125
4.30744
4.3836
4.35801
4.2349
4.02486
3.74415
0.214339
0.639557
1.05429
1.4512
1.82255
2.16013
2.45551
2.70032
2.88691
3.00905
3.06289
3.04778
2.96687
2.82728
2.63965
0.127194
0.379469
0.625352
0.860408
1.07999
1.27926
1.45331
1.59733
1.70701
1.77895
1.81113
1.80334
1.75752
1.67776
1.57008
-997.952
-993.942
-990.185
-986.846
-984.08
-982.036
-980.845
-980.624
-981.47
-983.455
-986.627
-991.007
-996.59
-1003.34
-1011.22
1.9383
25.4238
-14.9848
6.31489
-14.6312
1.31907
-12.4729
-1.38383
8.92867
-3.01973
8.77046
-3.44817
9.08504
-4.5093
8.96829
-10.2715
2.70637
-9.35447
1.74491
-7.78986
1.76
-6.25438
1.3972
9.05971
1.06834
10.6757
1.17977
12.3986
0.305234
13.4802
-6.0565
7.62337
-6.22624
6.31028
-5.52064
5.86056
-4.64651
4.82907
14.5441
3.82051
16.4886
3.23474
18.5264
0.99541
19.4335
-9.37656
10.061
-10.9188
7.04752
-11.2692
5.11666
-11.5578
2.0147
15.9739
-1.55012
16.8408
-4.96272
17.0691
-10.9032
15.0768
-27.9171
-1.41397
-31.763
-8.28887
-34.2856
-13.8419
-37.1781
-21.2669
-5.34265
-29.6937
-9.16405
-38.2903
-14.4786
-50.5477
-23.2986
-76.066
-49.0923
-89.7188
-66.6192
-107.413
-88.0665
-139.034
-128.154
-118.627
-229.942
-239.965
-275.679
-344.515
-474.615
-742.265
12.2585
11.4949
2.07897
1.88741
-2.51457
-1.20871
-2.95995
-0.273382
2.45478
1.31012
2.9502
1.28515
2.70333
0.49467
1.47933
-2.08161
-1.06878
-2.89389
-1.41383
-2.42005
-0.731477
-1.05015
1.3709
3.80035
3.50563
5.23516
4.27801
5.82243
4.04214
5.12098
1.55246
2.60289
0.416922
1.94073
0.488311
2.3063
1.62708
4.47173
7.3641
6.72283
8.76833
7.1512
8.94544
6.01911
7.11943
1.47115
2.49869
-1.2659
0.410076
-2.38435
-0.328864
-2.0899
1.44315
4.98478
3.02772
5.12601
1.4791
3.04322
-2.5937
-2.13376
-11.4914
-11.2076
-17.6399
-16.5792
-21.6644
-20.3419
-24.1845
-21.3026
-18.6007
-23.1012
-22.6872
-29.5272
-30.242
-39.7685
-42.3571
-56.6455
-60.4028
-72.8643
-77.4339
-91.2286
-98.5336
-116.411
-126.222
-141.221
-179.232
-202.987
-228
-256.311
-276.559
-235.863
13.3516
10.0252
5.85986
3.52305
1.38292
0.665834
0.162615
0.777206
1.55773
1.62992
1.88926
1.57861
1.54423
0.900215
0.53598
-0.477964
-0.757339
-1.19273
-0.992362
-0.930757
-0.332563
0.208844
1.33241
2.46369
3.02788
3.66326
3.77386
4.03369
3.66175
3.45386
2.51003
2.2427
1.7179
1.85682
1.78776
2.34791
2.82617
4.04552
5.27235
5.75602
6.32208
6.15511
6.16191
5.24426
4.52319
2.70554
1.83694
0.552508
0.209861
-0.483455
-0.278725
-0.24562
0.859064
1.91359
1.76567
1.68412
0.416864
-0.61327
-3.06378
-5.20713
-8.94952
-11.33
-14.3069
-16.0193
-18.2703
-19.4042
-20.874
-21.079
-21.4874
-23.5854
-25.7647
-29.5841
-33.3166
-38.9798
-44.5676
-52.3897
-59.1789
-67.3738
-74.9643
-84.3891
-93.776
-105.402
-116.819
-130.679
-149.048
-164.197
-175.57
-179.715
-166.262
-114.773
12.6551
9.76425
7.00821
4.87609
3.23182
2.233
1.67614
1.58944
1.68125
1.68079
1.64974
1.4748
1.26363
0.90349
0.528848
0.0685468
-0.220579
-0.406398
-0.37041
-0.213494
0.148786
0.630182
1.28345
1.9443
2.44826
2.84768
3.05545
3.15536
3.04579
2.84714
2.49411
2.25396
2.06382
2.0731
2.18184
2.50814
2.95877
3.60925
4.25144
4.67126
4.93208
4.90951
4.71031
4.18708
3.50678
2.57405
1.77477
1.01555
0.51543
0.125079
0.0193959
0.0564298
0.348054
0.574765
0.408932
-0.0494692
-0.985929
-2.22349
-3.97523
-5.97692
-8.36778
-10.5925
-12.7936
-14.6827
-16.4839
-17.9815
-19.3839
-20.5613
-21.9398
-23.9516
-26.4792
-29.7649
-33.61
-38.2983
-43.5592
-49.6202
-55.9295
-62.752
-69.8521
-77.6025
-85.7927
-94.6924
-103.897
-113.641
-123.498
-130.844
-133.545
-128.461
-110.736
-75.4947
11.5247
9.30909
7.25804
5.52652
4.15116
3.16367
2.51251
2.14448
1.93752
1.77557
1.61724
1.423
1.19739
0.927466
0.644882
0.368376
0.167232
0.0603322
0.077202
0.207835
0.458383
0.803793
1.22333
1.65054
2.01894
2.30778
2.49207
2.57839
2.55782
2.46244
2.31534
2.19289
2.12226
2.14585
2.2623
2.48902
2.80326
3.18455
3.55039
3.81512
3.94979
3.91789
3.72496
3.35569
2.85348
2.25005
1.65456
1.10511
0.662572
0.323325
0.111634
-0.00850089
-0.0698529
-0.199169
-0.526887
-1.09503
-1.95551
-3.09364
-4.52712
-6.18664
-8.02563
-9.88932
-11.7301
-13.4729
-15.1349
-16.6964
-18.2179
-19.7544
-21.4806
-23.575
-26.1023
-29.1406
-32.6892
-36.7924
-41.3988
-46.4932
-51.9413
-57.7305
-63.8034
-70.1827
-76.7877
-83.5433
-90.1986
-96.4405
-101.561
-104.181
-102.732
-95.4072
-80.4335
-57.3293
10.2854
8.61648
7.0473
5.66363
4.51153
3.60956
2.9407
2.46712
2.12848
1.86462
1.63593
1.41578
1.19439
0.969072
0.751556
0.559069
0.418705
0.348204
0.360359
0.455844
0.630729
0.869988
1.1515
1.44078
1.70346
1.91769
2.06902
2.15458
2.17682
2.1514
2.10029
2.05641
2.0442
2.08406
2.18318
2.34303
2.55037
2.78127
2.99408
3.14538
3.20647
3.15724
2.9926
2.71483
2.34503
1.91364
1.46712
1.03977
0.660026
0.336943
0.0710815
-0.159038
-0.390859
-0.688382
-1.11748
-1.72062
-2.5263
-3.53948
-4.75454
-6.13893
-7.64892
-9.22015
-10.8085
-12.3806
-13.9317
-15.4696
-17.0315
-18.6751
-20.4921
-22.576
-24.9906
-27.7825
-30.9705
-34.5627
-38.5368
-42.8577
-47.4627
-52.3014
-57.3143
-62.4385
-67.5666
-72.5393
-77.0962
-80.8555
-83.2266
-83.3763
-80.379
-73.3675
-61.838
-46.2205
9.04141
7.78077
6.56995
5.46782
4.51227
3.72038
3.0883
2.59609
2.21236
1.90369
1.64296
1.41102
1.1977
1.00012
0.822867
0.675396
0.570272
0.517755
0.524228
0.590228
0.711093
0.876061
1.06918
1.27007
1.45849
1.61892
1.74143
1.82268
1.86518
1.87813
1.87561
1.87507
1.89194
1.93772
2.01739
2.12946
2.26433
2.40486
2.52715
2.60636
2.62285
2.5636
2.42402
2.20733
1.92612
1.5999
1.253
0.90676
0.57681
0.269093
-0.0199924
-0.306166
-0.616283
-0.987139
-1.45645
-2.05354
-2.79725
-3.69357
-4.73706
-5.90927
-7.18293
-8.52521
-9.90917
-11.3173
-12.7464
-14.2071
-15.7262
-17.3451
-19.1179
-21.0996
-23.3343
-25.8525
-28.6686
-31.7818
-35.174
-38.8116
-42.646
-46.62
-50.6635
-54.6873
-58.5677
-62.1324
-65.1408
-67.268
-68.09
-67.1025
-63.8061
-57.8327
-49.1285
-38.1731
7.83078
6.8738
5.93658
5.06144
4.27789
3.60165
3.03502
2.5694
2.18873
1.87431
1.60912
1.38005
1.17895
1.00254
0.851926
0.731391
0.646736
0.603017
0.603037
0.646272
0.728612
0.842266
0.976345
1.11798
1.25448
1.37544
1.47396
1.54728
1.5968
1.62785
1.64878
1.66941
1.69876
1.74332
1.80566
1.88382
1.97089
2.05547
2.123
2.15841
2.14907
2.08645
1.96725
1.79356
1.57287
1.31675
1.03876
0.751158
0.462443
0.175285
-0.114375
-0.417924
-0.753338
-1.1432
-1.61051
-2.17437
-2.84748
-3.63474
-4.53321
-5.53252
-6.61707
-7.76921
-8.974
-10.2225
-11.5146
-12.8593
-14.276
-15.7923
-17.4417
-19.2578
-21.2684
-23.4925
-25.9374
-28.5981
-31.4564
-34.4809
-37.6269
-40.8373
-44.0396
-47.1411
-50.0217
-52.5253
-54.4526
-55.5584
-55.5576
-54.1522
-51.0874
-46.2298
-39.6599
-31.7488
6.66611
5.93839
5.21387
4.5232
3.88904
3.32509
2.83636
2.42044
2.06973
1.77408
1.5233
1.30882
1.1247
0.967826
0.837705
0.735751
0.664281
0.625325
0.619638
0.646027
0.701052
0.779067
0.872631
0.973312
1.07284
1.16425
1.24276
1.30617
1.35498
1.39214
1.42237
1.45119
1.48367
1.52329
1.57113
1.62532
1.68099
1.73064
1.76507
1.77487
1.75197
1.69077
1.5889
1.44744
1.27064
1.06509
0.838346
0.597146
0.345826
0.0850706
-0.188766
-0.483803
-0.812
-1.18773
-1.62553
-2.13786
-2.73332
-3.41577
-4.18413
-5.03297
-5.95382
-6.93734
-7.97577
-9.06513
-10.2067
-11.408
-12.6822
-14.0477
-15.5253
-17.1356
-18.8952
-20.8144
-22.8952
-25.1296
-27.4994
-29.9749
-32.515
-35.0661
-37.5604
-39.9129
-42.0184
-43.7476
-44.947
-45.4417
-45.0472
-43.5912
-40.9499
-37.0923
-32.1223
-26.304
5.54901
4.99814
4.44221
3.90338
3.39883
2.94
2.53258
2.1773
1.87116
1.60897
1.3849
1.19358
1.0309
0.894277
0.782603
0.695887
0.634675
0.599383
0.589706
0.604189
0.640027
0.693108
0.758292
0.829919
0.902475
0.971256
1.0329
1.08567
1.12954
1.16598
1.19756
1.22727
1.25784
1.291
1.327
1.36424
1.39931
1.42723
1.44211
1.43795
1.40953
1.35315
1.26708
1.1517
1.00928
0.843438
0.658236
0.45719
0.242275
0.0131696
-0.233158
-0.502462
-0.802756
-1.14339
-1.5338
-1.98218
-2.49444
-3.07361
-3.71973
-4.43025
-5.20088
-6.02694
-6.90476
-7.83298
-8.81355
-9.85207
-10.9577
-12.1421
-13.4185
-14.7988
-16.2926
-17.9043
-19.6321
-21.4668
-23.3905
-25.3764
-27.3877
-29.3772
-31.2856
-33.0411
-34.5571
-35.7333
-36.4563
-36.606
-36.0653
-34.7368
-32.5642
-29.5565
-25.8066
-21.4978
4.47593
4.06499
3.6457
3.23396
2.84256
2.48061
2.15348
1.86316
1.60902
1.38871
1.19904
1.03681
0.899282
0.784487
0.69124
0.618969
0.567407
0.536215
0.524636
0.531243
0.553811
0.589353
0.634298
0.684806
0.737157
0.788145
0.835399
0.877569
0.914359
0.946405
0.974994
1.00168
1.02782
1.0542
1.08062
1.10583
1.12744
1.14214
1.14611
1.13549
1.10687
1.05779
0.986967
0.894389
0.781163
0.649148
0.500427
0.336688
0.158638
-0.0344542
-0.244991
-0.477025
-0.73595
-1.02793
-1.35914
-1.73505
-2.15974
-2.63559
-3.16316
-3.7415
-4.36868
-5.04257
-5.7617
-6.52601
-7.33744
-8.2001
-9.12007
-10.1048
-11.1623
-12.2993
-13.5207
-14.8274
-16.2158
-17.6762
-19.1926
-20.7418
-22.2925
-23.8053
-25.2318
-26.5143
-27.5859
-28.3718
-28.7916
-28.7647
-28.2182
-27.098
-25.3814
-23.0895
-20.296
-17.1265
3.44067
3.14377
2.83822
2.53516
2.24379
1.97099
1.72125
1.4968
1.29807
1.12419
0.973565
0.844344
0.734804
0.643542
0.569541
0.5121
0.470672
0.444664
0.433239
0.435169
0.448766
0.471907
0.502142
0.536884
0.573642
0.61025
0.645059
0.677048
0.705842
0.731631
0.754999
0.776683
0.797306
0.817121
0.835821
0.85243
0.865315
0.87231
0.870943
0.85873
0.833476
0.793537
0.737977
0.666608
0.579891
0.478707
0.364035
0.236585
0.0964484
-0.0571688
-0.226078
-0.413079
-0.621764
-0.856167
-1.12034
-1.41788
-1.7516
-2.1233
-2.53369
-2.98264
-3.46943
-3.99327
-4.55376
-5.15139
-5.78777
-6.46578
-7.18935
-7.9631
-8.79161
-9.67861
-10.6261
-11.6332
-12.6957
-13.8051
-14.9478
-16.105
-17.252
-18.3578
-19.3854
-20.2913
-21.0265
-21.5377
-21.7703
-21.6717
-21.1975
-20.3182
-19.0268
-17.345
-15.3266
-13.0565
2.43563
2.23495
2.02711
1.81946
1.6182
1.42813
1.25255
1.09336
0.951276
0.82613
0.717193
0.623469
0.543931
0.477663
0.423916
0.382087
0.351645
0.332023
0.322516
0.322196
0.329881
0.344145
0.36339
0.385952
0.410232
0.434833
0.458664
0.481009
0.50153
0.520221
0.537303
0.553088
0.567818
0.581519
0.593892
0.604252
0.611537
0.614381
0.61125
0.600607
0.581085
0.551632
0.511604
0.46078
0.399301
0.327536
0.245891
0.154599
0.0535177
-0.0580166
-0.181265
-0.318062
-0.470694
-0.641701
-0.833624
-1.04876
-1.28894
-1.55542
-1.84886
-2.16943
-2.51697
-2.89131
-3.29251
-3.72111
-4.17831
-4.66597
-5.18652
-5.74263
-6.33683
-6.97097
-7.64557
-8.35931
-9.1084
-9.8861
-10.6823
-11.4831
-12.2708
-13.0232
-13.7143
-14.3141
-14.7895
-15.1051
-15.226
-15.1196
-14.7601
-14.132
-13.2347
-12.0852
-10.72
-9.19335
1.45253
1.33646
1.21576
1.09459
0.976541
0.86443
0.760273
0.665313
0.580124
0.504765
0.438949
0.382202
0.333987
0.293791
0.261164
0.235712
0.217072
0.204854
0.198598
0.197732
0.201555
0.209246
0.219898
0.232579
0.246393
0.260556
0.274444
0.28763
0.299887
0.311158
0.321507
0.331044
0.339842
0.347861
0.354894
0.360535
0.364184
0.365088
0.362407
0.355303
0.343026
0.324989
0.300812
0.270329
0.233559
0.190628
0.141676
0.0867452
0.0256787
-0.041956
-0.116902
-0.200199
-0.29312
-0.397067
-0.513443
-0.643523
-0.788349
-0.948669
-1.12493
-1.31731
-1.52587
-1.75063
-1.99173
-2.24959
-2.52491
-2.81874
-3.13239
-3.46723
-3.82449
-4.20496
-4.60864
-5.03442
-5.47976
-5.94036
-6.40997
-6.88014
-7.34012
-7.77676
-8.17463
-8.51619
-8.78229
-8.953
-9.00877
-8.93209
-8.70946
-8.3336
-7.80549
-7.13586
-6.3457
-5.46525
-1019.39
-1027.49
-1036.2
-1045.48
-1055.25
-1065.47
-1076.09
-1087.06
-1098.32
-1109.85
-1121.61
-1133.56
-1145.68
-1157.95
-1170.35
-1182.87
-1195.48
-1208.19
-1220.99
-1233.87
-1246.84
-1259.89
-1273.03
-1286.27
-1299.6
-1313.05
-1326.6
-1340.28
-1354.08
-1368.01
-1382.08
-1396.29
-1410.64
-1425.14
-1439.8
-1454.61
-1469.58
-1484.71
-1500
-1515.45
-1531.06
-1546.82
-1562.71
-1578.74
-1594.89
-1611.13
-1627.46
-1643.84
-1660.25
-1676.67
-1693.05
-1709.38
-1725.6
-1741.67
-1757.56
-1773.2
-1788.53
-1803.48
-1817.99
-1831.97
-1845.33
-1857.98
-1869.81
-1880.7
-1890.55
-1899.22
-1906.57
-1912.47
-1916.75
-1919.25
-1919.8
-1918.21
-1914.28
-1907.8
-1898.56
-1886.35
-1870.93
-1852.11
-1829.67
-1803.43
-1773.23
-1738.95
-1700.5
-1657.85
-1611.05
-1560.18
-1505.44
-1447.05
-1385.35
-1320.69
532.156
284.436
180.104
126.502
94.6118
73.5121
58.4074
46.916
37.7353
30.095
23.5089
17.6512
12.2908
7.25348
2.39821
103.241
143.135
124.455
100.686
80.897
65.4272
53.2639
43.4627
35.332
28.3886
22.293
16.8005
11.7281
6.93233
2.29377
4.36116
60.4083
73.8942
70.8897
62.8622
54.0354
45.7578
38.3385
31.7413
25.8343
20.4738
15.5296
10.8888
6.45389
2.13828
-20.6015
20.242
39.8233
46.1156
45.6265
42.094
37.3931
32.3918
27.4602
22.7333
18.2383
13.955
9.84339
5.85614
1.94373
-26.524
1.33795
19.0413
28.1226
31.4338
31.3208
29.3285
26.3751
22.9742
19.4003
15.791
12.2087
8.67358
5.1835
1.72422
-26.7022
-7.40741
6.88118
15.8994
20.6652
22.4267
22.2249
20.8055
18.6613
16.1023
13.3167
10.415
7.45869
4.48003
1.49387
-24.8822
-11.1465
-0.00853274
7.92835
12.9008
15.4955
16.3387
15.9607
14.7629
13.0307
10.9586
8.67575
6.26615
3.78403
1.26508
-22.2985
-12.2878
-3.69722
2.92167
7.5139
10.3156
11.6736
11.9354
11.3989
10.2989
8.81116
7.06322
5.14609
3.12484
1.0475
-19.4159
-12.0092
-5.41425
-0.0584505
3.91741
6.57935
8.1047
8.70836
8.59832
7.95474
6.92386
5.61984
4.13012
2.52172
0.847579
-16.4259
-10.9188
-5.89221
-1.65874
1.63474
3.97956
5.45736
6.1949
6.3312
5.99783
5.30964
4.36212
3.23278
1.98431
0.668662
-13.4099
-9.34817
-5.57712
-2.31911
0.300652
2.2467
3.55019
4.28263
4.53367
4.39568
3.95468
3.28619
2.45454
1.51405
0.511407
-10.4014
-7.48676
-4.74898
-2.34127
-0.359742
1.15638
2.21406
2.85171
3.12515
3.09654
2.82718
2.37341
1.78513
1.10593
0.37434
-7.41091
-5.44854
-3.59078
-1.93725
-0.554749
0.524468
1.29792
1.785
2.01863
2.03812
1.88406
1.59513
1.20663
0.750199
0.254368
-4.43834
-3.30574
-2.22834
-1.26223
-0.446481
0.198306
0.668124
0.971719
1.12623
1.15324
1.07579
0.916405
0.696051
0.433851
0.147283
-1246.76
-1163.15
-1077.33
-990.029
-901.895
-813.475
-725.201
-637.385
-550.229
-463.834
-378.216
-293.321
-209.043
-125.231
-41.7108
)
;

boundaryField
{
    hot
    {
        type            calculated;
        value           nonuniform List<scalar> 
120
(
992.398
-0.164918
-0.276764
-0.391211
-0.508801
-0.62954
-0.752714
-0.876726
-0.998952
-1.1157
-1.22229
-1.3134
-1.38358
-1.42798
-1.4432
-1.43156
-1.39831
-1.34634
-1.27846
-1.19809
-1.10897
-1.01479
-0.918915
-0.824231
-0.733021
-0.646967
-0.567189
-0.494316
-0.428585
-0.369925
-0.318049
-0.272527
-0.232841
-0.198437
-0.168752
-0.143242
-0.121393
-0.102734
-0.086836
-0.0733179
-0.0618416
-0.0521109
-0.0438681
-0.0368897
-0.0309832
-0.025983
-0.0217473
-0.0181544
-0.0151002
-0.0124956
-0.0102641
-0.00833976
-0.00666543
-0.00519122
-0.00387306
-0.00267142
-0.00155019
-0.000475628
0.000584646
0.00166259
0.00279069
0.00400293
0.00533575
0.00682919
0.00852796
0.0104828
0.0127519
0.0154026
0.018513
0.0221743
0.0264934
0.0315949
0.0376251
0.0447547
0.0531829
0.0631414
0.0748991
0.0887658
0.105097
0.124299
0.146827
0.173194
0.203961
0.239738
0.281165
0.328902
0.383591
0.44582
0.516062
0.594606
0.681463
0.776265
0.878154
0.985676
1.0967
1.20838
1.3172
1.41909
1.50969
1.58469
1.64024
1.67341
1.68249
1.66723
1.6288
1.56164
1.46624
1.35315
1.22906
1.09991
0.970454
0.844163
0.723247
0.608856
0.501295
0.400244
0.304943
0.214339
0.127194
-997.952
)
;
    }
    cold
    {
        type            calculated;
        value           nonuniform List<scalar> 
120
(
3.73557
-0.037699
-0.0624505
-0.0865989
-0.109843
-0.13183
-0.152149
-0.170339
-0.185909
-0.198363
-0.207255
-0.212237
-0.213121
-0.20993
-0.202916
-0.193656
-0.183119
-0.171116
-0.158113
-0.144565
-0.13089
-0.117447
-0.104526
-0.0923412
-0.0810396
-0.0707045
-0.0613681
-0.053022
-0.0456283
-0.0391288
-0.0334531
-0.0285247
-0.0242657
-0.0205998
-0.0174552
-0.014765
-0.0124687
-0.0105117
-0.00884559
-0.00742787
-0.00622118
-0.00519302
-0.00431513
-0.00356296
-0.0029152
-0.00235326
-0.00186086
-0.00142358
-0.00102856
-0.00066409
-0.000319298
1.6132e-05
0.000352274
0.00069925
0.00106753
0.00146823
0.00191347
0.00241672
0.00299317
0.00366026
0.00443813
0.00535025
0.00642412
0.00769207
0.00919223
0.0109696
0.0130774
0.0155787
0.0185478
0.022073
0.0262584
0.0312271
0.0371243
0.0441213
0.0524194
0.0622551
0.0739054
0.0876937
0.103996
0.123249
0.145953
0.172684
0.204095
0.240917
0.283967
0.334132
0.392366
0.459662
0.537013
0.625362
0.725523
0.838076
0.963241
1.10072
1.24951
1.40773
1.57244
1.73954
1.9037
2.05853
2.19681
2.31104
2.39408
2.43997
2.44467
2.39821
2.29377
2.13828
1.94373
1.72422
1.49387
1.26508
1.0475
0.847579
0.668662
0.511407
0.37434
0.254368
0.147283
-41.7108
)
;
    }
    interface_left
    {
        type            calculated;
        value           nonuniform List<scalar> 
90
(
-237.22
-80.8545
-32.6613
-15.7966
-8.91879
-5.64033
-3.8519
-2.76984
-2.06403
-1.57794
-1.22949
-0.972006
-0.777195
-0.627023
-0.509512
-0.416431
-0.341964
-0.281899
-0.233122
-0.193288
-0.160605
-0.133684
-0.111435
-0.0929975
-0.0776812
-0.0649318
-0.0542996
-0.0454182
-0.0379876
-0.0317608
-0.0265338
-0.0221374
-0.0184306
-0.0152957
-0.0126339
-0.0103619
-0.00840865
-0.00671373
-0.00522475
-0.00389583
-0.00268617
-0.00155869
-0.000478892
0.000586221
0.00166919
0.00280311
0.00402266
0.00536516
0.0068718
0.0085889
0.0105694
0.0128746
0.015576
0.0187579
0.0225203
0.0269819
0.0322846
0.0385989
0.0461294
0.0551238
0.0658817
0.0787681
0.0942289
0.112812
0.135194
0.162216
0.194935
0.234685
0.283173
0.342604
0.415873
0.506835
0.62072
0.76478
0.949313
1.18938
1.50778
1.94049
2.54728
3.43413
4.80508
7.09507
11.3482
20.4038
42.9347
108.103
321.386
321.104
106.752
37.9716
)
;
    }
    interface_right
    {
        type            calculated;
        value           nonuniform List<scalar> 
90
(
-11.313
-4.24521
-1.93254
-1.052
-0.655011
-0.445901
-0.321469
-0.240686
-0.184961
-0.144832
-0.115013
-0.0923203
-0.074731
-0.0608974
-0.0498899
-0.0410479
-0.0338904
-0.0280592
-0.0232834
-0.0193542
-0.0161093
-0.0134204
-0.0111855
-0.00932281
-0.00776584
-0.00646055
-0.00536256
-0.00443521
-0.003648
-0.00297542
-0.00239589
-0.00189101
-0.00144489
-0.00104358
-0.000674619
-0.000326602
1.11748e-05
0.000349069
0.000697412
0.00106684
0.00146861
0.00191496
0.00241949
0.00299756
0.0036668
0.0044476
0.0053638
0.00644337
0.00771933
0.00923078
0.0110241
0.0131544
0.0156873
0.0187012
0.0222895
0.0265641
0.0316586
0.0377335
0.0449814
0.0536336
0.0639693
0.0763256
0.0911106
0.10882
0.13006
0.155571
0.186266
0.223276
0.268011
0.322245
0.388228
0.468847
0.567851
0.690178
0.842435
1.03364
1.27634
1.58848
1.99646
2.54043
3.28417
4.33427
5.88078
8.2914
12.3533
19.9618
36.2798
77.0863
195.437
583.158
)
;
    }
    interface_top
    {
        type            calculated;
        value           nonuniform List<scalar> 
90
(
-7.1112
37.9883
-29.1449
11.505
-24.069
4.76245
-19.8365
-1.91561
14.5173
-7.03928
13.7296
-7.82721
14.5298
-9.10751
15.5762
-17.2206
6.4895
-14.6123
4.97425
-12.1242
4.36492
-10.4989
1.4071
13.326
-1.51654
15.0435
-2.02699
17.7277
-3.47226
20.5616
-12.7671
12.2651
-11.8408
10.4565
-10.5324
9.32742
-9.89549
4.97987
20.2569
0.553441
22.5893
-0.994356
26.2051
-4.21759
29.7948
-19.0102
16.9861
-19.1184
13.2997
-18.6997
10.4063
-19.4781
2.28031
24.7564
-6.60098
26.1998
-11.6617
28.4862
-19.1397
29.801
-42.2091
7.88879
-43.4789
-0.128634
-44.5671
-7.15476
-47.7546
-21.1921
5.55483
-36.392
1.97258
-46.8217
-1.26741
-60.6703
-6.58419
-92.5721
-37.9557
-103.314
-55.5742
-119.962
-76.4469
-155.822
-126.712
-93.6185
-264.12
-256.545
-295.049
-387.382
-598.813
-1155.26
)
;
    }
    interface_bottom
    {
        type            calculated;
        value           nonuniform List<scalar> 
90
(
246.317
94.5857
66.3115
29.3084
37.6048
18.7835
27.0673
16.999
8.86291
16.6471
8.67345
15.2198
8.66894
14.2089
9.10267
14.1895
11.1342
12.2062
11.4951
10.4801
11.5045
8.80602
10.5733
13.099
9.22325
14.159
8.01516
15.4013
6.20586
16.513
0.948987
12.5222
0.573681
11.6091
0.427609
10.9813
-0.207084
8.17667
17.174
4.82511
18.4294
2.93353
19.9926
0.153441
21.0471
-8.24254
13.2345
-7.17365
11.9322
-6.19623
11.1951
-6.34709
7.00922
21.0162
2.03475
22.5834
-0.485305
24.6019
-4.16323
25.9257
-15.7399
14.7809
-13.9765
12.8972
-12.5464
11.6816
-12.7181
5.70353
24.9065
-1.19928
26.8974
-4.6341
29.886
-9.82081
32.6076
-28.3514
15.9744
-28.9002
11.0731
-30.1694
6.337
-35.4177
-8.21917
20.1622
-36.3244
-4.77005
34.1735
-81.299
-49.6709
-41.3061
)
;
    }
    defaultFaces
    {
        type            empty;
    }
}


// ************************************************************************* //
