/*--------------------------------*- C++ -*----------------------------------*\
| =========                 |                                                 |
| \\      /  F ield         | OpenFOAM: The Open Source CFD Toolbox           |
|  \\    /   O peration     | Version:  5.x                                   |
|   \\  /    A nd           | Web:      www.OpenFOAM.org                      |
|    \\/     M anipulation  |                                                 |
\*---------------------------------------------------------------------------*/
FoamFile
{
    version     2.0;
    format      ascii;
    class       volScalarField;
    location    "19";
    object      gradTx;
}
// * * * * * * * * * * * * * * * * * * * * * * * * * * * * * * * * * * * * * //

dimensions      [0 -1 0 1 0 0 0];

internalField   nonuniform List<scalar> 
6300
(
-13.5066
-13.2832
-12.8392
-12.1798
-11.3138
-10.2541
-9.01875
-7.63135
-6.12221
-4.52834
-2.89305
-1.2645
0.30674
1.77108
3.08382
-13.7301
-13.5043
-13.0548
-12.3866
-11.5077
-10.4302
-9.17105
-7.75339
-6.20723
-4.57008
-2.88663
-1.2075
0.413323
1.92234
3.27109
-14.1799
-13.9491
-13.4894
-12.8044
-11.9006
-10.7881
-9.48216
-8.0042
-6.38356
-4.65841
-2.87618
-1.09253
0.631399
2.23357
3.65721
-14.8606
-14.6233
-14.1495
-13.4412
-12.5023
-11.3398
-9.96556
-8.39802
-6.66468
-4.80414
-2.86749
-0.91815
0.970879
2.72295
4.26662
-15.7789
-15.5342
-15.0444
-14.3089
-13.3279
-12.1036
-10.6425
-8.95791
-7.07331
-5.0263
-2.87181
-0.683772
1.447
3.4204
5.14043
-16.9421
-16.6906
-16.1853
-15.4225
-14.397
-13.1045
-11.5433
-9.71808
-7.64467
-5.35623
-2.90999
-0.392462
2.08017
4.3709
6.34259
-18.3571
-18.1008
-17.5841
-16.7988
-15.7334
-14.3743
-12.7084
-10.7267
-8.43134
-5.84428
-3.01978
-0.0565833
2.89492
5.64009
7.9714
-20.0286
-19.7718
-19.2518
-18.4555
-17.3637
-15.9513
-14.1895
-12.0495
-9.50998
-6.57006
-3.26858
0.290667
3.91567
7.32283
10.1801
-21.957
-21.7063
-21.196
-20.4081
-19.3148
-17.8779
-16.049
-13.7719
-10.9894
-7.65772
-3.77544
0.571838
5.15394
9.55516
13.2156
-24.1364
-23.9005
-23.418
-22.6664
-21.6098
-20.1967
-18.3569
-16.0002
-13.0181
-9.2963
-4.7476
0.617862
6.57274
12.5279
17.4976
-26.5519
-26.3417
-25.9093
-25.2297
-24.2615
-22.9424
-21.1821
-18.8541
-15.7868
-11.7621
-6.53682
0.0741378
7.99085
16.4858
23.7914
-29.1779
-29.0052
-28.6481
-28.0819
-27.2645
-26.1295
-24.5752
-22.4474
-19.5132
-15.4286
-9.71206
-1.77569
8.83026
21.6327
33.6313
-31.9768
-31.8531
-31.5963
-31.1856
-30.5852
-29.7359
-28.5422
-26.8474
-24.3901
-20.7275
-15.1074
-6.29546
7.47274
27.5828
50.5006
-34.8997
-34.8344
-34.6984
-34.4793
-34.1549
-33.6871
-33.0106
-32.01
-30.4725
-27.9842
-23.6949
-15.7719
-0.227122
30.7245
83.6764
-37.8879
-37.8867
-37.8839
-37.8785
-37.868
-37.847
-37.8032
-37.7098
-37.5057
-37.0423
-35.9163
-32.8704
-23.3343
11.865
163.04
4.13069
4.92168
5.5581
6.03805
6.36516
6.5476
6.59682
6.52636
6.35074
6.08448
5.74149
5.33456
4.87515
4.37327
3.83758
3.27542
2.69297
2.09544
1.48718
0.871827
0.252452
-0.368361
-0.988422
-1.60587
-2.21911
-2.82683
-3.42791
-4.0215
-4.60693
-5.18379
-5.75185
-6.31109
-6.86164
-7.40376
-7.93775
-8.46389
-8.98243
-9.49349
-9.99706
-10.493
-10.9811
-11.461
-11.9325
-12.3952
-12.8492
-13.2945
-13.7314
-14.1603
-14.5816
-14.9959
-15.4036
-15.805
-16.2001
-16.5885
-16.9697
-17.3427
-17.7065
-18.0599
-18.4017
-18.7307
-19.0459
-19.3463
-19.6313
-19.8999
-20.1512
-20.3841
-20.597
-20.7877
-20.9536
-21.0916
-21.1979
-21.2687
-21.2996
-21.2868
-21.2264
-21.1154
-20.9513
-20.7325
-20.4583
-20.1291
-19.7463
-19.312
-18.8296
-18.3033
-17.7382
-17.1403
-16.5165
-15.8743
-15.2218
-14.5671
4.34139
5.14393
5.78307
6.2578
6.57319
6.73913
6.76885
6.67752
6.48097
6.19473
5.83332
5.40991
4.93606
4.42176
3.87551
3.30444
2.71452
2.11074
1.49724
0.877487
0.2544
-0.369557
-0.992289
-1.612
-2.22715
-2.83644
-3.43877
-4.03328
-4.61932
-5.19648
-5.76456
-6.3236
-6.87379
-7.41546
-7.94901
-8.47481
-8.99315
-9.50421
-10.008
-10.5043
-10.9928
-11.4731
-11.9449
-12.4078
-12.8616
-13.3066
-13.7429
-14.171
-14.5916
-15.0052
-15.4126
-15.814
-16.2095
-16.5988
-16.9812
-17.3558
-17.7214
-18.0765
-18.4199
-18.7504
-19.0669
-19.3685
-19.6546
-19.9245
-20.1776
-20.4128
-20.6286
-20.8231
-20.9937
-21.1369
-21.249
-21.3257
-21.3624
-21.355
-21.2992
-21.1917
-21.0299
-20.812
-20.5373
-20.2062
-19.8201
-19.3811
-18.8927
-18.359
-17.7852
-17.1775
-16.5428
-15.8891
-15.2247
-14.5582
4.77572
5.60116
6.24449
6.70671
6.99614
7.1265
7.1149
6.97992
6.74011
6.41295
6.01422
5.55767
5.05501
4.51608
3.94899
3.36043
2.75588
2.13988
1.51616
0.88782
0.257485
-0.372626
-1.0006
-1.62478
-2.24371
-2.85613
-3.46095
-4.0573
-4.64454
-5.22225
-5.79032
-6.34885
-6.89819
-7.43885
-7.9714
-8.49642
-9.01433
-9.5254
-10.0296
-10.5267
-11.0162
-11.4975
-11.97
-12.4332
-12.8868
-13.331
-13.7659
-14.1924
-14.6113
-15.0236
-15.43
-15.8313
-16.2277
-16.6188
-17.0039
-17.3818
-17.751
-18.1098
-18.4566
-18.7901
-19.109
-19.4128
-19.701
-19.9733
-20.2295
-20.4691
-20.6908
-20.8929
-21.0728
-21.2269
-21.3509
-21.4399
-21.4888
-21.4924
-21.4462
-21.346
-21.1889
-20.973
-20.6974
-20.3625
-19.9696
-19.5213
-19.0207
-18.4721
-17.8809
-17.2532
-16.5965
-15.9191
-15.2303
-14.5397
5.46098
6.3203
6.96637
7.4041
7.6478
7.71798
7.63832
7.43296
7.12473
6.73399
6.27812
5.77157
5.22599
4.65073
4.05319
3.43924
2.81357
2.17998
1.54157
0.900893
0.260124
-0.37888
-1.01448
-1.64521
-2.26973
-2.88682
-3.49538
-4.09449
-4.68349
-5.26195
-5.82981
-6.38734
-6.9351
-7.47389
-8.00463
-8.52821
-9.04533
-9.5564
-10.0614
-10.56
-11.0513
-11.5344
-12.0084
-12.4723
-12.9256
-13.3684
-13.8011
-14.2247
-14.6405
-15.0501
-15.4548
-15.8557
-16.2533
-16.6473
-17.0368
-17.4202
-17.7954
-18.1602
-18.5124
-18.8504
-19.1729
-19.4794
-19.77
-20.0451
-20.3053
-20.5507
-20.781
-20.9946
-21.1889
-21.36
-21.503
-21.6118
-21.6801
-21.7016
-21.6705
-21.5821
-21.4325
-21.2196
-20.9426
-20.6019
-20.199
-19.7364
-19.2176
-18.6466
-18.0288
-17.3706
-16.6797
-15.9654
-15.2383
-14.5096
6.44323
7.3462
7.98791
8.38059
8.54899
8.52494
8.34242
8.03385
7.62791
7.14853
6.61479
6.04142
5.4395
4.81727
4.18082
3.53474
2.88251
2.22688
1.57009
0.913971
0.260099
-0.390141
-1.03548
-1.67468
-2.30654
-2.92985
-3.54345
-4.14631
-4.73763
-5.31694
-5.88421
-6.43989
-6.9849
-7.5205
-8.04815
-8.56927
-9.08502
-9.59607
-10.1025
-10.6035
-11.0981
-11.5845
-12.0611
-12.5265
-12.9796
-13.4202
-13.8492
-14.2679
-14.6785
-15.0834
-15.4848
-15.8846
-16.2838
-16.6821
-17.0783
-17.4702
-17.8546
-18.2284
-18.5886
-18.9327
-19.2595
-19.5687
-19.8611
-20.1383
-20.4021
-20.654
-20.8948
-21.1237
-21.3381
-21.5336
-21.704
-21.8417
-21.9385
-21.9862
-21.9774
-21.9058
-21.767
-21.5585
-21.2794
-20.9306
-20.514
-20.0324
-19.4892
-18.8884
-18.2348
-17.5348
-16.7964
-16.03
-15.2483
-14.4652
7.79445
8.74798
9.36772
9.67972
9.727
9.55981
9.22771
8.77465
8.23656
7.64107
7.00827
6.35215
5.68205
5.00406
4.32215
3.6389
2.95616
2.27531
1.5975
0.923683
0.254725
-0.408575
-1.06539
-1.7148
-2.35573
-2.98692
-3.60704
-4.2148
-4.80909
-5.38928
-5.9553
-6.50782
-7.04825
-7.57855
-8.10104
-8.61803
-9.13143
-9.6424
-10.1511
-10.6565
-11.1566
-11.6487
-12.1301
-12.5981
-13.0512
-13.4889
-13.912
-14.3228
-14.7247
-15.1215
-15.5171
-15.9144
-16.3153
-16.7198
-17.1261
-17.5306
-17.929
-18.3161
-18.6876
-19.0399
-19.3713
-19.682
-19.9739
-20.2505
-20.5157
-20.7732
-21.0257
-21.2735
-21.5144
-21.7431
-21.9517
-22.1302
-22.2674
-22.3521
-22.3744
-22.3261
-22.2018
-21.9987
-21.7164
-21.3568
-20.9225
-20.417
-19.8437
-19.2059
-18.5076
-17.754
-16.9531
-16.1166
-15.2601
-14.4021
9.62589
10.6301
11.1904
11.3597
11.2136
10.8318
10.2869
9.63759
8.9276
8.18707
7.4351
6.68276
5.93572
5.19633
4.4652
3.74217
3.02692
2.31922
1.61901
0.926276
0.241089
-0.436445
-1.10607
-1.76724
-2.419
-3.05999
-3.6885
-4.30269
-4.90091
-5.48204
-6.04583
-6.59318
-7.12616
-7.64783
-8.16183
-8.67191
-9.18128
-9.69199
-10.2044
-10.7169
-11.2264
-11.7283
-12.2181
-12.6913
-13.1451
-13.5783
-13.9923
-14.3904
-14.7781
-15.1614
-15.5466
-15.9389
-16.3415
-16.7548
-17.176
-17.5999
-18.0192
-18.4263
-18.8139
-19.1769
-19.5127
-19.8221
-20.1087
-20.3789
-20.6401
-20.8996
-21.163
-21.433
-21.7079
-21.9814
-22.2427
-22.478
-22.6715
-22.8077
-22.8727
-22.8557
-22.7498
-22.5525
-22.2648
-21.8901
-21.4333
-20.8989
-20.2907
-19.6105
-18.8599
-18.0412
-17.1609
-16.2318
-15.2742
-14.3137
12.1124
13.1511
13.5757
13.4938
13.0391
12.3386
11.4963
10.5876
9.66237
8.74928
7.86222
7.00554
6.17815
5.37651
4.59641
3.83407
3.08665
2.35223
1.6296
0.917889
0.216326
-0.475804
-1.15901
-1.83329
-2.49786
-3.15109
-3.79061
-4.41363
-5.01738
-5.59978
-6.16004
-6.69923
-7.22037
-7.72812
-8.22824
-8.72678
-9.22918
-9.73909
-10.2574
-10.7818
-11.3069
-11.8254
-12.3297
-12.8124
-13.2683
-13.6954
-14.0952
-14.4731
-14.8376
-15.1984
-15.5658
-15.9484
-16.3522
-16.7781
-17.2221
-17.6756
-18.1271
-18.5642
-18.9756
-19.353
-19.6921
-19.9946
-20.2671
-20.5202
-20.7668
-21.02
-21.2906
-21.5852
-21.9033
-22.237
-22.5711
-22.8856
-23.1579
-23.3657
-23.489
-23.513
-23.4293
-23.2364
-22.9381
-22.5416
-22.0555
-21.4872
-20.8409
-20.1165
-19.3099
-18.4169
-17.4388
-16.388
-15.292
-14.19
15.5388
16.5561
16.6902
16.1645
15.2181
14.0495
12.8008
11.5614
10.3794
9.27376
8.2454
7.2859
6.38331
5.52548
4.70185
3.90434
3.12749
2.36812
1.62435
0.894777
0.177881
-0.528105
-1.22488
-1.91338
-2.59311
-3.26199
-3.91655
-4.55234
-5.16462
-5.7494
-6.30461
-6.83129
-7.33383
-7.81937
-8.29688
-8.77609
-9.2662
-9.77402
-10.3017
-10.8456
-11.3966
-11.9431
-12.4722
-12.972
-13.4332
-13.8516
-14.2294
-14.5752
-14.9021
-15.2258
-15.5627
-15.9276
-16.3308
-16.7752
-17.2544
-17.7539
-18.2554
-18.7389
-19.1863
-19.5837
-19.9242
-20.2102
-20.4531
-20.6706
-20.8839
-21.1151
-21.3837
-21.7032
-22.0762
-22.4918
-22.9275
-23.3536
-23.7371
-24.0451
-24.2482
-24.3252
-24.266
-24.0718
-23.7524
-23.322
-22.7959
-22.1874
-21.5036
-20.7408
-19.8841
-18.9149
-17.821
-16.6094
-15.3184
-14.014
20.3962
21.2326
20.7542
19.4408
17.7166
15.8756
14.0919
12.4522
10.9862
9.68677
8.52921
7.48411
6.5238
5.625
4.76953
3.94468
3.14303
2.36141
1.59853
0.853297
0.123624
-0.593757
-1.30275
-2.00617
-2.70403
-3.39356
-4.06954
-4.72492
-5.35151
-5.9416
-6.49026
-6.9981
-7.47176
-7.92217
-8.36303
-8.80965
-9.27767
-9.78022
-10.3228
-10.8988
-11.4929
-12.0858
-12.657
-13.1869
-13.6595
-14.0661
-14.4097
-14.7043
-14.971
-15.2342
-15.5194
-15.8513
-16.2498
-16.7223
-17.257
-17.8295
-18.4093
-18.9655
-19.4689
-19.8962
-20.2346
-20.4878
-20.6754
-20.8267
-20.9752
-21.156
-21.4033
-21.7439
-22.1876
-22.7174
-23.2975
-23.8828
-24.425
-24.8751
-25.1888
-25.3333
-25.2967
-25.0875
-24.7265
-24.2398
-23.6547
-22.996
-22.2797
-21.5001
-20.6203
-19.5922
-18.3727
-16.9449
-15.364
-13.7548
27.5979
27.8019
26.0201
23.308
20.3825
17.6189
15.1753
13.0928
11.3529
9.89526
8.65086
7.56001
6.57553
5.66192
4.79292
3.95141
3.12956
2.32756
1.54714
0.789284
0.0515513
-0.671593
-1.38871
-2.10705
-2.82701
-3.54469
-4.25222
-4.93902
-5.59098
-6.19349
-6.73467
-7.21413
-7.64314
-8.03871
-8.42087
-8.81235
-9.23936
-9.72868
-10.2958
-10.9258
-11.5909
-12.2596
-12.9012
-13.4842
-13.9806
-14.3714
-14.6604
-14.8736
-15.0449
-15.2108
-15.4085
-15.679
-16.0621
-16.5795
-17.2053
-17.8941
-18.5971
-19.268
-19.861
-20.3364
-20.6673
-20.8596
-20.9501
-20.9865
-21.0195
-21.1012
-21.2881
-21.6359
-22.175
-22.8703
-23.6596
-24.474
-25.2452
-25.9013
-26.3726
-26.602
-26.5757
-26.3214
-25.8812
-25.2993
-24.6192
-23.8873
-23.1468
-22.4032
-21.5701
-20.5447
-19.2243
-17.5006
-15.45
-13.3471
39.016
37.2301
32.6254
27.4823
22.8147
18.9007
15.7382
13.2397
11.313
9.79636
8.55116
7.4825
6.525
5.63439
4.7765
3.92966
3.08731
2.26249
1.46312
0.69615
-0.0416536
-0.758216
-1.47301
-2.20567
-2.95335
-3.7105
-4.46479
-5.2033
-5.90166
-6.53371
-7.06796
-7.50281
-7.86265
-8.17452
-8.46524
-8.76386
-9.11127
-9.56504
-10.1782
-10.9022
-11.6835
-12.4724
-13.2297
-13.9061
-14.4537
-14.823
-15.02
-15.1029
-15.1266
-15.1412
-15.1929
-15.3442
-15.6807
-16.2806
-17.0625
-17.9382
-18.831
-19.6823
-20.4225
-20.9842
-21.2995
-21.3776
-21.3024
-21.151
-20.9937
-20.8946
-20.9412
-21.252
-21.9372
-22.8878
-23.9854
-25.1269
-26.2309
-27.1935
-27.9043
-28.2389
-28.1826
-27.8227
-27.2396
-26.5001
-25.6578
-24.7908
-24.0181
-23.4349
-22.7964
-21.922
-20.6562
-18.527
-15.6113
-12.6349
58.9671
50.7168
40.006
30.972
24.1617
19.1001
15.3447
12.5632
10.6823
9.30642
8.19705
7.24475
6.37795
5.55956
4.74403
3.90129
3.01969
2.16065
1.33234
0.560935
-0.165517
-0.847441
-1.53165
-2.28272
-3.06606
-3.88047
-4.70012
-5.52542
-6.30783
-7.01477
-7.54438
-7.8995
-8.15121
-8.34075
-8.4982
-8.64507
-8.82998
-9.17186
-9.90068
-10.7962
-11.7651
-12.7305
-13.6745
-14.5135
-15.1833
-15.5227
-15.5437
-15.4175
-15.2213
-15.0181
-14.8335
-14.7428
-14.9199
-15.7195
-16.7845
-17.9576
-19.1244
-20.2563
-21.2407
-21.9868
-22.2731
-22.1164
-21.7642
-21.3237
-20.8839
-20.4782
-20.2134
-20.3289
-21.3171
-22.6933
-24.2477
-25.8337
-27.42
-28.8482
-29.9774
-30.4382
-30.2267
-29.6452
-28.8229
-27.8488
-26.7317
-25.5584
-24.6163
-24.5461
-24.3624
-23.8628
-23.331
-20.686
-15.8596
-11.2048
98.731
67.7458
44.971
31.2588
22.99
17.418
13.5487
10.5895
9.32391
8.43257
7.61652
6.88365
6.16098
5.48038
4.75056
3.92867
2.91939
2.01439
1.11945
0.360858
-0.353615
-0.933469
-1.4941
-2.31338
-3.13408
-4.04295
-4.92735
-5.90933
-6.82268
-7.75121
-8.27205
-8.44508
-8.52927
-8.55314
-8.54637
-8.47145
-8.3226
-8.22144
-9.3831
-10.5843
-11.8517
-13.0194
-14.2703
-15.3642
-16.3886
-16.6809
-16.2792
-15.8326
-15.3258
-14.8682
-14.3385
-13.7558
-13.2627
-14.7758
-16.3508
-17.9859
-19.4679
-21.0426
-22.4019
-23.6513
-23.8842
-23.1366
-22.3527
-21.4953
-20.7247
-19.8586
-18.938
-18.1488
-20.1378
-22.2422
-24.4641
-26.54
-28.8364
-30.933
-33.0127
-33.6056
-32.8031
-31.814
-30.6245
-29.4031
-27.8862
-25.9929
-23.9585
-25.8204
-26.3829
-25.8496
-29.0488
-25.9858
-15.8609
-7.89883
191.229
72.9514
36.885
23.707
17.9345
13.2836
10.4421
6.17692
7.42644
7.45008
6.91604
6.50769
5.88324
5.47192
4.88946
4.22574
2.66876
1.85352
0.710126
0.0971452
-0.735648
-1.04725
-1.08413
-2.34206
-3.07515
-4.24073
-5.01406
-6.39209
-7.31568
-9.07472
-9.50054
-9.11859
-8.99417
-8.80961
-8.69263
-8.40424
-7.7465
-5.45251
-8.80855
-10.2768
-12.0819
-13.1886
-15.0918
-16.3152
-18.6479
-18.8382
-17.0795
-16.3341
-15.3594
-14.822
-13.92
-12.6393
-8.71652
-13.7429
-15.8304
-18.2343
-19.6777
-22.1387
-23.7214
-26.7791
-26.9069
-24.2092
-23.0466
-21.5418
-20.7028
-19.3173
-17.4731
-11.9679
-18.7922
-21.6218
-24.8905
-26.9285
-30.5403
-33.0418
-38.1885
-38.7822
-35.6477
-34.2712
-32.4719
-31.3827
-29.5826
-26.6303
-17.6899
-28.9657
-29.9811
-22.4612
-43.7841
-41.4547
-12.7472
0.418019
-13.8547
-13.0973
-12.3728
-11.6911
-11.0597
-10.4842
-9.96775
-9.5119
-9.1169
-8.78208
-8.5062
-8.28783
-8.12552
-8.01806
-7.96456
-13.8337
-13.0643
-12.3299
-11.6405
-11.0039
-10.425
-9.90702
-9.45095
-9.05663
-8.72304
-8.44862
-8.23168
-8.0706
-7.96402
-7.91098
-13.79
-12.9963
-12.2418
-11.5371
-10.89
-10.305
-9.78426
-9.32813
-8.93556
-8.60473
-8.33347
-8.11958
-7.96108
-7.85636
-7.80429
-13.7206
-12.8889
-12.1036
-11.3762
-10.7139
-10.1205
-9.59681
-9.14167
-8.75266
-8.42677
-8.16087
-7.95202
-7.79772
-7.69598
-7.64545
-13.6202
-12.7351
-11.9075
-11.1499
-10.4688
-9.86617
-9.34073
-8.88899
-8.50655
-8.18873
-7.93113
-7.72985
-7.58171
-7.4843
-7.436
-13.4803
-12.5237
-11.6414
-10.8469
-10.145
-9.53461
-9.01083
-8.56693
-8.19573
-7.89041
-7.64498
-7.45445
-7.3149
-7.22344
-7.17817
-13.2883
-12.2376
-11.2875
-10.4511
-9.72962
-9.11635
-8.60097
-8.17209
-7.81894
-7.53211
-7.30385
-7.128
-6.99993
-6.91631
-6.87502
-13.0237
-11.8509
-10.8197
-9.94045
-9.2059
-8.60011
-8.1045
-7.70143
-7.37574
-7.11518
-6.91022
-6.75371
-6.64043
-6.56678
-6.5305
-12.6527
-11.3224
-10.2
-9.28495
-8.55333
-7.9736
-7.51543
-7.15332
-6.86734
-6.64257
-6.46808
-6.33612
-6.24124
-6.17982
-6.14964
-12.1159
-10.5859
-9.37283
-8.44593
-7.74879
-7.22546
-6.83021
-6.52899
-6.29768
-6.11959
-5.98337
-5.88137
-5.80852
-5.76156
-5.73853
-11.3015
-9.53223
-8.25945
-7.37706
-6.77038
-6.34917
-6.05088
-5.83471
-5.67473
-5.55468
-5.46437
-5.39742
-5.34987
-5.3193
-5.30433
-9.98635
-7.98197
-6.75556
-6.03238
-5.60643
-5.34988
-5.18939
-5.08417
-5.0118
-4.95997
-4.92194
-4.89401
-4.87419
-4.8614
-4.85511
-7.70208
-5.6537
-4.74838
-4.39044
-4.27302
-4.2545
-4.27258
-4.30073
-4.32827
-4.35142
-4.36937
-4.38246
-4.39141
-4.39694
-4.39956
-3.44333
-2.18228
-2.19378
-2.50793
-2.84065
-3.12248
-3.34564
-3.51786
-3.64909
-3.74803
-3.8216
-3.875
-3.91203
-3.93533
-3.94658
4.93309
2.56171
0.663519
-0.606843
-1.45916
-2.04909
-2.46962
-2.77596
-3.00214
-3.16999
-3.29396
-3.38386
-3.44632
-3.48575
-3.50482
-40.6284
-40.6862
-40.8064
-40.9991
-41.2816
-41.6813
-42.242
-43.0361
-44.1907
-45.9531
-48.8793
-54.4936
-68.0407
-111.734
-295.347
-43.0797
-43.1879
-43.4129
-43.7739
-44.3036
-45.0554
-46.1154
-47.6278
-49.8459
-53.2457
-58.7974
-68.6424
-87.7474
-126.931
-198.233
-45.4561
-45.6085
-45.9251
-46.4315
-47.1715
-48.2154
-49.6746
-51.7296
-54.6806
-59.0441
-65.7341
-76.3606
-93.5109
-119.823
-150.635
-47.7267
-47.9151
-48.3055
-48.927
-49.8286
-51.087
-52.8202
-55.2093
-58.5343
-63.227
-69.9369
-79.5483
-92.9123
-109.589
-124.433
-49.8666
-50.0816
-50.5256
-51.2281
-52.2378
-53.6289
-55.5103
-58.0392
-61.4382
-66.0092
-72.1247
-80.1298
-90.0135
-100.626
-108.54
-51.8572
-52.0892
-52.5662
-53.3158
-54.3822
-55.8303
-57.7507
-60.265
-63.5281
-67.719
-73.0003
-79.4067
-86.6083
-93.5381
-98.1428
-53.6867
-53.9266
-54.4177
-55.1837
-56.2617
-57.7038
-59.5787
-61.9708
-64.9737
-68.6716
-73.0945
-78.1312
-83.3919
-88.0645
-90.943
-55.3498
-55.5895
-56.0782
-56.8349
-57.8883
-59.2768
-61.0477
-63.2523
-65.9366
-69.1208
-72.7626
-76.7002
-80.5836
-83.8367
-85.7421
-56.8465
-57.0795
-57.5528
-58.2801
-59.2821
-60.5844
-62.2155
-64.2007
-66.5523
-69.2521
-72.2252
-75.3068
-78.2131
-80.5448
-81.8643
-58.1813
-58.4029
-58.8509
-59.5347
-60.4674
-61.6637
-63.1373
-64.8946
-66.9262
-69.1936
-71.6125
-74.0351
-76.2415
-77.9557
-78.9027
-59.3623
-59.569
-59.9852
-60.6165
-61.4695
-62.5506
-63.8622
-65.3981
-67.1363
-69.0299
-70.9972
-72.9135
-74.6116
-75.8995
-76.5986
-60.3999
-60.5896
-60.9703
-61.5442
-62.3133
-63.2774
-64.4313
-65.761
-67.2384
-68.8151
-70.4174
-71.9433
-73.2667
-74.252
-74.7801
-61.3057
-61.4775
-61.8212
-62.3365
-63.0218
-63.8724
-64.8784
-66.0215
-67.2714
-68.5825
-69.8906
-71.1137
-72.1565
-72.922
-73.3283
-62.0923
-62.2461
-62.5529
-63.0107
-63.6154
-64.3595
-65.2303
-66.2077
-67.2621
-68.3519
-69.4228
-70.4093
-71.239
-71.8413
-72.1586
-62.7721
-62.9085
-63.1798
-63.583
-64.1123
-64.7586
-65.5081
-66.3406
-67.2282
-68.1343
-69.0136
-69.8138
-70.4794
-70.9584
-71.2093
-63.3572
-63.4772
-63.7153
-64.0676
-64.5278
-65.0861
-65.7283
-66.4352
-67.1814
-67.9354
-68.6594
-69.3117
-69.8495
-70.2338
-70.4342
-63.859
-63.9638
-64.1713
-64.4774
-64.8754
-65.3553
-65.9036
-66.5024
-67.1294
-67.7572
-68.3549
-68.889
-69.3262
-69.6369
-69.7983
-64.2881
-64.379
-64.5589
-64.8234
-65.1659
-65.5769
-66.0437
-66.5502
-67.0766
-67.6
-68.0946
-68.5336
-68.8909
-69.1436
-69.2745
-64.654
-64.7326
-64.8877
-65.1153
-65.409
-65.7598
-66.1563
-66.5841
-67.026
-67.4627
-67.8729
-68.2349
-68.5282
-68.7348
-68.8416
-64.9654
-65.033
-65.1662
-65.3614
-65.6123
-65.9111
-66.2472
-66.6081
-66.9791
-67.3438
-67.6846
-67.984
-68.2256
-68.3953
-68.4829
-65.2298
-65.2877
-65.4018
-65.5686
-65.7825
-66.0363
-66.3209
-66.6252
-66.9366
-67.2414
-67.5251
-67.7733
-67.973
-68.1128
-68.1849
-65.4539
-65.5035
-65.6009
-65.743
-65.925
-66.1403
-66.3809
-66.6373
-66.8987
-67.1537
-67.3901
-67.5964
-67.7618
-67.8775
-67.937
-65.6437
-65.6859
-65.7689
-65.8898
-66.0443
-66.2267
-66.4299
-66.6458
-66.8654
-67.0788
-67.2761
-67.4478
-67.5852
-67.6811
-67.7304
-65.8042
-65.8401
-65.9107
-66.0133
-66.1443
-66.2985
-66.4701
-66.6519
-66.8363
-67.015
-67.1799
-67.3231
-67.4374
-67.5171
-67.558
-65.9397
-65.9702
-66.0301
-66.1171
-66.228
-66.3584
-66.5031
-66.6562
-66.8111
-66.9609
-67.0989
-67.2184
-67.3137
-67.38
-67.4141
-66.0541
-66.0799
-66.1307
-66.2044
-66.2982
-66.4083
-66.5304
-66.6593
-66.7894
-66.9151
-67.0306
-67.1305
-67.21
-67.2654
-67.2938
-66.1505
-66.1724
-66.2154
-66.2777
-66.357
-66.45
-66.5529
-66.6614
-66.7708
-66.8763
-66.9731
-67.0567
-67.1232
-67.1694
-67.1931
-66.2316
-66.2502
-66.2866
-66.3393
-66.4063
-66.4848
-66.5716
-66.663
-66.7549
-66.8435
-66.9247
-66.9948
-67.0505
-67.0892
-67.109
-66.2999
-66.3156
-66.3464
-66.391
-66.4476
-66.5139
-66.5871
-66.664
-66.7415
-66.8159
-66.8841
-66.9429
-66.9896
-67.022
-67.0386
-66.3573
-66.3706
-66.3966
-66.4344
-66.4822
-66.5382
-66.5999
-66.6648
-66.73
-66.7927
-66.85
-66.8994
-66.9386
-66.9658
-66.9797
-66.4055
-66.4167
-66.4388
-66.4707
-66.5111
-66.5584
-66.6106
-66.6653
-66.7203
-66.7731
-66.8214
-66.8629
-66.8959
-66.9188
-66.9304
-66.4458
-66.4553
-66.474
-66.5011
-66.5353
-66.5753
-66.6195
-66.6657
-66.7122
-66.7567
-66.7974
-66.8325
-66.8602
-66.8795
-66.8894
-66.4795
-66.4876
-66.5035
-66.5264
-66.5555
-66.5894
-66.6268
-66.666
-66.7053
-66.743
-66.7774
-66.807
-66.8305
-66.8468
-66.8551
-66.5076
-66.5145
-66.528
-66.5475
-66.5723
-66.6011
-66.6329
-66.6662
-66.6996
-66.7316
-66.7608
-66.7859
-66.8058
-66.8196
-66.8266
-66.531
-66.5369
-66.5484
-66.5651
-66.5862
-66.6108
-66.6379
-66.6663
-66.6948
-66.7221
-66.747
-66.7683
-66.7853
-66.797
-66.803
-66.5502
-66.5553
-66.5652
-66.5795
-66.5976
-66.6188
-66.6421
-66.6664
-66.6908
-66.7142
-66.7356
-66.7539
-66.7684
-66.7785
-66.7836
-66.5659
-66.5703
-66.5789
-66.5913
-66.607
-66.6253
-66.6454
-66.6665
-66.6876
-66.7078
-66.7263
-66.7421
-66.7546
-66.7633
-66.7678
-66.5786
-66.5824
-66.5899
-66.6008
-66.6145
-66.6305
-66.6481
-66.6665
-66.685
-66.7027
-66.7188
-66.7326
-66.7435
-66.7511
-66.755
-66.5886
-66.592
-66.5986
-66.6083
-66.6204
-66.6346
-66.6502
-66.6666
-66.6829
-66.6986
-66.7128
-66.7251
-66.7348
-66.7415
-66.7449
-66.5962
-66.5993
-66.6053
-66.614
-66.625
-66.6378
-66.6519
-66.6666
-66.6813
-66.6955
-66.7083
-66.7193
-66.7281
-66.7341
-66.7372
-66.6018
-66.6046
-66.6101
-66.6181
-66.6283
-66.6401
-66.653
-66.6666
-66.6802
-66.6932
-66.705
-66.7152
-66.7233
-66.7288
-66.7317
-66.6053
-66.608
-66.6132
-66.6208
-66.6304
-66.6415
-66.6538
-66.6666
-66.6795
-66.6918
-66.7029
-66.7126
-66.7202
-66.7254
-66.7281
-66.607
-66.6096
-66.6147
-66.6221
-66.6314
-66.6422
-66.6542
-66.6666
-66.6791
-66.6911
-66.7019
-66.7113
-66.7187
-66.7238
-66.7264
-66.6069
-66.6095
-66.6146
-66.622
-66.6313
-66.6422
-66.6541
-66.6666
-66.6791
-66.6911
-66.702
-66.7114
-66.7188
-66.7239
-66.7265
-66.605
-66.6076
-66.6129
-66.6205
-66.6302
-66.6414
-66.6537
-66.6666
-66.6795
-66.6919
-66.7032
-66.7128
-66.7205
-66.7257
-66.7285
-66.6012
-66.604
-66.6096
-66.6177
-66.6279
-66.6398
-66.6529
-66.6666
-66.6803
-66.6934
-66.7054
-66.7157
-66.7238
-66.7294
-66.7323
-66.5954
-66.5985
-66.6046
-66.6134
-66.6245
-66.6374
-66.6517
-66.6666
-66.6815
-66.6958
-66.7088
-66.72
-66.7288
-66.7349
-66.7381
-66.5874
-66.5909
-66.5976
-66.6074
-66.6198
-66.6342
-66.65
-66.6666
-66.6832
-66.699
-66.7135
-66.7259
-66.7358
-66.7426
-66.7461
-66.5771
-66.581
-66.5886
-66.5997
-66.6136
-66.6299
-66.6478
-66.6666
-66.6853
-66.7033
-66.7196
-66.7337
-66.7448
-66.7525
-66.7564
-66.5641
-66.5685
-66.5773
-66.5899
-66.6059
-66.6245
-66.645
-66.6665
-66.688
-66.7086
-66.7274
-66.7435
-66.7562
-66.7651
-66.7696
-66.5479
-66.5531
-66.5632
-66.5778
-66.5963
-66.6179
-66.6416
-66.6665
-66.6913
-66.7152
-66.7369
-66.7556
-66.7704
-66.7806
-66.7858
-66.5282
-66.5342
-66.546
-66.563
-66.5846
-66.6097
-66.6374
-66.6664
-66.6954
-66.7232
-66.7486
-66.7704
-66.7877
-66.7996
-66.8057
-66.5043
-66.5113
-66.5251
-66.5451
-66.5703
-66.5998
-66.6322
-66.6662
-66.7003
-66.733
-66.7628
-66.7884
-66.8087
-66.8227
-66.8299
-66.4755
-66.4837
-66.5
-66.5234
-66.5531
-66.5878
-66.626
-66.6661
-66.7062
-66.7447
-66.7798
-66.81
-66.834
-66.8505
-66.859
-66.4409
-66.4507
-66.4698
-66.4975
-66.5325
-66.5735
-66.6185
-66.6658
-66.7133
-66.7588
-66.8003
-66.8361
-66.8644
-66.884
-66.8941
-66.3996
-66.4111
-66.4337
-66.4664
-66.5078
-66.5562
-66.6095
-66.6655
-66.7217
-66.7756
-66.8248
-66.8672
-66.9008
-66.9241
-66.9361
-66.3503
-66.3639
-66.3906
-66.4292
-66.4782
-66.5355
-66.5987
-66.665
-66.7316
-66.7956
-66.8541
-66.9045
-66.9444
-66.9721
-66.9863
-66.2915
-66.3076
-66.3391
-66.3849
-66.4429
-66.5107
-66.5856
-66.6643
-66.7434
-66.8195
-66.889
-66.949
-66.9966
-67.0296
-67.0465
-66.2215
-66.2405
-66.2779
-66.332
-66.4007
-66.4811
-66.5699
-66.6634
-66.7574
-66.8478
-66.9306
-67.0021
-67.0588
-67.0982
-67.1183
-66.1383
-66.1608
-66.205
-66.269
-66.3503
-66.4456
-66.551
-66.662
-66.7738
-66.8814
-66.9801
-67.0653
-67.1331
-67.1801
-67.2042
-66.0395
-66.0661
-66.1182
-66.194
-66.2902
-66.4032
-66.5282
-66.6601
-66.793
-66.9213
-67.039
-67.1408
-67.2217
-67.278
-67.3068
-65.9221
-65.9536
-66.0152
-66.1047
-66.2186
-66.3524
-66.5007
-66.6573
-66.8156
-66.9685
-67.109
-67.2306
-67.3275
-67.3949
-67.4294
-65.783
-65.8201
-65.8928
-65.9984
-66.1331
-66.2915
-66.4674
-66.6535
-66.8419
-67.0242
-67.1921
-67.3376
-67.4537
-67.5346
-67.576
-65.6182
-65.6618
-65.7474
-65.8721
-66.0311
-66.2185
-66.427
-66.6481
-66.8724
-67.09
-67.2908
-67.4651
-67.6045
-67.7016
-67.7515
-65.4231
-65.4744
-65.5751
-65.7218
-65.9094
-66.1309
-66.3779
-66.6405
-66.9076
-67.1674
-67.4077
-67.617
-67.7845
-67.9014
-67.9615
-65.1925
-65.2526
-65.3707
-65.5432
-65.7641
-66.0255
-66.3179
-66.6297
-66.9478
-67.2582
-67.5463
-67.7978
-67.9996
-68.1407
-68.2133
-64.9201
-64.9904
-65.1288
-65.331
-65.5906
-65.8988
-66.2445
-66.6145
-66.9935
-67.3646
-67.7104
-68.0132
-68.2568
-68.4275
-68.5155
-64.599
-64.6809
-64.8424
-65.0789
-65.3833
-65.7459
-66.1542
-66.593
-67.0445
-67.4887
-67.9042
-68.2696
-68.5646
-68.7719
-68.8789
-64.221
-64.3162
-64.504
-64.7797
-65.1357
-65.5613
-66.0428
-66.5628
-67.1006
-67.6326
-68.1329
-68.5749
-68.9332
-69.1858
-69.3165
-63.777
-63.887
-64.1046
-64.4248
-64.8396
-65.338
-65.9046
-66.5201
-67.1608
-67.7985
-68.402
-68.9384
-69.3753
-69.6845
-69.8448
-63.2566
-63.3832
-63.634
-64.0041
-64.4857
-65.0672
-65.7324
-66.46
-67.223
-67.9882
-68.7179
-69.3708
-69.906
-70.2866
-70.4844
-62.6484
-62.7931
-63.0804
-63.506
-64.0624
-64.7382
-65.5169
-66.3755
-67.2835
-68.2026
-69.0869
-69.885
-70.5441
-71.0155
-71.2615
-61.9397
-62.104
-62.4309
-62.9171
-63.5562
-64.3378
-65.2459
-66.2565
-67.3364
-68.4413
-69.5158
-70.4958
-71.3124
-71.9008
-72.2094
-61.117
-61.3018
-61.6708
-62.222
-62.951
-63.8497
-64.9036
-66.0895
-67.3719
-68.7009
-70.0105
-71.2199
-72.2393
-72.9805
-73.3715
-60.1659
-60.3719
-60.7843
-61.4034
-62.2281
-63.2538
-64.4698
-65.8554
-67.3751
-68.9741
-70.5747
-72.0759
-73.3593
-74.3033
-74.8052
-59.0718
-59.2986
-59.7543
-60.4421
-61.3655
-62.5257
-63.9183
-65.5281
-67.3231
-69.2461
-71.2079
-73.0831
-74.7149
-75.9332
-76.5874
-57.8202
-58.0665
-58.563
-59.3172
-60.3385
-61.6363
-63.2158
-65.0724
-67.1823
-69.4913
-71.9012
-74.2593
-76.3578
-77.9547
-78.8238
-56.3976
-56.6606
-57.1929
-58.0068
-59.1195
-60.5512
-62.321
-64.4407
-66.9032
-69.6663
-72.6305
-75.6157
-78.3489
-80.4818
-81.6636
-54.7923
-55.0677
-55.6273
-56.489
-57.6791
-59.2312
-61.1832
-63.5709
-66.4153
-69.7017
-73.345
-77.1472
-80.7567
-83.6692
-85.324
-52.996
-53.2774
-53.852
-54.7432
-55.9874
-57.6337
-59.743
-62.3838
-65.6207
-69.489
-73.9493
-78.8125
-83.6485
-87.7298
-90.1337
-51.0042
-51.2837
-51.8567
-52.7523
-54.0165
-55.7145
-57.9336
-60.783
-64.3874
-68.8654
-74.2737
-80.4966
-87.0644
-92.9553
-96.6125
-48.8185
-49.0862
-49.6375
-50.5056
-51.7443
-53.4336
-55.6867
-58.6577
-62.5476
-67.5956
-74.0323
-81.941
-90.9504
-99.7318
-105.631
-46.4469
-46.6919
-47.1985
-48.0015
-49.1593
-50.7613
-52.9411
-55.8944
-59.9035
-65.3615
-72.7687
-82.6211
-94.9946
-108.51
-118.746
-43.9052
-44.1161
-44.5536
-45.2512
-46.2658
-47.6879
-49.6585
-52.3978
-56.2533
-61.7738
-69.807
-81.5503
-98.2459
-119.564
-138.969
-41.2171
-41.3831
-41.7282
-42.2807
-43.0894
-44.2337
-45.8421
-48.1262
-51.4468
-56.4411
-64.269
-77.0405
-98.2867
-131.948
-172.668
-38.4138
-38.5259
-38.759
-39.1324
-39.68
-40.4573
-41.5564
-43.1349
-45.478
-49.1409
-55.2979
-66.6453
-89.706
-139.429
-234.643
-35.5328
-35.5847
-35.6923
-35.8633
-36.1112
-36.4576
-36.938
-37.6126
-38.5927
-40.1088
-42.7223
-48.1161
-62.6097
-115.318
-362.74
-32.6158
-32.6051
-32.5818
-32.541
-32.474
-32.3649
-32.1847
-31.8783
-31.3355
-30.3146
-28.2163
-23.2676
-8.97543
44.0099
292.176
-29.7064
-29.6345
-29.4834
-29.237
-28.8662
-28.3218
-27.5191
-26.3084
-24.4104
-21.269
-15.6899
-4.90787
17.7885
67.7953
164.601
-26.8471
-26.719
-26.4515
-26.0195
-25.3792
-24.4581
-23.1371
-21.216
-18.3489
-13.9164
-6.77707
5.17791
25.5864
59.0808
104.255
15.8511
6.47657
2.70719
0.75262
-0.433295
-1.22042
-1.77124
-2.16934
-2.46256
-2.6803
-2.84151
-2.95877
-3.04051
-3.09225
-3.11732
10.0237
6.14302
3.30478
1.4547
0.222371
-0.631173
-1.24239
-1.69069
-2.02443
-2.27436
-2.46068
-2.59698
-2.69241
-2.75301
-2.78244
6.89109
5.08553
3.21611
1.72778
0.614989
-0.210208
-0.826663
-1.29158
-1.6445
-1.91257
-2.11457
-2.26355
-2.36849
-2.4354
-2.46798
5.01231
4.07235
2.86278
1.74005
0.807885
0.0657971
-0.516164
-0.970253
-1.32347
-1.59664
-1.80527
-1.96068
-2.07095
-2.14162
-2.17612
3.78623
3.24637
2.44913
1.61997
0.868779
0.230602
-0.294463
-0.718962
-1.05803
-1.32553
-1.53291
-1.68915
-1.80091
-1.87293
-1.90821
2.93504
2.5991
2.05762
1.44574
0.851182
0.316856
-0.142597
-0.526996
-0.842275
-1.09614
-1.29607
-1.44848
-1.55845
-1.62974
-1.66478
2.31713
2.09455
1.71498
1.25946
0.791754
0.351112
-0.0428497
-0.383026
-0.669164
-0.904211
-1.09223
-1.23727
-1.34285
-1.41171
-1.44567
1.85377
1.69899
1.42508
1.08164
0.713525
0.352947
0.0195468
-0.276581
-0.531527
-0.744933
-0.918213
-1.05345
-1.15275
-1.2179
-1.25015
1.49787
1.38617
1.18343
0.920965
0.630052
0.335907
0.0560595
-0.198733
-0.422733
-0.613515
-0.770612
-0.894577
-0.986361
-1.04692
-1.077
1.21954
1.13655
0.983264
0.78003
0.548819
0.308934
0.0751726
-0.142266
-0.337006
-0.505484
-0.646013
-0.758048
-0.841645
-0.897107
-0.924744
0.99882
0.935756
0.81777
0.658519
0.473607
0.277708
0.0829495
-0.10156
-0.269513
-0.416858
-0.541198
-0.64126
-0.716462
-0.766607
-0.79167
0.82189
0.773089
0.680928
0.554821
0.406021
0.245686
0.0836091
-0.0723524
-0.21633
-0.344203
-0.45324
-0.541732
-0.608674
-0.653519
-0.675995
0.678844
0.640529
0.567655
0.46688
0.346443
0.214872
0.0800212
-0.0514659
-0.174329
-0.284627
-0.379546
-0.457164
-0.516227
-0.55596
-0.575924
0.562401
0.531962
0.473753
0.392588
0.294595
0.186335
0.0740965
-0.0365678
-0.141052
-0.235729
-0.317864
-0.385479
-0.4372
-0.472125
-0.489713
0.467091
0.442677
0.395789
0.32998
0.249873
0.16056
0.0670782
-0.0259609
-0.114585
-0.195539
-0.266263
-0.324827
-0.369833
-0.400326
-0.415713
0.388733
0.368995
0.330961
0.277299
0.211543
0.137678
0.059752
-0.0184196
-0.0934447
-0.162451
-0.223105
-0.273589
-0.312544
-0.339013
-0.352395
0.324078
0.308017
0.276983
0.233014
0.178844
0.117616
0.0525956
-0.0130632
-0.0764831
-0.135161
-0.187009
-0.230355
-0.263921
-0.286788
-0.298366
0.270575
0.257434
0.231987
0.19581
0.151044
0.100187
0.0458824
-0.00926144
-0.0628141
-0.112613
-0.156815
-0.193911
-0.222726
-0.242401
-0.252376
0.226195
0.215394
0.194442
0.16457
0.127473
0.08515
0.0397518
-0.00656458
-0.0517512
-0.0939519
-0.131554
-0.163217
-0.187877
-0.204748
-0.213311
0.189314
0.180402
0.163088
0.138347
0.10753
0.0722485
0.0342587
-0.00465223
-0.0427615
-0.078483
-0.110418
-0.137385
-0.158436
-0.172862
-0.180192
0.158622
0.151243
0.136891
0.116344
0.0906864
0.061227
0.0294051
-0.00329657
-0.0354296
-0.0656431
-0.0927303
-0.115659
-0.133594
-0.145902
-0.152162
0.133053
0.126925
0.114994
0.0978876
0.0764826
0.0518458
0.0251621
-0.00233574
-0.0294304
-0.0549739
-0.0779295
-0.0974019
-0.112659
-0.123142
-0.128478
0.111738
0.106635
0.0966917
0.0824159
0.0645225
0.0438857
0.0214843
-0.00165485
-0.0245082
-0.0461015
-0.0655469
-0.0820713
-0.0950368
-0.103956
-0.108498
0.0939668
0.0897055
0.0813972
0.0694558
0.054467
0.0371509
0.0183185
-0.0011724
-0.0204608
-0.0387205
-0.0551925
-0.0692114
-0.0802248
-0.0878076
-0.0916718
0.079154
0.0755858
0.0686251
0.0586114
0.0460274
0.0314686
0.01561
-0.000830572
-0.0171277
-0.0325805
-0.0465412
-0.0584382
-0.0677945
-0.0742415
-0.0775284
0.0668185
0.0638216
0.0579725
0.0495517
0.0389587
0.0266888
0.0133056
-0.000588403
-0.0143807
-0.0274764
-0.0393226
-0.0494289
-0.0573841
-0.0628693
-0.065667
0.0565637
0.0540376
0.0491054
0.042
0.0330544
0.022682
0.0113557
-0.000416844
-0.0121174
-0.02324
-0.0333121
-0.041913
-0.0486885
-0.053363
-0.0557481
0.0480628
0.0459241
0.0417469
0.0357261
0.0281405
0.0193375
0.00971574
-0.000295314
-0.0102553
-0.0197328
-0.028323
-0.0356644
-0.0414516
-0.0454462
-0.047485
0.0410468
0.0392259
0.0356685
0.0305387
0.0240717
0.0165615
0.00834601
-0.000209231
-0.0087283
-0.0168415
-0.024201
-0.030495
-0.0354593
-0.0388873
-0.0406374
0.0352949
0.0337333
0.0306817
0.0262796
0.0207272
0.0142751
0.00721217
-0.000148264
-0.00748307
-0.0144735
-0.0208188
-0.0262487
-0.0305335
-0.0334934
-0.0350048
0.0306272
0.0292752
0.0266326
0.0228193
0.0180073
0.0124127
0.00628491
-0.000105094
-0.00647692
-0.0125534
-0.0180723
-0.0227973
-0.0265275
-0.0291051
-0.0304216
0.0268982
0.0257131
0.0233963
0.0200522
0.0158308
0.0109206
0.00553966
-7.45404e-05
-0.00567585
-0.0110204
-0.0158769
-0.0200367
-0.0233218
-0.0255925
-0.0267524
0.023992
0.0229367
0.0208733
0.0178943
0.0141326
0.00975531
0.00495635
-5.29352e-05
-0.00505307
-0.00982615
-0.0141653
-0.0178832
-0.0208204
-0.022851
-0.0238884
0.0218185
0.0208601
0.0189861
0.0162798
0.0128616
0.0088828
0.00451908
-3.76848e-05
-0.00458793
-0.00893324
-0.0128849
-0.016272
-0.0189484
-0.0207991
-0.0217447
0.0203103
0.0194192
0.0176766
0.0151597
0.0119799
0.00827754
0.00421582
-2.69585e-05
-0.00426508
-0.00831362
-0.0119965
-0.015154
-0.0176497
-0.0193756
-0.0202576
0.0194209
0.0185696
0.0169047
0.0144998
0.0114609
0.00792182
0.00403827
-1.94686e-05
-0.00407384
-0.00794788
-0.0114729
-0.0144957
-0.0168853
-0.0185381
-0.0193828
0.0191225
0.0182849
0.0166467
0.01428
0.0112891
0.0078053
0.00398166
-1.4316e-05
-0.00400781
-0.00782446
-0.0112979
-0.014277
-0.0166324
-0.0182617
-0.0190944
0.0194055
0.018556
0.0168944
0.0144937
0.0114594
0.00792477
0.00404468
-1.08822e-05
-0.00406457
-0.00793933
-0.0114662
-0.0144915
-0.0168835
-0.0185384
-0.0193843
0.0202784
0.0193911
0.0176553
0.0151473
0.0119772
0.00828405
0.00422955
-8.75507e-06
-0.00424555
-0.00829576
-0.0119827
-0.0151455
-0.0176465
-0.0193769
-0.0202613
0.0217675
0.0208151
0.0189523
0.0162607
0.0128582
0.00889417
0.00454205
-7.67939e-06
-0.00455608
-0.00890445
-0.012863
-0.0162591
-0.0189446
-0.0208027
-0.0217524
0.0239177
0.0228714
0.0208248
0.0178675
0.0141292
0.00977373
0.00499174
-7.52614e-06
-0.00500549
-0.0097838
-0.0141339
-0.0178659
-0.0208172
-0.0228592
-0.0239029
0.0267943
0.0256222
0.0233295
0.0200166
0.0158287
0.0109494
0.00559228
-8.27709e-06
-0.0056074
-0.0109605
-0.0158338
-0.0200148
-0.0233212
-0.0256088
-0.0267781
0.0304848
0.0291512
0.0265425
0.0227731
0.0180083
0.0124569
0.00636184
-1.00226e-05
-0.00638016
-0.0124703
-0.0180145
-0.022771
-0.0265325
-0.029135
-0.0304652
0.0351012
0.0335654
0.0305614
0.0262208
0.0207341
0.0143417
0.00732363
-1.29725e-05
-0.00734734
-0.0143591
-0.0207421
-0.0262181
-0.0305484
-0.0335445
-0.0350758
0.0407839
0.0389992
0.0355082
0.0304643
0.0240887
0.016661
0.00850659
-1.74811e-05
-0.00853853
-0.0166843
-0.0240995
-0.0304606
-0.0354908
-0.0389709
-0.0407497
0.0477057
0.0456176
0.0415334
0.0356324
0.0281737
0.0194847
0.00994625
-2.40902e-05
-0.00999027
-0.019517
-0.0281886
-0.0356273
-0.0415093
-0.0455787
-0.0476585
0.0560772
0.0536221
0.04882
0.041882
0.0331131
0.0228983
0.0116858
-3.35935e-05
-0.0117471
-0.0229433
-0.0331338
-0.0418749
-0.0487864
-0.0535678
-0.0560115
0.0661534
0.0632562
0.0575895
0.0494028
0.0390563
0.0270048
0.0137771
-4.71325e-05
-0.0138632
-0.0270679
-0.0390854
-0.0493929
-0.0575424
-0.06318
-0.0660612
0.0782412
0.0748133
0.0681087
0.0584232
0.0461834
0.0319278
0.0162826
-6.63332e-05
-0.0164038
-0.0320166
-0.0462244
-0.0584093
-0.0680424
-0.0747059
-0.0781114
0.092709
0.0886454
0.0806977
0.069217
0.0547101
0.0378157
0.0192768
-9.35016e-05
-0.0194477
-0.0379409
-0.0547678
-0.0691975
-0.0806041
-0.0884941
-0.0925261
0.109998
0.105174
0.0957396
0.0821122
0.0648943
0.0448455
0.0228483
-0.0001319
-0.0230893
-0.0450221
-0.0649758
-0.0820846
-0.0956077
-0.104961
-0.10974
0.130637
0.124904
0.113693
0.0975002
0.077044
0.0532282
0.0271023
-0.000186141
-0.0274424
-0.0534773
-0.0771591
-0.0974613
-0.113507
-0.124603
-0.130273
0.155257
0.148438
0.135104
0.115849
0.0915265
0.0632149
0.0321634
-0.000262736
-0.0326434
-0.0635665
-0.0916889
-0.115794
-0.134841
-0.148013
-0.154743
0.184611
0.176495
0.160627
0.137715
0.108779
0.0751039
0.0381788
-0.000370883
-0.0388565
-0.0756002
-0.109008
-0.137637
-0.160256
-0.175895
-0.183885
0.2196
0.209936
0.191041
0.163763
0.129322
0.0892495
0.0453223
-0.000523569
-0.0462789
-0.0899501
-0.129645
-0.163654
-0.190518
-0.209088
-0.218575
0.261299
0.249784
0.227276
0.194786
0.153774
0.106072
0.053798
-0.000739127
-0.0551484
-0.107061
-0.154231
-0.194632
-0.226537
-0.248588
-0.259853
0.310992
0.297267
0.27044
0.231726
0.182872
0.126068
0.0638452
-0.00104344
-0.0657517
-0.127464
-0.183517
-0.231508
-0.269397
-0.295579
-0.308951
0.370215
0.353847
0.321858
0.275707
0.217489
0.149825
0.0757438
-0.00147304
-0.0784352
-0.151797
-0.218399
-0.2754
-0.320385
-0.351463
-0.367334
0.440804
0.421272
0.383109
0.328068
0.258663
0.17804
0.0898191
-0.00207951
-0.0936186
-0.180823
-0.259948
-0.327633
-0.381029
-0.417907
-0.436735
0.524953
0.501633
0.456078
0.390401
0.307626
0.21153
0.106448
-0.00293567
-0.111812
-0.215458
-0.309441
-0.389788
-0.453143
-0.496883
-0.51921
0.625295
0.597432
0.54302
0.464607
0.365839
0.251258
0.126064
-0.00414428
-0.133636
-0.256804
-0.368401
-0.463741
-0.538875
-0.590726
-0.617186
0.744981
0.711666
0.646625
0.552945
0.435031
0.298354
0.149161
-0.00585042
-0.159851
-0.306185
-0.438648
-0.551723
-0.640774
-0.702198
-0.733534
0.887801
0.847927
0.770114
0.65811
0.51725
0.354142
0.176298
-0.00825886
-0.191388
-0.365196
-0.522356
-0.656385
-0.761855
-0.834561
-0.87164
1.0583
1.01053
0.917343
0.78331
0.614916
0.42016
0.208096
-0.0116586
-0.229398
-0.435766
-0.622126
-0.780877
-0.905684
-0.991661
-1.03549
1.26198
1.20467
1.09293
0.932369
0.730885
0.498196
0.245233
-0.0164575
-0.275305
-0.520227
-0.741066
-0.928935
-1.07647
-1.17803
-1.22977
1.50545
1.43659
1.30242
1.10984
0.868522
0.590307
0.288431
-0.0232311
-0.330881
-0.621409
-0.882898
-1.105
-1.27919
-1.39898
-1.45997
1.79674
1.71384
1.55248
1.32115
1.03178
0.698846
0.338424
-0.0327913
-0.398344
-0.742754
-1.05208
-1.31432
-1.51969
-1.66075
-1.73253
2.14558
2.04558
1.85111
1.57275
1.22528
0.826472
0.395909
-0.0462834
-0.480488
-0.88846
-1.25395
-1.56313
-1.80483
-1.97062
-2.05492
2.56386
2.44291
2.20798
1.87235
1.45442
0.976148
0.461468
-0.0653221
-0.580848
-1.06366
-1.49492
-1.8588
-2.14266
-2.33708
-2.43584
3.06612
2.91939
2.63478
2.2291
1.72544
1.15111
0.535435
-0.0921835
-0.703921
-1.27466
-1.78268
-2.21004
-2.5426
-2.76996
-2.88533
3.67026
3.49159
3.14564
2.65388
2.04554
1.35476
0.617696
-0.130073
-0.855464
-1.52919
-2.12644
-2.62709
-3.01557
-3.28061
-3.41492
4.39845
4.17994
3.75774
3.1596
2.42287
1.59056
0.707387
-0.183503
-1.04288
-1.83683
-2.53728
-3.12202
-3.57425
-3.88203
-4.03776
5.27836
5.00973
4.49202
3.76154
2.86656
1.86167
0.802432
-0.258815
-1.27573
-2.20937
-3.02847
-3.70897
-4.23322
-4.58901
-4.76872
6.34479
6.01246
5.37402
4.47769
3.38657
2.17051
0.898868
-0.36491
-1.56641
-2.66146
-3.61588
-4.4044
-5.00915
-5.41824
-5.62446
7.64197
7.22773
6.43507
5.3291
3.99332
2.51795
0.989835
-0.514252
-1.931
-3.21118
-4.31849
-5.22742
-5.92093
-6.38831
-6.62339
9.22678
8.70575
7.71369
6.34005
4.697
2.902
1.06411
-0.724243
-2.39041
-3.88094
-5.15884
-6.2
-6.98973
-7.51967
-7.78553
11.1734
10.5108
9.25723
7.53806
5.50617
3.31581
1.10398
-1.01908
-2.97179
-4.69835
-6.16355
-7.34716
-8.23889
-8.83438
-9.13225
13.58
12.7263
11.124
8.95319
6.42536
3.74451
1.08219
-1.4322
-3.7102
-5.69723
-7.36377
-8.69697
-9.69374
-10.3557
-10.6858
16.5793
15.4617
13.3856
10.6162
7.45077
4.16033
0.957672
-2.00949
-4.65064
-6.91863
-8.79545
-10.2804
-11.381
-12.1075
-12.4684
20.3547
18.8625
16.1287
12.5541
8.56297
4.51516
0.669601
-2.81315
-5.8502
-8.41165
-10.4992
-12.1305
-13.3281
-14.1132
-14.5016
25.1663
23.1253
19.4557
14.7811
9.7145
4.72951
0.12957
-3.92632
-7.38001
-10.2337
-12.5199
-14.2817
-15.5616
-16.3943
-16.8044
31.395
28.519
23.4804
17.2802
10.8093
4.67643
-0.788285
-5.45769
-9.32646
-12.4498
-14.9045
-16.7676
-18.1054
-18.9688
-19.3919
39.6209
35.4144
28.3117
19.9673
11.6693
4.1593
-2.25845
-7.54504
-11.7906
-15.1301
-17.6999
-19.6183
-20.9785
-21.8488
-22.2732
50.7677
44.3209
34.0052
22.6221
11.9821
2.88363
-4.51417
-10.3553
-14.8838
-18.3448
-20.9477
-22.8563
-24.1918
-25.0385
-25.4491
66.3912
55.9138
40.4397
24.7607
11.2243
0.426952
-7.85087
-14.0773
-18.7181
-22.1555
-24.6775
-26.4922
-27.7445
-28.5308
-28.91
89.2903
70.9765
47.0164
25.4113
8.5644
-3.77936
-12.6121
-18.9003
-23.3882
-26.6016
-28.8985
-30.5187
-31.6205
-32.3056
-32.6341
124.907
89.9597
51.9575
22.7575
2.77714
-10.4238
-19.1403
-24.9734
-28.9434
-31.6841
-33.5891
-34.9048
-35.7859
-36.3278
-36.5861
184.792
111.064
50.7857
13.701
-7.7182
-20.1822
-27.6707
-32.3402
-35.3521
-37.3468
-38.6889
-39.5927
-40.1865
-40.5469
-40.7172
295.875
122.828
33.5069
-6.23419
-24.4325
-33.3958
-38.1586
-40.858
-42.4672
-43.4624
-44.0929
-44.4957
-44.749
-44.8976
-44.9665
527.129
76.449
-18.2028
-41.1296
-47.5597
-49.5263
-50.079
-50.1329
-50.0083
-49.8312
-49.6548
-49.5024
-49.3839
-49.3036
-49.2632
-23.7998
-23.6187
-23.2422
-22.6395
-21.758
-20.5138
-18.7754
-16.3372
-12.8775
-7.89666
-0.651859
9.81443
24.1675
40.5718
47.6456
-20.6569
-20.4321
-19.9675
-19.2313
-18.1707
-16.7054
-14.7171
-12.0368
-8.43032
-3.59398
2.80843
10.9851
20.5675
29.71
34.3713
-17.7392
-17.4856
-16.9647
-16.1476
-14.9884
-13.4201
-11.3511
-8.66292
-5.2135
-0.857793
4.49432
10.7495
17.4067
23.3289
26.9654
-15.0753
-14.8068
-14.2583
-13.4065
-12.2154
-10.6356
-8.60464
-6.05071
-2.90352
0.881497
5.27712
10.111
14.9801
19.2333
22.1868
-12.6804
-12.4082
-11.8554
-11.0049
-9.83145
-8.30262
-6.38139
-4.03214
-1.23198
2.00962
5.62171
9.43716
13.1688
16.437
18.8936
-10.5578
-10.2906
-9.75053
-8.92653
-7.80315
-6.36225
-4.58642
-2.46482
-0.00245201
2.76648
5.76247
8.84685
11.8205
14.4517
16.5413
-8.70283
-8.44626
-7.92991
-7.14789
-6.09266
-4.75707
-3.13745
-1.23851
0.920124
3.29567
5.81425
8.3668
10.8142
13.0076
14.8225
-7.10475
-6.86201
-6.37532
-5.64278
-4.66288
-3.4362
-1.96808
-0.272106
1.62552
3.68141
5.8316
7.99145
10.0616
11.9415
13.548
-5.74976
-5.52204
-5.0669
-4.3854
-3.48021
-2.35712
-1.02686
0.492371
2.17237
3.97256
5.83892
7.70542
9.49899
11.1484
12.5949
-4.62283
-4.40984
-3.98521
-3.35204
-2.51583
-1.48554
-0.274974
1.09576
2.59873
4.19721
5.84576
7.49194
9.08022
10.5577
11.8809
-3.70924
-3.5096
-3.11241
-2.52208
-1.74587
-0.794621
0.316387
1.56655
2.92922
4.37146
5.85462
7.33601
8.77184
10.1211
11.3498
-2.99562
-2.80727
-2.4331
-1.87834
-1.15131
-0.263831
0.76822
1.92446
3.17976
4.50441
5.86486
7.22527
8.54964
9.80468
10.9625
-2.47071
-2.29111
-1.93472
-1.40724
-0.717561
0.122023
1.09549
2.18293
3.36058
4.60117
5.87479
7.15016
8.39641
9.5851
10.6922
-2.12574
-1.9521
-1.60776
-1.0987
-0.434068
0.373628
1.30842
2.35082
3.47806
4.66452
5.88258
7.10379
8.30033
9.44669
10.5211
-1.95476
-1.78412
-1.44587
-0.946069
-0.294
0.497781
1.41335
2.4335
3.53594
4.69589
5.88685
7.08169
8.25407
9.37979
10.4382
38.0291
40.6581
39.088
31.1215
27.3243
21.9584
18.4177
11.2603
15.8553
17.2724
18.1129
18.6224
19.5599
20.3028
22.0857
21.7499
18.8451
17.483
15.6101
14.5864
12.995
11.5001
7.67952
11.4705
12.9457
14.495
15.4995
17.3452
18.6946
21.5874
21.8933
20.0353
19.153
17.8255
17.0387
15.6469
14.0565
9.54637
14.6747
16.8013
19.2579
20.8765
23.8708
26.0089
30.4902
31.1076
28.7149
27.5792
25.8476
24.7945
22.8938
20.575
13.8713
21.7273
24.9481
28.6487
30.9233
34.9628
37.678
43.2312
43.5603
39.1739
37.0399
33.9
32.0228
28.8597
25.4753
16.4139
25.7439
29.2799
32.9748
35.1235
38.9864
41.5232
46.968
47.0688
42.4354
40.2983
38.077
36.7672
35.9673
31.5843
18.6561
41.0409
33.1411
-10.1388
-41.1186
-95.093
-240.165
-706.721
33.6195
33.4141
31.8678
28.5125
25.3833
22.1263
19.3412
16.857
17.1235
17.6287
18.1078
18.543
19.0426
19.4938
19.8909
19.5325
18.3675
17.2388
16.0531
15.022
13.9538
12.9576
12.0779
12.9448
13.9292
14.9814
15.9991
17.1692
18.2805
19.4185
19.7272
19.2402
18.639
17.8996
17.1896
16.3595
15.5073
14.7596
16.2028
17.7849
19.4986
21.1666
23.0812
24.8883
26.7389
27.3619
26.8328
26.0939
25.1329
24.1711
23.0075
21.7633
20.6479
22.803
25.1001
27.5197
29.7482
32.189
34.3408
36.38
36.6354
35.1593
33.4492
31.4252
29.4637
27.2281
24.9311
22.7582
24.6746
26.7109
28.7559
30.5072
32.3849
33.8986
35.2248
34.6491
32.2386
29.543
26.5065
23.156
19.0251
13.0219
5.11766
0.0325578
-16.3291
-48.1285
-90.2433
-154.097
-257.558
-402.789
28.0556
28.1003
27.2522
25.5775
23.6261
21.6142
19.8312
18.4924
18.0479
18.0221
18.1654
18.3709
18.5946
18.7622
18.7838
18.4764
17.8375
17.0764
16.273
15.511
14.809
14.2469
13.9608
14.25
14.8147
15.5176
16.2788
17.0778
17.8279
18.4434
18.7067
18.6093
18.3237
17.9314
17.513
17.1039
16.8075
16.8178
17.5305
18.5791
19.8048
21.1017
22.4461
23.7047
24.755
25.2749
25.2527
24.9282
24.4191
23.838
23.2372
22.7659
22.715
23.674
25.0753
26.6658
28.267
29.8313
31.1655
32.0973
32.2037
31.4812
30.3102
28.8602
27.2991
25.6848
24.2079
23.214
23.4326
24.129
24.96
25.7088
26.3075
26.5441
26.2202
24.8717
22.4521
19.2784
15.3885
10.6684
4.77894
-2.80282
-12.4803
-24.7373
-43.5687
-71.2636
-108.063
-156.067
-214.798
-270.444
23.637
24.0717
23.8264
23.0404
21.9556
20.7722
19.6813
18.8397
18.3691
18.1716
18.1335
18.172
18.2274
18.2404
18.1504
17.8973
17.4831
16.9749
16.4329
15.9136
15.4624
15.1388
15.0151
15.1584
15.501
15.9696
16.5039
17.0566
17.5686
17.9756
18.2052
18.2492
18.1621
18.0006
17.823
17.6856
17.666
17.8643
18.3743
19.1181
20.0083
20.9681
21.9342
22.8209
23.5347
23.9682
24.1078
24.028
23.809
23.5329
23.2804
23.1631
23.3275
23.908
24.778
25.7965
26.8387
27.8046
28.5693
29.003
28.9656
28.4488
27.5726
26.455
25.2111
23.9432
22.7894
21.9234
21.5026
21.353
21.2826
21.1266
20.7513
19.9968
18.6908
16.6368
13.7514
10.0452
5.46604
-0.135048
-7.03023
-15.6096
-26.3635
-40.0397
-58.0443
-81.2872
-109.746
-142.591
-176.477
-203.078
20.3534
21.0219
21.1789
20.9334
20.4264
19.7969
19.172
18.6524
18.297
18.0912
17.991
17.9486
17.9207
17.8669
17.7515
17.5499
17.2639
16.9217
16.56
16.2176
15.9321
15.7424
15.6849
15.7796
16.0058
16.3267
16.7024
17.0939
17.4605
17.7632
17.9706
18.078
18.1072
18.0927
18.0749
18.0977
18.2105
18.4619
18.8813
19.446
20.1112
20.8256
21.5364
22.1861
22.7177
23.0848
23.2784
23.328
23.281
23.1939
23.1285
23.1546
23.3406
23.7248
24.2668
24.8927
25.5201
26.0674
26.4497
26.5869
26.4175
25.9339
25.1826
24.2317
23.1572
22.0375
20.9562
19.9919
19.182
18.463
17.7282
16.8603
15.741
14.2439
12.2386
9.59911
6.23265
2.06927
-2.98474
-9.07489
-16.414
-25.2848
-36.0383
-49.1088
-64.9765
-83.7993
-105.115
-127.613
-148.646
-164.056
17.9247
18.7084
19.1105
19.2025
19.0732
18.8144
18.5106
18.2286
18.0088
17.8587
17.7648
17.704
17.6511
17.5819
17.4765
17.3237
17.1254
16.8964
16.6592
16.4395
16.2634
16.1556
16.1354
16.2111
16.3741
16.6047
16.8778
17.1666
17.4444
17.6876
17.88
18.0189
18.1152
18.1895
18.2681
18.3801
18.555
18.8176
19.1789
19.6291
20.1432
20.6879
21.2265
21.7211
22.1374
22.4511
22.6563
22.7669
22.8106
22.8233
22.8448
22.9155
23.068
23.3143
23.6346
23.9866
24.3167
24.5678
24.6829
24.6122
24.3217
23.8043
23.08
22.186
21.1686
20.0762
18.9547
17.8377
16.7305
15.5956
14.3655
12.9561
11.2747
9.22265
6.69961
3.6084
-0.138411
-4.62402
-9.94335
-16.216
-23.592
-32.2486
-42.3761
-54.1491
-67.6522
-82.7202
-98.782
-114.741
-128.913
-139.228
16.1138
16.944
17.488
17.7899
17.9061
17.8965
17.8175
17.715
17.6197
17.545
17.4906
17.4479
17.4047
17.3486
17.2695
17.1628
17.0307
16.8826
16.7329
16.5983
16.4963
16.4424
16.4477
16.5166
16.6449
16.8214
17.0305
17.255
17.4779
17.6848
17.8664
18.021
18.1548
18.2799
18.4129
18.5716
18.7733
19.0307
19.3484
19.7202
20.1308
20.5587
20.9796
21.3688
21.7048
21.9733
22.1701
22.302
22.3847
22.4396
22.4903
22.5587
22.66
22.7971
22.9566
23.1117
23.2271
23.2637
23.1835
22.9537
22.5525
21.9725
21.2214
20.3182
19.2878
18.1566
16.9466
15.6695
14.3187
12.8654
11.2611
9.44362
7.34197
4.87983
1.97888
-1.43811
-5.44546
-10.1166
-15.529
-21.768
-28.926
-37.0939
-46.344
-56.6979
-68.0734
-80.2089
-92.595
-104.444
-114.731
-122.38
14.7513
15.5913
16.2136
16.6446
16.9197
17.0781
17.1577
17.1907
17.2008
17.2018
17.1992
17.1921
17.1767
17.148
17.1021
17.0381
16.9588
16.871
16.7843
16.7102
16.6599
16.6435
16.6681
16.7364
16.8461
16.9907
17.1609
17.3456
17.5343
17.7181
17.8914
18.0531
18.2065
18.359
18.5203
18.7012
18.9112
19.1568
19.4397
19.7552
20.0932
20.4396
20.7782
21.0927
21.3694
21.5986
21.7771
21.9077
21.9987
22.0619
22.11
22.1541
22.2004
22.2475
22.2849
22.294
22.2506
22.1278
21.8992
21.5421
21.0406
20.3868
19.5819
18.6333
17.5523
16.3504
15.0353
13.6072
12.0545
10.3525
8.46361
6.34044
3.92848
1.16896
-1.99862
-5.63434
-9.79649
-14.5414
-19.924
-25.9966
-32.8053
-40.3806
-48.7221
-57.7752
-67.3998
-77.3361
-87.1809
-96.3934
-104.348
-110.447
13.7205
14.5519
15.2144
15.7234
16.1011
16.373
16.5647
16.6991
16.7946
16.8637
16.9138
16.9482
16.9677
16.9718
16.9605
16.9352
16.899
16.8575
16.8176
16.7873
16.7744
16.7855
16.8255
16.8962
16.9967
17.1232
17.27
17.4303
17.5976
17.7663
17.933
18.0967
18.2594
18.4251
18.5995
18.7886
18.9975
19.2293
19.4839
19.7577
20.0435
20.3316
20.6112
20.8711
21.102
21.2969
21.4529
21.5702
21.6526
21.7057
21.7355
21.7463
21.7396
21.7117
21.6537
21.5518
21.3883
21.144
20.7997
20.3386
19.7477
19.0189
18.1491
17.1389
15.9908
14.707
13.2869
11.7242
10.0055
8.10867
6.00357
3.65318
1.01556
-1.95418
-5.30184
-9.07233
-13.3081
-18.0479
-23.325
-29.1649
-35.5805
-42.5637
-50.0753
-58.0292
-66.2772
-74.5945
-82.6768
-90.1544
-96.6338
-101.763
12.9407
13.7552
14.4358
14.9911
15.4346
15.7829
16.0537
16.2634
16.426
16.5525
16.6507
16.7256
16.7804
16.8175
16.839
16.8475
16.8468
16.8414
16.837
16.8392
16.8539
16.8858
16.9383
17.0131
17.1097
17.2263
17.3594
17.5049
17.6587
17.8173
17.9786
18.1418
18.3077
18.4785
18.6573
18.8472
19.0506
19.2687
19.5004
19.7426
19.9901
20.2359
20.4722
20.6912
20.886
21.0514
21.184
21.2828
21.3486
21.3831
21.3879
21.3638
21.309
21.219
21.0857
20.898
20.6424
20.3041
19.8684
19.3219
18.6532
17.854
16.9185
15.843
14.6246
13.2601
11.7436
10.066
8.21294
6.16482
3.8968
1.37962
-1.41902
-4.53298
-7.99603
-11.8401
-16.0938
-20.7802
-25.9152
-31.5041
-37.5376
-43.9858
-50.7909
-57.8594
-65.0542
-72.1912
-79.0427
-85.3524
-90.8629
-95.354
12.3555
13.151
13.8375
14.4193
14.9045
15.3043
15.6305
15.8951
16.1092
16.2819
16.4208
16.5314
16.6184
16.6854
16.7357
16.773
16.8009
16.8238
16.8463
16.8731
16.9085
16.9562
17.0189
17.0981
17.1939
17.3054
17.4307
17.5672
17.7125
17.8644
18.0213
18.1827
18.3487
18.5204
18.699
18.8862
19.0826
19.2881
19.5015
19.7199
19.939
20.1536
20.3579
20.546
20.7124
20.8527
20.9636
21.0429
21.0896
21.1029
21.082
21.0251
20.929
20.7885
20.5959
20.3419
20.0154
19.6044
19.0967
18.4809
17.7467
16.8853
15.8894
14.7526
13.469
12.0317
10.4325
8.66037
6.70128
4.53769
2.14886
-0.488536
-3.39941
-6.60898
-10.1414
-14.018
-18.256
-22.8663
-27.8514
-33.2026
-38.8971
-44.8932
-51.1269
-57.5072
-63.914
-70.1983
-76.1882
-81.7005
-86.5592
-90.6178
11.9257
12.7034
13.3896
13.986
14.4974
14.9311
15.2954
15.5994
15.8516
16.0598
16.2311
16.3711
16.485
16.577
16.6512
16.7115
16.7619
16.8065
16.8493
16.8942
16.945
17.0047
17.0755
17.1589
17.2553
17.3645
17.4855
17.6167
17.7567
17.904
18.0575
18.2167
18.3814
18.5518
18.7284
18.9115
19.1011
19.2962
19.4953
19.6958
19.8942
20.0861
20.2668
20.4318
20.5763
20.6963
20.7884
20.8499
20.8784
20.8718
20.8277
20.7428
20.613
20.4326
20.1945
19.8902
19.51
19.0436
18.4805
17.8102
17.0231
16.1102
15.063
13.8738
12.5345
11.0366
9.3703
7.52399
5.48412
3.23496
0.758941
-1.9628
-4.94956
-8.21998
-11.7908
-15.6753
-19.8819
-24.4124
-29.2599
-34.4066
-39.8216
-45.4581
-51.2512
-57.1164
-62.9495
-68.6288
-74.0208
-78.9892
-83.4072
-87.1708
11.624
12.3871
13.0706
13.6746
14.2019
14.6573
15.047
15.3778
15.6568
15.8908
16.086
16.2483
16.3827
16.4939
16.5863
16.664
16.7311
16.7914
16.8488
16.9068
16.9686
17.0369
17.1137
17.2006
17.2982
17.4065
17.5252
17.6534
17.7901
17.9344
18.0854
18.2426
18.4056
18.5742
18.7483
18.9275
19.1113
19.2984
19.487
19.6747
19.8584
20.0343
20.1985
20.3468
20.4752
20.5798
20.6572
20.7042
20.7177
20.6947
20.6318
20.525
20.3696
20.1597
19.8883
19.5476
19.1286
18.6222
18.0184
17.3078
16.4808
15.5282
14.4412
13.211
11.8285
10.2841
8.56726
6.66637
4.56836
2.25896
-0.277063
-3.05534
-6.09113
-9.39831
-12.9882
-16.8684
-21.0412
-25.5018
-30.2372
-35.224
-40.4269
-45.797
-51.2712
-56.7713
-62.2058
-67.4723
-72.4627
-77.0698
-81.1965
-84.7639
11.4322
12.185
12.8657
13.4734
14.0096
14.4779
14.883
15.2305
15.5265
15.7771
15.9881
16.1652
16.3134
16.4376
16.5423
16.6316
16.7097
16.7804
16.8472
16.9136
16.9825
17.0564
17.1374
17.2267
17.3253
17.4335
17.551
17.6775
17.8124
17.9548
18.1042
18.2599
18.4215
18.5885
18.7605
18.9368
19.1165
19.2981
19.4799
19.6593
19.8335
19.9992
20.1527
20.2903
20.4081
20.5024
20.5697
20.6065
20.6094
20.5748
20.4989
20.3772
20.2045
19.975
19.6819
19.3174
18.8732
18.3406
17.7102
16.9728
16.1191
15.1398
14.0256
12.7674
11.3555
9.77969
8.02931
6.09261
3.95706
1.60936
-0.964139
-3.77697
-6.84176
-10.1693
-13.7675
-17.6402
-21.7856
-26.1952
-30.8521
-35.7298
-40.7908
-45.9857
-51.2532
-56.5202
-61.7035
-66.7129
-71.4556
-75.8418
-79.7906
-83.2374
11.339
12.0866
12.7655
13.3746
13.9149
14.3891
14.8015
15.157
15.4613
15.72
15.9389
16.1233
16.2785
16.4092
16.5201
16.6152
16.6988
16.7745
16.846
16.9166
16.989
17.0657
17.1486
17.2393
17.3385
17.4466
17.5637
17.6895
17.8235
17.9651
18.1136
18.2685
18.4293
18.5955
18.7663
18.941
19.1186
19.2975
19.4758
19.6512
19.8208
19.9815
20.1298
20.2621
20.3746
20.4637
20.5259
20.5575
20.5549
20.5144
20.4318
20.3025
20.1212
19.882
19.578
19.2018
18.7452
18.1996
17.556
16.8053
15.9382
14.9454
13.8175
12.5451
11.1183
9.52679
7.75964
5.80523
3.65127
1.28499
-1.3065
-4.13567
-7.21388
-10.5504
-14.1514
-18.019
-22.1494
-26.5322
-31.1489
-35.9714
-40.9614
-46.0695
-51.2355
-56.3889
-61.4508
-66.3369
-70.9615
-75.2426
-79.1071
-82.4964
-700.714
-246.535
-129.873
-92.1161
-76.4088
-68.3495
-63.5723
-60.4713
-58.3434
-56.8361
-55.7544
-54.9834
-54.4528
-54.1195
-53.9586
-401.517
-261.36
-172.791
-125.687
-100.232
-85.6013
-76.6157
-70.776
-66.8154
-64.0518
-62.0975
-60.722
-59.7848
-59.2003
-58.9194
-273.759
-224.596
-174.243
-137.608
-113.229
-97.2076
-86.5124
-79.2013
-74.0899
-70.4579
-67.8612
-66.0217
-64.7636
-63.9772
-63.5988
-207.787
-189.02
-161.976
-137.273
-117.869
-103.486
-93.0245
-85.4264
-79.8844
-75.828
-72.8674
-70.7397
-69.2701
-68.3457
-67.8993
-168.882
-161.719
-147.366
-131.637
-117.486
-105.844
-96.6719
-89.595
-84.1927
-80.1019
-77.0402
-74.799
-73.2307
-72.2358
-71.7529
-143.8
-141.607
-134.132
-124.422
-114.593
-105.731
-98.2235
-92.0883
-87.1888
-83.3463
-80.3918
-78.1848
-76.6176
-75.6133
-75.1231
-126.635
-126.776
-123.133
-117.325
-110.733
-104.263
-98.4018
-93.3454
-89.1273
-85.7021
-82.9953
-80.9303
-79.4409
-78.4763
-78.0024
-114.413
-115.727
-114.298
-111.012
-106.748
-102.187
-97.7743
-93.7633
-90.2724
-87.3388
-84.9563
-83.0995
-81.7389
-80.8478
-80.4073
-105.486
-107.423
-107.317
-105.676
-103.061
-99.961
-96.7445
-93.6604
-90.8596
-88.4239
-86.3908
-84.7721
-83.5666
-82.7683
-82.371
-98.8823
-101.16
-101.87
-101.315
-99.8587
-97.8503
-95.5815
-93.2735
-91.081
-89.1058
-87.4103
-86.0308
-84.9866
-84.2872
-83.9368
-93.9948
-96.4628
-97.6867
-97.854
-97.2076
-95.9993
-94.4572
-92.7703
-91.0846
-89.5072
-88.1132
-86.9535
-86.0611
-85.4565
-85.1516
-90.4337
-93.0096
-94.5596
-95.206
-95.1177
-94.4812
-93.4769
-92.2651
-90.9791
-89.7244
-88.5812
-87.6082
-86.8471
-86.3256
-86.0608
-87.9453
-90.5814
-92.3354
-93.292
-93.5754
-93.3301
-92.7034
-91.8335
-90.8418
-89.8296
-88.8782
-88.0505
-87.3927
-86.9373
-86.7047
-86.3665
-89.0345
-90.9077
-92.0504
-92.5611
-92.5595
-92.1724
-91.523
-90.7241
-89.8732
-89.051
-88.3221
-87.7353
-87.3256
-87.1153
-85.5999
-88.2817
-90.21
-91.4399
-92.0585
-92.1739
-91.9028
-91.3614
-90.6578
-89.8872
-89.13
-88.451
-87.9003
-87.5138
-87.3148
)
;

boundaryField
{
    hot
    {
        type            calculated;
        value           nonuniform List<scalar> 
120
(
-13.5625
-13.7868
-14.2377
-14.92
-15.84
-17.0048
-18.4209
-20.0923
-22.0191
-24.1947
-26.6038
-29.2204
-32.0072
-34.9157
-37.8882
-40.6142
-43.0532
-45.4187
-47.6804
-49.8137
-51.8
-53.6275
-55.2905
-56.7886
-58.1262
-59.3109
-60.3526
-61.2628
-62.0538
-62.7379
-63.3271
-63.8327
-64.2652
-64.6342
-64.9483
-65.2152
-65.4415
-65.6331
-65.7951
-65.932
-66.0475
-66.1449
-66.227
-66.296
-66.354
-66.4026
-66.4434
-66.4775
-66.5059
-66.5295
-66.5489
-66.5648
-66.5776
-66.5877
-66.5955
-66.601
-66.6046
-66.6063
-66.6062
-66.6043
-66.6004
-66.5946
-66.5866
-66.5761
-66.5629
-66.5466
-66.5267
-66.5025
-66.4734
-66.4384
-66.3967
-66.3468
-66.2874
-66.2167
-66.1326
-66.0327
-65.9142
-65.7737
-65.6072
-65.4102
-65.1774
-64.9025
-64.5784
-64.1971
-63.7494
-63.2249
-62.6121
-61.8986
-61.0707
-60.1144
-59.0152
-57.7588
-56.3322
-54.7241
-52.9263
-50.9352
-48.7525
-46.3866
-43.8534
-41.1763
-38.3863
-35.52
-32.6183
-29.7239
-26.8784
-23.8442
-20.7123
-17.8018
-15.1418
-12.7479
-10.6243
-8.76677
-7.16536
-5.8067
-4.67616
-3.75927
-3.04287
-2.51578
-2.16933
-1.9976
)
;
    }
    cold
    {
        type            calculated;
        value           nonuniform List<scalar> 
120
(
-7.95122
-7.89776
-7.79131
-7.63286
-7.42397
-7.16692
-6.86476
-6.5215
-6.14215
-5.73282
-5.30063
-4.85355
-4.4002
-3.94935
-3.50951
-3.12349
-2.78969
-2.47601
-2.18464
-1.91694
-1.67347
-1.45411
-1.25817
-1.0845
-0.931641
-0.797934
-0.68162
-0.580927
-0.494125
-0.419577
-0.355758
-0.301279
-0.254887
-0.215468
-0.182039
-0.15374
-0.129823
-0.109644
-0.092647
-0.0783581
-0.0663734
-0.0563504
-0.0479999
-0.0410794
-0.0353866
-0.0307542
-0.0270454
-0.0241506
-0.0219837
-0.0204805
-0.0195963
-0.0193049
-0.019598
-0.0204849
-0.0219925
-0.0241668
-0.0270737
-0.0308014
-0.0354628
-0.0411992
-0.0481842
-0.0566292
-0.0667894
-0.0789721
-0.0935452
-0.110948
-0.131706
-0.156444
-0.185904
-0.220973
-0.262699
-0.312329
-0.371343
-0.441491
-0.524849
-0.623869
-0.741447
-0.881001
-1.04655
-1.24283
-1.47536
-1.75063
-2.07617
-2.46072
-2.91438
-3.44872
-4.07692
-4.81387
-5.67622
-6.68232
-7.85209
-9.20671
-10.7681
-12.5583
-14.5982
-16.9062
-19.4967
-22.378
-25.5502
-29.0031
-32.7145
-36.6491
-40.7586
-44.983
-49.2531
-53.919
-58.8505
-63.506
-67.7896
-71.634
-75.002
-77.885
-80.2978
-82.2719
-83.8492
-85.0751
-85.9942
-86.6459
-87.062
-87.2644
)
;
    }
    interface_left
    {
        type            calculated;
        value           nonuniform List<scalar> 
90
(
-445.051
-243.09
-165.732
-130.31
-111.214
-99.5435
-91.764
-86.2648
-82.2177
-79.1525
-76.7812
-74.917
-73.4331
-72.2401
-71.2735
-70.4854
-69.8395
-69.3078
-68.8687
-68.5051
-68.2032
-67.9521
-67.7429
-67.5684
-67.4227
-67.3009
-67.1991
-67.114
-67.0428
-66.9832
-66.9334
-66.8918
-66.8572
-66.8284
-66.8045
-66.7849
-66.7689
-66.756
-66.7458
-66.738
-66.7324
-66.7288
-66.7271
-66.7272
-66.7291
-66.733
-66.7389
-66.7469
-66.7574
-66.7707
-66.7872
-66.8073
-66.8317
-66.8612
-66.8966
-66.9391
-66.9899
-67.0507
-67.1234
-67.2103
-67.3141
-67.4382
-67.5865
-67.7641
-67.9768
-68.2317
-68.5379
-68.906
-69.3497
-69.8856
-70.5349
-71.3244
-72.2884
-73.472
-74.9347
-76.7571
-79.051
-81.9759
-85.7685
-90.7956
-97.6615
-107.441
-122.248
-146.781
-193.011
-295.751
-568.234
498.126
226.918
128.821
)
;
    }
    interface_right
    {
        type            calculated;
        value           nonuniform List<scalar> 
90
(
22.691
12.1836
7.676
5.34862
3.95541
3.03213
2.37849
1.89527
1.52732
1.24118
1.01515
0.834458
0.688673
0.570186
0.473322
0.393761
0.328164
0.273914
0.228937
0.191575
0.160493
0.134606
0.113031
0.0950458
0.0800572
0.067577
0.0572029
0.0486039
0.0415073
0.0356898
0.0309691
0.0271978
0.0242588
0.0220608
0.0205356
0.0196361
0.0193342
0.0196203
0.0205028
0.0220082
0.0241821
0.0270906
0.0308219
0.0354894
0.041235
0.0482335
0.0566978
0.0668858
0.0791077
0.0937363
0.111218
0.132087
0.156981
0.186663
0.222043
0.26421
0.314463
0.374355
0.445744
0.530852
0.632343
0.753411
0.897892
1.0704
1.27649
1.5229
1.81774
2.17094
2.59454
3.10337
3.71566
4.45403
5.34678
6.42958
7.74788
9.36034
11.3438
13.8005
16.8697
20.7455
25.7068
32.1694
40.7828
52.6237
69.6201
95.5852
139.036
221.733
407.045
901.161
)
;
    }
    interface_top
    {
        type            calculated;
        value           nonuniform List<scalar> 
90
(
38.0291
40.6581
39.088
31.1215
27.3243
21.9584
18.4177
11.2603
15.8553
17.2724
18.1129
18.6224
19.5599
20.3028
22.0857
21.7499
18.8451
17.483
15.6101
14.5864
12.995
11.5001
7.67952
11.4705
12.9457
14.495
15.4995
17.3452
18.6946
21.5874
21.8933
20.0353
19.153
17.8255
17.0387
15.6469
14.0565
9.54637
14.6747
16.8013
19.2579
20.8765
23.8708
26.0089
30.4902
31.1076
28.7149
27.5792
25.8476
24.7945
22.8938
20.575
13.8713
21.7273
24.9481
28.6487
30.9233
34.9628
37.678
43.2312
43.5603
39.1739
37.0399
33.9
32.0228
28.8597
25.4753
16.4139
25.7439
29.2799
32.9748
35.1235
38.9864
41.5232
46.968
47.0688
42.4354
40.2983
38.077
36.7672
35.9673
31.5843
18.6561
41.0409
33.1411
-10.1388
-41.1186
-95.093
-240.165
-706.721
)
;
    }
    interface_bottom
    {
        type            calculated;
        value           nonuniform List<scalar> 
90
(
191.229
72.9514
36.885
23.707
17.9345
13.2836
10.4421
6.17692
7.42644
7.45008
6.91604
6.50769
5.88324
5.47192
4.88946
4.22574
2.66876
1.85352
0.710126
0.0971452
-0.735648
-1.04725
-1.08413
-2.34206
-3.07515
-4.24073
-5.01406
-6.39209
-7.31568
-9.07472
-9.50054
-9.11859
-8.99417
-8.80961
-8.69263
-8.40424
-7.7465
-5.45251
-8.80855
-10.2768
-12.0819
-13.1886
-15.0918
-16.3152
-18.6479
-18.8382
-17.0795
-16.3341
-15.3594
-14.822
-13.92
-12.6393
-8.71652
-13.7429
-15.8304
-18.2343
-19.6777
-22.1387
-23.7214
-26.7791
-26.9069
-24.2092
-23.0466
-21.5418
-20.7028
-19.3173
-17.4731
-11.9679
-18.7922
-21.6218
-24.8905
-26.9285
-30.5403
-33.0418
-38.1885
-38.7822
-35.6477
-34.2712
-32.4719
-31.3827
-29.5826
-26.6303
-17.6899
-28.9657
-29.9811
-22.4612
-43.7841
-41.4547
-12.7472
0.418019
)
;
    }
    defaultFaces
    {
        type            empty;
    }
}


// ************************************************************************* //
