/*--------------------------------*- C++ -*----------------------------------*\
| =========                 |                                                 |
| \\      /  F ield         | OpenFOAM: The Open Source CFD Toolbox           |
|  \\    /   O peration     | Version:  5.x                                   |
|   \\  /    A nd           | Web:      www.OpenFOAM.org                      |
|    \\/     M anipulation  |                                                 |
\*---------------------------------------------------------------------------*/
FoamFile
{
    version     2.0;
    format      ascii;
    class       volScalarField;
    location    "17.8";
    object      gradTx;
}
// * * * * * * * * * * * * * * * * * * * * * * * * * * * * * * * * * * * * * //

dimensions      [0 -1 0 1 0 0 0];

internalField   nonuniform List<scalar> 
6300
(
-9.99649
-9.76159
-9.29467
-8.60178
-7.69269
-6.58172
-5.28865
-3.8396
-2.26776
-0.613576
1.07584
2.74826
4.3491
5.8251
7.12865
-10.2317
-9.99394
-9.52098
-8.81831
-7.8949
-6.76417
-5.44496
-3.96274
-2.35047
-0.649173
1.09246
2.81947
4.47355
5.99717
7.33864
-10.705
-10.4618
-9.97732
-9.25588
-8.30477
-7.13541
-5.76464
-4.21626
-2.52258
-0.725463
1.12331
2.96323
4.72808
6.35105
7.77145
-11.4218
-11.1712
-10.671
-9.92344
-8.93324
-7.70841
-6.26226
-4.61546
-2.79848
-0.85379
1.16264
3.18167
5.12406
6.90705
8.45405
-12.3896
-12.1306
-11.6122
-10.834
-9.79664
-8.50306
-6.96086
-5.1852
-3.20244
-1.05423
1.199
3.47638
5.67906
7.69864
9.43189
-13.6166
-13.3496
-12.8135
-12.0041
-10.9166
-9.54666
-7.89327
-5.96237
-3.77224
-1.36006
1.21082
3.84538
6.41676
8.77616
10.7757
-15.1109
-14.8382
-14.2883
-13.4527
-12.3193
-10.874
-9.10351
-6.99915
-4.56443
-1.82495
1.15859
4.27718
7.36605
10.2132
12.594
-16.8783
-16.6042
-16.0492
-15.1993
-14.0341
-12.5271
-10.6479
-8.36662
-5.66172
-2.53428
0.970924
4.73832
8.55667
12.1162
15.0563
-18.9199
-18.6515
-18.1051
-17.2616
-16.091
-14.5526
-12.5948
-10.158
-7.1819
-3.62173
0.520705
5.14811
10.0058
14.6381
18.4355
-21.2303
-20.977
-20.4586
-19.6511
-18.516
-16.9977
-15.021
-12.4891
-9.28645
-5.2918
-0.414847
5.32726
11.6798
17.9946
23.1953
-23.7944
-23.5677
-23.1015
-22.3687
-21.3244
-19.9015
-18.0026
-15.4914
-12.1833
-7.84449
-2.21591
4.89558
13.3911
22.4646
30.1806
-26.5853
-26.3982
-26.0113
-25.3978
-24.5118
-23.2816
-21.597
-19.2907
-16.1112
-11.6873
-5.50026
3.07944
14.524
28.2916
41.0846
-29.5637
-29.4286
-29.1481
-28.6996
-28.0438
-27.1164
-25.8131
-23.9635
-21.2838
-17.2935
-11.1776
-1.60199
13.3332
35.0924
59.7494
-32.6774
-32.6047
-32.4531
-32.2089
-31.8476
-31.3272
-30.5758
-29.4668
-27.7673
-25.0256
-20.3152
-11.6435
5.31789
38.9949
96.405
-35.864
-35.8598
-35.8508
-35.8355
-35.8106
-35.7691
-35.6963
-35.5608
-35.2931
-34.7265
-33.4143
-29.9751
-19.4136
19.1633
184.01
8.14796
8.89592
9.47312
9.87841
10.1166
10.1974
10.134
9.94158
9.63647
9.23474
8.75169
8.2013
7.59602
6.94668
6.26257
5.55157
4.82032
4.07439
3.31844
2.55641
1.79162
1.02686
0.264542
-0.493323
-1.24501
-1.98909
-2.72438
-3.44995
-4.16512
-4.86942
-5.56264
-6.24474
-6.91584
-7.57619
-8.22608
-8.86577
-9.49547
-10.1153
-10.7251
-11.3247
-11.9138
-12.492
-13.0591
-13.6146
-14.1587
-14.6912
-15.2127
-15.7234
-16.2241
-16.7153
-17.1976
-17.6713
-18.1363
-18.5924
-19.039
-19.4751
-19.8995
-20.311
-20.7082
-21.09
-21.4551
-21.8028
-22.1321
-22.4422
-22.7322
-23.0007
-23.246
-23.4658
-23.6573
-23.8168
-23.9402
-24.0232
-24.061
-24.0493
-23.9837
-23.8608
-23.6778
-23.4329
-23.1255
-22.7558
-22.3253
-21.8367
-21.2935
-20.7004
-20.0634
-19.3891
-18.6852
-17.9603
-17.2235
-16.4841
8.38215
9.14139
9.72026
10.1186
10.3429
10.4048
10.3193
10.1036
9.77526
9.35154
8.84837
8.28007
7.6592
6.99649
6.30105
5.58052
4.84127
4.08861
3.32702
2.56023
1.7914
1.02323
0.258002
-0.502322
-1.25607
-2.00183
-2.73845
-3.465
-4.1808
-4.88542
-5.57867
-6.26057
-6.93132
-7.59125
-8.24073
-8.88013
-9.5097
-10.1296
-10.7397
-11.3397
-11.9293
-12.5081
-13.0755
-13.6312
-14.175
-14.7072
-15.2279
-15.7378
-16.2376
-16.7281
-17.2099
-17.6835
-18.1489
-18.606
-19.0539
-19.4917
-19.918
-20.3313
-20.7303
-21.1136
-21.4801
-21.829
-22.1595
-22.471
-22.7628
-23.0338
-23.2824
-23.5065
-23.703
-23.8684
-23.9983
-24.0879
-24.1322
-24.1264
-24.066
-23.947
-23.7666
-23.5228
-23.2148
-22.843
-22.4089
-21.9149
-21.3649
-20.7636
-20.1168
-19.4314
-18.7153
-17.9773
-17.2271
-16.4743
8.8647
9.64622
10.227
10.6091
10.8028
10.8239
10.6918
10.4273
10.0511
9.58246
9.03854
8.4343
7.78236
7.0932
6.37545
5.63622
4.88131
4.11554
3.34292
2.56682
1.79011
1.01522
0.244282
-0.520893
-1.27872
-2.02783
-2.76708
-3.49557
-4.21262
-4.91783
-5.61107
-6.29247
-6.96239
-7.62133
-8.26988
-8.90859
-9.53787
-10.1579
-10.7686
-11.3697
-11.9605
-12.5404
-13.1086
-13.6646
-14.2082
-14.7393
-15.2585
-15.7665
-16.2643
-16.7531
-17.2338
-17.7072
-18.1735
-18.6325
-19.0833
-19.5246
-19.9548
-20.3721
-20.7747
-21.1612
-21.5303
-21.8814
-22.214
-22.528
-22.8232
-23.0989
-23.354
-23.5865
-23.7934
-23.9709
-24.1141
-24.2175
-24.2754
-24.2821
-24.2323
-24.1215
-23.9465
-23.7049
-23.3959
-23.0198
-22.5782
-22.0737
-21.5101
-20.8921
-20.2256
-19.5176
-18.7766
-18.0119
-17.234
-16.4539
9.62559
10.4398
11.0192
11.3706
11.5108
11.4633
11.2545
10.9117
10.4598
9.92141
9.31527
8.65694
7.95884
7.23081
6.48057
5.71426
4.93677
4.15212
3.36364
2.57413
1.78602
1.00141
0.222135
-0.55016
-1.314
-2.06809
-2.81129
-3.54266
-4.26153
-4.9675
-5.66053
-6.34091
-7.00925
-7.66636
-8.31318
-8.95059
-9.57929
-10.1996
-10.8115
-11.4143
-12.0073
-12.5893
-13.1592
-13.716
-14.2591
-14.7886
-15.3051
-15.8097
-16.304
-16.7896
-17.2682
-17.7409
-18.2085
-18.6705
-19.1261
-19.5734
-20.0101
-20.4338
-20.8422
-21.2334
-21.6062
-21.9601
-22.2951
-22.612
-22.9113
-23.1933
-23.4578
-23.703
-23.926
-24.1225
-24.2868
-24.4124
-24.492
-24.5188
-24.486
-24.3884
-24.2218
-23.9837
-23.6732
-23.2906
-22.8378
-22.3175
-21.7334
-21.0902
-20.3938
-19.6514
-18.8717
-18.0653
-17.2441
-16.4208
10.7153
11.5709
12.1394
12.4359
12.4889
12.3343
12.0101
11.5525
10.9929
10.3575
9.66687
8.93657
8.17818
7.40015
6.60861
5.80817
5.00236
4.19405
3.38566
2.57928
1.77676
0.979772
0.189815
-0.591699
-1.36343
-2.12412
-2.87259
-3.60782
-4.32904
-5.03584
-5.72823
-6.40671
-7.07226
-7.72619
-8.36999
-9.00512
-9.63273
-10.2534
-10.8672
-11.4731
-12.0699
-12.6556
-13.2285
-13.7868
-14.3295
-14.8566
-15.3687
-15.8677
-16.3559
-16.836
-17.3107
-17.782
-18.2511
-18.7178
-19.1806
-19.6371
-20.0839
-20.5174
-20.9343
-21.332
-21.7092
-22.0655
-22.4022
-22.7209
-23.0239
-23.313
-23.589
-23.8511
-24.0965
-24.3202
-24.5152
-24.6731
-24.7847
-24.8408
-24.833
-24.7543
-24.5998
-24.3667
-24.0539
-23.6625
-23.1944
-22.6528
-22.0414
-21.3647
-20.628
-19.8385
-19.0051
-18.1398
-17.2568
-16.3718
12.2128
13.115
13.6511
13.8515
13.7654
13.449
12.9576
12.3397
11.6349
10.8729
10.0753
9.25635
8.42556
7.58867
6.74926
5.90959
5.07134
4.23591
3.4046
2.5787
1.75941
0.947873
0.145219
-0.647424
-1.42886
-2.19783
-2.95302
-3.69321
-4.41737
-5.12495
-5.81596
-6.49115
-7.15201
-7.80058
-8.43927
-9.07044
-9.69606
-10.3172
-10.934
-11.5451
-12.1482
-12.7405
-13.3186
-13.8799
-14.4225
-14.9459
-15.4512
-15.941
-16.4192
-16.8901
-17.3579
-17.8262
-18.297
-18.7703
-19.2442
-19.7146
-20.1766
-20.6247
-21.0537
-21.46
-21.8418
-22.1992
-22.5348
-22.8523
-23.1564
-23.4513
-23.74
-24.0231
-24.298
-24.5588
-24.7966
-25.0002
-25.157
-25.2546
-25.2816
-25.2291
-25.0909
-24.8639
-24.5478
-24.1443
-23.6566
-23.0883
-22.4433
-21.7252
-20.9383
-20.0883
-19.1844
-18.2398
-17.2721
-16.3021
14.2403
15.186
15.6455
15.6796
15.3731
14.8154
14.0868
13.2519
12.3587
11.4394
10.5139
9.59297
8.68144
7.7806
6.89003
6.00877
5.13607
4.27163
3.41561
2.56845
1.73073
0.903061
0.0860935
-0.719384
-1.51234
-2.29145
-3.05513
-3.8017
-4.52964
-5.23794
-5.92648
-6.59625
-7.24942
-7.88918
-8.51933
-9.14374
-9.76573
-10.3874
-11.0088
-11.6283
-12.2422
-12.8455
-13.4329
-13.9998
-14.5429
-15.0611
-15.5558
-16.0311
-16.4929
-16.9483
-17.4042
-17.8666
-18.3391
-18.822
-19.3123
-19.8041
-20.2892
-20.759
-21.2056
-21.6232
-22.0091
-22.3643
-22.6931
-23.0028
-23.3017
-23.5983
-23.8989
-24.2066
-24.5195
-24.8304
-25.1272
-25.3944
-25.6144
-25.7696
-25.8446
-25.8271
-25.7097
-25.4893
-25.1672
-24.7472
-24.2345
-23.6342
-22.9502
-22.1847
-21.3389
-20.4157
-19.4221
-18.3727
-17.2903
-16.2043
16.9894
17.9566
18.2522
17.9976
17.3424
16.4277
15.3685
14.2479
13.1198
12.0146
10.9457
9.91579
8.92167
7.95751
7.01716
6.09543
5.18872
4.29507
3.4137
2.54447
1.68746
0.84272
0.0103161
-0.809467
-1.61584
-2.40736
-3.18195
-3.93707
-4.67021
-5.37942
-6.06405
-6.72525
-7.36615
-7.99161
-8.60762
-9.22049
-9.8359
-10.4576
-11.0865
-11.7197
-12.3513
-12.9732
-13.5767
-14.1539
-14.6991
-15.2098
-15.6882
-16.1404
-16.5758
-17.0055
-17.4411
-17.8924
-18.3659
-18.8627
-19.3783
-19.9029
-20.4237
-20.9266
-21.3991
-21.8319
-22.2206
-22.567
-22.8789
-23.1684
-23.4502
-23.7391
-24.0474
-24.3823
-24.7435
-25.1219
-25.5003
-25.8563
-26.1646
-26.4
-26.5403
-26.5688
-26.4763
-26.261
-25.9273
-25.4833
-24.9382
-24.3004
-23.5743
-22.7595
-21.851
-20.8441
-19.74
-18.5529
-17.3137
-16.0671
20.7727
21.694
21.6506
20.8924
19.6849
18.248
16.7384
15.2544
13.8477
12.5372
11.321
10.1868
9.1185
8.09992
7.11728
6.16025
5.2224
4.30067
3.39414
2.50275
1.62639
0.764512
-0.0837327
-0.918943
-1.7408
-2.54773
-3.33684
-4.10415
-4.84526
-5.55633
-6.23537
-6.88347
-7.50511
-8.10764
-8.70038
-9.29356
-9.89689
-10.5176
-11.1578
-11.8133
-12.4742
-13.1273
-13.7583
-14.3541
-14.9046
-15.4051
-15.8583
-16.2738
-16.6666
-17.0543
-17.4553
-17.8862
-18.3588
-18.8763
-19.4311
-20.0072
-20.5835
-21.1378
-21.6497
-22.1038
-22.4926
-22.8192
-23.0965
-23.3449
-23.5884
-23.8519
-24.1573
-24.52
-24.9427
-25.413
-25.9055
-26.3867
-26.8196
-27.1671
-27.3967
-27.4845
-27.4194
-27.203
-26.8461
-26.3645
-25.7754
-25.0934
-24.326
-23.4688
-22.5047
-21.4121
-20.1773
-18.808
-17.3477
-15.8714
26.1285
26.8202
26.0778
24.4338
22.3572
20.1725
18.0714
16.1492
14.4369
12.9237
11.5779
10.3628
9.24346
8.19036
7.1803
6.19726
5.23267
4.28422
3.35263
2.43925
1.54433
0.666568
-0.196645
-1.04773
-1.88733
-2.71384
-3.52315
-4.309
-5.06361
-5.77937
-6.45126
-7.07979
-7.67156
-8.23773
-8.79248
-9.35195
-9.93283
-10.5493
-11.2072
-11.8991
-12.6082
-13.3129
-13.9906
-14.6195
-15.1819
-15.6684
-16.0824
-16.4399
-16.7645
-17.0837
-17.4262
-17.8198
-18.2869
-18.8359
-19.4532
-20.1109
-20.7748
-21.4099
-21.9834
-22.4695
-22.8541
-23.142
-23.3557
-23.5282
-23.6977
-23.9038
-24.1848
-24.5709
-25.0731
-25.6718
-26.3265
-26.9865
-27.5972
-28.1039
-28.457
-28.6201
-28.5802
-28.3471
-27.9441
-27.4004
-26.7462
-26.0091
-25.2067
-24.332
-23.3431
-22.1847
-20.8081
-19.1938
-17.4046
-15.5823
34.0574
34.011
31.8027
28.5975
25.1845
21.9761
19.1465
16.7414
14.7394
13.0687
11.6466
10.4006
9.27278
8.21856
7.2042
6.20748
5.2195
4.2433
3.2847
2.34902
1.43744
0.547545
-0.327129
-1.19314
-2.05278
-2.90479
-3.74328
-4.55889
-5.33791
-6.06561
-6.72959
-7.32903
-7.87487
-8.38425
-8.87777
-9.37945
-9.9175
-10.5212
-11.2075
-11.9602
-12.7484
-13.5374
-14.2931
-14.9805
-15.5684
-16.036
-16.3878
-16.6531
-16.87
-17.0793
-17.3232
-17.6474
-18.0971
-18.6968
-19.4168
-20.2054
-21.0074
-21.7703
-22.443
-22.9808
-23.3546
-23.5716
-23.6738
-23.7156
-23.754
-23.8477
-24.0604
-24.4545
-25.0643
-25.8496
-26.7398
-27.657
-28.5244
-29.2615
-29.7903
-30.0478
-30.019
-29.7355
-29.2445
-28.5952
-27.8359
-27.0185
-26.1912
-25.3596
-24.4252
-23.2714
-21.781
-19.8313
-17.5089
-15.1259
46.6084
44.3142
38.9629
33.06
27.7162
23.2336
19.6099
16.7526
14.5643
12.8555
11.4613
10.2679
9.1959
8.1891
7.20244
6.20489
5.18914
4.17684
3.18359
2.2239
1.29919
0.406465
-0.47021
-1.3478
-2.22933
-3.11526
-3.9964
-4.86153
-5.68614
-6.44363
-7.10088
-7.65544
-8.13065
-8.55357
-8.95126
-9.35453
-9.80759
-10.374
-11.1124
-11.9698
-12.8873
-13.8098
-14.6939
-15.4845
-16.1282
-16.5702
-16.8175
-16.9357
-16.9863
-17.0252
-17.1043
-17.294
-17.6912
-18.3845
-19.2812
-20.2807
-21.2959
-22.2605
-23.0963
-23.7282
-24.0808
-24.1659
-24.0789
-23.9074
-23.7305
-23.6201
-23.6744
-24.0272
-24.8025
-25.8762
-27.1138
-28.3988
-29.6391
-30.7186
-31.5141
-31.8876
-31.824
-31.4222
-30.7724
-29.9482
-29.0088
-28.0419
-27.1815
-26.5346
-25.8232
-24.8423
-23.4149
-21.0052
-17.7004
-14.3253
68.5
59.0189
46.9171
36.7175
29.0079
23.2539
18.9695
15.8001
13.6988
12.1888
10.9868
9.96
9.02495
8.13044
7.21617
6.22833
5.15364
4.08281
3.03405
2.04831
1.1148
0.242192
-0.612042
-1.49684
-2.39962
-3.33266
-4.27263
-5.22252
-6.13105
-6.96601
-7.62003
-8.09609
-8.46173
-8.75921
-9.01665
-9.25788
-9.53441
-9.97905
-10.8458
-11.8928
-13.0188
-14.1374
-15.2292
-16.1998
-16.9782
-17.3845
-17.433
-17.3157
-17.1192
-16.9131
-16.7258
-16.6418
-16.8586
-17.7792
-18.9972
-20.3332
-21.657
-22.9359
-24.0432
-24.8775
-25.1921
-25.0077
-24.6055
-24.1067
-23.611
-23.1551
-22.8585
-22.9913
-24.1107
-25.6663
-27.4196
-29.2044
-30.9851
-32.5844
-33.8452
-34.3565
-34.1159
-33.4659
-32.5511
-31.4667
-30.2213
-28.9118
-27.864
-27.8024
-27.6092
-27.0557
-26.4632
-23.4679
-17.993
-12.7116
112.042
77.4964
52.131
36.7885
27.4831
21.1576
16.723
13.309
11.9817
11.0784
10.2596
9.51981
8.79535
8.09997
7.33562
6.37658
5.11238
3.95679
2.79357
1.79733
0.84256
0.0513476
-0.70997
-1.62006
-2.52638
-3.54014
-4.53461
-5.64311
-6.68193
-7.74895
-8.39543
-8.69573
-8.89092
-9.02247
-9.10534
-9.11036
-9.01908
-8.97617
-10.3197
-11.7019
-13.1608
-14.5037
-15.9388
-17.1919
-18.3639
-18.7138
-18.2872
-17.8094
-17.2658
-16.7736
-16.1984
-15.5563
-15.0125
-16.7456
-18.543
-20.4032
-22.0824
-23.8581
-25.383
-26.7748
-27.0217
-26.163
-25.2707
-24.3015
-23.4337
-22.4605
-21.4238
-20.5346
-22.7903
-25.1716
-27.6797
-30.0157
-32.592
-34.937
-37.2554
-37.9078
-36.9967
-35.8905
-34.5735
-33.217
-31.5254
-29.4047
-27.126
-29.2593
-29.9138
-29.3248
-32.9714
-29.5009
-18.0067
-8.96988
213.082
82.7534
42.9111
28.1655
21.6668
16.3379
13.0068
7.81296
9.65365
9.8461
9.41851
9.0573
8.52365
8.16858
7.73521
6.96405
4.91453
3.8416
2.31251
1.48653
0.334695
-0.182628
-0.59373
-1.74877
-2.4985
-3.77546
-4.63241
-6.16406
-7.19222
-9.13747
-9.6693
-9.44672
-9.41172
-9.35579
-9.30608
-9.10145
-8.43404
-5.97679
-9.7377
-11.4005
-13.4696
-14.737
-16.9104
-18.3005
-20.9332
-21.1609
-19.2151
-18.3978
-17.3382
-16.7535
-15.7674
-14.3289
-9.88735
-15.6191
-17.9983
-20.7338
-22.3684
-25.1415
-26.9141
-30.3203
-30.4431
-27.3667
-26.0461
-24.3502
-23.4077
-21.8574
-19.7764
-13.5491
-21.289
-24.4939
-28.1871
-30.4809
-34.5317
-37.3275
-43.0644
-43.7103
-40.158
-38.6185
-36.6523
-35.4496
-33.4469
-30.1248
-20.0346
-32.8454
-34.0089
-25.4943
-49.7281
-47.0875
-14.4815
0.459257
-15.6792
-14.8232
-14.0042
-13.2334
-12.5195
-11.8686
-11.2844
-10.7687
-10.3218
-9.943
-9.63086
-9.38376
-9.20011
-9.0785
-9.01796
-15.6556
-14.7861
-13.9558
-13.1764
-12.4564
-11.8017
-11.2157
-10.6998
-10.2537
-9.87622
-9.56571
-9.32023
-9.13795
-9.01735
-8.95733
-15.6068
-14.7096
-13.8565
-13.0597
-12.3278
-11.666
-11.077
-10.5609
-10.1167
-9.74238
-9.43543
-9.19339
-9.01402
-8.89551
-8.83658
-15.5291
-14.5888
-13.7008
-12.878
-12.1289
-11.4575
-10.865
-10.35
-9.90984
-9.54105
-9.24013
-9.00378
-8.82914
-8.71399
-8.65681
-15.4165
-14.4157
-13.4797
-12.6226
-11.8519
-11.1701
-10.5755
-10.0643
-9.63144
-9.27173
-8.98017
-8.75235
-8.58468
-8.47442
-8.41975
-15.2598
-14.1777
-13.1795
-12.2805
-11.4861
-10.7953
-10.2024
-9.69999
-9.2798
-8.93419
-8.65636
-8.44068
-8.28271
-8.17918
-8.12794
-15.0444
-13.8555
-12.7802
-11.8335
-11.0167
-10.3224
-9.73889
-9.25333
-8.85349
-8.52875
-8.27031
-8.07122
-7.92622
-7.83155
-7.7848
-14.7472
-13.4196
-12.2521
-11.2564
-10.4246
-9.73857
-9.1773
-8.72083
-8.352
-8.05692
-7.82482
-7.64759
-7.51931
-7.43592
-7.39483
-14.3301
-12.8234
-11.5521
-10.5155
-9.68663
-9.02986
-8.51081
-8.1006
-7.77665
-7.52203
-7.32439
-7.17491
-7.06745
-6.99788
-6.9637
-13.7256
-11.9919
-10.6172
-9.56664
-8.7765
-8.18335
-7.73539
-7.39402
-7.13188
-6.93007
-6.77571
-6.66015
-6.57761
-6.5244
-6.49831
-12.8071
-10.8012
-9.35796
-8.35732
-7.66929
-7.19158
-6.85329
-6.60813
-6.42671
-6.29058
-6.18818
-6.11228
-6.05837
-6.02372
-6.00675
-11.3214
-9.04758
-7.65604
-6.83527
-6.35167
-6.06032
-5.87799
-5.75843
-5.67618
-5.61729
-5.57408
-5.54235
-5.51982
-5.5053
-5.49816
-8.73688
-6.41172
-5.38328
-4.97598
-4.84176
-4.81996
-4.83986
-4.87135
-4.90225
-4.92826
-4.94843
-4.96315
-4.97322
-4.97943
-4.98238
-3.91275
-2.47903
-2.48932
-2.84355
-3.21937
-3.53786
-3.79011
-3.98479
-4.13314
-4.24501
-4.32818
-4.38855
-4.43041
-4.45676
-4.46948
5.58229
2.8977
0.748617
-0.689511
-1.65427
-2.32196
-2.79787
-3.14454
-3.40048
-3.59041
-3.73069
-3.8324
-3.90308
-3.94768
-3.96926
-38.7891
-38.8482
-38.9713
-39.1689
-39.4589
-39.8699
-40.4477
-41.2683
-42.466
-44.3028
-47.3718
-53.3081
-67.7652
-114.763
-313.2
-41.4074
-41.5207
-41.7566
-42.1352
-42.6915
-43.482
-44.5986
-46.1952
-48.543
-52.153
-58.0694
-68.6028
-89.1231
-131.349
-208.373
-43.9471
-44.1081
-44.4427
-44.9783
-45.7616
-46.8677
-48.4162
-50.6006
-53.7435
-58.4016
-65.561
-76.9623
-95.408
-123.767
-157.034
-46.3751
-46.5751
-46.9895
-47.6495
-48.6077
-49.9464
-51.7923
-54.3403
-57.8919
-62.9134
-70.1065
-80.4296
-94.8084
-112.779
-128.796
-48.6644
-48.8932
-49.3657
-50.1137
-51.1895
-52.6728
-54.6809
-57.3832
-61.0197
-65.917
-72.4786
-81.0801
-91.7145
-103.147
-111.68
-50.7948
-51.0421
-51.5508
-52.3503
-53.4884
-55.0349
-57.0874
-59.7772
-63.2718
-67.7652
-73.4341
-80.3187
-88.0662
-95.5281
-100.49
-52.7536
-53.0096
-53.5339
-54.3519
-55.5037
-57.0455
-59.0514
-61.6124
-64.8304
-68.7969
-73.5455
-78.9581
-84.6162
-89.6455
-92.7454
-54.5347
-54.7908
-55.313
-56.1219
-57.2483
-58.734
-60.6298
-62.9915
-65.8692
-69.2854
-73.1958
-77.4269
-81.6027
-85.1027
-87.1535
-56.138
-56.3872
-56.8933
-57.6713
-58.7435
-60.1377
-61.8846
-64.0121
-66.5339
-69.4309
-72.6233
-75.9341
-79.0584
-81.5661
-82.9857
-57.5682
-57.8053
-58.2846
-59.0165
-60.0151
-61.2964
-62.8753
-64.759
-66.938
-69.3712
-71.9684
-74.5709
-76.9422
-78.7852
-79.8036
-58.8339
-59.0551
-59.5007
-60.1766
-61.0903
-62.2485
-63.6542
-65.301
-67.1655
-69.1977
-71.3099
-73.3681
-75.1928
-76.577
-77.3286
-59.946
-60.1492
-60.5569
-61.1716
-61.9956
-63.0288
-64.2658
-65.6917
-67.2765
-68.9686
-70.6888
-72.3276
-73.7493
-74.808
-75.3756
-60.9171
-61.1011
-61.4693
-62.0214
-62.7558
-63.6675
-64.7461
-65.9721
-67.3131
-68.72
-70.1243
-71.4377
-72.5578
-73.38
-73.8166
-61.7605
-61.9253
-62.254
-62.7446
-63.3928
-64.1904
-65.1242
-66.1726
-67.3038
-68.4732
-69.6228
-70.682
-71.5731
-72.2199
-72.5608
-62.4894
-62.6355
-62.9264
-63.3585
-63.9259
-64.6189
-65.4227
-66.3156
-67.2679
-68.2403
-69.1841
-70.0431
-70.7579
-71.2722
-71.5417
-63.1168
-63.2454
-63.5006
-63.8784
-64.3718
-64.9704
-65.6592
-66.4174
-67.2181
-68.0271
-68.8042
-69.5044
-70.0819
-70.4945
-70.7097
-63.655
-63.7673
-63.9898
-64.318
-64.7447
-65.2593
-65.8474
-66.4898
-67.1625
-67.8362
-68.4777
-69.051
-69.5204
-69.8539
-70.0272
-64.1151
-64.2127
-64.4055
-64.6892
-65.0565
-65.4972
-65.9979
-66.5413
-67.1061
-67.6677
-68.1985
-68.6697
-69.0532
-69.3245
-69.465
-64.5076
-64.5919
-64.7582
-65.0023
-65.3173
-65.6936
-66.1189
-66.5778
-67.0519
-67.5205
-67.9607
-68.3492
-68.664
-68.8858
-69.0004
-64.8416
-64.9141
-65.057
-65.2662
-65.5354
-65.8559
-66.2165
-66.6037
-67.0017
-67.393
-67.7587
-68.0801
-68.3393
-68.5215
-68.6154
-65.1252
-65.1873
-65.3097
-65.4886
-65.718
-65.9903
-66.2956
-66.622
-66.9562
-67.2832
-67.5876
-67.854
-68.0683
-68.2184
-68.2957
-65.3656
-65.4188
-65.5233
-65.6757
-65.8709
-66.1018
-66.36
-66.635
-66.9155
-67.1891
-67.4428
-67.6642
-67.8417
-67.9658
-68.0297
-65.5692
-65.6145
-65.7035
-65.8332
-65.9989
-66.1945
-66.4126
-66.6442
-66.8798
-67.1088
-67.3205
-67.5048
-67.6522
-67.7551
-67.808
-65.7414
-65.7799
-65.8556
-65.9657
-66.1062
-66.2717
-66.4557
-66.6508
-66.8486
-67.0404
-67.2173
-67.371
-67.4936
-67.5792
-67.6231
-65.8868
-65.9195
-65.9837
-66.0771
-66.196
-66.3359
-66.4912
-66.6554
-66.8216
-66.9824
-67.1304
-67.2586
-67.3609
-67.4321
-67.4686
-66.0094
-66.0372
-66.0916
-66.1707
-66.2713
-66.3895
-66.5204
-66.6587
-66.7983
-66.9332
-67.0571
-67.1643
-67.2497
-67.309
-67.3395
-66.1128
-66.1364
-66.1825
-66.2494
-66.3344
-66.4342
-66.5446
-66.661
-66.7784
-66.8916
-66.9954
-67.0851
-67.1565
-67.2061
-67.2315
-66.1999
-66.2198
-66.2589
-66.3154
-66.3873
-66.4716
-66.5646
-66.6627
-66.7614
-66.8564
-66.9435
-67.0187
-67.0785
-67.12
-67.1412
-66.2732
-66.29
-66.323
-66.3709
-66.4316
-66.5027
-66.5813
-66.6638
-66.7469
-66.8268
-66.9
-66.963
-67.0131
-67.0479
-67.0657
-66.3347
-66.349
-66.3769
-66.4174
-66.4687
-66.5288
-66.595
-66.6647
-66.7346
-66.8019
-66.8634
-66.9164
-66.9584
-66.9876
-67.0025
-66.3864
-66.3985
-66.4221
-66.4564
-66.4998
-66.5505
-66.6065
-66.6652
-66.7242
-66.7809
-66.8327
-66.8773
-66.9126
-66.9372
-66.9497
-66.4297
-66.4399
-66.4599
-66.489
-66.5257
-66.5687
-66.616
-66.6657
-66.7155
-66.7633
-66.807
-66.8446
-66.8744
-66.8951
-66.9056
-66.4659
-66.4745
-66.4915
-66.5162
-66.5474
-66.5838
-66.6239
-66.666
-66.7081
-66.7486
-66.7855
-66.8173
-66.8425
-66.86
-66.8689
-66.496
-66.5034
-66.5179
-66.5388
-66.5653
-66.5963
-66.6304
-66.6662
-66.702
-66.7363
-66.7677
-66.7946
-66.816
-66.8308
-66.8383
-66.521
-66.5273
-66.5397
-66.5576
-66.5803
-66.6067
-66.6358
-66.6663
-66.6969
-66.7261
-66.7529
-66.7758
-66.794
-66.8066
-66.813
-66.5416
-66.5471
-66.5577
-66.5731
-66.5925
-66.6153
-66.6402
-66.6664
-66.6926
-66.7177
-66.7406
-66.7603
-66.7759
-66.7867
-66.7922
-66.5585
-66.5632
-66.5724
-66.5857
-66.6026
-66.6222
-66.6438
-66.6665
-66.6892
-66.7109
-66.7307
-66.7477
-66.7611
-66.7705
-66.7752
-66.572
-66.5762
-66.5842
-66.5959
-66.6106
-66.6278
-66.6467
-66.6665
-66.6864
-66.7053
-66.7226
-66.7375
-66.7492
-66.7574
-66.7615
-66.5828
-66.5864
-66.5936
-66.6039
-66.617
-66.6322
-66.649
-66.6666
-66.6841
-66.701
-66.7163
-66.7294
-66.7399
-66.7471
-66.7508
-66.5909
-66.5942
-66.6007
-66.61
-66.6218
-66.6356
-66.6508
-66.6666
-66.6824
-66.6976
-66.7114
-66.7233
-66.7327
-66.7392
-66.7425
-66.5968
-66.5999
-66.6058
-66.6144
-66.6253
-66.638
-66.652
-66.6666
-66.6812
-66.6952
-66.708
-66.7189
-66.7276
-66.7335
-66.7366
-66.6006
-66.6035
-66.6091
-66.6173
-66.6276
-66.6396
-66.6528
-66.6666
-66.6804
-66.6937
-66.7057
-66.7161
-66.7243
-66.7299
-66.7328
-66.6024
-66.6052
-66.6107
-66.6186
-66.6286
-66.6403
-66.6532
-66.6666
-66.6801
-66.693
-66.7047
-66.7147
-66.7227
-66.7282
-66.731
-66.6022
-66.605
-66.6105
-66.6185
-66.6285
-66.6403
-66.6531
-66.6666
-66.6801
-66.693
-66.7048
-66.7149
-66.7229
-66.7284
-66.7312
-66.6001
-66.603
-66.6087
-66.6169
-66.6273
-66.6394
-66.6527
-66.6666
-66.6806
-66.6939
-66.706
-66.7165
-66.7247
-66.7304
-66.7334
-66.5959
-66.599
-66.605
-66.6138
-66.6248
-66.6377
-66.6518
-66.6666
-66.6814
-66.6956
-66.7085
-66.7196
-66.7283
-66.7344
-66.7375
-66.5896
-66.593
-66.5996
-66.6091
-66.6211
-66.6351
-66.6505
-66.6666
-66.6827
-66.6982
-66.7122
-66.7243
-66.7338
-66.7405
-66.7438
-66.581
-66.5847
-66.592
-66.6026
-66.616
-66.6315
-66.6487
-66.6666
-66.6845
-66.7017
-66.7173
-66.7308
-66.7414
-66.7487
-66.7525
-66.5698
-66.574
-66.5823
-66.5942
-66.6093
-66.6269
-66.6463
-66.6665
-66.6868
-66.7063
-66.724
-66.7392
-66.7512
-66.7595
-66.7638
-66.5556
-66.5605
-66.5699
-66.5836
-66.6009
-66.6211
-66.6433
-66.6665
-66.6898
-66.712
-66.7323
-66.7498
-66.7636
-66.7731
-66.778
-66.5381
-66.5437
-66.5547
-66.5705
-66.5905
-66.6139
-66.6395
-66.6664
-66.6934
-66.7192
-66.7427
-66.7629
-66.7789
-66.79
-66.7956
-66.5168
-66.5233
-66.536
-66.5544
-66.5778
-66.605
-66.635
-66.6663
-66.6978
-66.7279
-66.7554
-66.779
-66.7976
-66.8106
-66.8172
-66.4909
-66.4985
-66.5134
-66.535
-66.5624
-66.5943
-66.6294
-66.6662
-66.7031
-66.7384
-66.7707
-66.7984
-66.8204
-66.8356
-66.8434
-66.4597
-66.4686
-66.4862
-66.5116
-66.5437
-66.5813
-66.6227
-66.666
-66.7095
-66.7512
-66.7892
-66.8219
-66.8478
-66.8658
-66.8749
-66.4222
-66.4328
-66.4535
-66.4835
-66.5214
-66.5657
-66.6146
-66.6658
-66.7171
-66.7664
-66.8114
-66.8501
-66.8807
-66.902
-66.9129
-66.3775
-66.3899
-66.4144
-66.4498
-66.4946
-66.547
-66.6048
-66.6654
-66.7262
-66.7846
-66.8379
-66.8838
-66.9202
-66.9455
-66.9584
-66.324
-66.3388
-66.3677
-66.4095
-66.4626
-66.5246
-66.593
-66.6649
-66.737
-66.8063
-66.8696
-66.9242
-66.9675
-66.9975
-67.0128
-66.2604
-66.2778
-66.312
-66.3615
-66.4243
-66.4978
-66.5789
-66.6641
-66.7498
-66.8321
-66.9075
-66.9724
-67.0239
-67.0597
-67.078
-66.1846
-66.2052
-66.2456
-66.3042
-66.3786
-66.4657
-66.5619
-66.6631
-66.7649
-66.8628
-66.9525
-67.0299
-67.0913
-67.1339
-67.1558
-66.0945
-66.1189
-66.1667
-66.236
-66.3241
-66.4273
-66.5414
-66.6616
-66.7826
-66.8992
-67.0061
-67.0984
-67.1717
-67.2227
-67.2488
-65.9875
-66.0163
-66.0728
-66.1548
-66.259
-66.3813
-66.5167
-66.6595
-66.8035
-66.9424
-67.0699
-67.1801
-67.2677
-67.3287
-67.3599
-65.8604
-65.8944
-65.9612
-66.0581
-66.1814
-66.3263
-66.4869
-66.6565
-66.8279
-66.9935
-67.1457
-67.2774
-67.3823
-67.4553
-67.4927
-65.7098
-65.7499
-65.8286
-65.943
-66.0888
-66.2604
-66.4508
-66.6524
-66.8564
-67.0538
-67.2357
-67.3933
-67.519
-67.6066
-67.6515
-65.5314
-65.5785
-65.6713
-65.8062
-65.9783
-66.1813
-66.4071
-66.6465
-66.8894
-67.125
-67.3425
-67.5314
-67.6823
-67.7875
-67.8415
-65.3201
-65.3756
-65.4846
-65.6435
-65.8465
-66.0864
-66.3538
-66.6382
-66.9274
-67.2088
-67.4692
-67.6958
-67.8772
-68.0039
-68.069
-65.0704
-65.1354
-65.2634
-65.45
-65.6892
-65.9723
-66.2888
-66.6264
-66.971
-67.3072
-67.6192
-67.8916
-68.1102
-68.2631
-68.3418
-64.7755
-64.8516
-65.0013
-65.2202
-65.5012
-65.8349
-66.2092
-66.6099
-67.0203
-67.4223
-67.7968
-68.1249
-68.3888
-68.5738
-68.6691
-64.4279
-64.5165
-64.6913
-64.9473
-65.2768
-65.6693
-66.1114
-66.5866
-67.0755
-67.5566
-68.0067
-68.4026
-68.7221
-68.9468
-69.0627
-64.0187
-64.1216
-64.3249
-64.6233
-65.0086
-65.4693
-65.9906
-66.5536
-67.1361
-67.7123
-68.2543
-68.7332
-69.1215
-69.3952
-69.5368
-63.538
-63.657
-63.8925
-64.2389
-64.688
-65.2273
-65.8408
-66.5073
-67.2011
-67.8919
-68.5457
-69.1268
-69.6003
-69.9354
-70.1091
-62.9747
-63.1116
-63.3829
-63.7834
-64.3046
-64.9339
-65.6541
-66.4419
-67.2681
-68.0971
-68.8876
-69.5951
-70.1751
-70.5876
-70.8022
-62.3164
-62.4729
-62.7837
-63.2441
-63.8461
-64.5775
-65.4203
-66.3499
-67.3333
-68.3289
-69.2871
-70.152
-70.8663
-71.3774
-71.6441
-61.5494
-61.727
-62.0806
-62.6065
-63.2978
-64.1436
-65.1264
-66.2205
-67.39
-68.5869
-69.7513
-70.8134
-71.6987
-72.3367
-72.6713
-60.6591
-60.859
-61.2579
-61.8539
-62.6424
-63.6146
-64.7551
-66.0388
-67.4276
-68.8674
-70.2865
-71.5975
-72.7028
-73.5067
-73.9308
-59.6301
-59.8527
-60.2984
-60.9676
-61.8593
-62.9687
-64.2844
-65.7842
-67.4299
-69.1621
-70.8968
-72.5244
-73.9162
-74.9403
-75.4848
-58.4465
-58.6915
-59.1838
-59.927
-60.925
-62.1796
-63.686
-65.4283
-67.3719
-69.4552
-71.5815
-73.6149
-75.385
-76.7069
-77.4169
-57.0928
-57.3587
-57.8948
-58.7093
-59.8128
-61.2155
-62.9237
-64.9326
-67.217
-69.7184
-72.3307
-74.8882
-77.1651
-78.8985
-79.8419
-55.5545
-55.8382
-56.4126
-57.2911
-58.4926
-60.0393
-61.9526
-64.2456
-66.9113
-69.9046
-73.118
-76.3562
-79.3226
-81.6385
-82.9221
-53.8192
-54.116
-54.7193
-55.6487
-56.9328
-58.6087
-60.7178
-63.2997
-66.3782
-69.938
-73.8879
-78.013
-81.9317
-85.0954
-86.8936
-51.8779
-52.1809
-52.7996
-53.7598
-55.1011
-56.8771
-59.1547
-62.009
-65.5109
-69.7005
-74.536
-79.8132
-85.0652
-89.5003
-92.1137
-49.7263
-50.0267
-50.6429
-51.6064
-52.9675
-54.7974
-57.1912
-60.2685
-64.1661
-69.0144
-74.8772
-81.6308
-88.7657
-95.1703
-99.1486
-47.3661
-47.6533
-48.2449
-49.1771
-50.5084
-52.326
-54.7531
-57.9583
-62.1612
-67.6238
-74.5999
-83.1834
-92.9734
-102.525
-108.946
-44.8065
-45.0686
-45.6106
-46.4706
-47.7117
-49.4314
-51.7748
-54.9553
-59.2813
-65.1823
-73.2062
-83.8981
-97.3465
-112.054
-123.202
-42.065
-42.2896
-42.7557
-43.4995
-44.5828
-46.1037
-48.2152
-51.157
-55.3077
-61.2665
-69.9598
-82.6984
-100.845
-124.053
-145.2
-39.1676
-39.3431
-39.708
-40.2928
-41.1502
-42.3659
-44.079
-46.5191
-50.0785
-55.4517
-63.9043
-77.7427
-100.83
-137.484
-181.883
-36.1485
-36.2651
-36.5077
-36.8969
-37.4688
-38.2829
-39.438
-41.104
-43.5898
-47.4984
-54.1088
-66.3643
-91.3922
-145.536
-249.399
-33.0487
-33.0998
-33.2057
-33.3743
-33.6193
-33.9631
-34.4423
-35.1198
-36.1133
-37.669
-40.3933
-46.1163
-61.7355
-119.059
-389.041
-29.9135
-29.8966
-29.8602
-29.7987
-29.7015
-29.5495
-29.3089
-28.9163
-28.2464
-27.0281
-24.5956
-18.9961
-3.11766
55.0978
326.445
-26.7902
-26.707
-26.5325
-26.2482
-25.8217
-25.1975
-24.2811
-22.9056
-20.7607
-17.2309
-10.9975
0.985935
26.0992
81.2454
187.756
-23.7249
-23.5812
-23.2811
-22.7967
-22.0793
-21.0486
-19.5724
-17.4293
-14.237
-9.31147
-1.39282
11.8498
34.4594
71.7219
123.038
17.9583
7.33545
3.06501
0.85111
-0.491896
-1.38315
-2.00677
-2.45744
-2.78936
-3.03582
-3.21829
-3.35102
-3.44354
-3.50209
-3.53047
11.3556
6.95831
3.74266
1.64688
0.251094
-0.715541
-1.40766
-1.91526
-2.29313
-2.57607
-2.78701
-2.9413
-3.04934
-3.11794
-3.15125
7.80639
5.76057
3.64258
1.95653
0.696058
-0.238559
-0.93669
-1.46317
-1.86278
-2.16631
-2.39502
-2.56369
-2.6825
-2.75826
-2.79514
5.67788
4.61289
3.24252
1.97064
0.914726
0.0741967
-0.584913
-1.09916
-1.49916
-1.80848
-2.04472
-2.22069
-2.34555
-2.42555
-2.46462
4.2889
3.67725
2.77404
1.83474
0.983818
0.260966
-0.333729
-0.814493
-1.19848
-1.5014
-1.73625
-1.91316
-2.03972
-2.12126
-2.16121
3.32464
2.94404
2.33061
1.63746
0.963965
0.358734
-0.16166
-0.597024
-0.954088
-1.24159
-1.468
-1.64059
-1.76512
-1.84585
-1.88553
2.62467
2.37251
1.94252
1.4265
0.896703
0.397584
-0.0486392
-0.433926
-0.757995
-1.02419
-1.23712
-1.40137
-1.52094
-1.59892
-1.63738
2.09979
1.92445
1.61415
1.22512
0.808127
0.399697
0.0220653
-0.313337
-0.602086
-0.84378
-1.04002
-1.19318
-1.30564
-1.37941
-1.41593
1.69665
1.57011
1.34045
1.04313
0.7136
0.380419
0.0634438
-0.225144
-0.478849
-0.694923
-0.872844
-1.01324
-1.11719
-1.18577
-1.21984
1.38137
1.28736
1.11372
0.883504
0.621604
0.349884
0.085108
-0.161173
-0.381739
-0.572557
-0.731717
-0.858602
-0.953279
-1.01609
-1.04739
1.13135
1.05992
0.926268
0.745876
0.536421
0.314526
0.0939276
-0.115058
-0.305287
-0.47217
-0.612997
-0.726324
-0.811495
-0.868286
-0.896672
0.930943
0.875664
0.771269
0.628423
0.459875
0.278263
0.0946823
-0.0819685
-0.245043
-0.389874
-0.51337
-0.613594
-0.689411
-0.740201
-0.765657
0.768914
0.725512
0.642965
0.528815
0.392396
0.243366
0.0906238
-0.0583061
-0.197466
-0.322393
-0.429899
-0.517809
-0.584703
-0.629703
-0.652314
0.637018
0.602539
0.536604
0.444668
0.333671
0.211046
0.0839168
-0.041428
-0.159772
-0.267005
-0.360033
-0.436614
-0.495193
-0.534749
-0.554669
0.52906
0.501406
0.448295
0.373753
0.283017
0.181854
0.0759698
-0.0294114
-0.129791
-0.221482
-0.301586
-0.367916
-0.41889
-0.453426
-0.470853
0.440303
0.417946
0.374865
0.314082
0.239602
0.155937
0.0676733
-0.0208678
-0.105844
-0.184003
-0.252701
-0.30988
-0.354
-0.38398
-0.399135
0.367068
0.348876
0.313725
0.263921
0.202564
0.133214
0.0595686
-0.0147995
-0.0866311
-0.153091
-0.211815
-0.260909
-0.298926
-0.324826
-0.337939
0.306464
0.291579
0.262757
0.221781
0.171076
0.113472
0.0519652
-0.0104924
-0.0711474
-0.127551
-0.177614
-0.219629
-0.252265
-0.274549
-0.285846
0.256193
0.243959
0.220228
0.186395
0.144377
0.0964405
0.0450215
-0.00743711
-0.0586158
-0.106412
-0.149001
-0.184861
-0.212791
-0.231898
-0.241597
0.214417
0.204322
0.184712
0.156691
0.121787
0.0818265
0.0387995
-0.00527059
-0.0484325
-0.0888898
-0.125058
-0.1556
-0.179441
-0.19578
-0.204082
0.179649
0.171291
0.155036
0.131765
0.102707
0.0693418
0.0333016
-0.00373474
-0.0401269
-0.0743449
-0.105022
-0.13099
-0.151301
-0.165241
-0.17233
0.150683
0.143743
0.130231
0.110858
0.086616
0.0587146
0.0284951
-0.0026462
-0.0333308
-0.0622585
-0.0882552
-0.110307
-0.127585
-0.139457
-0.1455
0.126536
0.120757
0.109496
0.0933298
0.0730665
0.0496967
0.0243285
-0.00187481
-0.0277544
-0.052207
-0.0742271
-0.0929393
-0.107622
-0.117721
-0.122865
0.106401
0.101576
0.0921678
0.0786461
0.0616737
0.0420661
0.0207417
-0.00132823
-0.0231688
-0.0438443
-0.0624956
-0.0783692
-0.0908396
-0.0994256
-0.103801
0.0896163
0.0855764
0.0776954
0.0663581
0.0521105
0.0356274
0.0176726
-0.000940974
-0.019392
-0.036887
-0.0526926
-0.0661618
-0.0767545
-0.0840534
-0.0877746
0.0756364
0.0722439
0.0656227
0.0560905
0.0440995
0.0302103
0.0150609
-0.000666615
-0.0162789
-0.0311026
-0.0445117
-0.0559514
-0.0649561
-0.071165
-0.0743318
0.0640117
0.0611529
0.0555711
0.04753
0.0374063
0.0256681
0.0128504
-0.000472252
-0.0137133
-0.0263002
-0.0376983
-0.0474314
-0.0550988
-0.0603886
-0.0630876
0.0543719
0.0519524
0.0472268
0.0404155
0.0318339
0.0218754
0.0109905
-0.000334568
-0.0116018
-0.0223231
-0.0320408
-0.0403456
-0.0468922
-0.051411
-0.0537173
0.0464118
0.0443529
0.0403304
0.03453
0.0272176
0.0187257
0.00943637
-0.000237042
-0.00986947
-0.0190429
-0.0273641
-0.0344805
-0.0400934
-0.0439693
-0.0459481
0.0398813
0.0381167
0.0346685
0.0296943
0.0234202
0.0161296
0.00814886
-0.000167969
-0.00845576
-0.0163544
-0.023524
-0.0296592
-0.0345005
-0.0378449
-0.0395526
0.0345757
0.0330494
0.030066
0.0257609
0.0203285
0.0140126
0.00709471
-0.00011906
-0.00731224
-0.0141719
-0.0204021
-0.0257361
-0.029947
-0.0328567
-0.0343428
0.03033
0.0289936
0.0263812
0.0226103
0.0178502
0.0123135
0.00624599
-8.44428e-05
-0.00640027
-0.0124265
-0.0179024
-0.0225927
-0.0262967
-0.028857
-0.0301647
0.027012
0.0258237
0.0235006
0.0201465
0.0159112
0.0109829
0.00557982
-5.99628e-05
-0.00568938
-0.0110631
-0.0159482
-0.020134
-0.0234407
-0.0257267
-0.0268946
0.0245189
0.0234419
0.0213358
0.0182945
0.0144532
0.00998185
0.00507802
-4.26812e-05
-0.005156
-0.010039
-0.0144795
-0.0182856
-0.0212931
-0.0233728
-0.0244354
0.0227736
0.0217744
0.0198203
0.0169981
0.0134325
0.00928113
0.00472678
-3.05234e-05
-0.00478255
-0.00932198
-0.0134514
-0.0169917
-0.0197898
-0.021725
-0.0227139
0.021722
0.0207698
0.0189076
0.0162176
0.0128186
0.00886018
0.00451646
-2.203e-05
-0.00455671
-0.00888966
-0.0128322
-0.016213
-0.0188856
-0.0207342
-0.0216789
0.0213315
0.0203971
0.0185696
0.0159295
0.012593
0.00870674
0.00444138
-1.61813e-05
-0.00447094
-0.00872839
-0.012603
-0.0159261
-0.0185534
-0.0203709
-0.0212998
0.0215896
0.0206445
0.0187958
0.0161249
0.0127491
0.00881652
0.00449973
-1.22754e-05
-0.00452215
-0.00883295
-0.0127566
-0.0161223
-0.0187836
-0.0206246
-0.0215656
0.022504
0.0215192
0.0195929
0.0168097
0.0132916
0.00919308
0.0046936
-9.8435e-06
-0.00471159
-0.00920626
-0.0132977
-0.0168076
-0.0195831
-0.0215033
-0.0224848
0.0241021
0.0230476
0.020985
0.0180046
0.0142373
0.00984801
0.0050291
-8.59375e-06
-0.0050448
-0.00985951
-0.0142426
-0.0180028
-0.0209764
-0.0230337
-0.0240853
0.0264323
0.025276
0.0230142
0.019746
0.0156147
0.0108012
0.00551649
-8.37631e-06
-0.00553179
-0.0108125
-0.0156198
-0.0197442
-0.0230058
-0.0252625
-0.0264159
0.0295653
0.028272
0.0257421
0.0220866
0.0174656
0.0120817
0.00617058
-9.16529e-06
-0.00618733
-0.012094
-0.0174713
-0.0220847
-0.025733
-0.0282572
-0.0295474
0.0335963
0.0321266
0.0292516
0.0250975
0.0198464
0.0137283
0.00701117
-1.10556e-05
-0.00703137
-0.0137431
-0.0198532
-0.0250952
-0.0292405
-0.0321087
-0.0335747
0.0386477
0.0369568
0.0336492
0.0288701
0.022829
0.0157907
0.0080636
-1.42746e-05
-0.00808968
-0.0158098
-0.0228378
-0.0288671
-0.0336349
-0.0369337
-0.0386197
0.044873
0.0429094
0.0390685
0.0335188
0.0265039
0.0183315
0.00935953
-1.92089e-05
-0.00939463
-0.0183572
-0.0265158
-0.0335148
-0.0390493
-0.0428784
-0.0448355
0.0524617
0.0501656
0.0456742
0.0391848
0.0309826
0.0214273
0.0109379
-2.64515e-05
-0.0109862
-0.0214627
-0.030999
-0.0391793
-0.0456477
-0.0501228
-0.05241
0.0616447
0.0589459
0.053667
0.0460402
0.0364007
0.0251718
0.012846
-3.68722e-05
-0.0129134
-0.0252212
-0.0364235
-0.0460324
-0.0536301
-0.0588862
-0.0615726
0.0727015
0.0695175
0.0632899
0.0542929
0.0429223
0.0296779
0.0151409
-5.17228e-05
-0.0152354
-0.0297471
-0.0429543
-0.0542821
-0.0632382
-0.0694339
-0.0726003
0.0859689
0.0822025
0.0748357
0.0641936
0.0507449
0.0350814
0.017891
-7.27868e-05
-0.0180239
-0.0351788
-0.0507899
-0.0641784
-0.0747629
-0.0820847
-0.0858266
0.101851
0.097387
0.0886556
0.0760429
0.0601053
0.041545
0.0211779
-0.000102594
-0.0213654
-0.0416823
-0.0601687
-0.0760214
-0.088553
-0.0972211
-0.101651
0.120834
0.115534
0.10517
0.0902006
0.0712867
0.0492632
0.0250991
-0.000144724
-0.0253636
-0.0494568
-0.0713762
-0.0901703
-0.105026
-0.1153
-0.120551
0.143495
0.137198
0.124883
0.107097
0.0846273
0.0584674
0.0297701
-0.000204236
-0.0301432
-0.0587407
-0.0847535
-0.107054
-0.124679
-0.136867
-0.143096
0.170529
0.16304
0.148394
0.127245
0.10053
0.0694335
0.0353275
-0.000288277
-0.0358542
-0.0698193
-0.100708
-0.127184
-0.148106
-0.162573
-0.169965
0.202763
0.19385
0.176421
0.151256
0.119475
0.0824891
0.0419333
-0.000406939
-0.0426768
-0.0830336
-0.119727
-0.151171
-0.176014
-0.193191
-0.201967
0.241186
0.230572
0.20982
0.179861
0.142034
0.098023
0.049778
-0.000574469
-0.0508276
-0.0987918
-0.142389
-0.179741
-0.209246
-0.229642
-0.240062
0.286978
0.274332
0.249612
0.213929
0.168887
0.116497
0.0590859
-0.000810984
-0.0605676
-0.117582
-0.169388
-0.21376
-0.248801
-0.27302
-0.285391
0.34155
0.326476
0.297014
0.254496
0.200841
0.138456
0.0701198
-0.00114488
-0.0722116
-0.139988
-0.201549
-0.254257
-0.295869
-0.324624
-0.33931
0.406588
0.388611
0.35348
0.302796
0.238857
0.164547
0.083187
-0.00161625
-0.0861401
-0.16671
-0.239856
-0.302458
-0.351864
-0.385996
-0.403426
0.484107
0.462657
0.420745
0.360298
0.284075
0.195532
0.098645
-0.00228169
-0.102814
-0.198586
-0.285485
-0.359821
-0.418463
-0.458965
-0.479643
0.576519
0.550908
0.50088
0.428752
0.337847
0.232311
0.116908
-0.00322109
-0.122793
-0.236622
-0.339838
-0.428079
-0.497659
-0.545696
-0.570217
0.686713
0.656114
0.596358
0.510244
0.401776
0.275941
0.138451
-0.00454721
-0.146759
-0.282027
-0.404587
-0.509294
-0.591811
-0.648756
-0.677816
0.818151
0.781564
0.710136
0.607257
0.477763
0.327664
0.163818
-0.00641924
-0.175547
-0.336256
-0.481732
-0.605916
-0.703717
-0.771176
-0.805591
0.974993
0.931204
0.845751
0.722749
0.568057
0.388931
0.193622
-0.00906185
-0.210179
-0.40106
-0.57366
-0.720857
-0.836689
-0.916539
-0.957261
1.16224
1.10977
1.00744
0.860244
0.675315
0.461435
0.228545
-0.0127921
-0.251919
-0.478558
-0.683227
-0.857574
-0.994644
-1.08907
-1.1372
1.38591
1.32297
1.20027
1.02394
0.802674
0.547137
0.269334
-0.0180576
-0.302329
-0.57131
-0.813845
-1.02017
-1.18221
-1.29374
-1.35057
1.65328
1.57766
1.43032
1.21884
0.953829
0.648298
0.31678
-0.0254898
-0.363356
-0.682424
-0.969603
-1.21352
-1.40483
-1.53639
-1.60338
1.97316
1.88213
1.70493
1.45089
1.13312
0.767502
0.37169
-0.0359795
-0.437436
-0.815679
-1.15539
-1.4434
-1.66895
-1.82388
-1.90271
2.35625
2.24643
2.03288
1.72721
1.34562
0.90767
0.434833
-0.0507833
-0.527635
-0.975684
-1.37709
-1.71665
-1.9821
-2.16419
-2.25677
2.81558
2.68277
2.42479
2.05622
1.59727
1.07206
0.506847
-0.0716731
-0.637833
-1.16808
-1.64171
-2.04136
-2.35311
-2.56665
-2.67511
3.36713
3.206
2.89348
2.448
1.89492
1.26421
0.588101
-0.101146
-0.772968
-1.39977
-1.95772
-2.42708
-2.79233
-3.04205
-3.16876
4.03054
3.83436
3.45448
2.91448
2.24646
1.48789
0.678475
-0.14272
-0.93936
-1.67928
-2.33523
-2.88509
-3.31176
-3.60287
-3.75038
4.83018
4.59025
4.12666
3.46985
2.66086
1.74688
0.777021
-0.201344
-1.14513
-2.01709
-2.7864
-3.42863
-3.92532
-4.26337
-4.43442
5.7964
5.50145
4.93299
4.13089
3.14815
2.04467
0.88147
-0.283978
-1.40079
-2.42618
-3.32579
-4.07321
-4.64903
-5.03982
-5.23722
6.96742
6.60253
5.90154
4.91736
3.71926
2.38392
0.987474
-0.400388
-1.71992
-2.92259
-3.97086
-4.83694
-5.50119
-5.95054
-6.17707
8.3918
7.93699
7.0667
5.85235
4.38565
2.76558
1.08752
-0.564249
-2.12018
-3.52621
-4.74242
-5.74079
-6.50257
-7.01597
-7.2742
10.132
9.55993
8.47074
6.96257
5.15851
3.1875
1.16929
-0.794657
-2.62454
-4.26162
-5.66524
-6.8089
-7.6764
-8.25855
-8.5506
12.2693
11.542
10.1657
8.27821
6.04728
3.64219
1.21336
-1.11816
-3.26277
-5.15914
-6.76855
-8.06873
-9.04834
-9.70253
-10.0298
14.9117
13.9746
12.2156
9.83231
7.05694
4.11335
1.18985
-1.57145
-4.07336
-6.2559
-8.08656
-9.55114
-10.6462
-11.3735
-11.7361
18.2047
16.9779
14.6989
11.6586
8.18338
4.57053
1.0537
-2.20487
-5.10572
-7.59698
-9.65874
-11.2901
-12.4994
-13.2977
-13.6942
22.3496
20.7117
17.711
13.7869
9.40533
4.96098
0.738191
-3.08669
-6.4225
-9.23626
-11.5297
-13.3221
-14.638
-15.5008
-15.9276
27.6317
25.3918
21.3641
16.2329
10.6708
5.19754
0.146337
-4.30812
-8.10177
-11.2368
-13.7487
-15.6848
-17.0912
-18.0065
-18.4572
34.4693
31.3131
25.7834
18.978
11.8745
5.14098
-0.859942
-5.98845
-10.2384
-13.67
-16.3675
-18.4151
-19.8855
-20.8346
-21.2998
43.4984
38.8827
31.0883
21.9301
12.8212
4.57564
-2.47209
-8.27888
-12.9432
-16.6129
-19.4374
-21.5462
-23.0417
-23.9986
-24.4653
55.7327
48.6595
37.3403
24.8477
13.1682
3.1785
-4.94602
-11.3627
-16.3386
-20.1427
-23.0043
-25.103
-26.5718
-27.503
-27.9547
72.8786
61.3847
44.4068
27.2005
12.3418
0.486111
-8.60592
-15.4471
-20.5478
-24.327
-27.1008
-29.0971
-30.4749
-31.3402
-31.7576
98.0059
77.9179
51.6317
27.9229
9.42971
-4.12537
-13.8289
-20.74
-25.6747
-29.2094
-31.737
-33.5205
-34.7338
-35.4883
-35.8502
137.083
98.755
57.0665
25.0233
3.08825
-11.4114
-20.9909
-27.4053
-31.7736
-34.7911
-36.8897
-38.3398
-39.3112
-39.9089
-40.1938
202.775
121.925
55.8028
15.1041
-8.41685
-22.1141
-30.3507
-35.4915
-38.8106
-41.0108
-42.4926
-43.4912
-44.1477
-44.5464
-44.7349
324.612
134.868
36.8835
-6.74419
-26.744
-36.6089
-41.8601
-44.8425
-46.6243
-47.7291
-48.4307
-48.88
-49.1631
-49.3296
-49.4068
578.214
84.087
-19.7838
-45.0006
-52.1089
-54.3075
-54.9447
-55.0271
-54.9081
-54.7272
-54.5438
-54.384
-54.2593
-54.1745
-54.1319
-20.4631
-20.2624
-19.8454
-19.1781
-18.2023
-16.8254
-14.9025
-12.2072
-8.38528
-2.88694
5.10502
16.6443
32.4617
50.51
58.0046
-17.1056
-16.8586
-16.3482
-15.5394
-14.3742
-12.7645
-10.5806
-7.63739
-3.67852
1.62753
8.6459
17.5961
28.0505
37.9227
42.6282
-13.9956
-13.7186
-13.1496
-12.2572
-10.991
-9.27804
-7.01857
-4.08366
-0.319567
4.42916
10.2548
17.0428
24.2208
30.5014
34.1294
-11.1628
-10.8709
-10.2748
-9.34915
-8.05485
-6.33835
-4.13227
-1.3596
2.05406
6.15329
10.9014
16.0987
21.2873
25.7325
28.6678
-8.62228
-8.3279
-7.72994
-6.81008
-5.54119
-3.88856
-1.81288
0.723012
3.74141
7.22786
11.0988
15.1632
19.0965
22.473
24.9073
-6.37652
-6.08881
-5.50734
-4.62039
-3.41163
-1.86209
0.0460048
2.32271
4.96001
7.91702
11.1022
14.3584
17.4619
20.1548
22.2194
-4.41888
-4.14389
-3.5906
-2.75292
-1.6232
-0.194491
1.536
3.56153
5.85844
8.37726
11.0339
13.7057
16.2374
18.4644
20.2524
-2.73662
-2.47768
-1.95867
-1.17787
-0.134174
1.17097
2.73066
4.52867
6.53465
8.69915
10.95
13.1927
15.317
17.2126
18.7906
-1.3137
-1.07195
-0.588939
0.13386
1.09299
2.28148
3.68664
5.28753
7.052
8.93428
10.8739
12.7976
14.6248
16.278
17.6948
-0.132947
0.0921088
0.540587
1.20883
2.09039
3.17487
4.4465
5.88242
7.45117
9.11168
10.8134
12.4985
14.1061
15.5793
16.8719
0.822341
1.03233
1.44993
2.07006
2.88442
3.88069
5.04161
6.34404
7.75818
9.24744
10.7691
12.2764
13.7216
15.0607
16.258
1.56722
1.76455
2.15633
2.73664
3.4961
4.42141
5.49479
6.69349
7.98962
9.35033
10.7388
12.1159
13.4426
14.6835
15.8093
2.11437
2.30189
2.67379
3.22364
3.9415
4.81363
5.82218
6.94507
8.15601
9.42504
10.7194
12.0052
13.2491
14.4209
15.4956
2.47357
2.65444
3.01288
3.5422
4.23221
5.06899
6.03481
7.10813
8.26386
9.47393
10.7082
11.9359
13.1272
14.2549
15.2967
2.65149
2.829
3.18066
3.69967
4.37573
5.19488
6.13949
7.18833
8.31693
9.49814
10.7031
11.9026
13.0683
14.1746
15.2001
45.8748
47.8306
45.7204
36.6332
32.2554
26.0483
21.8939
13.4305
18.8994
20.5759
21.5539
22.1335
23.1915
24.0327
26.0738
25.6397
22.1547
20.5117
18.2459
17.0101
15.1027
13.3393
8.88264
13.2082
14.8723
16.5893
17.7015
19.7497
21.2542
24.4979
24.8253
22.6953
21.6775
20.1433
19.2338
17.631
15.8227
10.7277
16.4588
18.8253
21.5444
23.337
26.6587
29.0334
34.0206
34.7011
32.0213
30.7422
28.785
27.5924
25.4426
22.8443
15.3682
24.0489
27.5819
31.596
34.051
38.3995
41.3138
47.277
47.5643
42.6377
40.2293
36.6812
34.5642
31.0139
27.303
17.4917
27.3333
31.0003
34.7235
36.8533
40.6605
43.1415
48.5019
48.4537
43.4455
41.1152
38.6716
37.2459
36.3929
31.8552
18.6258
41.8071
33.3343
-12.173
-45.502
-104.386
-263.141
-773.955
41.0658
40.2226
38.0833
34.0503
30.3325
26.4864
23.1839
20.2286
20.5291
21.103
21.6378
22.1136
22.6566
23.1407
23.5556
23.0822
21.6553
20.2755
18.8282
17.5712
16.2747
15.0701
14.0015
14.9492
16.033
17.1891
18.3069
19.5957
20.8217
22.0787
22.3999
21.8202
21.1125
20.2469
19.4169
18.4511
17.4638
16.5935
18.1841
19.9314
21.8231
23.6652
25.782
27.7809
29.8287
30.5075
29.8998
29.0555
27.9592
26.8607
25.5338
24.1172
22.8385
25.1838
27.6778
30.2906
32.6841
35.2953
37.5827
39.7315
39.9281
38.22
36.2627
33.9585
31.7322
29.2069
26.6277
24.1748
26.0852
28.1133
30.118
31.7973
33.5738
34.9613
36.1252
35.3346
32.6403
29.6686
26.3454
22.7096
18.2662
11.8637
3.44575
-2.22981
-19.9002
-54.0556
-99.7063
-169.343
-282.457
-441.366
34.8626
34.4801
33.1729
31.0127
28.5942
26.1412
23.9735
22.338
21.7646
21.6863
21.8061
21.9967
22.2062
22.348
22.3164
21.8973
21.0878
20.1362
19.1364
18.1888
17.314
16.6049
16.2168
16.4939
17.0894
17.8437
18.6658
19.5319
20.3446
21.0067
21.2715
21.1291
20.7745
20.2992
19.7952
19.3019
18.9362
18.9154
19.6837
20.8293
22.1733
23.5974
25.0751
26.4577
27.608
28.1662
28.1186
27.7316
27.1361
26.4576
25.754
25.191
25.0901
26.1045
27.6024
29.3009
31.0035
32.6569
34.0509
34.9966
35.0345
34.1608
32.7954
31.1235
29.3305
27.4774
25.7704
24.5746
24.6673
25.2599
25.9809
26.6012
27.0471
27.1028
26.563
24.9566
22.2347
18.7279
14.4697
9.33605
2.96049
-5.22529
-15.6832
-28.994
-49.3957
-79.3846
-119.37
-171.693
-235.825
-296.626
29.9176
30.0686
29.4904
28.3467
26.9051
25.3846
23.9965
22.9177
22.2868
21.9839
21.8722
21.8524
21.8531
21.8045
21.6349
21.2741
20.7247
20.0661
19.3694
18.7011
18.1144
17.6775
17.4738
17.5798
17.917
18.4005
18.9611
19.5447
20.0842
20.5065
20.7294
20.7435
20.61
20.3928
20.1579
19.9685
19.912
20.1006
20.6396
21.4414
22.4076
23.4525
24.5047
25.4686
26.2395
26.6972
26.8257
26.7078
26.4323
26.0905
25.7715
25.5992
25.7355
26.3287
27.2376
28.3052
29.3934
30.3919
31.1644
31.5689
31.4532
30.8093
29.7693
28.4627
27.0152
25.5373
24.1769
23.1187
22.5294
22.2216
21.9888
21.656
21.0823
20.1019
18.5367
16.1849
12.9595
8.86935
3.85442
-2.24892
-9.73836
-19.0422
-30.7038
-45.5468
-65.0849
-90.318
-121.264
-157.038
-193.987
-222.991
26.2351
26.7067
26.6216
26.1092
25.3293
24.4369
23.5737
22.852
22.3363
22.0058
21.8058
21.6782
21.5706
21.4348
21.2284
20.9223
20.5186
20.0505
19.5611
19.0959
18.6986
18.4143
18.2847
18.3325
18.5339
18.8461
19.2232
19.6207
19.9923
20.2931
20.4878
20.5704
20.5655
20.5118
20.4548
20.4438
20.5344
20.7812
21.217
21.8163
22.5287
23.2967
24.0611
24.7574
25.3217
25.7019
25.8873
25.9106
25.824
25.6901
25.5774
25.563
25.7225
26.0981
26.6444
27.2794
27.912
28.4524
28.8075
28.8898
28.6325
28.0279
27.127
26.0045
24.7434
23.4279
22.1482
20.9876
19.9861
19.075
18.1405
17.058
15.7029
13.9432
11.643
8.67124
4.92971
0.342533
-5.19336
-11.8377
-19.8242
-29.4637
-41.1429
-55.3384
-72.5731
-93.0253
-116.205
-140.689
-163.589
-180.352
23.5063
24.146
24.3675
24.2564
23.9148
23.4467
22.9468
22.4895
22.1184
21.8397
21.6347
21.4747
21.3284
21.1666
20.9653
20.7107
20.4049
20.0652
19.7177
19.3925
19.1198
18.9281
18.8397
18.8639
18.9909
19.1978
19.4558
19.734
20.0019
20.2325
20.4073
20.5228
20.5912
20.6354
20.685
20.7727
20.9317
21.1895
21.5587
22.0281
22.5695
23.1457
23.7154
24.236
24.669
24.9867
25.1824
25.2712
25.2835
25.2589
25.2417
25.2761
25.3983
25.6214
25.9232
26.2569
26.5633
26.7795
26.8431
26.6995
26.3119
25.6726
24.8037
23.746
22.5495
21.2669
19.9476
18.6275
17.3124
15.9623
14.5053
12.8525
10.9061
8.56262
5.71668
2.26606
-1.88223
-6.81798
-12.6447
-19.4936
-27.5296
-36.9475
-47.9577
-60.7527
-75.4267
-91.8037
-109.266
-126.621
-142.028
-153.226
21.4674
22.1872
22.5919
22.735
22.6821
22.502
22.2582
22.0022
21.7673
21.5669
21.3987
21.251
21.1083
20.9549
20.7784
20.5726
20.3398
20.0908
19.8421
19.6132
19.4242
19.2929
19.2322
19.2471
19.3327
19.4759
19.6589
19.8617
20.065
20.2519
20.412
20.5429
20.6514
20.751
20.86
20.9988
21.1864
21.4371
21.756
22.1361
22.5601
23.0039
23.44
23.8407
24.1818
24.4469
24.6311
24.7417
24.7958
24.817
24.8313
24.8628
24.9284
25.031
25.1559
25.2733
25.3443
25.326
25.1767
24.8605
24.3535
23.6479
22.7522
21.687
20.4796
19.1586
17.748
16.2603
14.689
13.0033
11.1522
9.06973
6.68104
3.90571
0.661182
-3.13432
-7.56008
-12.6952
-18.624
-25.44
-33.2446
-42.1384
-52.202
-63.4607
-75.8269
-89.0178
-102.48
-115.356
-126.528
-134.819
19.9303
20.6816
21.1925
21.4954
21.6322
21.6484
21.587
21.4842
21.3661
21.2473
21.1326
21.0199
20.9033
20.7762
20.6333
20.4729
20.2979
20.1157
19.9376
19.7764
19.6452
19.5556
19.5157
19.5284
19.5911
19.6963
19.8331
19.9888
20.1512
20.3099
20.4584
20.5953
20.724
20.8527
20.9922
21.1543
21.35
21.5863
21.8648
22.1805
22.5219
22.8729
23.2154
23.531
23.8039
24.0235
24.1856
24.2932
24.3554
24.3849
24.3958
24.4002
24.4049
24.4084
24.3991
24.3564
24.2536
24.0612
23.7503
23.2961
22.681
21.8968
20.9445
19.8325
18.5733
17.1793
15.6593
14.0135
12.23
10.2828
8.13215
5.72801
3.01283
-0.0754383
-3.60077
-7.62695
-12.2162
-17.4292
-23.3255
-29.9624
-37.3907
-45.6446
-54.7249
-64.5735
-75.0391
-85.8399
-96.5378
-106.544
-115.175
-121.78
18.7649
19.522
20.092
20.4944
20.7558
20.9061
20.9748
20.9879
20.9656
20.9216
20.8635
20.794
20.7132
20.6198
20.5131
20.3939
20.2658
20.1347
20.0084
19.8959
19.8061
19.7467
19.7231
19.7373
19.7881
19.8712
19.9798
20.1061
20.2424
20.3823
20.5216
20.659
20.7965
20.9386
21.0914
21.2616
21.4548
21.6743
21.9201
22.1879
22.4695
22.7541
23.0292
23.2823
23.5028
23.6827
23.8183
23.91
23.9617
23.9793
23.9694
23.9369
23.8831
23.8041
23.6901
23.5258
23.2918
22.9669
22.5302
21.9632
21.2519
20.3875
19.3666
18.1901
16.8609
15.3815
13.7516
11.9648
10.0071
7.85513
5.47721
2.83425
-0.118042
-3.42707
-7.14134
-11.3085
-15.9739
-21.1791
-26.9601
-33.3448
-40.3476
-47.9605
-56.1413
-64.7974
-73.7683
-82.8099
-91.5912
-99.7099
-106.737
-112.289
17.8814
18.6313
19.2325
19.6961
20.039
20.281
20.4424
20.5421
20.5959
20.6158
20.6102
20.5842
20.5409
20.4824
20.4104
20.3276
20.2379
20.1463
20.059
19.9824
19.923
19.8861
19.8756
19.8933
19.9385
20.009
20.1007
20.2087
20.3283
20.4553
20.587
20.7224
20.8622
21.0088
21.1654
21.3354
21.5213
21.7245
21.9435
22.175
22.4126
22.6487
22.8743
23.0806
23.2597
23.4055
23.5141
23.5844
23.6168
23.6132
23.5754
23.5041
23.3973
23.2501
23.0535
22.7953
22.4607
22.0334
21.4975
20.8381
20.0431
19.1034
18.0128
16.7675
15.3645
13.8005
12.0697
10.1624
8.06367
5.75292
3.20397
0.385999
-2.73508
-6.19503
-10.0295
-14.2724
-18.9541
-24.0993
-29.7249
-35.8369
-42.4253
-49.4579
-56.8725
-64.5677
-72.395
-80.1542
-87.598
-94.4474
-100.422
-105.283
17.217
17.9545
18.5705
19.0712
19.4671
19.7714
19.9984
20.162
20.2745
20.3464
20.3859
20.399
20.3904
20.3639
20.3229
20.271
20.2124
20.1516
20.0938
20.044
20.0071
19.9873
19.9874
20.0091
20.0524
20.1161
20.1977
20.2945
20.4032
20.5214
20.647
20.7792
20.918
21.0644
21.2199
21.3858
21.5631
21.7513
21.949
22.1528
22.3578
22.5582
22.7471
22.9179
23.0644
23.1814
23.265
23.3129
23.3235
23.2961
23.2296
23.122
22.9697
22.7669
22.5054
22.1747
21.7628
21.2563
20.6423
19.9081
19.0427
18.0365
16.8817
15.5717
14.1
12.4597
10.642
8.63556
6.42562
3.99377
1.31819
-1.62567
-4.86403
-8.42346
-12.3294
-16.6044
-21.2665
-26.3272
-31.789
-37.6425
-43.8627
-50.4047
-57.1992
-64.1473
-71.1189
-77.9521
-84.46
-90.4436
-95.7113
-100.104
16.7281
17.4523
18.0741
18.5967
19.0266
19.3728
19.6454
19.8549
20.0113
20.1235
20.1991
20.2446
20.2653
20.2659
20.2507
20.2238
20.1896
20.1524
20.1166
20.0866
20.0665
20.0594
20.0679
20.0936
20.1368
20.1969
20.2728
20.3626
20.4644
20.5764
20.6973
20.8261
20.9626
21.1068
21.2591
21.4198
21.5886
21.7645
21.9455
22.1285
22.3096
22.4838
22.6458
22.79
22.9113
23.0051
23.0673
23.0948
23.0849
23.0351
22.9427
22.8041
22.6146
22.3681
22.0567
21.6711
21.2006
20.6341
19.96
19.167
18.2448
17.1834
15.9742
14.6086
13.0782
11.3741
9.48603
7.40178
5.10715
2.58564
-0.181192
-3.21316
-6.53052
-10.1528
-14.0975
-18.3786
-23.0047
-27.9773
-33.2887
-38.9195
-44.8361
-50.9876
-57.3037
-63.6926
-70.0413
-76.2176
-82.0764
-87.4698
-92.2598
-96.3337
16.3844
17.0969
17.7201
18.2552
18.7063
19.0797
19.3828
19.624
19.8113
19.9527
20.0553
20.1254
20.1687
20.1903
20.1949
20.1869
20.1708
20.1507
20.1308
20.1149
20.1066
20.1087
20.1236
20.1525
20.1963
20.2549
20.3275
20.4132
20.5106
20.6185
20.7358
20.8617
20.9957
21.1372
21.2861
21.4419
21.6036
21.7699
21.9387
22.1069
22.2711
22.4269
22.5697
22.6949
22.7978
22.8739
22.9193
22.9303
22.9035
22.8353
22.722
22.5592
22.3415
22.0626
21.7148
21.2893
20.7767
20.1666
19.4486
18.6121
17.6469
16.5433
15.2916
13.8826
12.3066
10.5536
8.61247
6.47096
4.11541
1.53084
-1.2987
-4.38958
-7.75775
-11.4177
-15.3811
-19.6557
-24.2435
-29.1391
-34.328
-39.7847
-45.4706
-51.3329
-57.3026
-63.2952
-69.2112
-74.9394
-80.3624
-85.364
-89.8386
-93.7007
16.1656
16.8696
17.4925
18.0342
18.4976
18.8872
19.2091
19.47
19.6771
19.8376
19.9579
20.0446
20.1031
20.1389
20.1569
20.1615
20.1573
20.1484
20.1388
20.132
20.1314
20.1395
20.1585
20.1899
20.2344
20.2923
20.3633
20.4466
20.5414
20.6468
20.7618
20.8856
21.0175
21.1569
21.303
21.4551
21.6119
21.7717
21.9324
22.091
22.2443
22.3883
22.5189
22.6317
22.7224
22.7867
22.8206
22.8201
22.7813
22.7002
22.5724
22.3931
22.1565
21.856
21.4844
21.033
20.4929
19.8544
19.1076
18.2423
17.2484
16.1162
14.8357
13.397
11.7899
10.0039
8.02745
5.84838
3.45349
0.828864
-2.03979
-5.1666
-8.5647
-12.2453
-16.2164
-20.4817
-25.0388
-29.8783
-34.9814
-40.3192
-45.8508
-51.5227
-57.268
-63.0074
-68.6507
-74.0999
-79.2543
-84.0163
-88.2985
-92.0306
16.0592
16.7588
17.3811
17.9257
18.3947
18.7919
19.1227
19.3931
19.6098
19.7796
19.9088
20.0037
20.0699
20.1129
20.1375
20.1485
20.1503
20.147
20.1424
20.1401
20.1432
20.1542
20.1753
20.208
20.253
20.3107
20.3809
20.4632
20.5568
20.661
20.7748
20.8975
21.0283
21.1665
21.3111
21.4612
21.6155
21.7721
21.9287
22.0826
22.2306
22.3688
22.4934
22.6002
22.6848
22.7432
22.7713
22.7648
22.7199
22.6321
22.4969
22.3092
22.0631
21.752
21.3684
20.9043
20.3507
19.6982
18.937
18.0573
17.0492
15.9025
14.6074
13.1536
11.5309
9.72828
7.73424
5.53658
3.12241
0.47836
-2.40905
-5.55283
-8.96473
-12.6543
-16.6279
-20.887
-25.4274
-30.2374
-35.2965
-40.5742
-46.0286
-51.6061
-57.2413
-62.8574
-68.3689
-73.6843
-78.7106
-83.3587
-87.5496
-91.2199
-767.266
-269.885
-142.201
-100.915
-83.7604
-74.9682
-69.7613
-66.3837
-64.0671
-62.4268
-61.2499
-60.4112
-59.834
-59.4715
-59.2965
-439.87
-286.337
-189.347
-137.782
-109.926
-93.9211
-84.095
-77.711
-73.3823
-70.3624
-68.227
-66.7243
-65.7005
-65.062
-64.7551
-300.151
-246.242
-191.068
-150.938
-124.238
-106.695
-94.9858
-86.9827
-81.3879
-77.4128
-74.571
-72.5579
-71.181
-70.3204
-69.9063
-228.043
-207.41
-177.744
-150.661
-129.394
-113.633
-102.17
-93.8453
-87.7734
-83.3294
-80.0858
-77.7547
-76.1446
-75.1318
-74.6427
-185.537
-177.611
-161.835
-144.568
-129.043
-116.273
-106.215
-98.4543
-92.5304
-88.0448
-84.6874
-82.2298
-80.5101
-79.419
-78.8894
-158.142
-155.661
-147.414
-136.733
-125.934
-116.202
-107.96
-101.226
-95.8485
-91.6313
-88.3886
-85.9664
-84.2463
-83.144
-82.6059
-139.398
-139.476
-135.425
-129.015
-121.756
-114.641
-108.197
-102.64
-98.0056
-94.2424
-91.2686
-89.0001
-87.3639
-86.3041
-85.7836
-126.049
-127.419
-125.793
-122.145
-117.435
-112.406
-107.546
-103.131
-99.2904
-96.0633
-93.4427
-91.4007
-89.9043
-88.9244
-88.4399
-116.3
-118.356
-118.183
-116.337
-113.432
-110.001
-106.449
-103.048
-99.9605
-97.2769
-95.0375
-93.2549
-91.9275
-91.0485
-90.6111
-109.087
-111.52
-112.244
-111.588
-109.952
-107.717
-105.202
-102.649
-100.226
-98.0455
-96.1747
-94.653
-93.5015
-92.7304
-92.3441
-103.747
-106.394
-107.683
-107.82
-107.071
-105.712
-103.992
-102.118
-100.249
-98.5035
-96.9619
-95.6802
-94.6943
-94.0267
-93.6899
-99.8561
-102.624
-104.273
-104.936
-104.799
-104.066
-102.935
-101.581
-100.149
-98.7561
-97.4885
-96.4108
-95.5682
-94.9912
-94.6983
-97.1368
-99.9733
-101.847
-102.851
-103.122
-102.817
-102.1
-101.12
-100.01
-98.8823
-97.8244
-96.9053
-96.1757
-95.6708
-95.413
-95.4113
-98.2845
-100.29
-101.498
-102.019
-101.982
-101.526
-100.788
-99.8892
-98.9374
-98.0208
-97.2097
-96.5576
-96.1025
-95.8691
-94.5734
-97.4626
-99.5289
-100.833
-101.472
-101.563
-101.235
-100.615
-99.8204
-98.9564
-98.1108
-97.3543
-96.7415
-96.3119
-96.0909
)
;

boundaryField
{
    hot
    {
        type            calculated;
        value           nonuniform List<scalar> 
120
(
-10.0554
-10.2913
-10.7659
-11.4845
-12.4543
-13.6832
-15.1788
-16.9463
-18.9865
-21.293
-23.8503
-26.6314
-29.5969
-32.6952
-35.865
-38.7746
-41.3796
-43.9076
-46.326
-48.6081
-50.7338
-52.6903
-54.4713
-56.0761
-57.5093
-58.7788
-59.8954
-60.8711
-61.7192
-62.4527
-63.0845
-63.6268
-64.0906
-64.4864
-64.8233
-65.1095
-65.3523
-65.5578
-65.7317
-65.8785
-66.0024
-66.1069
-66.1949
-66.2689
-66.3311
-66.3833
-66.4271
-66.4637
-66.4941
-66.5194
-66.5402
-66.5573
-66.571
-66.5818
-66.5901
-66.5961
-66.5999
-66.6017
-66.6015
-66.5993
-66.5951
-66.5888
-66.5801
-66.5687
-66.5544
-66.5367
-66.5151
-66.4889
-66.4574
-66.4196
-66.3743
-66.3203
-66.256
-66.1794
-66.0883
-65.9802
-65.8519
-65.6997
-65.5195
-65.3061
-65.054
-64.7564
-64.4056
-63.9928
-63.5081
-62.9404
-62.2772
-61.5049
-60.6091
-59.5745
-58.3854
-57.0266
-55.484
-53.7456
-51.8029
-49.6521
-47.2953
-44.742
-42.0098
-39.1246
-36.12
-33.0361
-29.9176
-26.8105
-23.7601
-20.5123
-17.1664
-14.0639
-11.235
-8.6953
-6.44807
-4.48741
-2.80127
-1.37416
-0.189307
0.769698
1.51772
2.06729
2.42815
2.60691
)
;
    }
    cold
    {
        type            calculated;
        value           nonuniform List<scalar> 
120
(
-9.00286
-8.94236
-8.82189
-8.64256
-8.40614
-8.1152
-7.77319
-7.38464
-6.95523
-6.49185
-6.00255
-5.49639
-4.98309
-4.47261
-3.97457
-3.53746
-3.15946
-2.80424
-2.47427
-2.1711
-1.89536
-1.64693
-1.42502
-1.22833
-1.0552
-0.903766
-0.772028
-0.65798
-0.559666
-0.475229
-0.402944
-0.341237
-0.28869
-0.24404
-0.206174
-0.174117
-0.147024
-0.124163
-0.104905
-0.0887139
-0.0751314
-0.0637692
-0.0542997
-0.0464479
-0.039984
-0.0347183
-0.0304952
-0.0271898
-0.0247039
-0.0229638
-0.0219176
-0.0215346
-0.0218035
-0.0227328
-0.0243511
-0.0267075
-0.0298735
-0.0339452
-0.0390459
-0.0453301
-0.0529881
-0.0622516
-0.0734006
-0.0867723
-0.10277
-0.121877
-0.14467
-0.171833
-0.204185
-0.242695
-0.288517
-0.343021
-0.407829
-0.484866
-0.57641
-0.685155
-0.814281
-0.967542
-1.14935
-1.36491
-1.62028
-1.92259
-2.28011
-2.70244
-3.20067
-3.7875
-4.47743
-5.28682
-6.23393
-7.33893
-8.62373
-10.1116
-11.8266
-13.793
-16.0337
-18.5691
-21.4149
-24.5805
-28.0659
-31.8601
-35.9388
-40.2633
-44.7808
-49.4253
-54.1212
-59.2535
-64.6799
-69.8047
-74.5226
-78.759
-82.473
-85.6546
-88.3195
-90.502
-92.2474
-93.6054
-94.6245
-95.3479
-95.81
-96.0349
)
;
    }
    interface_left
    {
        type            calculated;
        value           nonuniform List<scalar> 
90
(
-475.107
-256.87
-173.348
-135.142
-114.565
-102
-93.6298
-87.7163
-83.3661
-80.0723
-77.5249
-75.5227
-73.9292
-72.6484
-71.6107
-70.7647
-70.0714
-69.5008
-69.0296
-68.6393
-68.3154
-68.0459
-67.8214
-67.6342
-67.4779
-67.3472
-67.238
-67.1466
-67.0702
-67.0063
-66.9529
-66.9083
-66.8711
-66.8402
-66.8147
-66.7936
-66.7764
-66.7626
-66.7517
-66.7434
-66.7374
-66.7336
-66.7318
-66.7319
-66.7341
-66.7383
-66.7447
-66.7535
-66.7649
-66.7793
-66.7971
-66.8189
-66.8453
-66.8773
-66.9156
-66.9616
-67.0167
-67.0826
-67.1613
-67.2554
-67.3678
-67.5022
-67.6629
-67.8552
-68.0856
-68.3617
-68.6933
-69.0922
-69.5728
-70.1534
-70.8569
-71.7123
-72.757
-74.0398
-75.6253
-77.6011
-80.0886
-83.2614
-87.3766
-92.8336
-100.29
-110.917
-127.018
-153.718
-204.079
-316.091
-613.36
551.496
256.27
151.371
)
;
    }
    interface_right
    {
        type            calculated;
        value           nonuniform List<scalar> 
90
(
25.7094
13.8032
8.6958
6.05895
4.48058
3.43463
2.69418
2.1468
1.73001
1.40588
1.14985
0.94518
0.780048
0.645837
0.536118
0.445998
0.371696
0.310246
0.259299
0.216977
0.181767
0.152442
0.128
0.107623
0.0906389
0.0764949
0.0647351
0.054984
0.0469326
0.0403275
0.0349617
0.0306679
0.0273124
0.0247912
0.0230262
0.0219627
0.0215677
0.0218286
0.0227529
0.0243686
0.0267246
0.0298922
0.0339678
0.0390751
0.0453694
0.0530422
0.0623269
0.0735064
0.0869211
0.10298
0.122173
0.145087
0.172423
0.205017
0.243869
0.290175
0.345362
0.411134
0.489532
0.582997
0.694454
0.827409
0.986075
1.17552
1.40185
1.67244
1.99623
2.38409
2.84927
3.40803
4.0804
4.89121
5.87154
7.06052
8.50808
10.2786
12.4564
15.1537
18.5235
22.7785
28.225
35.3191
44.7734
57.7689
76.4204
104.91
152.576
243.279
446.492
988.257
)
;
    }
    interface_top
    {
        type            calculated;
        value           nonuniform List<scalar> 
90
(
45.8748
47.8306
45.7204
36.6332
32.2554
26.0483
21.8939
13.4305
18.8994
20.5759
21.5539
22.1335
23.1915
24.0327
26.0738
25.6397
22.1547
20.5117
18.2459
17.0101
15.1027
13.3393
8.88264
13.2082
14.8723
16.5893
17.7015
19.7497
21.2542
24.4979
24.8253
22.6953
21.6775
20.1433
19.2338
17.631
15.8227
10.7277
16.4588
18.8253
21.5444
23.337
26.6587
29.0334
34.0206
34.7011
32.0213
30.7422
28.785
27.5924
25.4426
22.8443
15.3682
24.0489
27.5819
31.596
34.051
38.3995
41.3138
47.277
47.5643
42.6377
40.2293
36.6812
34.5642
31.0139
27.303
17.4917
27.3333
31.0003
34.7235
36.8533
40.6605
43.1415
48.5019
48.4537
43.4455
41.1152
38.6716
37.2459
36.3929
31.8552
18.6258
41.8071
33.3343
-12.173
-45.502
-104.386
-263.141
-773.955
)
;
    }
    interface_bottom
    {
        type            calculated;
        value           nonuniform List<scalar> 
90
(
213.082
82.7534
42.9111
28.1655
21.6668
16.3379
13.0068
7.81296
9.65365
9.8461
9.41851
9.0573
8.52365
8.16858
7.73521
6.96405
4.91453
3.8416
2.31251
1.48653
0.334695
-0.182628
-0.59373
-1.74877
-2.4985
-3.77546
-4.63241
-6.16406
-7.19222
-9.13747
-9.6693
-9.44672
-9.41172
-9.35579
-9.30608
-9.10145
-8.43404
-5.97679
-9.7377
-11.4005
-13.4696
-14.737
-16.9104
-18.3005
-20.9332
-21.1609
-19.2151
-18.3978
-17.3382
-16.7535
-15.7674
-14.3289
-9.88735
-15.6191
-17.9983
-20.7338
-22.3684
-25.1415
-26.9141
-30.3203
-30.4431
-27.3667
-26.0461
-24.3502
-23.4077
-21.8574
-19.7764
-13.5491
-21.289
-24.4939
-28.1871
-30.4809
-34.5317
-37.3275
-43.0644
-43.7103
-40.158
-38.6185
-36.6523
-35.4496
-33.4469
-30.1248
-20.0346
-32.8454
-34.0089
-25.4943
-49.7281
-47.0875
-14.4815
0.459257
)
;
    }
    defaultFaces
    {
        type            empty;
    }
}


// ************************************************************************* //
