/*--------------------------------*- C++ -*----------------------------------*\
| =========                 |                                                 |
| \\      /  F ield         | OpenFOAM: The Open Source CFD Toolbox           |
|  \\    /   O peration     | Version:  5.x                                   |
|   \\  /    A nd           | Web:      www.OpenFOAM.org                      |
|    \\/     M anipulation  |                                                 |
\*---------------------------------------------------------------------------*/
FoamFile
{
    version     2.0;
    format      ascii;
    class       volScalarField;
    location    "9.6";
    object      T;
}
// * * * * * * * * * * * * * * * * * * * * * * * * * * * * * * * * * * * * * //

dimensions      [0 0 0 1 0 0 0];

internalField   nonuniform List<scalar> 
3200
(
6.20585e-30
7.61085e-30
8.34471e-30
8.68966e-30
8.82661e-30
8.87437e-30
8.89041e-30
8.896e-30
8.89804e-30
8.8988e-30
8.89911e-30
8.89925e-30
8.89932e-30
8.89937e-30
8.8994e-30
8.89942e-30
8.89944e-30
8.89945e-30
8.89946e-30
8.89946e-30
8.89946e-30
8.89947e-30
8.89947e-30
8.89947e-30
8.89947e-30
8.89947e-30
8.89947e-30
8.89947e-30
8.89947e-30
8.89947e-30
8.89947e-30
8.89947e-30
8.89947e-30
8.89947e-30
8.89947e-30
8.89947e-30
8.89947e-30
8.89947e-30
8.89947e-30
8.89947e-30
8.89947e-30
8.89947e-30
8.89947e-30
8.89947e-30
8.89947e-30
8.89947e-30
8.89947e-30
8.89947e-30
8.89947e-30
8.89947e-30
8.89947e-30
8.89947e-30
8.89947e-30
8.89947e-30
8.89947e-30
8.89947e-30
8.89947e-30
8.89947e-30
8.89947e-30
8.89946e-30
8.89946e-30
8.89946e-30
8.89945e-30
8.89944e-30
8.89942e-30
8.8994e-30
8.89937e-30
8.89932e-30
8.89924e-30
8.8991e-30
8.89877e-30
8.89796e-30
8.89579e-30
8.88974e-30
8.87246e-30
8.82233e-30
8.6833e-30
8.34139e-30
7.63665e-30
6.51632e-30
1.81313e-29
2.21768e-29
2.42932e-29
2.52895e-29
2.56851e-29
2.58232e-29
2.58697e-29
2.58859e-29
2.58918e-29
2.5894e-29
2.58949e-29
2.58953e-29
2.58955e-29
2.58956e-29
2.58957e-29
2.58958e-29
2.58958e-29
2.58958e-29
2.58959e-29
2.58959e-29
2.58959e-29
2.58959e-29
2.58959e-29
2.58959e-29
2.58959e-29
2.58959e-29
2.58959e-29
2.58959e-29
2.58959e-29
2.58959e-29
2.58959e-29
2.58959e-29
2.58959e-29
2.58959e-29
2.58959e-29
2.58959e-29
2.58959e-29
2.58959e-29
2.58959e-29
2.58959e-29
2.58959e-29
2.58959e-29
2.58959e-29
2.58959e-29
2.58959e-29
2.58959e-29
2.58959e-29
2.58959e-29
2.58959e-29
2.58959e-29
2.58959e-29
2.58959e-29
2.58959e-29
2.58959e-29
2.58959e-29
2.58959e-29
2.58959e-29
2.58959e-29
2.58959e-29
2.58959e-29
2.58959e-29
2.58959e-29
2.58958e-29
2.58958e-29
2.58958e-29
2.58957e-29
2.58956e-29
2.58955e-29
2.58952e-29
2.58948e-29
2.58939e-29
2.58915e-29
2.58852e-29
2.58675e-29
2.5817e-29
2.56704e-29
2.52633e-29
2.42615e-29
2.2195e-29
1.88593e-29
2.85718e-29
3.47911e-29
3.80562e-29
3.95961e-29
4.0208e-29
4.04219e-29
4.04939e-29
4.05191e-29
4.05283e-29
4.05317e-29
4.05331e-29
4.05337e-29
4.0534e-29
4.05342e-29
4.05344e-29
4.05345e-29
4.05346e-29
4.05346e-29
4.05346e-29
4.05347e-29
4.05347e-29
4.05347e-29
4.05347e-29
4.05347e-29
4.05347e-29
4.05347e-29
4.05347e-29
4.05347e-29
4.05347e-29
4.05347e-29
4.05347e-29
4.05347e-29
4.05347e-29
4.05347e-29
4.05347e-29
4.05347e-29
4.05347e-29
4.05347e-29
4.05347e-29
4.05347e-29
4.05347e-29
4.05347e-29
4.05347e-29
4.05347e-29
4.05347e-29
4.05347e-29
4.05347e-29
4.05347e-29
4.05347e-29
4.05347e-29
4.05347e-29
4.05347e-29
4.05347e-29
4.05347e-29
4.05347e-29
4.05347e-29
4.05347e-29
4.05347e-29
4.05347e-29
4.05347e-29
4.05347e-29
4.05346e-29
4.05346e-29
4.05346e-29
4.05345e-29
4.05344e-29
4.05342e-29
4.0534e-29
4.05337e-29
4.0533e-29
4.05315e-29
4.05278e-29
4.05178e-29
4.049e-29
4.04106e-29
4.01791e-29
3.95348e-29
3.79479e-29
3.46695e-29
2.92461e-29
3.64495e-29
4.41477e-29
4.8212e-29
5.01333e-29
5.08972e-29
5.11648e-29
5.12551e-29
5.12867e-29
5.12981e-29
5.13024e-29
5.13042e-29
5.13049e-29
5.13054e-29
5.13056e-29
5.13058e-29
5.13059e-29
5.1306e-29
5.13061e-29
5.13061e-29
5.13062e-29
5.13062e-29
5.13062e-29
5.13062e-29
5.13062e-29
5.13062e-29
5.13062e-29
5.13062e-29
5.13062e-29
5.13062e-29
5.13062e-29
5.13062e-29
5.13062e-29
5.13062e-29
5.13062e-29
5.13062e-29
5.13062e-29
5.13062e-29
5.13062e-29
5.13062e-29
5.13062e-29
5.13062e-29
5.13062e-29
5.13062e-29
5.13062e-29
5.13062e-29
5.13062e-29
5.13062e-29
5.13062e-29
5.13062e-29
5.13062e-29
5.13062e-29
5.13062e-29
5.13062e-29
5.13062e-29
5.13062e-29
5.13062e-29
5.13062e-29
5.13062e-29
5.13062e-29
5.13062e-29
5.13062e-29
5.13061e-29
5.13061e-29
5.1306e-29
5.13059e-29
5.13058e-29
5.13056e-29
5.13053e-29
5.13049e-29
5.1304e-29
5.13021e-29
5.12974e-29
5.12847e-29
5.12493e-29
5.1148e-29
5.08522e-29
5.00263e-29
4.79896e-29
4.37726e-29
3.66493e-29
4.08935e-29
4.92427e-29
5.3686e-29
5.57914e-29
5.66292e-29
5.69234e-29
5.70229e-29
5.70577e-29
5.70703e-29
5.70751e-29
5.7077e-29
5.70779e-29
5.70783e-29
5.70786e-29
5.70788e-29
5.7079e-29
5.70791e-29
5.70791e-29
5.70792e-29
5.70792e-29
5.70792e-29
5.70793e-29
5.70793e-29
5.70793e-29
5.70793e-29
5.70793e-29
5.70793e-29
5.70793e-29
5.70793e-29
5.70793e-29
5.70793e-29
5.70793e-29
5.70793e-29
5.70793e-29
5.70793e-29
5.70793e-29
5.70793e-29
5.70793e-29
5.70793e-29
5.70793e-29
5.70793e-29
5.70793e-29
5.70793e-29
5.70793e-29
5.70793e-29
5.70793e-29
5.70793e-29
5.70793e-29
5.70793e-29
5.70793e-29
5.70793e-29
5.70793e-29
5.70793e-29
5.70793e-29
5.70793e-29
5.70793e-29
5.70793e-29
5.70793e-29
5.70792e-29
5.70792e-29
5.70792e-29
5.70792e-29
5.70791e-29
5.70791e-29
5.7079e-29
5.70788e-29
5.70786e-29
5.70783e-29
5.70778e-29
5.70768e-29
5.70747e-29
5.70694e-29
5.70551e-29
5.70155e-29
5.6902e-29
5.65693e-29
5.5638e-29
5.33384e-29
4.85649e-29
4.03676e-29
4.13689e-29
4.9509e-29
5.38873e-29
5.59665e-29
5.67948e-29
5.70863e-29
5.71852e-29
5.72198e-29
5.72323e-29
5.7237e-29
5.72389e-29
5.72398e-29
5.72403e-29
5.72406e-29
5.72408e-29
5.72409e-29
5.7241e-29
5.72411e-29
5.72411e-29
5.72411e-29
5.72412e-29
5.72412e-29
5.72412e-29
5.72412e-29
5.72412e-29
5.72412e-29
5.72412e-29
5.72412e-29
5.72412e-29
5.72412e-29
5.72412e-29
5.72412e-29
5.72412e-29
5.72412e-29
5.72412e-29
5.72412e-29
5.72412e-29
5.72412e-29
5.72412e-29
5.72412e-29
5.72412e-29
5.72412e-29
5.72412e-29
5.72412e-29
5.72412e-29
5.72412e-29
5.72412e-29
5.72412e-29
5.72412e-29
5.72412e-29
5.72412e-29
5.72412e-29
5.72412e-29
5.72412e-29
5.72412e-29
5.72412e-29
5.72412e-29
5.72412e-29
5.72412e-29
5.72412e-29
5.72411e-29
5.72411e-29
5.72411e-29
5.7241e-29
5.72409e-29
5.72407e-29
5.72405e-29
5.72402e-29
5.72397e-29
5.72387e-29
5.72366e-29
5.72312e-29
5.72168e-29
5.71768e-29
5.7062e-29
5.67247e-29
5.57777e-29
5.34362e-29
4.85635e-29
4.00836e-29
3.7739e-29
4.48733e-29
4.87648e-29
5.06165e-29
5.13548e-29
5.16152e-29
5.17038e-29
5.17348e-29
5.1746e-29
5.17502e-29
5.17519e-29
5.17527e-29
5.17531e-29
5.17534e-29
5.17536e-29
5.17537e-29
5.17538e-29
5.17539e-29
5.17539e-29
5.17539e-29
5.17539e-29
5.1754e-29
5.1754e-29
5.1754e-29
5.1754e-29
5.1754e-29
5.1754e-29
5.1754e-29
5.1754e-29
5.1754e-29
5.1754e-29
5.1754e-29
5.1754e-29
5.1754e-29
5.1754e-29
5.1754e-29
5.1754e-29
5.1754e-29
5.1754e-29
5.1754e-29
5.1754e-29
5.1754e-29
5.1754e-29
5.1754e-29
5.1754e-29
5.1754e-29
5.1754e-29
5.1754e-29
5.1754e-29
5.1754e-29
5.1754e-29
5.1754e-29
5.1754e-29
5.1754e-29
5.1754e-29
5.1754e-29
5.1754e-29
5.1754e-29
5.1754e-29
5.17539e-29
5.17539e-29
5.17539e-29
5.17538e-29
5.17538e-29
5.17537e-29
5.17536e-29
5.17534e-29
5.17531e-29
5.17526e-29
5.17517e-29
5.17498e-29
5.17449e-29
5.17317e-29
5.16953e-29
5.15907e-29
5.12822e-29
5.04138e-29
4.82639e-29
4.37802e-29
3.58848e-29
3.02819e-29
3.57619e-29
3.88069e-29
4.02576e-29
4.08364e-29
4.1041e-29
4.11108e-29
4.11352e-29
4.11441e-29
4.11474e-29
4.11487e-29
4.11493e-29
4.11497e-29
4.11499e-29
4.115e-29
4.11501e-29
4.11502e-29
4.11502e-29
4.11503e-29
4.11503e-29
4.11503e-29
4.11503e-29
4.11503e-29
4.11503e-29
4.11503e-29
4.11503e-29
4.11503e-29
4.11503e-29
4.11503e-29
4.11503e-29
4.11503e-29
4.11503e-29
4.11503e-29
4.11503e-29
4.11503e-29
4.11503e-29
4.11503e-29
4.11503e-29
4.11503e-29
4.11503e-29
4.11503e-29
4.11503e-29
4.11503e-29
4.11503e-29
4.11503e-29
4.11503e-29
4.11503e-29
4.11503e-29
4.11503e-29
4.11503e-29
4.11503e-29
4.11503e-29
4.11503e-29
4.11503e-29
4.11503e-29
4.11503e-29
4.11503e-29
4.11503e-29
4.11503e-29
4.11503e-29
4.11503e-29
4.11503e-29
4.11502e-29
4.11502e-29
4.11501e-29
4.115e-29
4.11499e-29
4.11496e-29
4.11493e-29
4.11486e-29
4.1147e-29
4.11431e-29
4.11325e-29
4.11034e-29
4.10195e-29
4.07714e-29
4.0071e-29
3.83353e-29
3.47087e-29
2.82473e-29
1.96636e-29
2.30569e-29
2.49885e-29
2.59084e-29
2.62757e-29
2.64058e-29
2.64503e-29
2.64658e-29
2.64715e-29
2.64736e-29
2.64745e-29
2.64749e-29
2.64751e-29
2.64752e-29
2.64753e-29
2.64754e-29
2.64754e-29
2.64754e-29
2.64755e-29
2.64755e-29
2.64755e-29
2.64755e-29
2.64755e-29
2.64755e-29
2.64755e-29
2.64755e-29
2.64755e-29
2.64755e-29
2.64755e-29
2.64755e-29
2.64755e-29
2.64755e-29
2.64755e-29
2.64755e-29
2.64755e-29
2.64755e-29
2.64755e-29
2.64755e-29
2.64755e-29
2.64755e-29
2.64755e-29
2.64755e-29
2.64755e-29
2.64755e-29
2.64755e-29
2.64755e-29
2.64755e-29
2.64755e-29
2.64755e-29
2.64755e-29
2.64755e-29
2.64755e-29
2.64755e-29
2.64755e-29
2.64755e-29
2.64755e-29
2.64755e-29
2.64755e-29
2.64755e-29
2.64755e-29
2.64755e-29
2.64754e-29
2.64754e-29
2.64754e-29
2.64753e-29
2.64753e-29
2.64752e-29
2.6475e-29
2.64748e-29
2.64743e-29
2.64733e-29
2.64708e-29
2.64639e-29
2.6445e-29
2.63906e-29
2.62292e-29
2.57721e-29
2.46385e-29
2.22667e-29
1.79837e-29
6.87313e-30
8.00991e-30
8.67142e-30
8.98599e-30
9.11156e-30
9.15611e-30
9.17136e-30
9.17671e-30
9.17864e-30
9.17937e-30
9.17966e-30
9.1798e-30
9.17987e-30
9.17992e-30
9.17995e-30
9.17997e-30
9.17999e-30
9.18e-30
9.18001e-30
9.18001e-30
9.18001e-30
9.18002e-30
9.18002e-30
9.18002e-30
9.18002e-30
9.18002e-30
9.18002e-30
9.18002e-30
9.18002e-30
9.18002e-30
9.18002e-30
9.18002e-30
9.18002e-30
9.18002e-30
9.18002e-30
9.18002e-30
9.18002e-30
9.18002e-30
9.18002e-30
9.18002e-30
9.18002e-30
9.18002e-30
9.18002e-30
9.18002e-30
9.18002e-30
9.18002e-30
9.18002e-30
9.18002e-30
9.18002e-30
9.18002e-30
9.18002e-30
9.18002e-30
9.18002e-30
9.18002e-30
9.18002e-30
9.18002e-30
9.18002e-30
9.18002e-30
9.18002e-30
9.18001e-30
9.18001e-30
9.18e-30
9.18e-30
9.17998e-30
9.17997e-30
9.17994e-30
9.17991e-30
9.17986e-30
9.17977e-30
9.17962e-30
9.17926e-30
9.17837e-30
9.17599e-30
9.1694e-30
9.1504e-30
9.09385e-30
8.93305e-30
8.53437e-30
7.69883e-30
6.15792e-30
6.20585e-30
7.61085e-30
8.34471e-30
8.68966e-30
8.82661e-30
8.87437e-30
8.89041e-30
8.896e-30
8.89804e-30
8.8988e-30
8.89911e-30
8.89925e-30
8.89932e-30
8.89937e-30
8.8994e-30
8.89942e-30
8.89944e-30
8.89945e-30
8.89946e-30
8.89946e-30
8.89946e-30
8.89947e-30
8.89947e-30
8.89947e-30
8.89947e-30
8.89947e-30
8.89947e-30
8.89947e-30
8.89947e-30
8.89947e-30
8.89947e-30
8.89947e-30
8.89947e-30
8.89947e-30
8.89947e-30
8.89947e-30
8.89947e-30
8.89947e-30
8.89947e-30
8.89947e-30
8.89947e-30
8.89947e-30
8.89947e-30
8.89947e-30
8.89947e-30
8.89947e-30
8.89947e-30
8.89947e-30
8.89947e-30
8.89947e-30
8.89947e-30
8.89947e-30
8.89947e-30
8.89947e-30
8.89947e-30
8.89947e-30
8.89947e-30
8.89947e-30
8.89947e-30
8.89946e-30
8.89946e-30
8.89946e-30
8.89945e-30
8.89944e-30
8.89942e-30
8.8994e-30
8.89937e-30
8.89932e-30
8.89924e-30
8.8991e-30
8.89877e-30
8.89796e-30
8.89579e-30
8.88974e-30
8.87246e-30
8.82233e-30
8.6833e-30
8.34139e-30
7.63665e-30
6.51632e-30
1.81313e-29
2.21768e-29
2.42932e-29
2.52895e-29
2.56851e-29
2.58232e-29
2.58697e-29
2.58859e-29
2.58918e-29
2.5894e-29
2.58949e-29
2.58953e-29
2.58955e-29
2.58956e-29
2.58957e-29
2.58958e-29
2.58958e-29
2.58958e-29
2.58959e-29
2.58959e-29
2.58959e-29
2.58959e-29
2.58959e-29
2.58959e-29
2.58959e-29
2.58959e-29
2.58959e-29
2.58959e-29
2.58959e-29
2.58959e-29
2.58959e-29
2.58959e-29
2.58959e-29
2.58959e-29
2.58959e-29
2.58959e-29
2.58959e-29
2.58959e-29
2.58959e-29
2.58959e-29
2.58959e-29
2.58959e-29
2.58959e-29
2.58959e-29
2.58959e-29
2.58959e-29
2.58959e-29
2.58959e-29
2.58959e-29
2.58959e-29
2.58959e-29
2.58959e-29
2.58959e-29
2.58959e-29
2.58959e-29
2.58959e-29
2.58959e-29
2.58959e-29
2.58959e-29
2.58959e-29
2.58959e-29
2.58959e-29
2.58958e-29
2.58958e-29
2.58958e-29
2.58957e-29
2.58956e-29
2.58955e-29
2.58952e-29
2.58948e-29
2.58939e-29
2.58915e-29
2.58852e-29
2.58675e-29
2.5817e-29
2.56704e-29
2.52633e-29
2.42615e-29
2.2195e-29
1.88593e-29
2.85718e-29
3.47911e-29
3.80562e-29
3.95961e-29
4.0208e-29
4.04219e-29
4.04939e-29
4.05191e-29
4.05283e-29
4.05317e-29
4.05331e-29
4.05337e-29
4.0534e-29
4.05342e-29
4.05344e-29
4.05345e-29
4.05346e-29
4.05346e-29
4.05346e-29
4.05347e-29
4.05347e-29
4.05347e-29
4.05347e-29
4.05347e-29
4.05347e-29
4.05347e-29
4.05347e-29
4.05347e-29
4.05347e-29
4.05347e-29
4.05347e-29
4.05347e-29
4.05347e-29
4.05347e-29
4.05347e-29
4.05347e-29
4.05347e-29
4.05347e-29
4.05347e-29
4.05347e-29
4.05347e-29
4.05347e-29
4.05347e-29
4.05347e-29
4.05347e-29
4.05347e-29
4.05347e-29
4.05347e-29
4.05347e-29
4.05347e-29
4.05347e-29
4.05347e-29
4.05347e-29
4.05347e-29
4.05347e-29
4.05347e-29
4.05347e-29
4.05347e-29
4.05347e-29
4.05347e-29
4.05347e-29
4.05346e-29
4.05346e-29
4.05346e-29
4.05345e-29
4.05344e-29
4.05342e-29
4.0534e-29
4.05337e-29
4.0533e-29
4.05315e-29
4.05278e-29
4.05178e-29
4.049e-29
4.04106e-29
4.01791e-29
3.95348e-29
3.79479e-29
3.46695e-29
2.92461e-29
3.64495e-29
4.41477e-29
4.8212e-29
5.01333e-29
5.08972e-29
5.11648e-29
5.12551e-29
5.12867e-29
5.12981e-29
5.13024e-29
5.13042e-29
5.13049e-29
5.13054e-29
5.13056e-29
5.13058e-29
5.13059e-29
5.1306e-29
5.13061e-29
5.13061e-29
5.13062e-29
5.13062e-29
5.13062e-29
5.13062e-29
5.13062e-29
5.13062e-29
5.13062e-29
5.13062e-29
5.13062e-29
5.13062e-29
5.13062e-29
5.13062e-29
5.13062e-29
5.13062e-29
5.13062e-29
5.13062e-29
5.13062e-29
5.13062e-29
5.13062e-29
5.13062e-29
5.13062e-29
5.13062e-29
5.13062e-29
5.13062e-29
5.13062e-29
5.13062e-29
5.13062e-29
5.13062e-29
5.13062e-29
5.13062e-29
5.13062e-29
5.13062e-29
5.13062e-29
5.13062e-29
5.13062e-29
5.13062e-29
5.13062e-29
5.13062e-29
5.13062e-29
5.13062e-29
5.13062e-29
5.13062e-29
5.13061e-29
5.13061e-29
5.1306e-29
5.13059e-29
5.13058e-29
5.13056e-29
5.13053e-29
5.13049e-29
5.1304e-29
5.13021e-29
5.12974e-29
5.12847e-29
5.12493e-29
5.1148e-29
5.08522e-29
5.00263e-29
4.79896e-29
4.37726e-29
3.66493e-29
4.08935e-29
4.92427e-29
5.3686e-29
5.57914e-29
5.66292e-29
5.69234e-29
5.70229e-29
5.70577e-29
5.70703e-29
5.70751e-29
5.7077e-29
5.70779e-29
5.70783e-29
5.70786e-29
5.70788e-29
5.7079e-29
5.70791e-29
5.70791e-29
5.70792e-29
5.70792e-29
5.70792e-29
5.70793e-29
5.70793e-29
5.70793e-29
5.70793e-29
5.70793e-29
5.70793e-29
5.70793e-29
5.70793e-29
5.70793e-29
5.70793e-29
5.70793e-29
5.70793e-29
5.70793e-29
5.70793e-29
5.70793e-29
5.70793e-29
5.70793e-29
5.70793e-29
5.70793e-29
5.70793e-29
5.70793e-29
5.70793e-29
5.70793e-29
5.70793e-29
5.70793e-29
5.70793e-29
5.70793e-29
5.70793e-29
5.70793e-29
5.70793e-29
5.70793e-29
5.70793e-29
5.70793e-29
5.70793e-29
5.70793e-29
5.70793e-29
5.70793e-29
5.70792e-29
5.70792e-29
5.70792e-29
5.70792e-29
5.70791e-29
5.70791e-29
5.7079e-29
5.70788e-29
5.70786e-29
5.70783e-29
5.70778e-29
5.70768e-29
5.70747e-29
5.70694e-29
5.70551e-29
5.70155e-29
5.6902e-29
5.65693e-29
5.5638e-29
5.33384e-29
4.85649e-29
4.03676e-29
4.13689e-29
4.9509e-29
5.38873e-29
5.59665e-29
5.67948e-29
5.70863e-29
5.71852e-29
5.72198e-29
5.72323e-29
5.7237e-29
5.72389e-29
5.72398e-29
5.72403e-29
5.72406e-29
5.72408e-29
5.72409e-29
5.7241e-29
5.72411e-29
5.72411e-29
5.72411e-29
5.72412e-29
5.72412e-29
5.72412e-29
5.72412e-29
5.72412e-29
5.72412e-29
5.72412e-29
5.72412e-29
5.72412e-29
5.72412e-29
5.72412e-29
5.72412e-29
5.72412e-29
5.72412e-29
5.72412e-29
5.72412e-29
5.72412e-29
5.72412e-29
5.72412e-29
5.72412e-29
5.72412e-29
5.72412e-29
5.72412e-29
5.72412e-29
5.72412e-29
5.72412e-29
5.72412e-29
5.72412e-29
5.72412e-29
5.72412e-29
5.72412e-29
5.72412e-29
5.72412e-29
5.72412e-29
5.72412e-29
5.72412e-29
5.72412e-29
5.72412e-29
5.72412e-29
5.72412e-29
5.72411e-29
5.72411e-29
5.72411e-29
5.7241e-29
5.72409e-29
5.72407e-29
5.72405e-29
5.72402e-29
5.72397e-29
5.72387e-29
5.72366e-29
5.72312e-29
5.72168e-29
5.71768e-29
5.7062e-29
5.67247e-29
5.57777e-29
5.34362e-29
4.85635e-29
4.00836e-29
3.7739e-29
4.48733e-29
4.87648e-29
5.06165e-29
5.13548e-29
5.16152e-29
5.17038e-29
5.17348e-29
5.1746e-29
5.17502e-29
5.17519e-29
5.17527e-29
5.17531e-29
5.17534e-29
5.17536e-29
5.17537e-29
5.17538e-29
5.17539e-29
5.17539e-29
5.17539e-29
5.17539e-29
5.1754e-29
5.1754e-29
5.1754e-29
5.1754e-29
5.1754e-29
5.1754e-29
5.1754e-29
5.1754e-29
5.1754e-29
5.1754e-29
5.1754e-29
5.1754e-29
5.1754e-29
5.1754e-29
5.1754e-29
5.1754e-29
5.1754e-29
5.1754e-29
5.1754e-29
5.1754e-29
5.1754e-29
5.1754e-29
5.1754e-29
5.1754e-29
5.1754e-29
5.1754e-29
5.1754e-29
5.1754e-29
5.1754e-29
5.1754e-29
5.1754e-29
5.1754e-29
5.1754e-29
5.1754e-29
5.1754e-29
5.1754e-29
5.1754e-29
5.1754e-29
5.17539e-29
5.17539e-29
5.17539e-29
5.17538e-29
5.17538e-29
5.17537e-29
5.17536e-29
5.17534e-29
5.17531e-29
5.17526e-29
5.17517e-29
5.17498e-29
5.17449e-29
5.17317e-29
5.16953e-29
5.15907e-29
5.12822e-29
5.04138e-29
4.82639e-29
4.37802e-29
3.58848e-29
3.02819e-29
3.57619e-29
3.88069e-29
4.02576e-29
4.08364e-29
4.1041e-29
4.11108e-29
4.11352e-29
4.11441e-29
4.11474e-29
4.11487e-29
4.11493e-29
4.11497e-29
4.11499e-29
4.115e-29
4.11501e-29
4.11502e-29
4.11502e-29
4.11503e-29
4.11503e-29
4.11503e-29
4.11503e-29
4.11503e-29
4.11503e-29
4.11503e-29
4.11503e-29
4.11503e-29
4.11503e-29
4.11503e-29
4.11503e-29
4.11503e-29
4.11503e-29
4.11503e-29
4.11503e-29
4.11503e-29
4.11503e-29
4.11503e-29
4.11503e-29
4.11503e-29
4.11503e-29
4.11503e-29
4.11503e-29
4.11503e-29
4.11503e-29
4.11503e-29
4.11503e-29
4.11503e-29
4.11503e-29
4.11503e-29
4.11503e-29
4.11503e-29
4.11503e-29
4.11503e-29
4.11503e-29
4.11503e-29
4.11503e-29
4.11503e-29
4.11503e-29
4.11503e-29
4.11503e-29
4.11503e-29
4.11503e-29
4.11502e-29
4.11502e-29
4.11501e-29
4.115e-29
4.11499e-29
4.11496e-29
4.11493e-29
4.11486e-29
4.1147e-29
4.11431e-29
4.11325e-29
4.11034e-29
4.10195e-29
4.07714e-29
4.0071e-29
3.83353e-29
3.47087e-29
2.82473e-29
1.96636e-29
2.30569e-29
2.49885e-29
2.59084e-29
2.62757e-29
2.64058e-29
2.64503e-29
2.64658e-29
2.64715e-29
2.64736e-29
2.64745e-29
2.64749e-29
2.64751e-29
2.64752e-29
2.64753e-29
2.64754e-29
2.64754e-29
2.64754e-29
2.64755e-29
2.64755e-29
2.64755e-29
2.64755e-29
2.64755e-29
2.64755e-29
2.64755e-29
2.64755e-29
2.64755e-29
2.64755e-29
2.64755e-29
2.64755e-29
2.64755e-29
2.64755e-29
2.64755e-29
2.64755e-29
2.64755e-29
2.64755e-29
2.64755e-29
2.64755e-29
2.64755e-29
2.64755e-29
2.64755e-29
2.64755e-29
2.64755e-29
2.64755e-29
2.64755e-29
2.64755e-29
2.64755e-29
2.64755e-29
2.64755e-29
2.64755e-29
2.64755e-29
2.64755e-29
2.64755e-29
2.64755e-29
2.64755e-29
2.64755e-29
2.64755e-29
2.64755e-29
2.64755e-29
2.64755e-29
2.64755e-29
2.64754e-29
2.64754e-29
2.64754e-29
2.64753e-29
2.64753e-29
2.64752e-29
2.6475e-29
2.64748e-29
2.64743e-29
2.64733e-29
2.64708e-29
2.64639e-29
2.6445e-29
2.63906e-29
2.62292e-29
2.57721e-29
2.46385e-29
2.22667e-29
1.79837e-29
6.87313e-30
8.00991e-30
8.67142e-30
8.98599e-30
9.11156e-30
9.15611e-30
9.17136e-30
9.17671e-30
9.17864e-30
9.17937e-30
9.17966e-30
9.1798e-30
9.17987e-30
9.17992e-30
9.17995e-30
9.17997e-30
9.17999e-30
9.18e-30
9.18001e-30
9.18001e-30
9.18001e-30
9.18002e-30
9.18002e-30
9.18002e-30
9.18002e-30
9.18002e-30
9.18002e-30
9.18002e-30
9.18002e-30
9.18002e-30
9.18002e-30
9.18002e-30
9.18002e-30
9.18002e-30
9.18002e-30
9.18002e-30
9.18002e-30
9.18002e-30
9.18002e-30
9.18002e-30
9.18002e-30
9.18002e-30
9.18002e-30
9.18002e-30
9.18002e-30
9.18002e-30
9.18002e-30
9.18002e-30
9.18002e-30
9.18002e-30
9.18002e-30
9.18002e-30
9.18002e-30
9.18002e-30
9.18002e-30
9.18002e-30
9.18002e-30
9.18002e-30
9.18002e-30
9.18001e-30
9.18001e-30
9.18e-30
9.18e-30
9.17998e-30
9.17997e-30
9.17994e-30
9.17991e-30
9.17986e-30
9.17977e-30
9.17962e-30
9.17926e-30
9.17837e-30
9.17599e-30
9.1694e-30
9.1504e-30
9.09385e-30
8.93305e-30
8.53437e-30
7.69883e-30
6.15792e-30
6.20585e-30
7.61085e-30
8.34471e-30
8.68966e-30
8.82661e-30
8.87437e-30
8.89041e-30
8.896e-30
8.89804e-30
8.8988e-30
8.89911e-30
8.89925e-30
8.89932e-30
8.89937e-30
8.8994e-30
8.89942e-30
8.89944e-30
8.89945e-30
8.89946e-30
8.89946e-30
8.89946e-30
8.89947e-30
8.89947e-30
8.89947e-30
8.89947e-30
8.89947e-30
8.89947e-30
8.89947e-30
8.89947e-30
8.89947e-30
8.89947e-30
8.89947e-30
8.89947e-30
8.89947e-30
8.89947e-30
8.89947e-30
8.89947e-30
8.89947e-30
8.89947e-30
8.89947e-30
8.89947e-30
8.89947e-30
8.89947e-30
8.89947e-30
8.89947e-30
8.89947e-30
8.89947e-30
8.89947e-30
8.89947e-30
8.89947e-30
8.89947e-30
8.89947e-30
8.89947e-30
8.89947e-30
8.89947e-30
8.89947e-30
8.89947e-30
8.89947e-30
8.89947e-30
8.89946e-30
8.89946e-30
8.89946e-30
8.89945e-30
8.89944e-30
8.89942e-30
8.8994e-30
8.89937e-30
8.89932e-30
8.89924e-30
8.8991e-30
8.89877e-30
8.89796e-30
8.89579e-30
8.88974e-30
8.87246e-30
8.82233e-30
8.6833e-30
8.34139e-30
7.63665e-30
6.51632e-30
1.81313e-29
2.21768e-29
2.42932e-29
2.52895e-29
2.56851e-29
2.58232e-29
2.58697e-29
2.58859e-29
2.58918e-29
2.5894e-29
2.58949e-29
2.58953e-29
2.58955e-29
2.58956e-29
2.58957e-29
2.58958e-29
2.58958e-29
2.58958e-29
2.58959e-29
2.58959e-29
2.58959e-29
2.58959e-29
2.58959e-29
2.58959e-29
2.58959e-29
2.58959e-29
2.58959e-29
2.58959e-29
2.58959e-29
2.58959e-29
2.58959e-29
2.58959e-29
2.58959e-29
2.58959e-29
2.58959e-29
2.58959e-29
2.58959e-29
2.58959e-29
2.58959e-29
2.58959e-29
2.58959e-29
2.58959e-29
2.58959e-29
2.58959e-29
2.58959e-29
2.58959e-29
2.58959e-29
2.58959e-29
2.58959e-29
2.58959e-29
2.58959e-29
2.58959e-29
2.58959e-29
2.58959e-29
2.58959e-29
2.58959e-29
2.58959e-29
2.58959e-29
2.58959e-29
2.58959e-29
2.58959e-29
2.58959e-29
2.58958e-29
2.58958e-29
2.58958e-29
2.58957e-29
2.58956e-29
2.58955e-29
2.58952e-29
2.58948e-29
2.58939e-29
2.58915e-29
2.58852e-29
2.58675e-29
2.5817e-29
2.56704e-29
2.52633e-29
2.42615e-29
2.2195e-29
1.88593e-29
2.85718e-29
3.47911e-29
3.80562e-29
3.95961e-29
4.0208e-29
4.04219e-29
4.04939e-29
4.05191e-29
4.05283e-29
4.05317e-29
4.05331e-29
4.05337e-29
4.0534e-29
4.05342e-29
4.05344e-29
4.05345e-29
4.05346e-29
4.05346e-29
4.05346e-29
4.05347e-29
4.05347e-29
4.05347e-29
4.05347e-29
4.05347e-29
4.05347e-29
4.05347e-29
4.05347e-29
4.05347e-29
4.05347e-29
4.05347e-29
4.05347e-29
4.05347e-29
4.05347e-29
4.05347e-29
4.05347e-29
4.05347e-29
4.05347e-29
4.05347e-29
4.05347e-29
4.05347e-29
4.05347e-29
4.05347e-29
4.05347e-29
4.05347e-29
4.05347e-29
4.05347e-29
4.05347e-29
4.05347e-29
4.05347e-29
4.05347e-29
4.05347e-29
4.05347e-29
4.05347e-29
4.05347e-29
4.05347e-29
4.05347e-29
4.05347e-29
4.05347e-29
4.05347e-29
4.05347e-29
4.05347e-29
4.05346e-29
4.05346e-29
4.05346e-29
4.05345e-29
4.05344e-29
4.05342e-29
4.0534e-29
4.05337e-29
4.0533e-29
4.05315e-29
4.05278e-29
4.05178e-29
4.049e-29
4.04106e-29
4.01791e-29
3.95348e-29
3.79479e-29
3.46695e-29
2.92461e-29
3.64495e-29
4.41477e-29
4.8212e-29
5.01333e-29
5.08972e-29
5.11648e-29
5.12551e-29
5.12867e-29
5.12981e-29
5.13024e-29
5.13042e-29
5.13049e-29
5.13054e-29
5.13056e-29
5.13058e-29
5.13059e-29
5.1306e-29
5.13061e-29
5.13061e-29
5.13062e-29
5.13062e-29
5.13062e-29
5.13062e-29
5.13062e-29
5.13062e-29
5.13062e-29
5.13062e-29
5.13062e-29
5.13062e-29
5.13062e-29
5.13062e-29
5.13062e-29
5.13062e-29
5.13062e-29
5.13062e-29
5.13062e-29
5.13062e-29
5.13062e-29
5.13062e-29
5.13062e-29
5.13062e-29
5.13062e-29
5.13062e-29
5.13062e-29
5.13062e-29
5.13062e-29
5.13062e-29
5.13062e-29
5.13062e-29
5.13062e-29
5.13062e-29
5.13062e-29
5.13062e-29
5.13062e-29
5.13062e-29
5.13062e-29
5.13062e-29
5.13062e-29
5.13062e-29
5.13062e-29
5.13062e-29
5.13061e-29
5.13061e-29
5.1306e-29
5.13059e-29
5.13058e-29
5.13056e-29
5.13053e-29
5.13049e-29
5.1304e-29
5.13021e-29
5.12974e-29
5.12847e-29
5.12493e-29
5.1148e-29
5.08522e-29
5.00263e-29
4.79896e-29
4.37726e-29
3.66493e-29
4.08935e-29
4.92427e-29
5.3686e-29
5.57914e-29
5.66292e-29
5.69234e-29
5.70229e-29
5.70577e-29
5.70703e-29
5.70751e-29
5.7077e-29
5.70779e-29
5.70783e-29
5.70786e-29
5.70788e-29
5.7079e-29
5.70791e-29
5.70791e-29
5.70792e-29
5.70792e-29
5.70792e-29
5.70793e-29
5.70793e-29
5.70793e-29
5.70793e-29
5.70793e-29
5.70793e-29
5.70793e-29
5.70793e-29
5.70793e-29
5.70793e-29
5.70793e-29
5.70793e-29
5.70793e-29
5.70793e-29
5.70793e-29
5.70793e-29
5.70793e-29
5.70793e-29
5.70793e-29
5.70793e-29
5.70793e-29
5.70793e-29
5.70793e-29
5.70793e-29
5.70793e-29
5.70793e-29
5.70793e-29
5.70793e-29
5.70793e-29
5.70793e-29
5.70793e-29
5.70793e-29
5.70793e-29
5.70793e-29
5.70793e-29
5.70793e-29
5.70793e-29
5.70792e-29
5.70792e-29
5.70792e-29
5.70792e-29
5.70791e-29
5.70791e-29
5.7079e-29
5.70788e-29
5.70786e-29
5.70783e-29
5.70778e-29
5.70768e-29
5.70747e-29
5.70694e-29
5.70551e-29
5.70155e-29
5.6902e-29
5.65693e-29
5.5638e-29
5.33384e-29
4.85649e-29
4.03676e-29
4.13689e-29
4.9509e-29
5.38873e-29
5.59665e-29
5.67948e-29
5.70863e-29
5.71852e-29
5.72198e-29
5.72323e-29
5.7237e-29
5.72389e-29
5.72398e-29
5.72403e-29
5.72406e-29
5.72408e-29
5.72409e-29
5.7241e-29
5.72411e-29
5.72411e-29
5.72411e-29
5.72412e-29
5.72412e-29
5.72412e-29
5.72412e-29
5.72412e-29
5.72412e-29
5.72412e-29
5.72412e-29
5.72412e-29
5.72412e-29
5.72412e-29
5.72412e-29
5.72412e-29
5.72412e-29
5.72412e-29
5.72412e-29
5.72412e-29
5.72412e-29
5.72412e-29
5.72412e-29
5.72412e-29
5.72412e-29
5.72412e-29
5.72412e-29
5.72412e-29
5.72412e-29
5.72412e-29
5.72412e-29
5.72412e-29
5.72412e-29
5.72412e-29
5.72412e-29
5.72412e-29
5.72412e-29
5.72412e-29
5.72412e-29
5.72412e-29
5.72412e-29
5.72412e-29
5.72412e-29
5.72411e-29
5.72411e-29
5.72411e-29
5.7241e-29
5.72409e-29
5.72407e-29
5.72405e-29
5.72402e-29
5.72397e-29
5.72387e-29
5.72366e-29
5.72312e-29
5.72168e-29
5.71768e-29
5.7062e-29
5.67247e-29
5.57777e-29
5.34362e-29
4.85635e-29
4.00836e-29
3.7739e-29
4.48733e-29
4.87648e-29
5.06165e-29
5.13548e-29
5.16152e-29
5.17038e-29
5.17348e-29
5.1746e-29
5.17502e-29
5.17519e-29
5.17527e-29
5.17531e-29
5.17534e-29
5.17536e-29
5.17537e-29
5.17538e-29
5.17539e-29
5.17539e-29
5.17539e-29
5.17539e-29
5.1754e-29
5.1754e-29
5.1754e-29
5.1754e-29
5.1754e-29
5.1754e-29
5.1754e-29
5.1754e-29
5.1754e-29
5.1754e-29
5.1754e-29
5.1754e-29
5.1754e-29
5.1754e-29
5.1754e-29
5.1754e-29
5.1754e-29
5.1754e-29
5.1754e-29
5.1754e-29
5.1754e-29
5.1754e-29
5.1754e-29
5.1754e-29
5.1754e-29
5.1754e-29
5.1754e-29
5.1754e-29
5.1754e-29
5.1754e-29
5.1754e-29
5.1754e-29
5.1754e-29
5.1754e-29
5.1754e-29
5.1754e-29
5.1754e-29
5.1754e-29
5.17539e-29
5.17539e-29
5.17539e-29
5.17538e-29
5.17538e-29
5.17537e-29
5.17536e-29
5.17534e-29
5.17531e-29
5.17526e-29
5.17517e-29
5.17498e-29
5.17449e-29
5.17317e-29
5.16953e-29
5.15907e-29
5.12822e-29
5.04138e-29
4.82639e-29
4.37802e-29
3.58848e-29
3.02819e-29
3.57619e-29
3.88069e-29
4.02576e-29
4.08364e-29
4.1041e-29
4.11108e-29
4.11352e-29
4.11441e-29
4.11474e-29
4.11487e-29
4.11493e-29
4.11497e-29
4.11499e-29
4.115e-29
4.11501e-29
4.11502e-29
4.11502e-29
4.11503e-29
4.11503e-29
4.11503e-29
4.11503e-29
4.11503e-29
4.11503e-29
4.11503e-29
4.11503e-29
4.11503e-29
4.11503e-29
4.11503e-29
4.11503e-29
4.11503e-29
4.11503e-29
4.11503e-29
4.11503e-29
4.11503e-29
4.11503e-29
4.11503e-29
4.11503e-29
4.11503e-29
4.11503e-29
4.11503e-29
4.11503e-29
4.11503e-29
4.11503e-29
4.11503e-29
4.11503e-29
4.11503e-29
4.11503e-29
4.11503e-29
4.11503e-29
4.11503e-29
4.11503e-29
4.11503e-29
4.11503e-29
4.11503e-29
4.11503e-29
4.11503e-29
4.11503e-29
4.11503e-29
4.11503e-29
4.11503e-29
4.11503e-29
4.11502e-29
4.11502e-29
4.11501e-29
4.115e-29
4.11499e-29
4.11496e-29
4.11493e-29
4.11486e-29
4.1147e-29
4.11431e-29
4.11325e-29
4.11034e-29
4.10195e-29
4.07714e-29
4.0071e-29
3.83353e-29
3.47087e-29
2.82473e-29
1.96636e-29
2.30569e-29
2.49885e-29
2.59084e-29
2.62757e-29
2.64058e-29
2.64503e-29
2.64658e-29
2.64715e-29
2.64736e-29
2.64745e-29
2.64749e-29
2.64751e-29
2.64752e-29
2.64753e-29
2.64754e-29
2.64754e-29
2.64754e-29
2.64755e-29
2.64755e-29
2.64755e-29
2.64755e-29
2.64755e-29
2.64755e-29
2.64755e-29
2.64755e-29
2.64755e-29
2.64755e-29
2.64755e-29
2.64755e-29
2.64755e-29
2.64755e-29
2.64755e-29
2.64755e-29
2.64755e-29
2.64755e-29
2.64755e-29
2.64755e-29
2.64755e-29
2.64755e-29
2.64755e-29
2.64755e-29
2.64755e-29
2.64755e-29
2.64755e-29
2.64755e-29
2.64755e-29
2.64755e-29
2.64755e-29
2.64755e-29
2.64755e-29
2.64755e-29
2.64755e-29
2.64755e-29
2.64755e-29
2.64755e-29
2.64755e-29
2.64755e-29
2.64755e-29
2.64755e-29
2.64755e-29
2.64754e-29
2.64754e-29
2.64754e-29
2.64753e-29
2.64753e-29
2.64752e-29
2.6475e-29
2.64748e-29
2.64743e-29
2.64733e-29
2.64708e-29
2.64639e-29
2.6445e-29
2.63906e-29
2.62292e-29
2.57721e-29
2.46385e-29
2.22667e-29
1.79837e-29
6.87313e-30
8.00991e-30
8.67142e-30
8.98599e-30
9.11156e-30
9.15611e-30
9.17136e-30
9.17671e-30
9.17864e-30
9.17937e-30
9.17966e-30
9.1798e-30
9.17987e-30
9.17992e-30
9.17995e-30
9.17997e-30
9.17999e-30
9.18e-30
9.18001e-30
9.18001e-30
9.18001e-30
9.18002e-30
9.18002e-30
9.18002e-30
9.18002e-30
9.18002e-30
9.18002e-30
9.18002e-30
9.18002e-30
9.18002e-30
9.18002e-30
9.18002e-30
9.18002e-30
9.18002e-30
9.18002e-30
9.18002e-30
9.18002e-30
9.18002e-30
9.18002e-30
9.18002e-30
9.18002e-30
9.18002e-30
9.18002e-30
9.18002e-30
9.18002e-30
9.18002e-30
9.18002e-30
9.18002e-30
9.18002e-30
9.18002e-30
9.18002e-30
9.18002e-30
9.18002e-30
9.18002e-30
9.18002e-30
9.18002e-30
9.18002e-30
9.18002e-30
9.18002e-30
9.18001e-30
9.18001e-30
9.18e-30
9.18e-30
9.17998e-30
9.17997e-30
9.17994e-30
9.17991e-30
9.17986e-30
9.17977e-30
9.17962e-30
9.17926e-30
9.17837e-30
9.17599e-30
9.1694e-30
9.1504e-30
9.09385e-30
8.93305e-30
8.53437e-30
7.69883e-30
6.15792e-30
6.20585e-30
7.61085e-30
8.34471e-30
8.68966e-30
8.82661e-30
8.87437e-30
8.89041e-30
8.896e-30
8.89804e-30
8.8988e-30
8.89911e-30
8.89925e-30
8.89932e-30
8.89937e-30
8.8994e-30
8.89942e-30
8.89944e-30
8.89945e-30
8.89946e-30
8.89946e-30
8.89946e-30
8.89947e-30
8.89947e-30
8.89947e-30
8.89947e-30
8.89947e-30
8.89947e-30
8.89947e-30
8.89947e-30
8.89947e-30
8.89947e-30
8.89947e-30
8.89947e-30
8.89947e-30
8.89947e-30
8.89947e-30
8.89947e-30
8.89947e-30
8.89947e-30
8.89947e-30
8.89947e-30
8.89947e-30
8.89947e-30
8.89947e-30
8.89947e-30
8.89947e-30
8.89947e-30
8.89947e-30
8.89947e-30
8.89947e-30
8.89947e-30
8.89947e-30
8.89947e-30
8.89947e-30
8.89947e-30
8.89947e-30
8.89947e-30
8.89947e-30
8.89947e-30
8.89946e-30
8.89946e-30
8.89946e-30
8.89945e-30
8.89944e-30
8.89942e-30
8.8994e-30
8.89937e-30
8.89932e-30
8.89924e-30
8.8991e-30
8.89877e-30
8.89796e-30
8.89579e-30
8.88974e-30
8.87246e-30
8.82233e-30
8.6833e-30
8.34139e-30
7.63665e-30
6.51632e-30
1.81313e-29
2.21768e-29
2.42932e-29
2.52895e-29
2.56851e-29
2.58232e-29
2.58697e-29
2.58859e-29
2.58918e-29
2.5894e-29
2.58949e-29
2.58953e-29
2.58955e-29
2.58956e-29
2.58957e-29
2.58958e-29
2.58958e-29
2.58958e-29
2.58959e-29
2.58959e-29
2.58959e-29
2.58959e-29
2.58959e-29
2.58959e-29
2.58959e-29
2.58959e-29
2.58959e-29
2.58959e-29
2.58959e-29
2.58959e-29
2.58959e-29
2.58959e-29
2.58959e-29
2.58959e-29
2.58959e-29
2.58959e-29
2.58959e-29
2.58959e-29
2.58959e-29
2.58959e-29
2.58959e-29
2.58959e-29
2.58959e-29
2.58959e-29
2.58959e-29
2.58959e-29
2.58959e-29
2.58959e-29
2.58959e-29
2.58959e-29
2.58959e-29
2.58959e-29
2.58959e-29
2.58959e-29
2.58959e-29
2.58959e-29
2.58959e-29
2.58959e-29
2.58959e-29
2.58959e-29
2.58959e-29
2.58959e-29
2.58958e-29
2.58958e-29
2.58958e-29
2.58957e-29
2.58956e-29
2.58955e-29
2.58952e-29
2.58948e-29
2.58939e-29
2.58915e-29
2.58852e-29
2.58675e-29
2.5817e-29
2.56704e-29
2.52633e-29
2.42615e-29
2.2195e-29
1.88593e-29
2.85718e-29
3.47911e-29
3.80562e-29
3.95961e-29
4.0208e-29
4.04219e-29
4.04939e-29
4.05191e-29
4.05283e-29
4.05317e-29
4.05331e-29
4.05337e-29
4.0534e-29
4.05342e-29
4.05344e-29
4.05345e-29
4.05346e-29
4.05346e-29
4.05346e-29
4.05347e-29
4.05347e-29
4.05347e-29
4.05347e-29
4.05347e-29
4.05347e-29
4.05347e-29
4.05347e-29
4.05347e-29
4.05347e-29
4.05347e-29
4.05347e-29
4.05347e-29
4.05347e-29
4.05347e-29
4.05347e-29
4.05347e-29
4.05347e-29
4.05347e-29
4.05347e-29
4.05347e-29
4.05347e-29
4.05347e-29
4.05347e-29
4.05347e-29
4.05347e-29
4.05347e-29
4.05347e-29
4.05347e-29
4.05347e-29
4.05347e-29
4.05347e-29
4.05347e-29
4.05347e-29
4.05347e-29
4.05347e-29
4.05347e-29
4.05347e-29
4.05347e-29
4.05347e-29
4.05347e-29
4.05347e-29
4.05346e-29
4.05346e-29
4.05346e-29
4.05345e-29
4.05344e-29
4.05342e-29
4.0534e-29
4.05337e-29
4.0533e-29
4.05315e-29
4.05278e-29
4.05178e-29
4.049e-29
4.04106e-29
4.01791e-29
3.95348e-29
3.79479e-29
3.46695e-29
2.92461e-29
3.64495e-29
4.41477e-29
4.8212e-29
5.01333e-29
5.08972e-29
5.11648e-29
5.12551e-29
5.12867e-29
5.12981e-29
5.13024e-29
5.13042e-29
5.13049e-29
5.13054e-29
5.13056e-29
5.13058e-29
5.13059e-29
5.1306e-29
5.13061e-29
5.13061e-29
5.13062e-29
5.13062e-29
5.13062e-29
5.13062e-29
5.13062e-29
5.13062e-29
5.13062e-29
5.13062e-29
5.13062e-29
5.13062e-29
5.13062e-29
5.13062e-29
5.13062e-29
5.13062e-29
5.13062e-29
5.13062e-29
5.13062e-29
5.13062e-29
5.13062e-29
5.13062e-29
5.13062e-29
5.13062e-29
5.13062e-29
5.13062e-29
5.13062e-29
5.13062e-29
5.13062e-29
5.13062e-29
5.13062e-29
5.13062e-29
5.13062e-29
5.13062e-29
5.13062e-29
5.13062e-29
5.13062e-29
5.13062e-29
5.13062e-29
5.13062e-29
5.13062e-29
5.13062e-29
5.13062e-29
5.13062e-29
5.13061e-29
5.13061e-29
5.1306e-29
5.13059e-29
5.13058e-29
5.13056e-29
5.13053e-29
5.13049e-29
5.1304e-29
5.13021e-29
5.12974e-29
5.12847e-29
5.12493e-29
5.1148e-29
5.08522e-29
5.00263e-29
4.79896e-29
4.37726e-29
3.66493e-29
4.08935e-29
4.92427e-29
5.3686e-29
5.57914e-29
5.66292e-29
5.69234e-29
5.70229e-29
5.70577e-29
5.70703e-29
5.70751e-29
5.7077e-29
5.70779e-29
5.70783e-29
5.70786e-29
5.70788e-29
5.7079e-29
5.70791e-29
5.70791e-29
5.70792e-29
5.70792e-29
5.70792e-29
5.70793e-29
5.70793e-29
5.70793e-29
5.70793e-29
5.70793e-29
5.70793e-29
5.70793e-29
5.70793e-29
5.70793e-29
5.70793e-29
5.70793e-29
5.70793e-29
5.70793e-29
5.70793e-29
5.70793e-29
5.70793e-29
5.70793e-29
5.70793e-29
5.70793e-29
5.70793e-29
5.70793e-29
5.70793e-29
5.70793e-29
5.70793e-29
5.70793e-29
5.70793e-29
5.70793e-29
5.70793e-29
5.70793e-29
5.70793e-29
5.70793e-29
5.70793e-29
5.70793e-29
5.70793e-29
5.70793e-29
5.70793e-29
5.70793e-29
5.70792e-29
5.70792e-29
5.70792e-29
5.70792e-29
5.70791e-29
5.70791e-29
5.7079e-29
5.70788e-29
5.70786e-29
5.70783e-29
5.70778e-29
5.70768e-29
5.70747e-29
5.70694e-29
5.70551e-29
5.70155e-29
5.6902e-29
5.65693e-29
5.5638e-29
5.33384e-29
4.85649e-29
4.03676e-29
4.13689e-29
4.9509e-29
5.38873e-29
5.59665e-29
5.67948e-29
5.70863e-29
5.71852e-29
5.72198e-29
5.72323e-29
5.7237e-29
5.72389e-29
5.72398e-29
5.72403e-29
5.72406e-29
5.72408e-29
5.72409e-29
5.7241e-29
5.72411e-29
5.72411e-29
5.72411e-29
5.72412e-29
5.72412e-29
5.72412e-29
5.72412e-29
5.72412e-29
5.72412e-29
5.72412e-29
5.72412e-29
5.72412e-29
5.72412e-29
5.72412e-29
5.72412e-29
5.72412e-29
5.72412e-29
5.72412e-29
5.72412e-29
5.72412e-29
5.72412e-29
5.72412e-29
5.72412e-29
5.72412e-29
5.72412e-29
5.72412e-29
5.72412e-29
5.72412e-29
5.72412e-29
5.72412e-29
5.72412e-29
5.72412e-29
5.72412e-29
5.72412e-29
5.72412e-29
5.72412e-29
5.72412e-29
5.72412e-29
5.72412e-29
5.72412e-29
5.72412e-29
5.72412e-29
5.72412e-29
5.72411e-29
5.72411e-29
5.72411e-29
5.7241e-29
5.72409e-29
5.72407e-29
5.72405e-29
5.72402e-29
5.72397e-29
5.72387e-29
5.72366e-29
5.72312e-29
5.72168e-29
5.71768e-29
5.7062e-29
5.67247e-29
5.57777e-29
5.34362e-29
4.85635e-29
4.00836e-29
3.7739e-29
4.48733e-29
4.87648e-29
5.06165e-29
5.13548e-29
5.16152e-29
5.17038e-29
5.17348e-29
5.1746e-29
5.17502e-29
5.17519e-29
5.17527e-29
5.17531e-29
5.17534e-29
5.17536e-29
5.17537e-29
5.17538e-29
5.17539e-29
5.17539e-29
5.17539e-29
5.17539e-29
5.1754e-29
5.1754e-29
5.1754e-29
5.1754e-29
5.1754e-29
5.1754e-29
5.1754e-29
5.1754e-29
5.1754e-29
5.1754e-29
5.1754e-29
5.1754e-29
5.1754e-29
5.1754e-29
5.1754e-29
5.1754e-29
5.1754e-29
5.1754e-29
5.1754e-29
5.1754e-29
5.1754e-29
5.1754e-29
5.1754e-29
5.1754e-29
5.1754e-29
5.1754e-29
5.1754e-29
5.1754e-29
5.1754e-29
5.1754e-29
5.1754e-29
5.1754e-29
5.1754e-29
5.1754e-29
5.1754e-29
5.1754e-29
5.1754e-29
5.1754e-29
5.17539e-29
5.17539e-29
5.17539e-29
5.17538e-29
5.17538e-29
5.17537e-29
5.17536e-29
5.17534e-29
5.17531e-29
5.17526e-29
5.17517e-29
5.17498e-29
5.17449e-29
5.17317e-29
5.16953e-29
5.15907e-29
5.12822e-29
5.04138e-29
4.82639e-29
4.37802e-29
3.58848e-29
3.02819e-29
3.57619e-29
3.88069e-29
4.02576e-29
4.08364e-29
4.1041e-29
4.11108e-29
4.11352e-29
4.11441e-29
4.11474e-29
4.11487e-29
4.11493e-29
4.11497e-29
4.11499e-29
4.115e-29
4.11501e-29
4.11502e-29
4.11502e-29
4.11503e-29
4.11503e-29
4.11503e-29
4.11503e-29
4.11503e-29
4.11503e-29
4.11503e-29
4.11503e-29
4.11503e-29
4.11503e-29
4.11503e-29
4.11503e-29
4.11503e-29
4.11503e-29
4.11503e-29
4.11503e-29
4.11503e-29
4.11503e-29
4.11503e-29
4.11503e-29
4.11503e-29
4.11503e-29
4.11503e-29
4.11503e-29
4.11503e-29
4.11503e-29
4.11503e-29
4.11503e-29
4.11503e-29
4.11503e-29
4.11503e-29
4.11503e-29
4.11503e-29
4.11503e-29
4.11503e-29
4.11503e-29
4.11503e-29
4.11503e-29
4.11503e-29
4.11503e-29
4.11503e-29
4.11503e-29
4.11503e-29
4.11503e-29
4.11502e-29
4.11502e-29
4.11501e-29
4.115e-29
4.11499e-29
4.11496e-29
4.11493e-29
4.11486e-29
4.1147e-29
4.11431e-29
4.11325e-29
4.11034e-29
4.10195e-29
4.07714e-29
4.0071e-29
3.83353e-29
3.47087e-29
2.82473e-29
1.96636e-29
2.30569e-29
2.49885e-29
2.59084e-29
2.62757e-29
2.64058e-29
2.64503e-29
2.64658e-29
2.64715e-29
2.64736e-29
2.64745e-29
2.64749e-29
2.64751e-29
2.64752e-29
2.64753e-29
2.64754e-29
2.64754e-29
2.64754e-29
2.64755e-29
2.64755e-29
2.64755e-29
2.64755e-29
2.64755e-29
2.64755e-29
2.64755e-29
2.64755e-29
2.64755e-29
2.64755e-29
2.64755e-29
2.64755e-29
2.64755e-29
2.64755e-29
2.64755e-29
2.64755e-29
2.64755e-29
2.64755e-29
2.64755e-29
2.64755e-29
2.64755e-29
2.64755e-29
2.64755e-29
2.64755e-29
2.64755e-29
2.64755e-29
2.64755e-29
2.64755e-29
2.64755e-29
2.64755e-29
2.64755e-29
2.64755e-29
2.64755e-29
2.64755e-29
2.64755e-29
2.64755e-29
2.64755e-29
2.64755e-29
2.64755e-29
2.64755e-29
2.64755e-29
2.64755e-29
2.64755e-29
2.64754e-29
2.64754e-29
2.64754e-29
2.64753e-29
2.64753e-29
2.64752e-29
2.6475e-29
2.64748e-29
2.64743e-29
2.64733e-29
2.64708e-29
2.64639e-29
2.6445e-29
2.63906e-29
2.62292e-29
2.57721e-29
2.46385e-29
2.22667e-29
1.79837e-29
6.87313e-30
8.00991e-30
8.67142e-30
8.98599e-30
9.11156e-30
9.15611e-30
9.17136e-30
9.17671e-30
9.17864e-30
9.17937e-30
9.17966e-30
9.1798e-30
9.17987e-30
9.17992e-30
9.17995e-30
9.17997e-30
9.17999e-30
9.18e-30
9.18001e-30
9.18001e-30
9.18001e-30
9.18002e-30
9.18002e-30
9.18002e-30
9.18002e-30
9.18002e-30
9.18002e-30
9.18002e-30
9.18002e-30
9.18002e-30
9.18002e-30
9.18002e-30
9.18002e-30
9.18002e-30
9.18002e-30
9.18002e-30
9.18002e-30
9.18002e-30
9.18002e-30
9.18002e-30
9.18002e-30
9.18002e-30
9.18002e-30
9.18002e-30
9.18002e-30
9.18002e-30
9.18002e-30
9.18002e-30
9.18002e-30
9.18002e-30
9.18002e-30
9.18002e-30
9.18002e-30
9.18002e-30
9.18002e-30
9.18002e-30
9.18002e-30
9.18002e-30
9.18002e-30
9.18001e-30
9.18001e-30
9.18e-30
9.18e-30
9.17998e-30
9.17997e-30
9.17994e-30
9.17991e-30
9.17986e-30
9.17977e-30
9.17962e-30
9.17926e-30
9.17837e-30
9.17599e-30
9.1694e-30
9.1504e-30
9.09385e-30
8.93305e-30
8.53437e-30
7.69883e-30
6.15792e-30
)
;

boundaryField
{
    F1_1
    {
        type            fixedValue;
        value           nonuniform List<scalar> 
80
(
6.91669e-310
0
0
0
0
0
0
0
0
0
0
0
0
0
0
0
0
0
0
0
0
0
0
0
0
0
0
0
0
0
0
0
0
0
0
0
0
0
0
0
0
0
0
0
0
0
0
0
0
0
0
0
0
0
0
0
0
0
0
0
0
0
0
0
0
0
0
0
0
0
0
0
0
0
0
0
0
0
0
0
)
;
    }
    F1_2
    {
        type            fixedValue;
        value           nonuniform List<scalar> 
80
(
6.91669e-310
0
0
0
0
0
0
0
0
0
0
0
0
0
0
0
0
0
0
0
0
0
0
0
0
0
0
0
0
0
0
0
0
0
0
0
0
0
0
0
0
0
0
0
0
0
0
0
0
0
0
0
0
0
0
0
0
0
0
0
0
0
0
0
0
0
0
0
0
0
0
0
0
0
0
0
0
0
0
0
)
;
    }
    F1_3
    {
        type            fixedValue;
        value           uniform 0;
    }
    F1_4
    {
        type            fixedValue;
        value           uniform 0;
    }
    F2_1
    {
        type            fixedValue;
        value           nonuniform List<scalar> 
80
(
6.91669e-310
0
0
0
0
0
0
0
0
0
0
0
0
0
0
0
0
0
0
0
0
0
0
0
0
0
0
0
0
0
0
0
0
0
0
0
0
0
0
0
0
0
0
0
0
0
0
0
0
0
0
0
0
0
0
0
0
0
0
0
0
0
0
0
0
0
0
0
0
0
0
0
0
0
0
0
0
0
0
0
)
;
    }
    F2_2
    {
        type            fixedValue;
        value           nonuniform List<scalar> 
80
(
6.91669e-310
0
0
0
0
0
0
0
0
0
0
0
0
0
0
0
0
0
0
0
0
0
0
0
0
0
0
0
0
0
0
0
0
0
0
0
0
0
0
0
0
0
0
0
0
0
0
0
0
0
0
0
0
0
0
0
0
0
0
0
0
0
0
0
0
0
0
0
0
0
0
0
0
0
0
0
0
0
0
0
)
;
    }
    F2_3
    {
        type            fixedValue;
        value           uniform 0;
    }
    F2_4
    {
        type            fixedValue;
        value           uniform 0;
    }
    defaultFaces
    {
        type            empty;
    }
}


// ************************************************************************* //
