/*--------------------------------*- C++ -*----------------------------------*\
| =========                 |                                                 |
| \\      /  F ield         | OpenFOAM: The Open Source CFD Toolbox           |
|  \\    /   O peration     | Version:  5.x                                   |
|   \\  /    A nd           | Web:      www.OpenFOAM.org                      |
|    \\/     M anipulation  |                                                 |
\*---------------------------------------------------------------------------*/
FoamFile
{
    version     2.0;
    format      ascii;
    class       volScalarField;
    location    "6.9";
    object      gradTx;
}
// * * * * * * * * * * * * * * * * * * * * * * * * * * * * * * * * * * * * * //

dimensions      [0 -1 0 1 0 0 0];

internalField   nonuniform List<scalar> 
6300
(
99.0913
99.6847
100.859
102.588
104.831
107.53
110.606
113.958
117.462
120.97
124.316
127.319
129.798
131.584
132.536
98.4953
99.1012
100.301
102.071
104.373
107.15
110.327
113.803
117.455
121.13
124.655
127.839
130.488
132.416
133.468
97.2909
97.9207
99.1707
101.02
103.436
106.368
109.745
113.471
117.421
121.437
125.332
128.893
131.894
134.119
135.382
95.4541
96.1176
97.438
99.4008
101.981
105.138
108.811
112.911
117.317
121.863
126.341
130.503
134.075
136.782
138.384
92.9511
93.6548
95.0602
97.1614
99.9458
103.389
107.446
112.045
117.07
122.353
127.662
132.7
137.118
140.546
142.654
89.7418
90.4879
91.9839
94.2361
97.2495
101.023
105.538
110.748
116.561
122.814
129.252
135.516
141.146
145.626
148.47
85.7839
86.5685
88.149
90.5469
93.7909
97.9115
102.931
108.848
115.611
123.086
131.012
138.961
146.322
152.34
156.259
81.039
81.8507
83.4942
86.0091
89.4533
93.8989
99.4243
106.097
113.945
122.904
132.746
142.993
152.836
161.15
166.69
75.48
76.2988
77.9656
80.5397
84.1116
88.8039
94.7674
102.17
111.165
121.835
134.074
147.425
160.875
172.729
180.836
69.0998
69.8965
71.5274
74.07
77.6473
82.4352
88.6691
96.646
106.709
119.193
134.286
151.757
170.505
188.053
200.517
61.9207
62.6579
64.1753
66.5632
69.9701
74.6181
80.8254
89.0336
99.8297
113.938
132.116
154.807
181.333
208.456
229.041
54.0023
54.6372
55.9504
58.0354
61.0497
65.2393
70.9786
78.8309
89.6353
104.612
125.429
154.019
191.559
235.391
273.009
45.4471
45.9361
46.9518
48.5764
50.9518
54.3087
59.0165
65.6737
75.266
89.4427
110.965
144.277
195.49
268.536
347.358
36.401
36.7064
37.3425
38.3646
39.8708
42.0251
45.103
49.5792
56.31
66.9245
84.7099
116.63
177.582
295.899
491.821
27.0477
27.1445
27.3454
27.6671
28.1399
28.8164
29.7892
31.2284
33.4681
37.2331
44.317
59.9482
102.305
245.653
834.706
132.625
131.955
130.596
128.568
125.912
122.684
118.947
114.771
110.227
105.377
100.284
94.9975
89.5647
84.0237
78.4078
72.7452
67.0607
61.376
55.7109
50.0832
44.5092
39.0039
33.5806
28.251
23.0255
17.9126
12.9191
8.05021
3.30946
-1.30126
-5.78149
-10.1321
-14.3549
-18.4527
-22.4286
-26.2861
-30.0284
-33.6587
-37.1795
-40.5932
-43.9017
-47.1069
-50.211
-53.2164
-56.1263
-58.9448
-61.6762
-64.326
-66.8994
-69.4017
-71.8375
-74.2102
-76.5222
-78.7739
-80.9646
-83.0921
-85.1532
-87.1441
-89.0612
-90.9006
-92.6593
-94.3344
-95.9232
-97.4229
-98.8295
-100.138
-101.34
-102.426
-103.384
-104.198
-104.851
-105.323
-105.596
-105.65
-105.467
-105.033
-104.335
-103.366
-102.122
-100.603
-98.8141
-96.7652
-94.4702
-91.948
-89.2223
-86.3216
-83.279
-80.1316
-76.9194
-73.6843
133.608
132.943
131.555
129.47
126.735
123.412
119.576
115.301
110.662
105.728
100.558
95.207
89.7184
84.13
78.4734
72.7754
67.0595
61.3467
55.656
50.0049
44.4097
38.8853
33.445
28.1009
22.8632
17.7405
12.7397
7.86585
3.12244
-1.48883
-5.96776
-10.3155
-14.5344
-18.6274
-22.5984
-26.451
-30.1889
-33.8153
-37.3328
-40.7436
-44.0493
-47.2514
-50.3518
-53.3526
-56.2569
-59.0686
-61.7926
-64.4345
-67.0004
-69.4961
-71.9267
-74.2963
-76.6073
-78.8603
-81.0541
-83.1862
-85.2526
-87.249
-89.1712
-91.0153
-92.778
-94.457
-96.0501
-97.5552
-98.9695
-100.288
-101.505
-102.61
-103.59
-104.429
-105.109
-105.61
-105.91
-105.988
-105.827
-105.41
-104.724
-103.761
-102.516
-100.99
-99.1874
-97.1181
-94.7959
-92.2396
-89.4729
-86.5246
-83.4287
-80.2236
-76.9514
-73.6562
135.625
134.969
133.516
131.305
128.399
124.878
120.833
116.352
111.521
106.413
101.093
95.612
90.0139
84.3328
78.5969
72.8299
67.0527
61.2844
55.5429
49.8453
44.2076
38.6448
33.1706
27.7971
22.535
17.3928
12.3774
7.49389
2.74542
-1.8666
-6.34246
-10.684
-14.8943
-18.9773
-22.9378
-26.7803
-30.509
-34.1276
-37.6387
-41.0441
-44.3447
-47.5413
-50.6347
-53.6265
-56.5193
-59.3172
-62.0256
-64.6511
-67.201
-69.6826
-72.1023
-74.4653
-76.7744
-79.0302
-81.231
-83.373
-85.451
-87.4592
-89.3922
-91.2454
-93.0157
-94.7014
-96.3018
-97.8167
-99.2452
-100.585
-101.83
-102.971
-103.996
-104.887
-105.624
-106.183
-106.54
-106.671
-106.555
-106.173
-105.511
-104.559
-103.313
-101.773
-99.9434
-97.8336
-95.4573
-92.8328
-89.9836
-86.9389
-83.7343
-80.411
-77.0153
-73.5963
138.79
138.137
136.567
134.139
130.945
127.097
122.714
117.907
112.775
107.402
101.855
96.184
90.4271
84.6129
78.7636
72.8976
67.0317
61.1823
55.3658
49.5985
43.8968
38.2761
32.7506
27.3329
22.0339
16.8624
11.8253
6.92759
2.17215
-2.44009
-6.91015
-11.2409
-15.4367
-19.5031
-23.4463
-27.2724
-30.9868
-34.5937
-38.0958
-41.4943
-44.7888
-47.9785
-51.0627
-54.0416
-56.9172
-59.6934
-62.3766
-64.9752
-67.4986
-69.9566
-72.3582
-74.7102
-77.0166
-79.2779
-81.4911
-83.6505
-85.7483
-87.7761
-89.7264
-91.5933
-93.3736
-95.067
-96.6751
-98.201
-99.6474
-101.015
-102.302
-103.499
-104.594
-105.567
-106.393
-107.045
-107.493
-107.708
-107.664
-107.338
-106.713
-105.78
-104.532
-102.971
-101.101
-98.9315
-96.4748
-93.7482
-90.7743
-87.5823
-84.2095
-80.7015
-77.1115
-73.4973
143.291
142.622
140.85
138.071
134.429
130.086
125.203
119.925
114.374
108.641
102.794
96.8776
90.9208
84.9418
78.9526
72.9637
66.9858
61.0318
55.1166
49.2566
43.4688
37.7698
32.1748
26.6974
21.3489
16.1383
11.0726
6.1566
1.39296
-3.21792
-7.67801
-11.9915
-16.1648
-20.2056
-24.1227
-27.9245
-31.6184
-35.2097
-38.7013
-42.093
-45.3826
-48.5665
-51.6411
-54.6043
-57.4567
-60.2021
-62.8482
-65.406
-67.8888
-70.3105
-72.6839
-75.0193
-77.3222
-79.5931
-81.8272
-84.0151
-86.1447
-88.2031
-90.1789
-92.0641
-93.8552
-95.5536
-97.1651
-98.698
-100.161
-101.561
-102.9
-104.173
-105.365
-106.455
-107.411
-108.199
-108.781
-109.118
-109.177
-108.931
-108.359
-107.451
-106.202
-104.613
-102.689
-100.441
-97.8793
-95.0183
-91.8776
-88.4848
-84.8781
-81.109
-77.2413
-73.347
149.424
148.694
146.578
143.245
138.92
133.849
128.257
122.336
116.231
110.042
103.83
97.6273
91.4448
85.2834
79.1398
73.0124
66.9043
60.8244
54.787
48.8098
42.9122
37.113
31.4294
25.8762
20.4651
15.2055
10.1044
5.16639
0.3941
-4.21254
-8.65644
-12.9436
-17.083
-21.0857
-24.9643
-28.7311
-32.3967
-35.9685
-39.4494
-42.8377
-46.1274
-49.3106
-52.3787
-55.3255
-58.1489
-60.8523
-63.4455
-65.9436
-68.3656
-70.7323
-73.0632
-75.3736
-77.6723
-79.9599
-82.2282
-84.4622
-86.6421
-88.7474
-90.7604
-92.6688
-94.4686
-96.1639
-97.7667
-99.2938
-100.764
-102.194
-103.593
-104.96
-106.283
-107.533
-108.671
-109.65
-110.418
-110.925
-111.127
-110.99
-110.489
-109.613
-108.359
-106.734
-104.744
-102.401
-99.7131
-96.6897
-93.3428
-89.6938
-85.7794
-81.6575
-77.408
-73.1265
157.644
156.757
154.058
149.842
144.485
138.358
131.783
125.01
118.207
111.473
104.852
98.3454
91.9366
85.5976
79.3021
73.0319
66.7808
60.5548
54.3697
48.2478
42.2132
36.2892
30.4961
24.85
19.3631
14.0446
8.90125
3.93779
-0.842991
-5.44107
-9.86007
-14.108
-18.1972
-22.1438
-25.966
-29.6825
-33.3092
-36.8571
-40.3299
-43.723
-47.0247
-50.2191
-53.2896
-56.223
-59.0124
-61.6601
-64.1785
-66.5892
-68.9207
-71.2044
-73.4704
-75.7432
-78.037
-80.3528
-82.6773
-84.9855
-87.2452
-89.4232
-91.4906
-93.4285
-95.2308
-96.906
-98.4754
-99.9699
-101.424
-102.869
-104.329
-105.811
-107.303
-108.77
-110.158
-111.402
-112.43
-113.171
-113.566
-113.57
-113.157
-112.315
-111.051
-109.377
-107.307
-104.856
-102.029
-98.8253
-95.242
-91.2837
-86.9781
-82.3888
-77.6199
-72.8069
168.669
167.428
163.716
158.082
151.154
143.508
135.593
127.724
120.082
112.742
105.704
98.9215
92.3261
85.8476
79.4264
73.0226
66.62
60.225
53.8607
47.5592
41.3542
35.2766
29.3507
23.5942
18.0186
12.6316
7.43921
2.44639
-2.34281
-6.927
-11.3095
-15.5002
-19.5161
-23.3801
-27.1193
-30.7622
-34.334
-37.8529
-41.3242
-44.7389
-48.0754
-51.3047
-54.3969
-57.3266
-60.0786
-62.6527
-65.065
-67.3475
-69.5432
-71.7004
-73.8665
-76.081
-78.3686
-80.7317
-83.1485
-85.5771
-87.9646
-90.2564
-92.406
-94.3819
-96.1746
-97.7986
-99.2906
-100.703
-102.094
-103.522
-105.032
-106.646
-108.357
-110.118
-111.853
-113.465
-114.852
-115.913
-116.566
-116.751
-116.438
-115.626
-114.332
-112.587
-110.419
-107.85
-104.885
-101.507
-97.6798
-93.3723
-88.5842
-83.3774
-77.8941
-72.342
183.662
181.653
176.139
168.18
158.856
149.039
139.336
130.108
121.518
113.574
106.188
99.2261
92.5454
86.0133
79.5242
73.0101
66.4469
59.8499
53.2604
46.7306
40.3114
34.0449
27.9611
22.0777
16.4024
10.9387
5.68995
0.662102
-4.13739
-8.70277
-13.0345
-17.1436
-21.0528
-24.7951
-28.4106
-31.943
-35.4343
-38.916
-42.3989
-45.8662
-49.279
-52.5866
-55.7368
-58.6845
-61.3998
-63.8767
-66.1371
-68.2294
-70.2196
-72.1821
-74.1912
-76.3123
-78.5898
-81.0317
-83.601
-86.2264
-88.82
-91.2931
-93.5696
-95.5975
-97.3595
-98.8797
-100.219
-101.464
-102.71
-104.055
-105.582
-107.342
-109.336
-111.501
-113.721
-115.852
-117.74
-119.242
-120.238
-120.646
-120.438
-119.628
-118.263
-116.403
-114.106
-111.413
-108.335
-104.833
-100.808
-96.1515
-90.7922
-84.7629
-78.2662
-71.6521
204.625
200.923
192.076
180.241
167.264
154.403
142.388
131.571
122.022
113.599
106.057
99.1242
92.5487
86.1153
79.6562
73.0669
66.321
59.4628
52.5732
45.7421
39.048
32.5498
26.2828
20.2612
14.4817
8.93625
3.62295
-1.45059
-6.26854
-10.8143
-15.0794
-19.074
-22.8291
-26.3918
-29.8204
-33.1821
-36.5471
-39.9761
-43.4949
-47.0707
-50.6328
-54.0938
-57.3671
-60.3753
-63.063
-65.4108
-67.4495
-69.2566
-70.9344
-72.5952
-74.3529
-76.3168
-78.5727
-81.1465
-83.9709
-86.9201
-89.8473
-92.6112
-95.0894
-97.1941
-98.8912
-100.219
-101.282
-102.22
-103.183
-104.326
-105.793
-107.698
-110.069
-112.804
-115.717
-118.585
-121.184
-123.299
-124.753
-125.429
-125.3
-124.426
-122.906
-120.849
-118.359
-115.527
-112.397
-108.908
-104.845
-99.9411
-93.9634
-86.8204
-78.806
-70.5845
235.253
227.595
212.312
193.944
175.504
158.542
143.715
131.204
120.899
112.355
105.047
98.5054
92.3457
86.2524
79.974
73.3477
66.3557
59.12
51.8005
44.5557
37.502
30.7212
24.2509
18.096
12.2243
6.59972
1.21108
-3.9308
-8.79098
-13.3295
-17.5129
-21.3483
-24.8814
-28.1804
-31.3258
-34.4152
-37.5664
-40.906
-44.5072
-48.2939
-52.1305
-55.8699
-59.3775
-62.526
-65.2143
-67.3884
-69.0941
-70.4683
-71.6722
-72.8671
-74.2163
-75.8992
-78.0962
-80.8987
-84.1598
-87.6436
-91.1079
-94.3393
-97.1453
-99.376
-100.953
-101.938
-102.525
-102.937
-103.397
-104.127
-105.373
-107.381
-110.275
-113.85
-117.776
-121.706
-125.32
-128.306
-130.388
-131.368
-131.235
-130.153
-128.32
-125.915
-123.105
-120.068
-116.974
-113.808
-110.092
-105.275
-98.8114
-90.1311
-79.6432
-68.8081
283.068
265.244
236.983
207.747
181.615
159.607
141.702
127.658
117.238
109.33
102.931
97.3346
92.0454
86.6543
80.7914
74.1538
66.7402
58.8969
50.9198
43.0934
35.5629
28.4453
21.7648
15.523
9.61107
3.92384
-1.55563
-6.81608
-11.776
-16.355
-20.447
-24.0568
-27.2702
-30.1891
-32.9108
-35.5581
-38.3135
-41.4579
-45.2512
-49.4439
-53.767
-57.9786
-61.9033
-65.3379
-68.1045
-70.0392
-71.2143
-71.9241
-72.4214
-72.9154
-73.5975
-74.74
-76.7464
-79.9893
-84.0263
-88.3937
-92.7022
-96.6781
-100.028
-102.498
-103.864
-104.229
-104.018
-103.584
-103.219
-103.184
-103.854
-105.786
-109.498
-114.389
-119.827
-125.28
-130.358
-134.612
-137.61
-138.907
-138.536
-136.96
-134.553
-131.564
-128.176
-124.691
-121.653
-119.499
-116.922
-112.979
-106.85
-96.0435
-80.9791
-65.5146
365.221
317.92
263.052
217.073
181.78
154.761
134.126
118.887
109.96
104.13
99.6551
95.7198
91.8897
87.7337
82.7228
76.0758
67.742
58.8652
49.8212
41.2042
33.0287
25.5395
18.6467
12.4753
6.67453
0.949231
-4.63713
-10.1335
-15.3086
-20.0811
-24.0742
-27.335
-30.0818
-32.4807
-34.6018
-36.5442
-38.4992
-41.0739
-45.4186
-50.4049
-55.5626
-60.4986
-65.1335
-69.1099
-72.1909
-73.7822
-74.0027
-73.6841
-73.1736
-72.691
-72.3144
-72.3348
-73.6146
-77.9346
-83.4154
-89.2268
-94.7737
-99.9168
-104.176
-107.21
-108.212
-107.35
-105.829
-104.131
-102.564
-101.224
-100.516
-101.627
-107.021
-114.136
-121.855
-129.393
-136.582
-142.724
-147.277
-148.849
-147.567
-144.964
-141.623
-137.785
-133.387
-128.666
-125.059
-125.795
-125.72
-123.828
-121.623
-108.086
-82.8901
-58.5356
525.92
381.487
276.316
211.007
170.028
140.721
118.775
101.027
98.2178
96.9749
95.601
93.9514
92.2015
90.0423
87.0085
80.4252
69.5247
59.0734
48.107
38.6788
29.5062
21.7747
14.4901
8.89416
3.62964
-2.22489
-7.84761
-13.9125
-19.42
-24.9284
-28.755
-31.3521
-33.3934
-35.1713
-36.5488
-37.5109
-37.7913
-38.1401
-44.6608
-51.1175
-57.676
-63.4506
-69.3104
-74.1696
-78.4207
-79.4976
-77.5657
-75.7191
-73.8839
-72.3125
-70.4582
-68.1148
-66.1035
-74.2067
-82.3271
-90.439
-97.4251
-104.427
-110.086
-114.844
-115.245
-111.416
-107.893
-104.487
-101.582
-98.3518
-94.5595
-91.2962
-102.066
-113.013
-124.143
-134.005
-144.311
-153.125
-161.233
-162.898
-158.498
-154.027
-149.406
-144.813
-139.059
-131.034
-122.208
-133.259
-137.13
-135.127
-152.713
-136.915
-83.5886
-41.7697
891.578
388.51
232.173
169.902
141.465
116.075
97.3766
61.6539
84.2178
90.0063
91.9419
92.3253
93.1008
93.6081
96.4038
90.9898
70.659
60.0222
44.1774
35.7849
23.9081
17.3666
7.90167
4.83613
1.43486
-5.73212
-10.4205
-18.4931
-23.5292
-32.1959
-35.2051
-36.1682
-37.0829
-38.437
-39.0925
-39.4583
-36.9835
-26.3177
-43.9937
-51.6821
-60.9166
-66.2781
-74.9262
-80.1031
-89.2194
-89.5438
-81.0039
-77.7357
-74.2129
-72.3397
-69.305
-63.415
-44.0261
-70.4526
-81.2494
-93.2707
-100.052
-110.87
-117.289
-128.754
-128.366
-115.039
-109.789
-104.12
-101.067
-96.2871
-87.8392
-60.7571
-96.8516
-111.626
-128.256
-137.976
-154.187
-164.537
-184.468
-185.677
-169.528
-163.305
-157.148
-153.509
-148.001
-134.555
-90.7308
-151.062
-156.997
-118.215
-231.874
-219.781
-67.7154
1.32533
-70.1507
-66.3813
-62.7642
-59.3518
-56.1849
-53.2923
-50.6926
-48.3951
-46.4022
-44.7114
-43.3173
-42.2132
-41.3923
-40.8486
-40.5778
-70.0595
-66.2279
-62.5586
-59.1056
-55.9096
-52.9987
-50.3897
-48.0898
-46.0993
-44.414
-43.0267
-41.9294
-41.1144
-40.575
-40.3065
-69.87
-65.9111
-62.1359
-58.6013
-55.3482
-52.4025
-49.7768
-47.4743
-45.4907
-43.8179
-42.4455
-41.3628
-40.5603
-40.0299
-39.7662
-69.5671
-65.4097
-61.4717
-57.8147
-54.4788
-51.4853
-48.8402
-46.5391
-44.5707
-42.9207
-41.5738
-40.5155
-39.7334
-39.2176
-38.9614
-69.1254
-64.6879
-60.5257
-56.706
-53.2662
-50.2189
-47.5589
-45.2703
-43.3317
-41.7198
-40.4129
-39.3915
-38.6396
-38.1452
-37.9
-68.5046
-63.6897
-59.2362
-55.2167
-51.6604
-48.5643
-45.9056
-43.6511
-41.7651
-40.2134
-38.9659
-37.9974
-37.2879
-36.8229
-36.5928
-67.6417
-62.3293
-57.512
-53.2633
-49.5935
-46.4719
-43.8473
-41.6626
-39.8635
-38.4023
-37.2394
-36.3436
-35.6912
-35.2652
-35.0549
-66.4348
-60.4731
-55.2182
-50.7304
-46.9778
-43.8817
-41.3483
-39.2881
-37.6236
-36.2922
-35.2452
-34.4459
-33.8674
-33.4914
-33.3062
-64.7127
-57.9091
-52.1567
-47.4613
-43.705
-40.7281
-38.3757
-36.5171
-35.0499
-33.8973
-33.0029
-32.3267
-31.8408
-31.5263
-31.3717
-62.1699
-54.293
-48.0372
-43.2524
-39.6523
-36.9495
-34.9087
-33.3543
-32.1613
-31.2435
-30.5419
-30.0169
-29.6422
-29.4007
-29.2823
-58.2271
-49.0549
-42.4458
-37.8584
-34.7014
-32.5083
-30.9549
-29.8295
-28.9971
-28.3729
-27.9039
-27.5565
-27.31
-27.1516
-27.0741
-51.7175
-41.2531
-34.8325
-31.0332
-28.7862
-27.4268
-26.5728
-26.0111
-25.6241
-25.3469
-25.1437
-24.9948
-24.8892
-24.8212
-24.7879
-40.184
-29.4067
-24.5971
-22.6554
-21.983
-21.8396
-21.8981
-22.0177
-22.141
-22.2465
-22.329
-22.3893
-22.4305
-22.4559
-22.468
-18.357
-11.5924
-11.4933
-13.0082
-14.6502
-16.0502
-17.1617
-18.0205
-18.6752
-19.169
-19.5361
-19.8026
-19.9873
-20.1036
-20.1598
24.9479
12.8876
3.22461
-3.2335
-7.55938
-10.5492
-12.6779
-14.2271
-15.37
-16.2177
-16.8436
-17.2972
-17.6123
-17.8112
-17.9074
18.3839
18.2825
18.0693
17.7212
17.1985
16.4354
15.3228
13.6714
11.1299
6.97182
-0.546726
-16.5105
-59.2772
-208.974
-867.878
10.577
10.3029
9.72907
8.79986
7.41784
5.42187
2.54458
-1.67223
-8.05592
-18.2057
-35.4677
-67.4054
-131.913
-268.655
-523.418
2.95965
2.53043
1.63485
0.192142
-1.93728
-4.98043
-9.30414
-15.512
-24.6273
-38.4451
-60.1974
-95.6812
-154.387
-246.374
-355.871
-4.36044
-4.91895
-6.08017
-7.93941
-10.6586
-14.4941
-19.8451
-27.3332
-37.9336
-53.1748
-75.3919
-107.831
-153.747
-211.932
-264.36
-11.2934
-11.9505
-13.3112
-15.4745
-18.6051
-22.9559
-28.9024
-36.9937
-48.0173
-63.0599
-83.4876
-110.622
-144.584
-181.486
-209.256
-17.7707
-18.4941
-19.9853
-22.3383
-25.7048
-30.31
-36.4709
-44.6185
-55.3106
-69.2052
-86.9252
-108.671
-133.381
-157.379
-173.436
-23.7464
-24.5049
-26.0617
-28.4986
-31.9449
-36.584
-42.6599
-50.4767
-60.3802
-72.6942
-87.5662
-104.662
-122.671
-138.785
-148.764
-29.1957
-29.962
-31.5274
-33.9583
-37.3568
-41.8606
-47.6401
-54.886
-63.7762
-74.4068
-86.6629
-100.016
-113.278
-124.451
-131.022
-34.1133
-34.8646
-36.3923
-38.7466
-42.0016
-46.2514
-51.6021
-58.1534
-65.9638
-74.9906
-84.9974
-95.4346
-105.334
-113.313
-117.842
-38.5097
-39.2284
-40.6836
-42.9098
-45.9557
-49.8778
-54.7305
-60.5465
-67.3067
-74.8939
-83.0326
-91.2262
-98.723
-104.569
-107.806
-42.4073
-43.081
-44.4397
-46.5042
-49.3015
-52.8583
-57.19
-62.284
-68.0753
-74.4141
-81.0297
-87.5013
-93.2581
-97.6369
-100.019
-45.8373
-46.4583
-47.7059
-49.5898
-52.1201
-55.3007
-59.1201
-63.5372
-68.4636
-73.742
-79.1266
-84.2727
-88.7498
-92.0911
-93.8848
-48.8364
-49.4006
-50.5304
-52.2269
-54.4873
-57.2998
-60.6353
-64.4369
-68.6073
-72.996
-77.3889
-81.5086
-85.0299
-87.6196
-88.9962
-51.4439
-51.9505
-52.9617
-54.4724
-56.4712
-58.9357
-61.8268
-65.0804
-68.5996
-72.2469
-75.8409
-79.1597
-81.9569
-83.9904
-85.0632
-53.6998
-54.15
-55.0462
-56.3792
-58.1317
-60.2756
-62.7666
-65.5395
-68.5028
-71.5349
-74.4838
-77.1729
-79.4139
-81.0283
-81.8749
-55.6432
-56.0399
-56.8277
-57.9947
-59.5207
-61.3744
-63.5106
-65.8664
-68.3582
-70.8804
-73.3071
-75.4973
-77.3058
-78.5993
-79.2744
-57.3113
-57.6582
-58.3459
-59.3611
-60.6821
-62.2772
-64.1023
-66.0988
-68.1923
-70.2924
-72.2947
-74.0865
-75.5552
-76.5995
-77.1425
-58.7385
-59.0401
-59.6369
-60.5151
-61.6532
-63.0203
-64.5749
-66.2639
-68.022
-69.7721
-71.4283
-72.9001
-74.0991
-74.9477
-75.3876
-59.9563
-60.2172
-60.7325
-61.4888
-62.4654
-63.6332
-64.9543
-66.3811
-67.8571
-69.317
-70.69
-71.903
-72.8864
-73.5796
-73.9382
-60.993
-61.2176
-61.6607
-62.3096
-63.1448
-64.1397
-65.2601
-66.4643
-67.7033
-68.9223
-70.0627
-71.0655
-71.875
-72.4439
-72.7376
-61.8738
-62.0665
-62.4461
-63.001
-63.7133
-64.5591
-65.5079
-66.5232
-67.5633
-68.582
-69.5309
-70.362
-71.0306
-71.4993
-71.7408
-62.6208
-62.7856
-63.1099
-63.5832
-64.1893
-64.9069
-65.7093
-66.565
-67.4382
-68.2903
-69.081
-69.7713
-70.3251
-70.7124
-70.9118
-63.2533
-63.3939
-63.6703
-64.0731
-64.5879
-65.1959
-65.8739
-66.5947
-67.3279
-68.041
-68.7009
-69.2752
-69.735
-70.056
-70.2211
-63.7883
-63.908
-64.1431
-64.4852
-64.9217
-65.4363
-66.0087
-66.6156
-67.2314
-67.8288
-68.38
-68.8588
-69.2413
-69.508
-69.6449
-64.2403
-64.3419
-64.5415
-64.8317
-65.2014
-65.6365
-66.1195
-66.6305
-67.1478
-67.6485
-68.1095
-68.5092
-68.828
-69.0499
-69.1638
-64.6216
-64.7079
-64.8771
-65.1229
-65.4358
-65.8034
-66.2108
-66.6411
-67.0758
-67.4957
-67.8817
-68.2157
-68.4818
-68.6669
-68.7618
-64.9431
-65.0162
-65.1596
-65.3677
-65.6322
-65.9427
-66.2862
-66.6485
-67.014
-67.3664
-67.6899
-67.9695
-68.1919
-68.3465
-68.4257
-65.2138
-65.2757
-65.3971
-65.5732
-65.7968
-66.0589
-66.3487
-66.6538
-66.9612
-67.2572
-67.5286
-67.7628
-67.9491
-68.0784
-68.1446
-65.4416
-65.494
-65.5967
-65.7456
-65.9347
-66.156
-66.4004
-66.6576
-66.9163
-67.1651
-67.393
-67.5896
-67.7457
-67.8541
-67.9096
-65.633
-65.6773
-65.7643
-65.8903
-66.0501
-66.2371
-66.4434
-66.6602
-66.8782
-67.0876
-67.2793
-67.4444
-67.5755
-67.6664
-67.713
-65.7935
-65.8311
-65.9048
-66.0114
-66.1466
-66.3047
-66.479
-66.6621
-66.8459
-67.0225
-67.1839
-67.3229
-67.4331
-67.5096
-67.5487
-65.928
-65.9599
-66.0223
-66.1127
-66.2273
-66.3611
-66.5086
-66.6634
-66.8188
-66.9679
-67.1041
-67.2213
-67.3142
-67.3787
-67.4117
-66.0404
-66.0674
-66.1205
-66.1972
-66.2945
-66.4081
-66.5332
-66.6644
-66.796
-66.9222
-67.0374
-67.1366
-67.2151
-67.2696
-67.2975
-66.1339
-66.157
-66.2022
-66.2675
-66.3504
-66.447
-66.5535
-66.665
-66.7769
-66.8841
-66.982
-67.0661
-67.1328
-67.179
-67.2026
-66.2114
-66.2312
-66.2698
-66.3258
-66.3966
-66.4793
-66.5702
-66.6655
-66.761
-66.8525
-66.936
-67.0078
-67.0647
-67.104
-67.1242
-66.2752
-66.2922
-66.3255
-66.3737
-66.4346
-66.5057
-66.5839
-66.6658
-66.7479
-66.8265
-66.8982
-66.9599
-67.0086
-67.0424
-67.0597
-66.3272
-66.342
-66.3709
-66.4127
-66.4655
-66.5272
-66.5951
-66.6661
-66.7372
-66.8053
-66.8674
-66.9208
-66.963
-66.9923
-67.0072
-66.369
-66.3819
-66.4073
-66.444
-66.4904
-66.5445
-66.604
-66.6662
-66.7286
-66.7883
-66.8427
-66.8895
-66.9265
-66.9521
-66.9652
-66.4017
-66.4133
-66.4359
-66.4685
-66.5098
-66.558
-66.6109
-66.6664
-66.7218
-66.7749
-66.8233
-66.8649
-66.8978
-66.9205
-66.9322
-66.4265
-66.437
-66.4574
-66.4871
-66.5245
-66.5682
-66.6162
-66.6664
-66.7167
-66.7648
-66.8087
-66.8463
-66.8761
-66.8967
-66.9073
-66.444
-66.4537
-66.4727
-66.5002
-66.5349
-66.5754
-66.6199
-66.6665
-66.7131
-66.7577
-66.7983
-66.8332
-66.8608
-66.8799
-66.8897
-66.4547
-66.464
-66.4821
-66.5082
-66.5413
-66.5798
-66.6222
-66.6665
-66.7109
-66.7533
-66.792
-66.8252
-66.8514
-66.8696
-66.8789
-66.459
-66.4681
-66.4858
-66.5114
-66.5438
-66.5816
-66.6231
-66.6665
-66.71
-66.7515
-66.7894
-66.8219
-66.8476
-66.8654
-66.8745
-66.4571
-66.4662
-66.4841
-66.51
-66.5427
-66.5808
-66.6227
-66.6665
-66.7104
-66.7524
-66.7906
-66.8234
-66.8493
-66.8673
-66.8765
-66.4488
-66.4583
-66.4769
-66.5038
-66.5378
-66.5774
-66.621
-66.6665
-66.7121
-66.7557
-66.7955
-66.8296
-66.8566
-66.8753
-66.8848
-66.4339
-66.444
-66.4639
-66.4926
-66.5289
-66.5713
-66.6178
-66.6665
-66.7152
-66.7618
-66.8043
-66.8408
-66.8696
-66.8896
-66.8998
-66.4119
-66.423
-66.4447
-66.4762
-66.5159
-66.5622
-66.6132
-66.6664
-66.7198
-66.7708
-66.8173
-66.8572
-66.8888
-66.9107
-66.9219
-66.3822
-66.3946
-66.4189
-66.4539
-66.4983
-66.55
-66.6069
-66.6664
-66.7259
-66.7829
-66.8349
-66.8795
-66.9148
-66.9392
-66.9517
-66.344
-66.358
-66.3855
-66.4253
-66.4756
-66.5342
-66.5987
-66.6663
-66.7338
-66.7985
-66.8575
-66.9082
-66.9482
-66.976
-66.9902
-66.2959
-66.3121
-66.3436
-66.3893
-66.447
-66.5144
-66.5885
-66.6661
-66.7438
-66.8181
-66.8859
-66.9442
-66.9903
-67.0222
-67.0385
-66.2367
-66.2554
-66.292
-66.3449
-66.4118
-66.49
-66.5759
-66.6659
-66.756
-66.8423
-66.921
-66.9886
-67.0422
-67.0792
-67.0982
-66.1645
-66.1863
-66.229
-66.2907
-66.3689
-66.4601
-66.5604
-66.6655
-66.7708
-66.8717
-66.9638
-67.0428
-67.1055
-67.1489
-67.171
-66.0772
-66.1027
-66.1528
-66.2252
-66.3169
-66.4239
-66.5416
-66.6651
-66.7888
-66.9073
-67.0155
-67.1085
-67.1822
-67.2332
-67.2593
-65.9721
-66.0022
-66.061
-66.1463
-66.2542
-66.3802
-66.519
-66.6644
-66.8103
-66.9501
-67.0778
-67.1876
-67.2745
-67.3348
-67.3656
-65.8461
-65.8816
-65.951
-66.0516
-66.1789
-66.3277
-66.4916
-66.6635
-66.8359
-67.0014
-67.1525
-67.2824
-67.3855
-67.4569
-67.4934
-65.6956
-65.7374
-65.8195
-65.9382
-66.0888
-66.2647
-66.4587
-66.6622
-66.8665
-67.0626
-67.2418
-67.396
-67.5183
-67.6031
-67.6465
-65.5159
-65.5654
-65.6624
-65.8029
-65.981
-66.1893
-66.4191
-66.6603
-66.9027
-67.1355
-67.3484
-67.5318
-67.6773
-67.7782
-67.8298
-65.3019
-65.3604
-65.4751
-65.6413
-65.8522
-66.099
-66.3714
-66.6577
-66.9456
-67.2223
-67.4756
-67.6939
-67.8671
-67.9874
-68.0489
-65.0472
-65.1164
-65.2521
-65.4488
-65.6985
-65.991
-66.3141
-66.6541
-66.9962
-67.3254
-67.627
-67.8872
-68.0938
-68.2373
-68.3108
-64.7445
-64.8263
-64.9868
-65.2195
-65.5151
-65.8618
-66.2451
-66.6489
-67.0557
-67.4477
-67.8072
-68.1176
-68.3644
-68.5358
-68.6236
-64.385
-64.4817
-64.6712
-64.9464
-65.2963
-65.7071
-66.1618
-66.6416
-67.1256
-67.5926
-68.0215
-68.3922
-68.6872
-68.8923
-68.9975
-63.9584
-64.0725
-64.2963
-64.6214
-65.0354
-65.5218
-66.0613
-66.6312
-67.2073
-67.764
-68.276
-68.7193
-69.0725
-69.3182
-69.4443
-63.4527
-63.5871
-63.851
-64.2348
-64.724
-65.2999
-65.9395
-66.6166
-67.3024
-67.9665
-68.5784
-69.109
-69.5323
-69.8272
-69.9786
-62.8537
-63.0118
-63.3226
-63.775
-64.3525
-65.0336
-65.7917
-66.596
-67.4126
-68.2052
-68.9371
-69.5731
-70.0814
-70.4359
-70.618
-62.1448
-62.3306
-62.6959
-63.2283
-63.9092
-64.7138
-65.6117
-66.567
-67.5394
-68.486
-69.3624
-70.1258
-70.7372
-71.1642
-71.3838
-61.3071
-61.5247
-61.9531
-62.5785
-63.3799
-64.3294
-65.3919
-66.526
-67.6843
-68.8155
-69.8662
-70.784
-71.5209
-72.0366
-72.302
-60.3182
-60.5725
-61.0737
-61.8065
-62.7479
-63.8665
-65.1225
-66.4681
-67.8479
-69.2008
-70.4622
-71.5679
-72.4582
-73.0826
-73.4045
-59.1528
-59.449
-60.0334
-60.8897
-61.9928
-63.3081
-64.7909
-66.3865
-68.0303
-69.6496
-71.1663
-72.5013
-73.5801
-74.3387
-74.7304
-57.7818
-58.1255
-58.8044
-59.8016
-61.0904
-62.6334
-64.3811
-66.2715
-68.2297
-70.1696
-71.9965
-73.6126
-74.9241
-75.8495
-76.3283
-56.1723
-56.5691
-57.3545
-58.5111
-60.0117
-61.8166
-63.8722
-66.1093
-68.4418
-70.768
-72.973
-74.9354
-76.5362
-77.6703
-78.2585
-54.2874
-54.7431
-55.6468
-56.982
-58.7217
-60.8256
-63.2373
-65.8808
-68.6584
-71.4504
-74.1179
-76.5093
-78.4724
-79.8699
-80.5972
-52.0862
-52.6061
-53.6395
-55.172
-57.1788
-59.6211
-62.4416
-65.5591
-68.8649
-72.2193
-75.4544
-78.3804
-80.8011
-82.5349
-83.4407
-49.524
-50.1128
-51.2859
-53.0327
-55.3335
-58.154
-61.4395
-65.1069
-69.0374
-73.0711
-77.0054
-80.6024
-83.6066
-85.7748
-86.9129
-46.5532
-47.2139
-48.5339
-50.509
-53.1274
-56.3642
-60.1723
-64.4719
-69.1384
-73.9918
-78.7905
-83.2358
-86.9926
-89.7296
-91.1754
-43.1239
-43.8573
-45.3274
-47.5387
-50.4921
-54.1778
-58.5639
-63.5821
-69.1095
-74.9504
-80.8209
-86.3471
-91.0865
-94.581
-96.4415
-39.1855
-39.9894
-41.6064
-44.0532
-47.3485
-51.5051
-56.5167
-62.3386
-68.863
-75.8883
-83.0901
-90.0047
-96.0445
-100.567
-102.999
-34.6893
-35.557
-37.3095
-39.9787
-43.607
-48.239
-53.9068
-60.6073
-68.2685
-76.7036
-85.5587
-94.2693
-102.056
-108.003
-111.246
-29.5908
-30.5107
-32.3764
-35.2384
-39.1688
-44.2537
-50.5798
-58.209
-67.1367
-77.227
-88.1272
-99.1752
-109.345
-117.316
-121.745
-23.8539
-24.808
-26.7517
-29.7567
-33.9292
-39.4067
-46.348
-54.9092
-65.1974
-77.1878
-90.593
-104.69
-118.162
-129.088
-135.318
-17.455
-18.4184
-20.3907
-23.4646
-27.7836
-33.5436
-40.9915
-50.41
-62.076
-76.166
-92.5777
-110.639
-128.745
-144.122
-153.217
-10.3878
-11.3289
-13.265
-16.3085
-20.6377
-26.5087
-34.2668
-44.3504
-57.2711
-73.5318
-93.4165
-116.558
-141.222
-163.516
-177.431
-2.66762
-3.54891
-5.3711
-8.26003
-12.4216
-18.1639
-25.9274
-36.3207
-50.147
-68.381
-91.9934
-121.418
-155.344
-188.73
-211.306
5.66378
4.8837
3.26293
0.671574
-3.10843
-8.41594
-15.7622
-25.9072
-39.9622
-59.495
-86.5341
-123.151
-169.841
-221.448
-260.857
14.536
13.8993
12.5702
10.4279
7.26486
2.7472
-3.65391
-12.7788
-25.9738
-45.3967
-74.4237
-117.887
-180.923
-262.636
-337.772
23.8496
23.3948
22.4412
20.8922
18.5781
15.2176
10.3452
3.17526
-7.66088
-24.6293
-52.2881
-99.0304
-179.033
-308.389
-466.862
33.4778
33.2356
32.7248
31.8868
30.6171
28.737
25.939
21.6744
14.9096
3.56137
-16.9005
-57.0758
-142.869
-333.92
-705.998
43.2732
43.2618
43.2344
43.1802
43.0789
42.8927
42.5502
41.9088
40.6619
38.0798
32.1762
16.558
-33.6078
-233.733
-1203.51
53.0752
53.2979
53.7614
54.5053
55.5985
57.1558
59.3676
62.5621
67.3399
74.9035
87.9981
114.182
179.792
400.938
1392.25
62.7211
63.1655
64.0924
65.5863
67.7947
70.9631
75.501
82.114
92.0814
107.884
134.728
184.426
285.176
500.762
909.734
72.0571
72.6964
74.0284
76.1698
79.3227
83.8176
90.1916
99.3344
112.768
133.196
165.587
219.213
310.81
466.282
711.257
81.383
33.1298
13.7782
3.7721
-2.28405
-6.29572
-9.09865
-11.122
-12.6108
-13.7155
-14.533
-15.1274
-15.5416
-15.8037
-15.9307
51.4266
31.4608
16.8824
7.39776
1.09193
-3.26829
-6.38612
-8.67023
-10.369
-11.6402
-12.5873
-13.2798
-13.7646
-14.0723
-14.2217
35.3348
26.0504
16.4491
8.81581
3.11678
-1.10359
-4.2525
-6.62486
-8.42409
-9.78976
-10.8183
-11.5765
-12.1103
-12.4507
-12.6164
25.6902
20.8596
14.6491
8.8905
4.11477
0.317057
-2.65812
-4.97745
-6.78014
-8.17337
-9.23684
-10.0287
-10.5904
-10.9502
-11.1259
19.3998
16.627
12.5349
8.28259
4.43353
1.16649
-1.51918
-3.68875
-5.42049
-6.78589
-7.84394
-8.64069
-9.21049
-9.57758
-9.75738
15.0349
13.3103
10.532
7.39453
4.34805
1.61219
-0.738608
-2.70409
-4.31517
-5.61177
-6.63243
-7.41019
-7.97127
-8.33489
-8.5136
11.8674
10.7253
8.77845
6.4432
4.04682
1.79048
-0.225622
-1.96549
-3.42821
-4.62921
-5.58952
-6.3301
-6.86909
-7.22051
-7.39384
9.49285
8.69903
7.29451
5.53424
3.6483
1.80191
0.0955382
-1.41934
-2.72297
-3.81376
-4.69915
-5.38995
-5.89708
-6.22973
-6.39438
7.66949
7.09678
6.05753
4.71251
3.22227
1.71609
0.283717
-1.01989
-2.16551
-3.14091
-3.94385
-4.57729
-5.04619
-5.35555
-5.50919
6.24377
5.81843
5.03284
3.99156
2.80729
1.57899
0.38247
-0.730122
-1.72625
-2.58778
-3.30621
-3.87884
-4.30605
-4.58944
-4.73065
5.11336
4.7902
4.18567
3.36987
2.42284
1.41982
0.422931
-0.52123
-1.38043
-2.13401
-2.7698
-3.28134
-3.66574
-3.92203
-4.05011
4.20732
3.9573
3.48518
2.83926
2.07726
1.25637
0.426771
-0.371335
-1.10794
-1.76202
-2.31963
-2.77211
-3.11435
-3.3436
-3.45849
3.47487
3.2786
2.90534
2.38924
1.77255
1.09897
0.408734
-0.264143
-0.892762
-1.45699
-1.94246
-2.33939
-2.6414
-2.84454
-2.94661
2.87867
2.72278
2.42467
2.00905
1.50732
0.953117
0.378639
-0.187682
-0.722288
-1.20663
-1.62676
-1.97257
-2.23707
-2.41566
-2.50559
2.3907
2.26568
2.02558
1.68863
1.27852
0.821334
0.342877
-0.133244
-0.586708
-1.00087
-1.36265
-1.66219
-1.89237
-2.04831
-2.12699
1.98953
1.88847
1.69374
1.41901
1.0824
0.704313
0.30549
-0.0945392
-0.478419
-0.83146
-1.14174
-1.39997
-1.59921
-1.73459
-1.80302
1.65852
1.57629
1.41742
1.19234
0.915062
0.601688
0.268936
-0.0670477
-0.39154
-0.69174
-0.956972
-1.1787
-1.35038
-1.46734
-1.52655
1.38459
1.31733
1.18708
1.0019
0.772786
0.512513
0.234624
-0.0475353
-0.321528
-0.576295
-0.802407
-0.992159
-1.13954
-1.24017
-1.29119
1.15737
1.10209
0.994852
0.84198
0.652136
0.435565
0.203276
-0.0336935
-0.264864
-0.480742
-0.673085
-0.835034
-0.96116
-1.04744
-1.09124
0.968517
0.922909
0.834314
0.70772
0.55004
0.369529
0.175175
-0.0238782
-0.218817
-0.401529
-0.564862
-0.702779
-0.810436
-0.884209
-0.921695
0.811329
0.773577
0.700154
0.595041
0.463793
0.313102
0.150335
-0.0169202
-0.181257
-0.335768
-0.474283
-0.59153
-0.683233
-0.746166
-0.778172
0.680349
0.649008
0.587992
0.500506
0.391042
0.265057
0.128612
-0.0119886
-0.15052
-0.281113
-0.398469
-0.498014
-0.576004
-0.629593
-0.656867
0.571128
0.545038
0.494207
0.421229
0.329761
0.224274
0.109772
-0.00849384
-0.125293
-0.235647
-0.335019
-0.41946
-0.485713
-0.531286
-0.554496
0.480018
0.458245
0.415797
0.354787
0.278212
0.189749
0.0935455
-0.00601756
-0.104541
-0.197805
-0.281935
-0.353533
-0.409779
-0.448504
-0.468238
0.404022
0.385806
0.350271
0.299152
0.234914
0.160598
0.0796508
-0.00426308
-0.0874403
-0.166305
-0.237551
-0.298263
-0.346008
-0.378906
-0.395678
0.340672
0.32539
0.295564
0.252625
0.198612
0.13605
0.0678154
-0.00302008
-0.0733337
-0.140093
-0.200479
-0.251995
-0.292544
-0.320502
-0.334762
0.287932
0.27507
0.249959
0.213786
0.168244
0.115441
0.0577853
-0.00213951
-0.0616946
-0.118305
-0.169567
-0.213339
-0.24782
-0.271608
-0.283745
0.24412
0.233255
0.212034
0.181449
0.142916
0.0982016
0.0493302
-0.00151572
-0.0520997
-0.10023
-0.143853
-0.181133
-0.210519
-0.230802
-0.241154
0.20785
0.198628
0.180611
0.154631
0.12188
0.0838475
0.0422459
-0.00107386
-0.044208
-0.0852847
-0.122544
-0.154407
-0.179537
-0.19689
-0.205749
0.177983
0.170106
0.154715
0.132513
0.10451
0.0719712
0.0363542
-0.000760899
-0.0377445
-0.0729895
-0.10498
-0.132354
-0.153954
-0.168875
-0.176494
0.153583
0.146802
0.133548
0.114422
0.0902886
0.0622317
0.0315025
-0.000539283
-0.0324879
-0.0629535
-0.0906219
-0.114309
-0.133008
-0.145929
-0.152528
0.133891
0.127991
0.116456
0.0998071
0.0787911
0.0543474
0.0275621
-0.000382405
-0.0282608
-0.0548592
-0.0790275
-0.0997271
-0.116074
-0.127372
-0.133143
0.118296
0.113091
0.102915
0.0882237
0.0696732
0.0480887
0.0244263
-0.000271435
-0.0249222
-0.0484519
-0.0698409
-0.088167
-0.102644
-0.112652
-0.117765
0.106313
0.101642
0.0925086
0.0793196
0.0626613
0.0432724
0.0220092
-0.000193051
-0.0223619
-0.0435308
-0.0627807
-0.0792792
-0.0923156
-0.10133
-0.105935
0.0975732
0.0932913
0.0849176
0.0728236
0.0575452
0.0397574
0.020244
-0.000137843
-0.0204958
-0.0399418
-0.0576304
-0.0727948
-0.0847797
-0.0930682
-0.0973036
0.0918059
0.0877809
0.0799091
0.0685384
0.0541711
0.0374402
0.0190816
-9.91845e-05
-0.0192628
-0.0375729
-0.0542324
-0.0685177
-0.0798099
-0.0876204
-0.0916118
0.0888326
0.084941
0.0773295
0.0663336
0.0524377
0.0362529
0.01849
-7.24333e-05
-0.0186223
-0.0363498
-0.0524824
-0.0663185
-0.077257
-0.0848238
-0.0886909
0.0885609
0.0846835
0.0770993
0.066142
0.0522932
0.0361611
0.0184534
-5.43787e-05
-0.0185528
-0.0362339
-0.0523268
-0.0661306
-0.0770449
-0.0845955
-0.0884546
0.090981
0.0869992
0.0792107
0.0679576
0.0537337
0.0371632
0.0189723
-4.28534e-05
-0.0190505
-0.0372206
-0.0537602
-0.0679486
-0.0791679
-0.0869299
-0.0908971
0.0961651
0.0919576
0.0837273
0.0718354
0.0568034
0.0392903
0.0200632
-3.64741e-05
-0.0201298
-0.0393391
-0.0568259
-0.0718277
-0.0836908
-0.0918986
-0.0960938
0.10427
0.0997086
0.0907858
0.077893
0.0615954
0.0426072
0.0217598
-3.44755e-05
-0.0218228
-0.0426533
-0.0616167
-0.0778858
-0.0907513
-0.0996528
-0.104203
0.115542
0.110487
0.1006
0.0863141
0.0682552
0.0472147
0.0241138
-3.66182e-05
-0.0241807
-0.0472637
-0.0682778
-0.0863065
-0.100564
-0.110428
-0.11547
0.130322
0.124621
0.113468
0.0973544
0.0769849
0.0532525
0.0271964
-4.316e-05
-0.0272753
-0.0533102
-0.0770115
-0.0973454
-0.113425
-0.124551
-0.130237
0.14906
0.142538
0.129781
0.111349
0.088049
0.0609033
0.0311006
-5.48871e-05
-0.0312009
-0.0609767
-0.0880829
-0.111337
-0.129726
-0.142449
-0.148952
0.172325
0.164784
0.150034
0.128722
0.101783
0.0703986
0.0359438
-7.32081e-05
-0.0360776
-0.0704966
-0.101828
-0.128707
-0.149961
-0.164666
-0.172182
0.200825
0.192035
0.174842
0.150001
0.118603
0.0820254
0.0418716
-0.000100324
-0.0420549
-0.0821596
-0.118665
-0.14998
-0.174742
-0.191873
-0.200629
0.235426
0.225119
0.204959
0.175832
0.139019
0.0961347
0.0490615
-0.000139491
-0.0493163
-0.0963214
-0.139105
-0.175803
-0.20482
-0.224894
-0.235154
0.277183
0.265044
0.241301
0.206999
0.163648
0.113152
0.0577284
-0.000195413
-0.0580855
-0.113414
-0.163769
-0.206958
-0.241106
-0.264728
-0.276801
0.327366
0.313024
0.284972
0.244448
0.193237
0.133591
0.0681308
-0.000274806
-0.0686329
-0.133959
-0.193407
-0.244391
-0.284698
-0.31258
-0.326829
0.387506
0.370521
0.337302
0.289316
0.228681
0.158067
0.0805776
-0.000387204
-0.081285
-0.158585
-0.22892
-0.289235
-0.336915
-0.369895
-0.386749
0.459437
0.439288
0.399883
0.342966
0.271052
0.187314
0.0954373
-0.000546104
-0.0964351
-0.188045
-0.27139
-0.342852
-0.399337
-0.438404
-0.458369
0.545355
0.521422
0.47462
0.407026
0.321632
0.222212
0.113148
-0.000770586
-0.114556
-0.223243
-0.322108
-0.406864
-0.47385
-0.520176
-0.543847
0.647886
0.619432
0.563792
0.483441
0.381948
0.263805
0.134227
-0.00108761
-0.136215
-0.26526
-0.38262
-0.483214
-0.562705
-0.617673
-0.645759
0.77017
0.736315
0.670118
0.574535
0.453821
0.313336
0.15929
-0.00153523
-0.162095
-0.31539
-0.45477
-0.574214
-0.668583
-0.733831
-0.767167
0.915957
0.875649
0.796844
0.683073
0.53942
0.37228
0.189059
-0.00216721
-0.193019
-0.37518
-0.540759
-0.682619
-0.794677
-0.872143
-0.911717
1.08972
1.04171
0.947843
0.812354
0.641323
0.442388
0.224386
-0.00305941
-0.229976
-0.446482
-0.643214
-0.811715
-0.944783
-1.03676
-1.08374
1.29682
1.2396
1.12774
0.96631
0.762596
0.525731
0.266268
-0.00431897
-0.274159
-0.531511
-0.765265
-0.965407
-1.12342
-1.23261
-1.28838
1.54365
1.47541
1.34204
1.14962
0.906883
0.624762
0.315872
-0.00609711
-0.327012
-0.632922
-0.910651
-1.14835
-1.33594
-1.46554
-1.53172
1.83786
1.75643
1.59733
1.36786
1.07851
0.742375
0.374556
-0.00860729
-0.390283
-0.753894
-1.08383
-1.36606
-1.58872
-1.7425
-1.82102
2.18859
2.09137
1.90147
1.62768
1.28261
0.881985
0.443892
-0.0121509
-0.466093
-0.898246
-1.29012
-1.62514
-1.88932
-2.07171
-2.16481
2.6068
2.49066
2.26385
1.93698
1.52526
1.04761
0.525689
-0.0171532
-0.55703
-1.07056
-1.53587
-1.9334
-2.24669
-2.4629
-2.57324
3.10564
2.96677
2.69568
2.3052
1.81369
1.24395
0.622011
-0.0242147
-0.666255
-1.27636
-1.82866
-2.30014
-2.67146
-2.92759
-3.05826
3.70087
3.53469
3.21038
2.74355
2.15642
1.47654
0.735191
-0.0341828
-0.797648
-1.52229
-2.17756
-2.73641
-3.17619
-3.47937
-3.63398
4.41147
4.21238
3.82401
3.2654
2.56355
1.75179
0.867825
-0.0482535
-0.955993
-1.81638
-2.59339
-3.25533
-3.77576
-4.13428
-4.31704
5.26029
5.02145
4.55583
3.88669
3.04698
2.07715
1.02275
-0.0681148
-1.14721
-2.16834
-3.08912
-3.87248
-4.48771
-4.9112
-5.12697
6.27491
5.98796
5.42892
4.6264
3.62074
2.46123
1.20299
-0.0961484
-1.37868
-2.58995
-3.68024
-4.60636
-5.33277
-5.83231
-6.08669
7.48873
7.14336
6.47103
5.50713
4.3013
2.91383
1.41163
-0.135714
-1.65963
-3.09555
-4.38533
-5.47887
-6.33531
-6.92362
-7.22299
8.94232
8.52572
7.71554
6.55581
5.10796
3.44606
1.65161
-0.191553
-2.00165
-3.70261
-5.22663
-6.51599
-7.52399
-8.2155
-8.5671
10.6851
10.1813
9.2027
7.80449
6.06321
4.07031
1.92539
-0.270346
-2.41945
-4.43249
-6.23085
-7.74841
-8.93236
-9.74333
-10.1553
12.7777
12.1665
10.9812
9.29133
7.19311
4.8001
2.23443
-0.381512
-2.93172
-5.31142
-7.42999
-9.21243
-10.5996
-11.5482
-12.0294
15.2944
14.5504
13.1098
11.0617
8.52766
5.64974
2.57834
-0.538319
-3.56236
-6.37162
-8.86248
-10.9508
-12.5715
-13.6773
-14.2377
18.3277
17.418
15.6601
13.1693
10.1009
6.63368
2.95367
-0.759438
-4.34213
-7.65286
-10.5744
-13.0138
-14.9007
-16.1851
-16.835
21.9925
20.8743
18.7192
15.678
11.951
7.76531
3.35194
-1.07112
-5.31071
-9.20426
-12.621
-15.4604
-17.6482
-19.1332
-19.8834
26.4335
25.0506
22.3936
18.6626
14.1196
9.05492
3.75692
-1.51019
-6.51954
-11.0867
-15.0686
-18.3592
-20.8836
-22.5915
-23.4525
31.8346
30.1113
26.8134
22.2109
16.6503
10.5065
4.14038
-2.12825
-8.03539
-13.3753
-17.9959
-21.79
-24.6857
-26.6375
-27.6194
38.432
36.2653
32.1391
26.4242
19.586
12.1122
4.45612
-2.99731
-9.94504
-16.1634
-21.4971
-25.8444
-29.1429
-31.3569
-32.4678
46.5336
43.7796
38.5675
31.4173
22.9628
13.8443
4.63111
-4.21754
-12.3611
-19.5657
-25.6829
-30.6268
-34.353
-36.842
-38.0872
56.5473
53.0005
46.3414
37.3158
26.8005
15.6419
4.55289
-5.92739
-15.4291
-23.7228
-30.6833
-36.2546
-40.4219
-43.1904
-44.571
69.0233
64.3821
55.7583
44.2484
31.0847
17.391
4.05187
-8.31678
-19.3358
-28.8056
-36.648
-42.8568
-47.4616
-50.5022
-52.0129
84.7217
78.5286
67.1788
52.329
35.7367
18.8937
2.87684
-11.6434
-24.3181
-35.0183
-43.7468
-50.5726
-55.587
-58.8759
-60.5033
104.72
96.2554
81.0292
61.6192
40.5623
19.8224
0.66247
-16.2516
-30.6714
-42.5999
-52.1663
-59.5457
-64.9102
-68.4026
-70.1233
130.595
118.677
97.7842
72.0524
45.1672
19.6538
-3.11155
-22.5916
-38.7547
-51.8214
-62.1042
-69.9174
-75.5325
-79.159
-80.9372
164.746
147.329
117.899
83.2859
48.819
17.5766
-9.16688
-31.235
-48.988
-62.9758
-73.7564
-81.8147
-87.5351
-91.1981
-92.9851
210.99
184.322
141.611
94.4171
50.231
12.3751
-18.4688
-42.8746
-61.8355
-76.3569
-87.2984
-95.3347
-100.966
-104.539
-106.273
275.75
232.455
168.435
103.459
47.2466
2.30363
-32.2411
-58.2947
-77.7654
-92.2236
-102.857
-110.524
-115.824
-119.156
-120.764
370.575
294.977
195.921
106.413
36.4361
-14.9892
-51.9096
-78.2853
-97.1752
-110.745
-120.475
-127.357
-132.047
-134.968
-136.37
517.893
373.788
216.775
95.8022
12.7427
-42.355
-78.9002
-103.473
-120.278
-131.933
-140.069
-145.71
-149.498
-151.834
-152.949
765.278
461.558
212.597
58.8621
-30.3683
-82.6042
-114.204
-134.055
-146.956
-155.563
-161.395
-165.347
-167.956
-169.546
-170.3
1223.57
511.297
142.289
-22.8742
-99.1693
-137.183
-157.666
-169.461
-176.614
-181.119
-184.026
-185.915
-187.121
-187.838
-188.172
2176.49
322.65
-69.58
-166.324
-194.554
-203.935
-207.158
-208.088
-208.109
-207.784
-207.36
-206.955
-206.624
-206.393
-206.275
81.8366
82.6496
84.3381
87.0373
90.9767
96.5202
104.234
114.996
130.178
151.899
183.306
228.47
290.207
359.979
381.416
91.6897
92.6296
94.5721
97.6502
102.083
108.205
116.5
127.66
142.629
162.611
188.876
221.991
259.689
292.338
298.233
100.6
101.605
103.668
106.905
111.499
117.712
125.899
136.51
150.063
167.038
187.589
210.922
234.216
251.445
254.333
108.504
109.518
111.587
114.801
119.293
125.243
132.871
142.414
154.072
167.886
183.516
199.888
214.805
224.885
226.706
115.392
116.371
118.36
121.417
125.626
131.092
137.923
146.2
155.923
166.916
178.695
190.304
200.228
206.578
207.773
121.297
122.213
124.062
126.877
130.699
135.573
141.525
148.536
156.498
165.158
174.041
182.398
189.223
193.423
194.185
126.284
127.119
128.796
131.326
134.719
138.974
144.064
149.915
156.373
163.173
169.909
176.021
180.838
183.701
184.153
130.432
131.179
132.673
134.909
137.873
141.536
145.84
150.683
155.901
161.25
166.398
170.933
174.402
176.387
176.611
133.829
134.49
135.806
137.76
140.325
143.455
147.074
151.073
155.293
159.522
163.496
166.909
169.446
170.83
170.884
136.562
137.143
138.296
139.997
142.211
144.88
147.926
151.238
154.671
158.047
161.152
163.758
165.637
166.601
166.526
138.71
139.222
140.234
141.719
143.637
145.926
148.508
151.277
154.105
156.838
159.305
161.329
162.742
163.406
163.233
140.343
140.798
141.695
143.006
144.687
146.677
148.9
151.256
153.63
155.891
157.898
159.508
160.592
161.044
160.799
141.517
141.929
142.74
143.919
145.423
147.194
149.154
151.213
153.265
155.196
156.884
158.21
159.07
159.377
159.079
142.276
142.659
143.411
144.503
145.891
147.516
149.306
151.173
153.019
154.74
156.227
157.376
158.096
158.313
157.981
142.648
143.017
143.74
144.788
146.118
147.672
149.377
151.15
152.896
154.514
155.904
156.968
157.62
157.794
157.446
290.054
267.534
246.824
200.198
176.539
142.749
119.693
73.2363
99.9012
107.071
109.268
110.347
112.492
115.175
123.577
121.138
104.974
97.1408
86.2331
80.0817
70.4308
61.8067
40.6807
58.9242
65.5139
71.5314
75.6181
83.4725
89.7177
103.913
105.862
98.4544
94.7216
88.6881
84.9421
78.0428
70.1183
47.616
72.8964
83.4826
95.9215
104.407
120.561
132.268
157.07
161.196
150.522
145.204
136.578
130.966
120.35
107.573
71.1429
110.675
126.11
142.525
152.029
168.243
178.645
199.709
198.265
172.739
159.793
140.353
128.979
110.514
94.5744
57.0946
84.9418
93.0033
97.0463
98.1602
99.4245
99.7317
101.896
96.5573
78.3042
69.2053
58.8935
53.3288
50.0547
40.3592
17.4604
64.6559
38.2132
-76.1598
-182.805
-395.381
-982.649
-2879.58
270.489
248.077
225.873
199.097
175.789
152.56
132.548
114.413
113.469
114.069
114.304
114.403
114.798
115.39
115.994
112.832
105.493
98.4159
91.0013
84.4357
77.6021
71.2116
65.3496
68.5164
72.3277
76.37
80.4248
85.3414
90.312
95.7366
97.4246
95.551
92.9578
89.5642
86.1611
82.0627
77.8049
74.0402
81.1703
89.1011
97.8442
106.567
116.817
126.677
137.007
140.92
138.889
135.414
130.485
125.198
118.502
111.12
104.042
113.778
123.967
134.22
143.116
152.353
159.839
166.083
164.021
153.495
142.127
129.113
116.813
103.311
90.1441
77.2118
78.5991
80.0784
80.3491
79.2568
77.263
74.1329
69.6067
61.3856
48.9322
36.5645
23.5583
10.4019
-4.37726
-23.6971
-48.5547
-73.1002
-131.848
-239.606
-395.874
-646.578
-1062.01
-1649.3
243.118
228.315
211.5
192.998
174.923
157.737
142.697
130.833
124.812
121.59
119.535
118.032
116.818
115.585
113.831
110.539
105.633
100.176
94.5453
89.1744
84.1342
79.8544
77.0158
77.1795
78.8079
81.1894
83.9892
87.1313
90.2512
92.9399
94.1146
93.6826
92.3453
90.453
88.3801
86.311
84.7808
84.7749
88.2901
93.5489
99.7951
106.526
113.635
120.408
126.184
129.199
129.336
127.715
124.906
121.46
117.639
114.228
112.728
116.226
121.733
127.865
133.708
138.982
142.82
144.416
141.963
135.463
126.83
116.841
106.376
95.6224
85.3753
76.7075
72.1225
68.8928
65.6134
61.6505
56.7364
50.5436
42.6373
32.3074
19.4362
4.84269
-11.5608
-30.1886
-52.2704
-79.7788
-115.018
-161.605
-231.33
-333.194
-472.949
-660.558
-893.878
-1116.15
220.989
211.448
199.549
186.283
172.772
159.823
148.269
138.835
132.124
127.425
123.972
121.239
118.866
116.529
113.881
110.569
106.564
102.183
97.7144
93.4355
89.5698
86.4205
84.3578
83.7319
84.2028
85.405
87.0598
88.9518
90.8103
92.3223
93.1167
93.1168
92.5309
91.6007
90.5927
89.7822
89.5606
90.4384
92.8983
96.5737
101.046
105.941
110.935
115.571
119.336
121.623
122.311
121.726
120.243
118.261
116.183
114.583
114.216
115.778
118.598
121.925
125.119
127.679
129.026
128.576
125.733
120.499
113.484
105.254
96.3532
87.2031
78.3312
70.3228
63.6934
57.7779
51.8607
45.4128
38.0505
29.4208
19.1572
6.88832
-7.57982
-24.2729
-43.4767
-65.8048
-92.3484
-124.726
-165.14
-216.785
-284.533
-372.212
-481.111
-608.705
-741.633
-845.934
204.343
197.972
189.564
179.917
169.806
159.899
150.783
142.916
136.535
131.464
127.37
123.928
120.859
117.917
114.884
111.597
108.034
104.315
100.609
97.1
93.9723
91.4207
89.6295
88.7037
88.5432
88.9677
89.7877
90.819
91.8672
92.7366
93.2613
93.3934
93.2113
92.8591
92.5199
92.4042
92.7562
93.8224
95.755
98.4495
101.688
105.212
108.749
111.989
114.614
116.35
117.116
117.027
116.298
115.2
114.036
113.161
112.923
113.518
114.73
116.176
117.439
118.119
117.82
116.181
112.943
108.097
101.884
94.6318
86.6878
78.3821
70.0425
61.9511
54.2353
46.6643
38.8717
30.4911
21.1892
10.6502
-1.43533
-15.364
-31.3918
-49.7729
-70.8928
-95.35
-124.023
-158.101
-199.084
-248.775
-309.027
-380.668
-462.341
-549.16
-630.601
-689.803
191.879
187.427
181.358
174.217
166.544
158.831
151.496
144.852
139.059
134.095
129.826
126.076
122.667
119.437
116.25
113.019
109.727
106.427
103.217
100.214
97.5436
95.3246
93.6535
92.5723
92.0398
91.9596
92.2101
92.6609
93.18
93.6463
93.97
94.1212
94.1355
94.0975
94.1241
94.3517
94.9224
95.9575
97.5137
99.5417
101.915
104.463
106.991
109.292
111.169
112.474
113.152
113.249
112.885
112.229
111.474
110.821
110.431
110.367
110.525
110.69
110.597
109.968
108.54
106.088
102.468
97.6629
91.7813
85.0036
77.5422
69.609
61.3952
53.0377
44.568
35.8692
26.7289
16.8958
6.10903
-5.89337
-19.3737
-34.5932
-51.8146
-71.3282
-93.5023
-118.823
-147.914
-181.528
-220.488
-265.552
-317.119
-374.674
-436.154
-497.351
-551.582
-590.522
182.465
179.207
174.693
169.279
163.336
157.214
151.213
145.559
140.385
135.724
131.533
127.73
124.215
120.891
117.679
114.529
111.429
108.408
105.524
102.849
100.463
98.4379
96.8266
95.6492
94.8837
94.474
94.3427
94.4029
94.5676
94.76
94.9259
95.0448
95.134
95.2415
95.4377
95.8037
96.4185
97.3413
98.5916
100.135
101.89
103.743
105.559
107.202
108.546
109.5
110.022
110.132
109.892
109.399
108.766
108.097
107.47
106.895
106.308
105.574
104.523
102.968
100.734
97.6741
93.6961
88.7781
82.967
76.3589
69.0751
61.2386
52.9543
44.2852
35.2298
25.7094
15.5836
4.6734
-7.22061
-20.3086
-34.8073
-50.9389
-68.9357
-89.0516
-111.58
-136.863
-165.289
-197.255
-233.098
-272.96
-316.584
-363.026
-410.369
-455.565
-494.572
-523.09
175.286
172.793
169.319
165.098
160.383
155.421
150.427
145.573
140.97
136.671
132.68
128.967
125.484
122.182
119.017
115.963
113.015
110.191
107.527
105.067
102.861
100.953
99.3733
98.1314
97.2139
96.586
96.1981
95.9931
95.914
95.9107
95.9478
96.0102
96.1045
96.2566
96.5056
96.8964
97.4698
98.2524
99.2461
100.422
101.724
103.072
104.376
105.541
106.485
107.144
107.487
107.516
107.261
106.771
106.106
105.315
104.429
103.441
102.3
100.915
99.1725
96.9458
94.1152
90.581
86.277
81.178
75.2991
68.6863
61.4026
53.5124
45.0666
36.0884
26.5606
16.4212
5.56763
-6.13231
-18.8307
-32.6921
-47.8887
-64.5981
-83.0044
-103.3
-125.688
-150.377
-177.564
-207.397
-239.914
-274.943
-311.985
-350.072
-387.67
-422.684
-452.658
-475.235
169.78
167.788
165.018
161.625
157.784
153.669
149.438
145.221
141.113
137.173
133.425
129.87
126.492
123.273
120.193
117.242
114.421
111.744
109.233
106.918
104.829
102.995
101.432
100.145
99.1255
98.3508
97.7885
97.4009
97.1498
97.0017
96.932
96.9282
96.9906
97.1308
97.3682
97.7247
98.2186
98.8581
99.6363
100.528
101.49
102.465
103.39
104.198
104.831
105.242
105.404
105.309
104.966
104.396
103.624
102.668
101.535
100.206
98.6401
96.771
94.5176
91.7916
88.5082
84.5954
80.0016
74.6998
68.6869
61.9791
54.6027
46.5853
37.9452
28.6824
18.772
8.16101
-3.22953
-15.5
-28.7658
-43.1525
-58.7905
-75.8128
-94.3512
-114.534
-136.481
-160.291
-186.026
-213.674
-243.108
-274.024
-305.875
-337.816
-368.685
-397.054
-421.39
-440.318
165.559
163.899
161.61
158.795
155.578
152.081
148.425
144.709
141.014
137.396
133.89
130.514
127.271
124.161
121.181
118.332
115.619
113.054
110.654
108.44
106.431
104.644
103.09
101.772
100.683
99.8084
99.126
98.6105
98.2358
97.9784
97.8201
97.7496
97.7633
97.8638
98.0581
98.354
98.7563
99.263
99.8622
100.531
101.234
101.93
102.571
103.107
103.495
103.697
103.69
103.457
102.997
102.311
101.404
100.277
98.92
97.3121
95.4155
93.1791
90.542
87.4389
83.8065
79.5895
74.7448
69.2445
63.0748
56.2336
48.7253
40.5546
31.72
22.2087
11.9919
1.02352
-10.7594
-23.4338
-37.0864
-51.8098
-67.6981
-84.8428
-103.328
-123.226
-144.588
-167.432
-191.729
-217.376
-244.165
-271.754
-299.63
-327.1
-353.293
-377.226
-397.903
-414.474
162.351
160.914
158.954
156.543
153.768
150.722
147.494
144.164
140.8
137.455
134.167
130.962
127.856
124.859
121.979
119.223
116.601
114.125
111.808
109.665
107.71
105.956
104.408
103.068
101.931
100.988
100.222
99.6159
99.1515
98.8112
98.5803
98.4486
98.4095
98.4604
98.6004
98.8289
99.1425
99.5334
99.9871
100.482
100.989
101.474
101.9
102.229
102.424
102.455
102.297
101.933
101.351
100.543
99.5006
98.2137
96.666
94.8325
92.6791
90.1633
87.2364
83.8472
79.9456
75.4863
70.4314
64.7522
58.4289
51.4483
43.8014
35.4792
26.469
16.7507
6.29424
-4.94086
-17.0054
-29.9585
-43.8643
-58.7887
-74.7953
-91.9407
-110.27
-129.808
-150.557
-172.479
-195.487
-219.43
-244.068
-269.065
-293.968
-318.215
-341.152
-362.079
-380.323
-395.324
159.969
158.68
156.943
154.811
152.347
149.622
146.706
143.665
140.557
137.429
134.323
131.266
128.282
125.387
122.596
119.92
117.372
114.964
112.708
110.617
108.7
106.968
105.424
104.069
102.9
101.909
101.086
100.416
99.8873
99.4848
99.1966
99.0126
98.9249
98.9272
99.0142
99.1798
99.4162
99.712
100.051
100.414
100.774
101.103
101.369
101.541
101.588
101.482
101.201
100.722
100.03
99.1106
97.9479
96.5255
94.8224
92.8124
90.4634
87.7382
84.5955
80.9925
76.887
72.2397
67.0161
61.1869
54.7286
47.6217
39.8493
31.3943
22.2376
12.3553
1.71789
-9.71059
-21.9716
-35.1106
-49.1745
-64.2083
-80.2513
-97.3329
-115.467
-134.646
-154.834
-175.957
-197.898
-220.477
-243.453
-266.507
-289.247
-311.214
-331.901
-350.791
-367.405
-381.353
158.282
157.089
155.499
153.553
151.299
148.795
146.097
143.26
140.337
137.372
134.403
131.463
128.576
125.764
123.044
120.431
117.939
115.582
113.37
111.314
109.424
107.707
106.165
104.801
103.61
102.588
101.726
101.013
100.439
99.9922
99.6614
99.4367
99.3093
99.2708
99.3132
99.4275
99.603
99.8264
100.081
100.348
100.603
100.82
100.972
101.032
100.971
100.763
100.386
99.8166
99.0366
98.0268
96.7682
95.2402
93.4195
91.2792
88.7885
85.9131
82.6163
78.8603
74.6075
69.8222
64.4718
58.5268
51.9616
44.753
36.8795
28.3197
19.0508
9.04737
-1.71928
-13.2812
-25.673
-38.9303
-53.0872
-68.1734
-84.2105
-101.208
-119.157
-138.028
-157.76
-178.258
-199.384
-220.951
-242.72
-264.397
-285.635
-306.05
-325.231
-342.777
-358.323
-371.576
157.201
156.066
154.566
152.733
150.61
148.243
145.683
142.977
140.175
137.317
134.441
131.579
128.76
126.005
123.335
120.765
118.312
115.988
113.804
111.772
109.899
108.19
106.651
105.28
104.076
103.035
102.149
101.409
100.807
100.331
99.9718
99.7193
99.5641
99.4967
99.5075
99.5858
99.7194
99.8942
100.093
100.297
100.484
100.629
100.708
100.695
100.562
100.287
99.8451
99.2139
98.3725
97.3
95.9751
94.3753
92.4758
90.2495
87.6663
84.6937
81.2975
77.4425
73.0938
68.2178
62.7827
56.7592
50.1204
42.8411
34.8975
26.2658
16.9215
6.83842
-4.0111
-15.6565
-28.1277
-41.4538
-55.6607
-70.768
-86.7857
-103.71
-121.519
-140.167
-159.58
-179.65
-200.23
-221.131
-242.117
-262.914
-283.206
-302.655
-320.911
-337.638
-352.535
-365.366
156.674
155.566
154.108
152.329
150.268
147.968
145.474
142.833
140.089
137.284
134.455
131.634
128.848
126.123
123.478
120.93
118.496
116.189
114.02
111.998
110.133
108.429
106.891
105.517
104.307
103.257
102.359
101.607
100.99
100.5
100.127
99.8605
99.691
99.6086
99.603
99.6629
99.7754
99.9257
100.097
100.27
100.423
100.534
100.576
100.527
100.359
100.05
99.5755
98.9127
98.0399
96.9353
95.5767
93.9405
92.0016
89.7325
87.1036
84.0832
80.6382
76.7345
72.3386
67.4175
61.9401
55.877
49.2007
41.8854
33.906
25.2379
15.8556
5.7332
-5.15676
-16.8422
-29.3508
-42.7084
-56.9367
-72.0504
-88.0538
-104.937
-122.671
-141.203
-160.452
-180.306
-200.612
-221.182
-241.784
-262.152
-281.988
-300.974
-318.789
-335.127
-349.718
-362.349
-2851.68
-1001.37
-528.353
-376.455
-313.874
-282.062
-263.349
-251.27
-243.017
-237.187
-233.012
-230.041
-227.997
-226.714
-226.095
-1640.9
-1068.45
-707.705
-516.365
-413.268
-354.19
-318.007
-294.549
-278.67
-267.606
-259.79
-254.293
-250.55
-248.216
-247.094
-1126.3
-923.8
-717.644
-568.024
-468.636
-403.417
-359.937
-330.245
-309.503
-294.772
-284.245
-276.788
-271.689
-268.502
-266.968
-861.791
-782.802
-671.036
-569.442
-489.828
-430.899
-388.071
-356.986
-334.319
-317.731
-305.624
-296.923
-290.912
-287.131
-285.304
-706.34
-674.568
-614.244
-548.873
-490.327
-442.272
-404.458
-375.302
-353.052
-336.205
-323.594
-314.362
-307.9
-303.8
-301.81
-606.312
-594.874
-562.491
-521.469
-480.327
-443.396
-412.182
-386.707
-366.377
-350.437
-338.181
-329.025
-322.523
-318.355
-316.321
-537.89
-536.117
-519.366
-494.177
-466.109
-438.796
-414.16
-392.963
-375.306
-360.979
-349.662
-341.03
-334.805
-330.773
-328.792
-489.134
-492.33
-484.671
-469.758
-451.127
-431.512
-412.694
-395.671
-380.898
-368.506
-358.453
-350.624
-344.889
-341.134
-339.277
-453.478
-459.389
-457.224
-449.048
-437.124
-423.424
-409.428
-396.123
-384.105
-373.689
-365.014
-358.118
-352.987
-349.591
-347.902
-427.052
-434.517
-435.78
-432.079
-424.891
-415.627
-405.463
-395.283
-385.704
-377.125
-369.791
-363.84
-359.344
-356.337
-354.831
-407.458
-415.842
-419.293
-418.59
-414.726
-408.725
-401.508
-393.837
-386.295
-379.311
-373.18
-368.103
-364.208
-361.575
-360.249
-393.155
-402.093
-406.954
-408.255
-406.693
-403.031
-398.002
-392.254
-386.324
-380.636
-375.509
-371.177
-367.805
-365.502
-364.334
-383.145
-392.414
-398.17
-400.777
-400.755
-398.697
-395.208
-390.847
-386.106
-381.394
-377.038
-373.287
-370.327
-368.286
-367.247
-376.786
-386.243
-392.528
-395.923
-396.845
-395.79
-393.278
-389.814
-385.854
-381.792
-377.954
-374.599
-371.923
-370.065
-369.114
-373.696
-383.238
-389.769
-393.534
-394.906
-394.333
-392.296
-389.271
-385.696
-381.959
-378.382
-375.228
-372.696
-370.931
-370.025
)
;

boundaryField
{
    hot
    {
        type            calculated;
        value           nonuniform List<scalar> 
120
(
98.9422
98.3432
97.1329
95.2878
92.775
89.5555
85.5885
80.8373
75.2771
68.9029
61.739
53.8462
45.3271
36.3261
27.024
18.4086
10.644
3.06473
-4.22348
-11.132
-17.5926
-23.5591
-29.0062
-33.9271
-38.3311
-42.2396
-45.6825
-48.6955
-51.3172
-53.587
-55.5437
-57.2241
-58.6626
-59.8907
-60.9364
-61.8252
-62.5792
-63.2179
-63.7581
-64.2146
-64.5998
-64.9246
-65.1982
-65.4284
-65.6218
-65.784
-65.92
-66.0335
-66.1281
-66.2064
-66.2709
-66.3235
-66.3657
-66.3988
-66.4238
-66.4415
-66.4524
-66.4568
-66.4548
-66.4464
-66.4313
-66.4091
-66.3791
-66.3404
-66.2919
-66.232
-66.159
-66.0707
-65.9645
-65.8372
-65.685
-65.5034
-65.2871
-65.0297
-64.7239
-64.3606
-63.9297
-63.4188
-62.8138
-62.098
-61.2522
-60.2542
-59.0783
-57.6954
-56.0726
-54.173
-51.9558
-49.3766
-46.388
-42.9408
-38.9852
-34.4734
-29.3624
-23.6176
-17.217
-10.1558
-2.45092
5.85514
14.6919
23.9606
33.5368
43.2758
53.0206
62.6123
71.9005
81.6371
91.4585
100.353
108.254
115.149
121.069
126.075
130.245
133.663
136.416
138.581
140.228
141.413
142.179
142.555
)
;
    }
    cold
    {
        type            calculated;
        value           nonuniform List<scalar> 
120
(
-40.5103
-40.2396
-39.7004
-38.8976
-37.8389
-36.5355
-35.0026
-33.2602
-31.3334
-29.253
-27.0549
-24.7796
-22.4709
-20.1736
-17.9311
-15.962
-14.2585
-12.6572
-11.1693
-9.80187
-8.5579
-7.43688
-6.43533
-5.54747
-4.76589
-4.08213
-3.48724
-2.97219
-2.52815
-2.14675
-1.82022
-1.54145
-1.30403
-1.10227
-0.931141
-0.786241
-0.663746
-0.560352
-0.473218
-0.399912
-0.338362
-0.28681
-0.243768
-0.207987
-0.178419
-0.154195
-0.134601
-0.119057
-0.107099
-0.0983739
-0.0926206
-0.0896683
-0.0894299
-0.0918999
-0.0971541
-0.105353
-0.116744
-0.131675
-0.150596
-0.174081
-0.202842
-0.237747
-0.279852
-0.33043
-0.391008
-0.463414
-0.54983
-0.652856
-0.775591
-0.921717
-1.09561
-1.30247
-1.54844
-1.84085
-2.18833
-2.6011
-3.09125
-3.67302
-4.36317
-5.18142
-6.15086
-7.29848
-8.65573
-10.2591
-12.1506
-14.3787
-16.9984
-20.0719
-23.6687
-27.8656
-32.7459
-38.3986
-44.9156
-52.3893
-60.908
-70.5502
-81.3774
-93.4264
-106.7
-121.159
-136.714
-153.221
-170.483
-188.253
-206.245
-225.943
-246.819
-266.592
-284.856
-301.32
-315.818
-328.301
-338.816
-347.48
-354.454
-359.916
-364.04
-366.985
-368.874
-369.796
)
;
    }
    interface_left
    {
        type            calculated;
        value           nonuniform List<scalar> 
90
(
-1408.8
-684.99
-409.983
-285.283
-218.699
-178.344
-151.62
-132.829
-119.057
-108.662
-100.641
-94.3502
-89.3513
-85.3388
-82.0918
-79.4469
-77.281
-75.4996
-74.0293
-72.8122
-71.8021
-70.9623
-70.2629
-69.6796
-69.1927
-68.7859
-68.4458
-68.1614
-67.9236
-67.7248
-67.5586
-67.42
-67.3045
-67.2086
-67.1293
-67.0641
-67.011
-66.9685
-66.9351
-66.9099
-66.8922
-66.8812
-66.8768
-66.8788
-66.8873
-66.9024
-66.9247
-66.9548
-66.9938
-67.0427
-67.103
-67.1767
-67.2659
-67.3734
-67.5027
-67.6575
-67.8429
-68.0645
-68.3294
-68.6458
-69.0241
-69.4762
-70.0169
-70.6641
-71.4394
-72.3693
-73.4862
-74.83
-76.4501
-78.4084
-80.7827
-83.6722
-87.2046
-91.5471
-96.922
-103.631
-112.095
-122.917
-136.994
-155.728
-181.434
-218.261
-274.408
-368.194
-546.483
-945.935
-2011.87
2210.26
1171.24
858.721
)
;
    }
    interface_right
    {
        type            calculated;
        value           nonuniform List<scalar> 
90
(
116.612
62.5475
39.3739
27.4196
20.2692
15.5334
12.1823
9.70575
7.82051
6.35471
5.19703
4.27171
3.52522
2.91855
2.42261
2.01528
1.67944
1.40169
1.1714
0.980087
0.8209
0.688291
0.577736
0.48553
0.408633
0.34454
0.291186
0.246868
0.210183
0.179975
0.155298
0.135383
0.119612
0.107494
0.0986558
0.0928234
0.0898164
0.0895411
0.0919875
0.0972286
0.105423
0.116819
0.131763
0.150708
0.174231
0.203047
0.238032
0.280252
0.330992
0.3918
0.464531
0.551405
0.65508
0.77873
0.926148
1.10187
1.3113
1.56091
1.85845
2.21317
2.63618
3.14077
3.74293
4.46187
5.32077
6.3476
7.57626
9.04794
10.8129
12.9328
15.4835
18.5591
22.2773
26.7863
32.2751
38.9874
47.2419
57.4634
70.2291
86.3433
106.961
133.803
169.555
218.663
289.082
396.532
576.083
917.265
1680.63
3713.56
)
;
    }
    interface_top
    {
        type            calculated;
        value           nonuniform List<scalar> 
90
(
290.054
267.534
246.824
200.198
176.539
142.749
119.693
73.2363
99.9012
107.071
109.268
110.347
112.492
115.175
123.577
121.138
104.974
97.1408
86.2331
80.0817
70.4308
61.8067
40.6807
58.9242
65.5139
71.5314
75.6181
83.4725
89.7177
103.913
105.862
98.4544
94.7216
88.6881
84.9421
78.0428
70.1183
47.616
72.8964
83.4826
95.9215
104.407
120.561
132.268
157.07
161.196
150.522
145.204
136.578
130.966
120.35
107.573
71.1429
110.675
126.11
142.525
152.029
168.243
178.645
199.709
198.265
172.739
159.793
140.353
128.979
110.514
94.5744
57.0946
84.9418
93.0033
97.0463
98.1602
99.4245
99.7317
101.896
96.5573
78.3042
69.2053
58.8935
53.3288
50.0547
40.3592
17.4604
64.6559
38.2132
-76.1598
-182.805
-395.381
-982.649
-2879.58
)
;
    }
    interface_bottom
    {
        type            calculated;
        value           nonuniform List<scalar> 
90
(
891.578
388.51
232.173
169.902
141.465
116.075
97.3766
61.6539
84.2178
90.0063
91.9419
92.3253
93.1008
93.6081
96.4038
90.9898
70.659
60.0222
44.1774
35.7849
23.9081
17.3666
7.90167
4.83613
1.43486
-5.73212
-10.4205
-18.4931
-23.5292
-32.1959
-35.2051
-36.1682
-37.0829
-38.437
-39.0925
-39.4583
-36.9835
-26.3177
-43.9937
-51.6821
-60.9166
-66.2781
-74.9262
-80.1031
-89.2194
-89.5438
-81.0039
-77.7357
-74.2129
-72.3397
-69.305
-63.415
-44.0261
-70.4526
-81.2494
-93.2707
-100.052
-110.87
-117.289
-128.754
-128.366
-115.039
-109.789
-104.12
-101.067
-96.2871
-87.8392
-60.7571
-96.8516
-111.626
-128.256
-137.976
-154.187
-164.537
-184.468
-185.677
-169.528
-163.305
-157.148
-153.509
-148.001
-134.555
-90.7308
-151.062
-156.997
-118.215
-231.874
-219.781
-67.7154
1.32533
)
;
    }
    defaultFaces
    {
        type            empty;
    }
}


// ************************************************************************* //
