/*--------------------------------*- C++ -*----------------------------------*\
| =========                 |                                                 |
| \\      /  F ield         | OpenFOAM: The Open Source CFD Toolbox           |
|  \\    /   O peration     | Version:  5.x                                   |
|   \\  /    A nd           | Web:      www.OpenFOAM.org                      |
|    \\/     M anipulation  |                                                 |
\*---------------------------------------------------------------------------*/
FoamFile
{
    version     2.0;
    format      ascii;
    class       volScalarField;
    location    "15.7";
    object      gradTy;
}
// * * * * * * * * * * * * * * * * * * * * * * * * * * * * * * * * * * * * * //

dimensions      [0 -1 0 1 0 0 0];

internalField   nonuniform List<scalar> 
6300
(
998.888
996.797
995.099
994.053
993.905
994.889
997.219
1001.08
1006.63
1013.97
1023.15
1034.17
1046.96
1061.38
1077.22
-0.197687
-0.590534
-0.975537
-1.34659
-1.69635
-2.01588
-2.29453
-2.52011
-2.67947
-2.75967
-2.74961
-2.6422
-2.43649
-2.13937
-1.76599
-0.332297
-0.992971
-1.64144
-2.26803
-2.86088
-3.40524
-3.88319
-4.27372
-4.55366
-4.69956
-4.69062
-4.51261
-4.16213
-3.65016
-3.00333
-0.470812
-1.4076
-2.32921
-3.22321
-4.07388
-4.86103
-5.55927
-6.13791
-6.5619
-6.79431
-6.80072
-6.55548
-6.04926
-5.29581
-4.33541
-0.614159
-1.83742
-3.04455
-4.2217
-5.35037
-6.40569
-7.35491
-8.1567
-8.76166
-9.11501
-9.1624
-8.8593
-8.18354
-7.14834
-5.81051
-0.762575
-2.28336
-3.78986
-5.26865
-6.70021
-8.05642
-9.29796
-10.3723
-11.213
-11.7417
-11.8746
-11.5357
-10.6772
-9.30351
-7.49083
-0.91535
-2.74355
-4.56287
-6.36278
-8.12535
-9.82176
-11.4081
-12.8215
-13.9763
-14.764
-15.0583
-14.7318
-13.6861
-11.8975
-9.46179
-1.07062
-3.21258
-5.35528
-7.49419
-9.61663
-11.6971
-13.6913
-15.5291
-17.1066
-18.2795
-18.863
-18.6468
-17.4377
-15.1385
-11.8509
-1.22516
-3.68087
-6.15144
-8.64206
-11.1498
-13.6585
-16.1307
-18.497
-20.6415
-22.3843
-23.4671
-23.5546
-22.2793
-19.368
-14.8663
-1.37429
-4.13428
-6.92752
-9.7727
-12.6821
-15.6564
-18.6759
-21.6867
-24.5779
-27.1489
-29.0664
-29.8252
-28.7568
-25.1875
-18.8881
-1.51202
-4.55442
-7.65163
-10.8391
-14.1494
-17.6089
-21.2297
-24.9957
-28.8343
-32.5669
-35.8243
-37.9226
-37.7349
-33.7373
-24.719
-1.63138
-4.9197
-8.28546
-11.7825
-15.4675
-19.3998
-23.6383
-28.232
-33.1966
-38.4598
-43.7411
-48.3057
-50.5228
-47.3079
-34.4019
-1.72515
-5.20753
-8.78795
-12.5378
-16.5382
-20.8845
-25.6915
-31.0971
-37.2601
-44.3345
-52.3742
-61.0363
-68.7423
-70.5694
-54.3569
-1.78682
-5.39729
-9.12091
-13.0426
-17.263
-21.9084
-27.1458
-33.2046
-40.4119
-49.2434
-60.3845
-74.7225
-92.8404
-111.87
-109.229
-1.81167
-5.47385
-9.25577
-13.2485
-17.5624
-22.3403
-27.7785
-34.1633
-41.9391
-51.8426
-65.1975
-84.6284
-116.026
-174.841
-309.789
1092.82
1107.64
1122.91
1138.46
1154.12
1169.71
1185.09
1200.13
1214.7
1228.71
1242.07
1254.72
1266.61
1277.68
1287.91
1297.27
1305.74
1313.32
1319.98
1325.72
1330.56
1334.48
1337.49
1339.6
1340.82
1341.16
1340.63
1339.24
1337
1333.93
1330.05
1325.37
1319.89
1313.64
1306.63
1298.87
1290.38
1281.16
1271.23
1260.61
1249.3
1237.33
1224.69
1211.42
1197.52
1183.01
1167.9
1152.2
1135.94
1119.12
1101.75
1083.84
1065.41
1046.46
1027.01
1007.06
986.636
965.746
944.406
922.633
900.445
877.862
854.904
831.59
807.942
783.983
759.736
735.227
710.483
685.538
660.427
635.19
609.874
584.528
559.208
533.974
508.889
484.019
459.431
435.193
411.37
388.027
365.225
343.022
321.468
300.607
280.478
261.107
242.513
224.706
-1.37415
-0.997094
-0.614669
-0.241123
0.111717
0.435129
0.723678
0.974964
1.18909
1.36799
1.51478
1.63317
1.72701
1.79995
1.85529
1.89589
1.92412
1.94195
1.951
1.95258
1.94779
1.93756
1.92269
1.90389
1.88179
1.857
1.83006
1.8015
1.77186
1.7416
1.71118
1.68096
1.65122
1.62211
1.59364
1.56569
1.53802
1.51033
1.48227
1.45358
1.42407
1.39375
1.36277
1.33148
1.30034
1.26987
1.24057
1.21279
1.1867
1.16221
1.13897
1.11639
1.0937
1.07007
1.04471
1.01698
0.98647
0.953053
0.916847
0.878165
0.837407
0.794925
0.750888
0.705164
0.657246
0.606232
0.550876
0.489693
0.421123
0.343717
0.25633
0.158281
0.0494705
-0.0695753
-0.197721
-0.333302
-0.474243
-0.618198
-0.762679
-0.905158
-1.04313
-1.17411
-1.29566
-1.40534
-1.50072
-1.57945
-1.63941
-1.67887
-1.69673
-1.69268
-2.32361
-1.6705
-1.01041
-0.368957
0.233037
0.780756
1.26554
1.68423
2.03804
2.33127
2.57002
2.76122
2.91176
3.02806
3.11575
3.17959
3.22349
3.25064
3.26359
3.26446
3.25499
3.23666
3.21074
3.17839
3.14062
3.0984
3.05264
3.00424
2.95405
2.90292
2.85163
2.80082
2.75101
2.70247
2.65521
2.60901
2.5634
2.51776
2.47145
2.4239
2.37474
2.32394
2.27177
2.21888
2.16616
2.1146
2.06517
2.01861
1.97527
1.93503
1.89724
1.86082
1.82433
1.7862
1.74494
1.69937
1.64875
1.59287
1.53203
1.46693
1.39845
1.32738
1.2542
1.17881
1.10038
1.01735
0.927455
0.827968
0.715989
0.588802
0.444236
0.280981
0.0987895
-0.10143
-0.317661
-0.546937
-0.785582
-1.02948
-1.27432
-1.51579
-1.74969
-1.97192
-2.17841
-2.36508
-2.52778
-2.66239
-2.76507
-2.83259
-2.86282
-2.85511
-3.32383
-2.3541
-1.37946
-0.440135
0.43234
1.21683
1.90238
2.48671
2.97402
3.37275
3.69352
3.94756
4.14557
4.29711
4.4103
4.49174
4.54674
4.57948
4.59332
4.59097
4.57468
4.54639
4.5078
4.4604
4.40558
4.34462
4.27876
4.20925
4.13731
4.0642
3.99108
3.91898
3.84871
3.7807
3.715
3.65121
3.58853
3.5259
3.46215
3.39626
3.32753
3.25581
3.18155
3.10579
3.03003
2.95601
2.88541
2.81956
2.75915
2.70407
2.65332
2.60512
2.55709
2.50661
2.45118
2.38884
2.3184
2.23961
2.15315
2.06038
1.96301
1.8627
1.76053
1.65665
1.54999
1.43819
1.31769
1.18408
1.03261
0.858772
0.658926
0.430823
0.173951
-0.110338
-0.418919
-0.74718
-1.08945
-1.43948
-1.79087
-2.1374
-2.47314
-2.79244
-3.08974
-3.35936
-3.59532
-3.79137
-3.94138
-4.04002
-4.08356
-4.07069
-4.39605
-3.04462
-1.69747
-0.414861
0.758542
1.79558
2.6852
3.4291
4.03777
4.52671
4.91333
5.21478
5.4465
5.62163
5.75076
5.84219
5.90225
5.93579
5.94661
5.93778
5.91189
5.87122
5.81777
5.75336
5.67963
5.59814
5.51041
5.418
5.32254
5.22575
5.12931
5.03478
4.94339
4.85587
4.77231
4.69207
4.61386
4.53591
4.45621
4.37295
4.28488
4.19161
4.09375
3.99295
3.89165
3.79273
3.69905
3.61291
3.5356
3.46711
3.40597
3.3494
3.2936
3.23435
3.1676
3.09018
3.00027
2.89762
2.78356
2.66062
2.53202
2.40088
2.2695
2.13866
2.00718
1.87172
1.72695
1.56607
1.3816
1.16634
0.914446
0.622233
0.28873
-0.084136
-0.491711
-0.927126
-1.38203
-1.84741
-2.31433
-2.77444
-3.22015
-3.64453
-4.04084
-4.40204
-4.72023
-4.98653
-5.1916
-5.32671
-5.38546
-5.36524
-5.56269
-3.72896
-1.92252
-0.232311
1.28115
2.5867
3.67794
4.56632
5.27403
5.82808
6.25589
6.58247
6.82902
7.01245
7.14561
7.23789
7.29603
7.32491
7.32828
7.30923
7.2705
7.21455
7.14365
7.05984
6.96497
6.86076
6.74891
6.63125
6.50982
6.38691
6.26492
6.14619
6.03264
5.92549
5.82495
5.73013
5.63897
5.54856
5.45552
5.35672
5.24987
5.13414
5.01033
4.88097
4.74997
4.62205
4.50197
4.39367
4.29949
4.21969
4.15218
4.09269
4.03524
3.97301
3.89951
3.80965
3.7006
3.5722
3.42687
3.26916
3.10479
2.93952
2.7778
2.62172
2.47021
2.31875
2.15952
1.98216
1.77501
1.52676
1.22813
0.873206
0.460294
-0.00784712
-0.524312
-1.07891
-1.65941
-2.25301
-2.84749
-3.43212
-3.99781
-4.53693
-5.04242
-5.50657
-5.91977
-6.26981
-6.54245
-6.72331
-6.801
-6.77036
-6.84564
-4.37384
-1.98002
0.204952
2.10338
3.68669
4.96314
5.96406
6.73195
7.31166
7.74462
8.06582
8.30284
8.47608
8.59976
8.68321
8.73238
8.75122
8.7427
8.70953
8.65438
8.57991
8.48862
8.38277
8.26429
8.1349
7.99631
7.85046
7.69978
7.54727
7.39638
7.25067
7.11322
6.98611
6.86992
6.76344
6.66355
6.56552
6.46368
6.35259
6.22821
6.08881
5.93543
5.77189
5.60438
5.4406
5.28845
5.15459
5.04318
4.95506
4.88734
4.83353
4.78421
4.72837
4.65543
4.5572
4.42925
4.27158
4.08844
3.88769
3.67929
3.47344
3.27838
3.09858
2.93355
2.77732
2.61854
2.44149
2.22796
1.96007
1.62319
1.20799
0.711691
0.138324
-0.501715
-1.1931
-1.91768
-2.65706
-3.39461
-4.1168
-4.8135
-5.47755
-6.10331
-6.68427
-7.21006
-7.66438
-8.0253
-8.26832
-8.37237
-8.32712
-8.26306
-4.90631
-1.73663
1.05495
3.37951
5.22872
6.64537
7.69766
8.46118
9.00695
9.39468
9.67083
9.86894
10.0115
10.1123
10.1784
10.2129
10.2174
10.1931
10.142
10.0666
9.97
9.8551
9.72441
9.57985
9.42285
9.25472
9.0772
8.89294
8.70586
8.52097
8.34383
8.17949
8.03159
7.9015
7.78785
7.68605
7.58855
7.48575
7.36818
7.22876
7.0642
6.87575
6.66908
6.454
6.24297
6.04917
5.88374
5.75391
5.66159
5.603
5.56844
5.54309
5.50889
5.44828
5.34804
5.20121
5.00811
4.77587
4.51771
4.25059
3.9923
3.75742
3.55461
3.38466
3.23999
3.10429
2.95375
2.75955
2.4931
2.13139
1.65992
1.07441
0.380845
-0.404843
-1.25916
-2.15433
-3.06343
-3.96355
-4.8379
-5.67592
-6.47305
-7.22845
-7.94115
-8.60304
-9.19322
-9.67772
-10.0132
-10.1586
-10.0925
-9.81732
-5.16938
-0.948783
2.57736
5.33995
7.39342
8.85206
9.84693
10.5039
10.9297
11.2054
11.3882
11.5149
11.6073
11.6747
11.7189
11.7367
11.725
11.6821
11.6093
11.5094
11.3864
11.2443
11.086
10.9134
10.7269
10.5267
10.3137
10.0902
9.86136
9.63445
9.41862
9.22214
9.05147
8.90949
8.79526
8.70243
8.61928
8.52919
8.41529
8.26558
8.07409
7.84236
7.57847
7.29789
7.02061
6.76913
6.56173
6.41071
6.31964
6.28418
6.29019
6.3148
6.32751
6.2983
6.20604
6.03989
5.80106
5.50072
5.16074
4.80924
4.47754
4.19038
3.96341
3.79948
3.68982
3.61152
3.52896
3.39525
3.16339
2.79774
2.27615
1.5928
0.756108
-0.209062
-1.26628
-2.37079
-3.48263
-4.56946
-5.61117
-6.59708
-7.52848
-8.41493
-9.27105
-10.0991
-10.8741
-11.5445
-12.0318
-12.249
-12.1514
-11.4551
-4.81725
0.838845
5.19896
8.32093
10.4138
11.7256
12.4818
12.8785
13.0678
13.1489
13.1853
13.2095
13.2379
13.2696
13.2964
13.302
13.2764
13.2133
13.1146
12.9844
12.8294
12.6557
12.4674
12.2657
12.0495
11.8161
11.5641
11.2942
11.013
10.7309
10.4645
10.2266
10.029
9.87648
9.77085
9.70383
9.65902
9.6059
9.51296
9.36157
9.14096
8.8543
8.51095
8.13608
7.76017
7.42468
7.15766
6.98028
6.89675
6.90477
6.9843
7.10284
7.20566
7.23831
7.16964
6.98243
6.68181
6.28187
5.81959
5.33865
4.89793
4.53597
4.28075
4.1355
4.09388
4.12426
4.17723
4.17172
4.02579
3.68807
3.12479
2.33149
1.31589
0.118812
-1.20572
-2.57706
-3.9382
-5.24063
-6.46506
-7.59692
-8.64882
-9.64525
-10.6414
-11.6719
-12.7054
-13.675
-14.4394
-14.7927
-14.6396
-12.9213
-3.05183
4.49219
9.60318
12.7833
14.5582
15.3983
15.6332
15.5506
15.3603
15.1555
14.9987
14.8967
14.8626
14.8701
14.903
14.9111
14.8801
14.7946
14.6637
14.4934
14.298
14.0868
13.8663
13.6375
13.3955
13.1307
12.8388
12.513
12.1644
11.8034
11.4677
11.1716
10.9401
10.7745
10.6894
10.6718
10.7093
10.7385
10.6934
10.5558
10.3015
9.94646
9.48742
8.97439
8.44017
7.9803
7.62318
7.41339
7.34074
7.42114
7.62097
7.91227
8.18364
8.32302
8.30275
8.08713
7.70445
7.15168
6.50419
5.80909
5.20382
4.72685
4.43873
4.32133
4.39329
4.60356
4.9088
5.1495
5.1635
4.90241
4.30386
3.38953
2.13628
0.62953
-1.07841
-2.79862
-4.47887
-6.02464
-7.4527
-8.71231
-9.84939
-10.8763
-11.9624
-13.2405
-14.6289
-16.1011
-17.439
-18.0657
-17.7895
-13.1554
2.06171
11.6484
16.7877
19.2697
20.0494
19.9435
19.2425
18.3785
17.6747
17.0937
16.7339
16.4872
16.4284
16.4351
16.5461
16.5776
16.5634
16.4424
16.2707
16.0396
15.7907
15.5323
15.2784
15.0295
14.7755
14.4856
14.1636
13.7659
13.3348
12.8408
12.4153
12.0246
11.7577
11.5578
11.5119
11.5617
11.7727
11.9794
12.0082
11.9195
11.6085
11.1896
10.5429
9.84448
9.01437
8.38924
7.8778
7.65025
7.56555
7.7667
8.12711
8.75152
9.35282
9.63871
9.71827
9.43347
8.97312
8.15896
7.25841
6.15122
5.32602
4.64681
4.35185
4.23541
4.49447
4.94698
5.73417
6.45457
6.69813
6.60346
5.93848
4.93638
3.32251
1.43075
-0.932674
-3.07696
-5.21247
-6.97743
-8.68224
-10.0035
-11.208
-12.0214
-13.0066
-14.6498
-16.4311
-18.72
-21.4623
-22.6385
-22.0215
-7.48857
15.2833
25.2084
27.7977
28.2067
26.8154
25.345
23.0862
20.9752
19.8121
18.7133
18.3058
17.8068
17.8995
17.8497
18.3034
18.3097
18.4001
18.1628
17.9628
17.6114
17.2966
16.971
16.6833
16.4285
16.207
15.8864
15.5971
15.0668
14.5955
13.7793
13.3127
12.6993
12.4785
12.1193
12.1967
12.2192
12.8421
13.4764
13.492
13.603
13.0707
12.7608
11.6728
10.9041
9.29331
8.63433
7.72355
7.6813
7.37864
7.88285
8.253
9.62397
10.9761
11.2514
11.6583
11.0325
10.7512
9.29055
8.31013
6.08723
5.23795
4.01338
4.00786
3.60873
4.31704
4.8084
6.65566
8.44622
8.71977
9.12569
8.05849
7.36415
4.90886
2.91116
-1.10247
-3.3679
-6.47957
-8.01675
-10.464
-11.4627
-13.1297
-12.9191
-13.1029
-15.8599
-17.5023
-20.686
-27.7403
-29.793
-28.1184
26.7417
47.0047
49.3323
41.9471
39.7355
33.6945
31.8808
26.7165
22.2059
21.8561
19.3368
20.0086
18.2737
19.5748
18.5384
20.7041
19.9199
20.7079
19.8288
19.8718
19.1297
18.8171
18.3544
18.0398
17.7786
17.7802
17.2414
17.3769
16.2817
16.3519
14.2136
14.4205
12.8077
13.3978
12.0513
12.9593
12.0116
13.894
15.8638
14.8374
16.212
14.2119
15.4514
12.342
13.1755
8.20087
9.24125
6.31786
8.08661
6.02912
8.19136
6.93698
10.5228
14.1492
12.674
15.0849
12.1349
14.2267
9.73001
11.1504
4.04458
5.68969
1.62392
4.23013
1.38675
4.45151
2.71678
7.6583
12.6218
10.5503
13.7687
9.64105
12.3272
5.83584
7.29409
-3.79006
-2.44058
-10.0142
-7.74584
-14.3317
-11.9598
-17.755
-13.249
-9.49392
-18.6749
-16.3541
-17.0781
-41.2207
-42.3148
-37.5317
209.789
104.552
87.4417
48.6462
56.7783
34.4861
43.2416
29.4055
17.4454
27.0242
15.3652
25.1776
14.3687
24.6165
14.6164
27.3527
19.2664
25.4166
20.1672
22.9117
20.0298
20.554
19.5249
19.3197
18.7509
20.1317
17.6261
20.9291
15.8186
21.2892
11.2712
18.1492
9.74433
17.1065
8.73698
16.3949
7.72903
14.8204
22.566
12.7259
23.6809
10.6888
24.4048
7.33418
23.8108
-1.55257
15.5565
-1.84397
14.0022
-1.39628
13.4203
-1.34852
11.3638
24.6691
8.50083
26.2314
5.97751
27.1898
1.64938
26.2687
-10.5989
14.3656
-10.3727
12.3002
-9.3425
11.4976
-8.98823
8.62957
26.9281
4.76343
28.9904
1.412
30.5061
-4.68434
29.7384
-24.3817
11.3364
-27.721
5.27551
-31.098
-0.695901
-37.2138
-12.4974
12.7433
-38.0519
-10.8213
20.253
-87.8902
-63.299
-53.2798
205.979
186.662
168.415
151.183
134.898
119.483
104.852
90.9185
77.595
64.7939
52.4293
40.4176
28.6777
17.1301
5.69732
-1.66478
-1.60602
-1.52298
-1.42063
-1.30422
-1.17868
-1.04826
-0.916285
-0.785182
-0.656472
-0.530929
-0.408713
-0.289517
-0.1727
-0.057394
-2.80604
-2.70361
-2.55971
-2.38334
-2.18386
-1.96992
-1.74882
-1.52619
-1.30599
-1.09061
-0.881193
-0.677837
-0.47989
-0.286156
-0.0950826
-3.99617
-3.84266
-3.62889
-3.36914
-3.07793
-2.76829
-2.45089
-2.13367
-1.82195
-1.51879
-1.22538
-0.941546
-0.666046
-0.396949
-0.131862
-5.25846
-5.04194
-4.74399
-4.38638
-3.99038
-3.57439
-3.15276
-2.73562
-2.32934
-1.93718
-1.56
-1.19691
-0.84579
-0.503726
-0.167275
-6.62073
-6.32257
-5.9187
-5.44194
-4.92279
-4.3861
-3.85009
-3.32668
-2.82259
-2.34058
-1.8805
-1.44027
-1.01647
-0.604884
-0.200787
-8.11783
-7.70881
-7.16622
-6.53984
-5.87267
-5.19709
-4.53478
-3.89837
-3.29374
-2.722
-2.18115
-1.66719
-1.17494
-0.698543
-0.231772
-9.7955
-9.22846
-8.49743
-7.67843
-6.83087
-5.99476
-5.1935
-4.43824
-3.73195
-3.07251
-2.45488
-1.87237
-1.31754
-0.782567
-0.259529
-11.716
-10.912
-9.91646
-8.84546
-7.77751
-6.75751
-5.80617
-4.92909
-4.12325
-3.38119
-2.69344
-2.04987
-1.44026
-0.854648
-0.283305
-13.9656
-12.7868
-11.4109
-10.0093
-8.67612
-7.45149
-6.3445
-5.34864
-4.45073
-3.63551
-2.88781
-2.19336
-1.53897
-0.91245
-0.302343
-16.6588
-14.8587
-12.9309
-11.1047
-9.46606
-8.02774
-6.77162
-5.67018
-4.69545
-3.82227
-3.0289
-2.29677
-1.6098
-0.953827
-0.315958
-19.9182
-17.058
-14.3491
-12.0122
-10.0556
-8.42169
-7.04399
-5.86493
-4.83858
-3.92917
-3.10873
-2.35498
-1.64961
-0.97709
-0.323615
-23.7428
-19.1059
-15.3952
-12.5394
-10.3224
-8.55928
-7.11764
-5.90691
-4.86471
-3.94705
-3.12184
-2.36476
-1.65657
-0.981292
-0.325025
-27.4307
-20.2273
-15.5862
-12.4276
-10.1353
-8.37523
-6.9603
-5.78029
-4.76624
-3.87242
-3.06677
-2.32564
-1.63058
-0.966474
-0.320214
-27.3025
-18.786
-14.2947
-11.4491
-9.41602
-7.84591
-6.56793
-5.48764
-4.54749
-3.70956
-2.94717
-2.24041
-1.57362
-0.933799
-0.309565
-1.80181
-5.44345
-9.20232
-13.1676
-17.4476
-22.1823
-27.5648
-33.8779
-41.5622
-51.355
-64.6003
-84.0119
-115.777
-175.941
-311.204
-1.76371
-5.32601
-8.99555
-12.853
-16.9946
-21.5418
-26.6566
-32.5653
-39.597
-48.2467
-59.2649
-73.7149
-92.5279
-112.818
-105.838
-1.7014
-5.13408
-8.65822
-12.341
-16.2597
-20.5069
-25.197
-30.4726
-36.5081
-43.4932
-51.5461
-60.3874
-68.2522
-68.6323
-42.623
-1.61832
-4.87861
-8.21067
-11.6652
-15.2968
-19.1645
-23.3305
-27.8521
-32.7596
-37.998
-43.2797
-47.7377
-49.1735
-42.7721
-20.5441
-1.51882
-4.57326
-7.67804
-10.8663
-14.1697
-17.6149
-21.217
-24.9633
-28.7812
-32.4725
-35.5853
-37.187
-35.5372
-27.902
-11.5626
-1.40765
-4.23294
-7.08739
-9.98748
-12.9439
-15.9563
-19.0032
-22.0246
-24.8906
-27.3485
-28.9399
-28.8939
-26.0575
-19.0764
-7.29321
-1.28954
-3.87233
-6.465
-9.06945
-11.6793
-14.2737
-16.8072
-19.1938
-21.2833
-22.8259
-23.4312
-22.5385
-19.4559
-13.5855
-4.97047
-1.16883
-3.50486
-5.83438
-8.1476
-10.4254
-12.6333
-14.7129
-16.5694
-18.0557
-18.9543
-18.9628
-17.7035
-14.7901
-10.0007
-3.56844
-1.04927
-3.14187
-5.21506
-7.2503
-9.21997
-11.0821
-12.7735
-14.2018
-15.2363
-15.7006
-15.3747
-14.0172
-11.427
-7.55654
-2.65574
-0.933824
-2.79236
-4.62204
-6.3985
-8.08918
-9.64921
-11.0167
-12.1078
-12.8127
-12.9957
-12.503
-11.187
-8.95296
-5.82789
-2.02823
-0.824702
-2.46286
-4.06597
-5.60624
-7.04907
-8.35001
-9.45177
-10.2818
-10.7516
-10.76
-10.2029
-8.99409
-7.09766
-4.56768
-1.57904
-0.723387
-2.15769
-3.5535
-4.88161
-6.10745
-7.18908
-8.0755
-8.70592
-9.01091
-8.91682
-8.35524
-7.27873
-5.68231
-3.62594
-1.24751
-0.63073
-1.87923
-3.08803
-4.22797
-5.26595
-6.16367
-6.87695
-7.35598
-7.54728
-7.39828
-6.86517
-5.92438
-4.58632
-2.90786
-0.996929
-0.547068
-1.62833
-2.67037
-3.64512
-4.52181
-5.26632
-5.84105
-6.20579
-6.31992
-6.14644
-5.65819
-4.84586
-3.72671
-2.35119
-0.803932
-0.472345
-1.40465
-2.29941
-3.13034
-3.86945
-4.48683
-4.95093
-5.22961
-5.29225
-5.11317
-4.67622
-3.98039
-3.04512
-1.91377
-0.653019
-0.40622
-1.20704
-1.97278
-2.6793
-3.30159
-3.81376
-4.18955
-4.40342
-4.43243
-4.25893
-3.874
-3.28117
-2.49969
-1.56618
-0.533554
-0.34816
-1.03379
-1.68725
-2.28675
-2.81019
-3.23539
-3.54059
-3.70557
-3.7132
-3.5515
-3.21614
-2.71294
-2.05981
-1.28743
-0.438029
-0.297521
-0.882881
-1.43918
-1.94699
-2.38701
-2.74032
-2.98898
-3.11699
-3.11154
-2.96463
-2.67481
-2.24882
-1.70274
-1.06216
-0.361012
-0.253603
-0.752149
-1.22476
-1.65431
-2.02404
-2.3179
-2.52114
-2.62106
-2.60811
-2.477
-2.22803
-1.86807
-1.41128
-0.878944
-0.298492
-0.215696
-0.639425
-1.04024
-1.40316
-1.71374
-1.95841
-2.12502
-2.20352
-2.18671
-2.07122
-1.8583
-1.55456
-1.17227
-0.729139
-0.24745
-0.183112
-0.542609
-0.88203
-1.18836
-1.4492
-1.65311
-1.79009
-1.85213
-1.83383
-1.73307
-1.55163
-1.29559
-0.975508
-0.606106
-0.205583
-0.155197
-0.45973
-0.746795
-1.00515
-1.22418
-1.39428
-1.5072
-1.55653
-1.5382
-1.45095
-1.29676
-1.0811
-0.812986
-0.504683
-0.171103
-0.131353
-0.388981
-0.631495
-0.849226
-1.03314
-1.17515
-1.26846
-1.30791
-1.29043
-1.21531
-1.08456
-0.903026
-0.67837
-0.42081
-0.142614
-0.111034
-0.328725
-0.533403
-0.716785
-0.871196
-0.989841
-1.0671
-1.09883
-1.08267
-1.01829
-0.907623
-0.754893
-0.566601
-0.351264
-0.119008
-0.0937535
-0.277504
-0.450096
-0.604458
-0.734082
-0.833265
-0.897355
-0.923
-0.908386
-0.853424
-0.759888
-0.631451
-0.473609
-0.293466
-0.0994004
-0.0790812
-0.234032
-0.379446
-0.509307
-0.618105
-0.701055
-0.754301
-0.775123
-0.762117
-0.715337
-0.636386
-0.528428
-0.3961
-0.245337
-0.0830804
-0.0666391
-0.197179
-0.319596
-0.42878
-0.520075
-0.589468
-0.63376
-0.650734
-0.639297
-0.599585
-0.533025
-0.442324
-0.331392
-0.205186
-0.0694715
-0.0560981
-0.165967
-0.268935
-0.360672
-0.437252
-0.495309
-0.532187
-0.546072
-0.536109
-0.502476
-0.446425
-0.370266
-0.27729
-0.171638
-0.0581042
-0.0471729
-0.139546
-0.226071
-0.303088
-0.36729
-0.415855
-0.446577
-0.457969
-0.449355
-0.420932
-0.373788
-0.309884
-0.231989
-0.143563
-0.0485939
-0.0396177
-0.117185
-0.189809
-0.254403
-0.308183
-0.34879
-0.374388
-0.383755
-0.376356
-0.352387
-0.312786
-0.259216
-0.194001
-0.12003
-0.0406241
-0.0332208
-0.0982554
-0.159123
-0.213224
-0.258224
-0.292147
-0.313468
-0.321182
-0.314862
-0.294695
-0.261484
-0.216634
-0.162092
-0.100271
-0.0339336
-0.0278008
-0.0822194
-0.133135
-0.178365
-0.215955
-0.244254
-0.261996
-0.268353
-0.262983
-0.246058
-0.218264
-0.18078
-0.135238
-0.0836466
-0.0283057
-0.0232023
-0.0686155
-0.111094
-0.148812
-0.180136
-0.203692
-0.218428
-0.223665
-0.219128
-0.204969
-0.181771
-0.150522
-0.112583
-0.0696261
-0.0235598
-0.0192921
-0.0570491
-0.0923584
-0.123698
-0.14971
-0.169253
-0.181457
-0.185764
-0.181952
-0.170157
-0.150867
-0.124909
-0.0934124
-0.0577645
-0.0195451
-0.0159561
-0.0471823
-0.0763787
-0.102285
-0.123775
-0.139909
-0.149969
-0.153499
-0.15032
-0.140549
-0.124594
-0.103141
-0.0771243
-0.0476883
-0.0161351
-0.0130963
-0.0387247
-0.0626835
-0.0839365
-0.10156
-0.114782
-0.123017
-0.125891
-0.123264
-0.115234
-0.102138
-0.0845414
-0.0632103
-0.0390823
-0.0132228
-0.0106284
-0.0314264
-0.0508671
-0.0681084
-0.0824005
-0.0931175
-0.0997855
-0.102104
-0.0999599
-0.0934361
-0.0828081
-0.0685347
-0.0512383
-0.0316784
-0.0107175
-0.00847904
-0.0250705
-0.0405777
-0.0543281
-0.0657233
-0.0742645
-0.0795745
-0.0814146
-0.0796967
-0.0744878
-0.066009
-0.0546269
-0.0408379
-0.0252472
-0.00854151
-0.00658419
-0.0194676
-0.031508
-0.042183
-0.0510277
-0.057655
-0.0617726
-0.0631959
-0.0618573
-0.0578099
-0.0512259
-0.0423902
-0.0316885
-0.0195901
-0.00662751
-0.0048872
-0.0144499
-0.0233864
-0.0313087
-0.0378717
-0.0427881
-0.0458414
-0.0468948
-0.0458988
-0.0428931
-0.038006
-0.0314492
-0.0235088
-0.014533
-0.00491658
-0.00333721
-0.00986701
-0.015969
-0.0213782
-0.0258588
-0.029215
-0.0312986
-0.0320168
-0.0313357
-0.0292827
-0.0259456
-0.0214689
-0.016048
-0.0099206
-0.00335617
-0.00188765
-0.00558114
-0.00903267
-0.0120923
-0.0146268
-0.0165253
-0.017704
-0.0181103
-0.0177251
-0.0165639
-0.0146763
-0.0121441
-0.00907773
-0.00561172
-0.00189846
-0.00049488
-0.00146327
-0.00236842
-0.00317113
-0.00383648
-0.00433532
-0.00464561
-0.00475337
-0.00465339
-0.00434953
-0.00385466
-0.00319015
-0.00238498
-0.0014745
-0.000498855
0.000883046
0.0026107
0.00422469
0.00565468
0.00683827
0.0077237
0.00827211
0.0084593
0.00827678
0.00773223
0.00684919
0.0056661
0.00423463
0.00261745
0.000885435
0.00228766
0.00676358
0.0109455
0.0146515
0.01772
0.0200167
0.0214406
0.0219286
0.0214583
0.020049
0.0177613
0.0146948
0.0109832
0.00678913
0.0022967
0.00376128
0.0111205
0.0179968
0.0240911
0.0291376
0.0329156
0.0352589
0.0360634
0.0352917
0.0329755
0.0292143
0.0241713
0.0180667
0.011168
0.00377806
0.00534829
0.0158128
0.0255911
0.034258
0.0414359
0.0468106
0.0501456
0.0512924
0.0501975
0.0469054
0.0415572
0.0343849
0.0257016
0.0158878
0.00537481
0.00709641
0.0209816
0.033957
0.0454588
0.0549861
0.0621218
0.0665516
0.0680778
0.0666288
0.0622628
0.0551665
0.0456475
0.0341213
0.0210931
0.00713586
0.0090581
0.0267821
0.0433459
0.0580306
0.0701967
0.0793117
0.0849736
0.086929
0.0850853
0.0795158
0.070458
0.0583038
0.0435838
0.0269436
0.00911522
0.0112921
0.0333881
0.0540396
0.0723511
0.0875257
0.0988991
0.105969
0.108418
0.106129
0.0991909
0.0878991
0.0727416
0.0543796
0.0336188
0.0113738
0.0138651
0.0409969
0.0663579
0.0888497
0.107494
0.121474
0.130173
0.133197
0.1304
0.121889
0.108024
0.0894043
0.0668409
0.0413247
0.0139811
0.0168538
0.0498352
0.0806682
0.10802
0.1307
0.147717
0.158316
0.162017
0.158637
0.148304
0.131451
0.108805
0.0813522
0.0502994
0.017018
0.0203465
0.0601651
0.097396
0.130432
0.157839
0.178416
0.191249
0.195753
0.191703
0.179246
0.158901
0.131543
0.098363
0.0608214
0.0205787
0.0244464
0.0722916
0.117036
0.156753
0.18972
0.214491
0.229964
0.235429
0.230606
0.215663
0.19122
0.158322
0.118402
0.0732188
0.0247744
0.0292736
0.0865707
0.140167
0.187761
0.22729
0.257022
0.275629
0.282248
0.276535
0.258678
0.229409
0.189977
0.142097
0.0878802
0.0297368
0.0349687
0.103419
0.167467
0.224368
0.271663
0.307278
0.329615
0.337631
0.330894
0.309615
0.274655
0.227496
0.170191
0.105268
0.0356227
0.0416962
0.123324
0.199727
0.267645
0.324146
0.366752
0.393544
0.403257
0.39535
0.370052
0.32837
0.272061
0.203573
0.125935
0.0426196
0.0496485
0.146857
0.237879
0.318848
0.386277
0.437206
0.469331
0.481116
0.471881
0.441865
0.392239
0.325083
0.243309
0.150543
0.0509522
0.0590507
0.174686
0.283012
0.379451
0.459863
0.520717
0.559242
0.573568
0.562841
0.527293
0.46828
0.388253
0.290678
0.179889
0.0608913
0.070165
0.20759
0.336398
0.451181
0.547029
0.61973
0.665952
0.683416
0.671033
0.629014
0.558912
0.463608
0.347221
0.214936
0.0727637
0.0832967
0.246475
0.399522
0.536057
0.650267
0.737128
0.792631
0.813985
0.799803
0.750233
0.66704
0.5536
0.414801
0.256847
0.0869656
0.0987993
0.292396
0.474109
0.636434
0.772492
0.876298
0.943018
0.969228
0.953141
0.894796
0.796171
0.6612
0.495681
0.307039
0.10398
0.117081
0.346566
0.562159
0.755047
0.91711
1.04122
1.12153
1.15384
1.13582
1.06733
0.950535
0.790011
0.592615
0.367242
0.124395
0.138608
0.410383
0.665971
0.895062
1.08808
1.23654
1.33338
1.37339
1.35355
1.27339
1.13526
0.944422
0.708972
0.439578
0.148937
0.163915
0.485437
0.788182
1.06012
1.28999
1.4677
1.58469
1.63449
1.61315
1.51971
1.35659
1.12981
0.848899
0.526666
0.178502
0.1936
0.573529
0.931781
1.25438
1.52813
1.741
1.88265
1.94499
1.9228
1.8144
1.62213
1.35276
1.01752
0.631757
0.214204
0.228334
0.676669
1.10013
1.48256
1.80853
2.06376
2.23568
2.31417
2.29232
2.16732
1.9412
1.62146
1.22122
0.758923
0.257442
0.268852
0.79708
1.29697
1.74995
2.13805
2.44435
2.65358
2.75301
2.73347
2.59044
2.32528
1.94605
1.46799
0.913297
0.309988
0.315949
0.937165
1.52637
2.06238
2.52437
2.89233
3.14771
3.27447
3.26034
3.09837
2.78856
2.33925
1.76798
1.10142
0.374104
0.370462
1.09947
1.79271
2.42619
2.97598
3.41846
3.73114
3.89375
3.88985
3.70895
3.3487
2.81714
2.13414
1.33174
0.452724
0.433243
1.28663
2.10052
2.84812
3.50208
4.03472
4.41878
4.62862
4.64227
4.44404
4.0278
3.40017
2.58318
1.61526
0.549694
0.505123
1.50119
2.45437
3.33507
4.11239
4.75414
5.22737
5.49972
5.54178
5.33051
4.85366
4.11467
3.13704
1.96658
0.670146
0.586851
1.74551
2.85854
3.89379
4.81683
5.59056
6.17542
6.53071
6.61719
6.40138
5.86152
4.99488
3.82478
2.40536
0.821051
0.679018
2.02153
3.31669
4.5304
5.62495
6.5581
7.28285
7.74833
7.90249
7.69723
7.09629
6.08578
4.68564
2.95865
1.01208
0.781961
2.33041
3.83139
5.24973
6.5451
7.67033
8.57029
9.18208
9.43734
9.26782
8.61544
7.44723
5.77346
3.66439
1.257
0.895644
2.67225
4.40346
6.05441
7.58337
8.93894
10.0578
10.8634
11.2671
11.1737
10.4928
9.15971
7.16354
4.57727
1.57596
1.01951
3.0456
5.03122
6.94379
8.742
10.3719
11.7628
12.8237
13.4421
13.4874
12.8229
11.3326
8.96338
5.77836
1.99949
1.15236
3.44704
5.70969
7.91253
10.0175
11.9708
13.6968
15.0912
16.0151
16.2938
15.7265
14.1159
11.3297
7.39181
2.57586
1.29219
3.8707
6.42966
8.94921
11.3982
13.7274
15.8611
17.6853
19.036
19.6878
19.3544
17.7155
14.4956
9.61502
3.3854
1.43608
4.30791
7.17697
10.0349
12.862
15.6198
18.2401
20.6082
22.5421
23.7659
23.8889
22.4129
18.8149
12.775
4.57073
1.58017
4.74703
7.93198
11.1418
14.3737
17.6077
20.794
23.8326
26.5412
28.6082
29.5338
28.5838
24.8297
17.4379
6.40687
1.71974
5.17356
8.66967
12.2334
15.884
19.6287
23.4504
27.2861
30.9858
34.2429
36.4811
36.7018
33.3706
24.628
9.48092
1.84933
5.57069
9.36037
13.2645
17.3288
21.596
26.0971
30.8337
35.7375
40.5851
44.8292
47.2863
45.6691
36.2656
15.204
1.96316
5.92034
9.97155
14.1842
18.6328
23.4006
28.58
34.2653
40.528
47.3463
54.4179
60.6998
63.3746
55.9987
27.4177
2.05553
6.20465
10.4706
14.9401
19.7149
24.9194
30.7116
37.2956
44.9325
53.9313
64.5548
76.6178
88.0595
90.4572
57.8635
2.12147
6.40783
10.8281
15.484
20.4985
26.0299
32.2931
39.5946
48.3911
59.3877
73.6917
92.9667
119.024
149.215
146.04
2.15723
6.51801
11.0219
15.7787
20.9231
26.6321
33.1534
40.8552
50.3216
62.547
79.376
104.605
147.118
231.141
434.846
2.16081
6.5288
11.04
15.8041
20.9555
26.6702
33.1937
40.8903
50.3357
62.5091
79.2265
104.239
146.385
229.954
433.708
2.13217
6.44012
10.8823
15.5605
20.5966
26.1464
32.4192
39.7107
48.4553
59.3151
73.3157
91.9747
116.887
145.303
141.08
2.07324
6.25815
10.5608
15.0682
19.8809
25.1203
30.9373
37.5217
45.1055
53.9397
64.1696
75.3674
84.9531
83.3181
41.4635
-17.3066
-14.1118
-11.7154
-9.85876
-8.36106
-7.11136
-6.0398
-5.10013
-4.26008
-3.49612
-2.79031
-2.12839
-1.49855
-0.890631
-0.295478
-6.49295
-9.00176
-8.89253
-8.11691
-7.20341
-6.30294
-5.4564
-4.67019
-3.93969
-3.25702
-2.61374
-2.00174
-1.41337
-0.841525
-0.279433
-2.95499
-5.70968
-6.53235
-6.47076
-6.03664
-5.45704
-4.83106
-4.20154
-3.58604
-2.99052
-2.41545
-1.85865
-1.31671
-0.785636
-0.261144
-1.60816
-3.75925
-4.7862
-5.08324
-4.97085
-4.64329
-4.20815
-3.7231
-3.21849
-2.70981
-2.20443
-1.70522
-1.2125
-0.725168
-0.241322
-1.00108
-2.58942
-3.5469
-3.98001
-4.05444
-3.90421
-3.61986
-3.25822
-2.85373
-2.42677
-1.98912
-1.54728
-1.10455
-0.66227
-0.220662
-0.681381
-1.85766
-2.67172
-3.12582
-3.29401
-3.25823
-3.08521
-2.82308
-2.50455
-2.15114
-1.7767
-1.38994
-0.996262
-0.598903
-0.199803
-0.491177
-1.37742
-2.0465
-2.47015
-2.6752
-2.70754
-2.61242
-2.42707
-2.17957
-1.8901
-1.57281
-1.2374
-0.890524
-0.53674
-0.179294
-0.367714
-1.04797
-1.5917
-1.96626
-2.1763
-2.24534
-2.20228
-2.07421
-1.88371
-1.64838
-1.38148
-1.09282
-0.789576
-0.477114
-0.159577
-0.282558
-0.81334
-1.25435
-1.57661
-1.77531
-1.86098
-1.85114
-1.76469
-1.61896
-1.42856
-1.20527
-0.958346
-0.695023
-0.42101
-0.140983
-0.221244
-0.641042
-0.999455
-1.27276
-1.45279
-1.54292
-1.55319
-1.49633
-1.38521
-1.23156
-1.04545
-0.835257
-0.607887
-0.369078
-0.123734
-0.175684
-0.511366
-0.803654
-1.03368
-1.19268
-1.2803
-1.30185
-1.26563
-1.18099
-1.0571
-0.902348
-0.724088
-0.52869
-0.32168
-0.107958
-0.141017
-0.411821
-0.651081
-0.843922
-0.982127
-1.06356
-1.09061
-1.06855
-1.00401
-0.904071
-0.775561
-0.624813
-0.457552
-0.278942
-0.0937063
-0.114147
-0.334178
-0.530739
-0.692095
-0.810994
-0.884559
-0.913482
-0.900946
-0.85162
-0.770869
-0.66421
-0.537001
-0.394292
-0.240801
-0.0809651
-0.0930161
-0.27283
-0.434839
-0.569747
-0.671335
-0.736557
-0.765133
-0.758884
-0.721042
-0.655651
-0.567124
-0.459948
-0.338516
-0.207066
-0.0696773
-0.0762026
-0.223843
-0.357756
-0.470533
-0.556923
-0.613997
-0.640962
-0.638756
-0.609588
-0.556494
-0.482985
-0.39279
-0.289694
-0.177451
-0.0597543
-0.0626976
-0.184386
-0.295347
-0.38964
-0.462864
-0.512342
-0.537041
-0.537346
-0.514744
-0.471509
-0.410428
-0.334588
-0.247223
-0.151623
-0.0510889
-0.0517657
-0.152379
-0.244511
-0.323373
-0.385293
-0.427889
-0.450056
-0.45184
-0.434224
-0.398913
-0.348118
-0.284386
-0.210467
-0.129221
-0.0435643
-0.0428602
-0.126259
-0.20289
-0.268868
-0.321138
-0.357617
-0.377223
-0.379801
-0.365989
-0.337066
-0.294789
-0.241256
-0.178797
-0.10988
-0.0370617
-0.0355666
-0.104837
-0.168663
-0.223881
-0.267946
-0.299061
-0.316213
-0.319139
-0.308245
-0.284489
-0.249273
-0.204325
-0.151609
-0.0932481
-0.0314649
-0.0295666
-0.0871944
-0.140414
-0.186637
-0.223745
-0.250198
-0.265078
-0.268073
-0.259429
-0.239869
-0.210513
-0.172785
-0.12834
-0.0789921
-0.026664
-0.0246119
-0.072612
-0.117024
-0.15572
-0.18694
-0.209371
-0.222195
-0.225088
-0.21819
-0.20205
-0.177565
-0.145909
-0.108473
-0.0668053
-0.0225573
-0.0205068
-0.060521
-0.0976008
-0.129995
-0.156236
-0.175213
-0.186206
-0.188901
-0.183368
-0.170025
-0.149594
-0.123045
-0.0915457
-0.0564094
-0.0190521
-0.0170954
-0.0504671
-0.0814309
-0.108542
-0.130577
-0.146597
-0.155978
-0.158426
-0.153967
-0.142921
-0.125871
-0.103619
-0.0771425
-0.0475556
-0.0160654
-0.0142527
-0.0420849
-0.0679361
-0.0906117
-0.109094
-0.12259
-0.130563
-0.132746
-0.129138
-0.119986
-0.10576
-0.0871248
-0.0648988
-0.0400229
-0.0135233
-0.0118775
-0.035078
-0.056646
-0.0755933
-0.0910723
-0.102417
-0.109168
-0.111087
-0.108158
-0.100572
-0.0887108
-0.0731233
-0.0544947
-0.0336176
-0.0113608
-0.00988709
-0.0292044
-0.0471755
-0.0629826
-0.0759212
-0.0854325
-0.0911268
-0.0927951
-0.0904115
-0.0841255
-0.0742483
-0.061233
-0.0456517
-0.02817
-0.0095212
-0.00821394
-0.0242654
-0.0392072
-0.0523635
-0.0631495
-0.0710984
-0.0758808
-0.0773159
-0.0753741
-0.0701725
-0.0619645
-0.0511242
-0.0381279
-0.0235328
-0.00795479
-0.00680211
-0.0200968
-0.0324785
-0.0433901
-0.0523475
-0.0589625
-0.0629586
-0.064181
-0.0625997
-0.0583067
-0.0515081
-0.0425122
-0.031714
-0.0195779
-0.00661856
-0.00560518
-0.0165619
-0.0267705
-0.0357732
-0.0431717
-0.0486448
-0.051962
-0.0529926
-0.0517078
-0.0481802
-0.0425772
-0.0351515
-0.026229
-0.0161944
-0.00547519
-0.00458434
-0.0135466
-0.0218995
-0.0292701
-0.0353327
-0.0398237
-0.0425531
-0.0434115
-0.042373
-0.0394947
-0.0349117
-0.0288299
-0.0215161
-0.0132863
-0.00449228
-0.00370682
-0.0109541
-0.0177106
-0.0236752
-0.0285847
-0.0322256
-0.0344431
-0.0351472
-0.0343156
-0.0319927
-0.0282866
-0.0233635
-0.0174392
-0.0107699
-0.00364165
-0.00294475
-0.00870253
-0.0140714
-0.0188127
-0.0227174
-0.0256156
-0.0273837
-0.0279492
-0.0272935
-0.0254508
-0.0225065
-0.0185922
-0.0138793
-0.00857217
-0.00289864
-0.00227414
-0.0067209
-0.0108679
-0.014531
-0.0175489
-0.0197902
-0.0211591
-0.0215991
-0.0210953
-0.0196737
-0.0173999
-0.0143751
-0.0107321
-0.00662877
-0.00224155
-0.00167402
-0.00494738
-0.00800027
-0.0106973
-0.0129196
-0.0145705
-0.0155793
-0.0159043
-0.0155343
-0.0144883
-0.0128145
-0.0105874
-0.00790457
-0.00488242
-0.00165104
-0.00112572
-0.00332692
-0.00537974
-0.00719306
-0.00868699
-0.00979649
-0.0104741
-0.010692
-0.0104426
-0.00973886
-0.00861323
-0.00711592
-0.00531257
-0.00328133
-0.0011096
-0.000612319
-0.00180947
-0.00292546
-0.00391057
-0.00472127
-0.00532232
-0.00568818
-0.00580403
-0.00566625
-0.00528225
-0.00467
-0.00385694
-0.00287877
-0.00177777
-0.000601108
-0.000117999
-0.000348342
-0.000562054
-0.000749132
-0.000901098
-0.00101142
-0.00107578
-0.00109216
-0.00106083
-0.000984109
-0.000866146
-0.000712582
-0.000530226
-0.000326739
-0.000110357
0.000372398
0.00110124
0.00178287
0.00238794
0.00289018
0.00326759
0.00350334
0.0035866
0.0035131
0.00328542
0.002913
0.0024118
0.00180366
0.00111535
0.000377387
0.00087387
0.00258361
0.00418097
0.0055964
0.00676815
0.00764497
0.00818834
0.00837421
0.00819409
0.00765546
0.00678158
0.00561044
0.0041932
0.00259191
0.000876806
0.00140173
0.004144
0.00670539
0.00897406
0.0108509
0.0122539
0.0131216
0.0134159
0.013124
0.0122583
0.0108565
0.00897996
0.00671053
0.00414749
0.00140296
0.00197207
0.00582999
0.00943305
0.0126238
0.0152627
0.0172344
0.0184529
0.0188648
0.0184522
0.0172333
0.0152612
0.0126222
0.00943172
0.00582908
0.00197175
0.00260226
0.00769292
0.012447
0.0166566
0.0201376
0.022738
0.0243441
0.024886
0.0243404
0.0227311
0.0201289
0.0166474
0.012439
0.00768751
0.00260034
0.0033115
0.00978952
0.015839
0.0211953
0.025624
0.0289318
0.0309742
0.0316624
0.0309669
0.0289184
0.0256069
0.0211774
0.0158234
0.00977896
0.00330776
0.00412139
0.0121836
0.0197123
0.0263779
0.0318887
0.0360041
0.0385445
0.0393996
0.0385327
0.0359826
0.0318612
0.0263491
0.0196873
0.0121667
0.00411538
0.0050566
0.0149482
0.0241849
0.0323622
0.0391222
0.0441698
0.0472849
0.0483323
0.0472673
0.0441376
0.0390811
0.0323191
0.0241474
0.0149228
0.0050476
0.00614566
0.0181675
0.029393
0.0393304
0.0475447
0.0536773
0.0574609
0.0587315
0.0574353
0.0536305
0.0474849
0.0392678
0.0293385
0.0181306
0.00613259
0.00742179
0.0219398
0.0354955
0.0474948
0.0574126
0.0648156
0.0693816
0.0709128
0.0693449
0.0647487
0.0573269
0.0474052
0.0354175
0.0218868
0.00740306
0.00892396
0.0263801
0.0426785
0.0571044
0.0690264
0.0779236
0.0834091
0.0852459
0.0833571
0.0778285
0.0689046
0.0569771
0.0425676
0.0263049
0.00889734
0.0106981
0.0316243
0.0511615
0.0684525
0.0827401
0.0934004
0.09997
0.102166
0.0998962
0.0932656
0.0825676
0.0682721
0.0510044
0.0315177
0.0106604
0.0127986
0.0378329
0.061204
0.0818858
0.0989722
0.111717
0.119568
0.122185
0.119463
0.111527
0.0987282
0.0816306
0.0609818
0.0376821
0.0127452
0.0152898
0.0451963
0.0731137
0.0978152
0.118218
0.133433
0.142798
0.145913
0.14265
0.133163
0.117874
0.0974547
0.0727997
0.0449832
0.0152144
0.0182484
0.0539407
0.087256
0.116729
0.141067
0.159209
0.170368
0.174067
0.170159
0.158828
0.14058
0.11622
0.0868126
0.0536398
0.0181419
0.0217655
0.0643354
0.104066
0.139208
0.168218
0.189833
0.203116
0.207503
0.202822
0.189296
0.167531
0.138489
0.10344
0.0639105
0.0216152
0.0259498
0.0767015
0.124062
0.165943
0.200505
0.226241
0.242041
0.247236
0.241626
0.225483
0.199534
0.164927
0.123178
0.0761015
0.0257376
0.0309312
0.0914222
0.147862
0.197759
0.238919
0.269549
0.288329
0.29447
0.287742
0.268478
0.237548
0.196325
0.146614
0.0905751
0.0306316
0.0368647
0.108955
0.176206
0.23564
0.284644
0.321083
0.343391
0.350639
0.342563
0.319571
0.282709
0.233617
0.174444
0.107759
0.0364417
0.0439361
0.129849
0.209976
0.280763
0.339094
0.382427
0.408909
0.417446
0.407741
0.380293
0.336362
0.277907
0.207488
0.12816
0.0433389
0.0523678
0.154759
0.25023
0.334535
0.403955
0.455471
0.486887
0.496919
0.485237
0.452458
0.400099
0.330502
0.246718
0.152376
0.0515247
0.0624271
0.184474
0.298237
0.39864
0.481248
0.54247
0.57971
0.591468
0.577382
0.538216
0.475804
0.392947
0.29328
0.181109
0.0612369
0.0744353
0.219941
0.35552
0.4751
0.573389
0.646118
0.690225
0.70396
0.686938
0.640113
0.565703
0.467063
0.348521
0.215191
0.0727549
0.0887794
0.2623
0.423911
0.566342
0.683275
0.76964
0.821825
0.837806
0.817186
0.761163
0.672425
0.554995
0.41403
0.255594
0.0864071
0.105927
0.312928
0.505619
0.675286
0.814384
0.916892
0.978563
0.997063
0.972013
0.904925
0.799067
0.659268
0.49167
0.303459
0.102578
0.126445
0.37349
0.603313
0.805453
0.970896
1.0925
1.16527
1.18656
1.15603
1.0756
0.949274
0.78284
0.58362
0.360123
0.121716
0.151021
0.446009
0.720227
0.961099
1.15785
1.302
1.38773
1.41203
1.37468
1.27815
1.12732
0.929176
0.692424
0.427136
0.144345
0.180495
0.53295
0.860292
1.14738
1.38132
1.55206
1.65284
1.68029
1.63442
1.5184
1.33823
1.10231
0.821039
0.506303
0.171068
0.215894
0.637325
1.02831
1.37056
1.64865
1.8507
1.96887
1.99946
1.94287
1.80319
1.58783
1.30694
0.972886
0.599701
0.202584
0.258486
0.762841
1.23015
1.6383
1.96879
2.20759
2.34568
2.37917
2.30899
2.14052
1.88293
1.54848
1.1519
0.709713
0.23969
0.309837
0.914078
1.47306
1.95996
2.35257
2.63438
2.79514
2.83084
2.74336
2.53974
2.23138
1.83316
1.36257
0.839052
0.283292
0.371905
1.09674
1.76602
2.34709
2.81329
3.14523
3.33141
3.36803
3.25835
3.01167
2.64224
2.16807
1.61
0.990775
0.33441
0.447146
1.31797
2.12022
2.81398
3.36721
3.75728
3.97152
4.0068
3.86845
3.56884
3.1258
2.56123
1.89987
1.16829
0.394174
0.538683
1.58682
2.54973
3.37845
4.03442
4.49141
4.73588
4.76612
4.59052
4.22557
3.69373
3.0216
2.2385
1.37532
0.463821
0.650515
1.91483
3.07242
4.06286
4.83978
5.37309
5.64898
5.66833
5.44406
4.99818
4.35904
3.55902
2.63272
1.61589
0.544676
0.787838
2.31695
3.71116
4.89551
5.81428
6.43348
6.7402
6.73969
6.45144
5.90495
5.13606
4.18409
3.0898
1.89423
0.638119
0.957493
2.81273
4.49561
5.91255
6.99677
7.71084
8.04471
8.01083
7.63812
6.96611
6.04018
4.90797
3.6172
2.21459
0.745537
1.16863
3.42817
5.46471
7.16061
8.43626
9.25217
9.60454
9.51721
9.03257
8.20357
7.08751
5.74191
4.22224
2.58106
0.868242
1.43374
4.19846
6.67032
8.70046
10.1949
11.1153
11.4697
11.2994
10.6661
9.64032
8.29419
6.6967
4.91162
2.99728
1.00737
1.77021
5.1721
8.18262
10.6122
12.3523
13.3715
13.699
13.4031
12.5721
11.2995
9.67536
7.78169
5.69074
3.46594
1.16375
2.20287
6.41749
10.0983
13.0028
15.01
16.1078
16.3611
15.8784
14.7846
13.2026
11.2437
9.00363
6.56278
3.98832
1.33768
2.76823
8.03353
12.553
16.0162
18.2993
19.4306
19.5342
18.778
17.336
15.3673
13.0071
10.3649
7.52754
4.56358
1.52878
3.52187
10.1674
15.7412
19.8492
22.3883
23.4668
23.3043
22.1536
20.2529
17.8039
14.9663
11.8617
8.58013
5.18798
1.73568
4.552
13.0456
19.9471
24.7714
27.4916
28.3646
27.7605
26.05
23.5506
20.5101
17.1109
13.4814
9.70943
5.85412
1.95578
6.00598
17.0293
25.5955
31.1547
33.8775
34.2882
32.9848
30.494
27.2237
23.4652
19.4152
15.1998
10.8965
6.55011
2.18505
8.14648
22.7191
33.332
39.5075
41.8687
41.4018
39.0334
35.4793
31.2358
26.6227
21.8341
16.9792
12.1135
7.25897
2.41782
11.4816
31.1587
44.1498
50.5088
51.8237
49.8358
45.9053
40.9431
35.5042
29.902
24.2988
18.766
13.3227
7.95846
2.64673
17.0986
44.2413
59.5728
65.0128
64.0718
59.6184
53.4935
46.7378
39.8857
33.1819
26.7144
20.4905
14.477
8.62141
2.86292
27.6144
65.5257
81.8644
83.9475
78.7587
70.5612
61.5194
52.5992
44.1642
36.2974
28.9607
22.0688
15.5214
9.21691
3.05642
50.1561
101.791
114.055
107.932
95.5346
82.0897
69.4603
58.1234
48.0477
39.0445
30.8981
23.4076
16.3969
9.71236
3.21682
106.501
165.396
159.014
136.272
113.037
93.0515
76.5032
62.7714
51.186
41.1965
32.3797
24.4131
17.0459
10.0765
3.3342
269.866
274.33
215.335
164.952
128.284
101.625
81.5896
65.9283
53.2157
42.5337
33.2708
25.0021
17.4186
10.2828
3.40024
804.941
427.33
265.673
184.107
136.578
105.6
83.6377
67.0372
53.8349
42.8853
33.4711
25.1152
17.4803
10.3131
3.40931
1.97634
5.95976
10.0365
14.2725
18.7389
23.5124
28.673
34.2927
40.404
46.9168
53.4125
58.6529
59.4864
48.776
13.1157
1.84284
5.54985
9.32069
13.1969
17.2171
21.4124
25.7957
30.3411
34.9402
39.3193
42.8852
44.4746
42.0589
32.86
15.7484
1.68797
5.07606
8.49942
11.9772
15.5202
19.124
22.7563
26.3355
29.6963
32.5345
34.334
34.3015
31.4139
24.8565
15.3158
1.52095
4.56698
7.62369
10.692
13.7624
16.8072
19.7697
22.5484
24.9748
26.788
27.6145
26.9836
24.4393
19.8363
13.8167
1.34979
4.0472
6.73624
9.40482
12.0301
14.5724
16.9668
19.1134
20.8667
22.0282
22.3518
21.5783
19.5238
16.2326
12.1282
1.18078
3.53576
5.86919
8.16079
10.3808
12.4854
14.4115
16.0716
17.3504
18.1067
18.1863
17.4531
15.8444
13.4416
10.513
1.01837
3.04583
5.04395
6.98827
8.84677
10.5768
12.1221
13.4109
14.3565
14.8623
14.8342
14.2038
12.9593
11.177
9.03036
0.865249
2.58523
4.27251
5.90152
7.44115
8.85277
10.0889
11.0932
11.8024
12.1515
12.0847
11.569
10.6125
9.27714
7.67882
0.722645
2.15732
3.55931
4.90414
6.1635
7.30414
8.28752
9.07052
9.60782
9.8566
9.78373
9.37505
8.64459
7.64023
6.44148
0.590658
1.76208
2.90327
3.99224
5.00455
5.91272
6.68641
7.29336
7.7016
7.88303
7.81833
7.5026
6.95028
6.19743
5.29941
0.468561
1.39708
2.29943
3.15702
3.94973
4.65579
5.25202
5.71486
6.02208
6.15542
6.10376
5.86651
5.45626
4.89954
4.23498
0.355064
1.05824
1.74035
2.38666
2.98158
3.50868
3.95102
4.29195
4.51643
4.61277
4.57469
4.40333
4.10859
3.70936
3.23214
0.248518
0.740473
1.21707
1.66768
2.08125
2.44634
2.75144
2.98551
3.13892
3.20451
3.17888
3.06349
2.86538
2.59714
2.276
0.147051
0.438066
0.719759
0.985733
1.22939
1.444
1.62288
1.75975
1.84924
1.88749
1.87284
1.80639
1.69231
1.53783
1.35265
-1006.49
-1019.57
-1032.94
-1046.79
-1061.3
-1076.63
-1092.93
-1110.3
-1128.85
-1148.64
-1169.68
-1191.97
-1215.46
-1240.08
-1265.71
-19.4415
23.5468
-38.1142
-0.826375
-35.178
-6.88874
-30.2913
-10.3808
8.15614
-12.4675
8.52165
-12.5661
9.47821
-13.7404
9.64087
-22.9701
-0.727473
-20.8542
-2.09673
-17.6089
-1.72393
-14.5505
-2.00962
10.4097
-2.19954
13.0709
-1.61731
15.9336
-2.53412
17.851
-11.9431
9.09995
-12.0353
7.15078
-10.7965
6.5043
-9.30436
4.99509
19.5836
3.57077
22.4577
2.80448
25.4919
-0.464578
26.8199
-15.8908
12.8239
-18.3935
8.06077
-19.1274
4.85402
-19.7632
-0.0860587
20.0348
-5.75811
20.4893
-10.9652
20.0671
-19.6254
16.4663
-43.4079
-7.13616
-48.6074
-17.106
-51.9209
-25.1293
-55.6216
-35.3814
-15.5204
-46.72
-21.8657
-57.9856
-30.1683
-73.2994
-42.6636
-103.091
-73.9354
-119.685
-95.9427
-141.575
-122.901
-180.998
-172.558
-166.134
-299.325
-318.373
-370.3
-466.657
-646.668
-1015.43
2.87242
3.4156
-9.79765
-8.43241
-14.6397
-11.4191
-13.7233
-8.41708
-3.1374
-4.73498
-1.49974
-4.09519
-1.3389
-4.88113
-2.9375
-8.78616
-6.85925
-9.73953
-7.07185
-8.53415
-5.57682
-5.91997
-1.85366
2.19674
1.86874
4.73861
3.39137
5.93604
3.34136
5.1339
-0.215342
1.48571
-1.79024
0.592561
-1.56771
1.2314
0.24514
4.55595
8.9254
7.99265
11.0619
8.6799
11.3486
7.01018
8.61499
0.203986
1.65491
-4.02156
-1.65364
-5.90559
-3.01581
-5.75008
-0.752948
4.22767
1.17016
3.99466
-1.41882
0.614412
-7.51773
-7.04918
-20.2132
-20.0037
-28.9337
-27.6755
-34.6338
-33.0833
-38.2993
-34.8686
-31.7281
-37.7694
-37.6829
-46.5027
-47.8956
-59.6989
-63.3624
-80.3298
-85.5043
-100.389
-106.815
-123.475
-133.572
-155.661
-169.689
-190.442
-238.405
-271.063
-306.353
-346.23
-374.895
-319.641
7.54847
3.09379
-2.47387
-5.13379
-7.67741
-7.99355
-8.11426
-6.41507
-4.52774
-3.9617
-3.12504
-3.33088
-3.08625
-3.92161
-4.29507
-5.79911
-6.06876
-6.61393
-6.09989
-5.82372
-4.67712
-3.63915
-1.67498
0.28847
1.33186
2.47862
2.79543
3.33878
2.89895
2.7006
1.35973
1.03805
0.305986
0.576067
0.519277
1.40914
2.16656
4.03202
5.90198
6.65118
7.51559
7.28179
7.29523
5.92621
4.83243
2.09726
0.748964
-1.23382
-1.83575
-2.96813
-2.78731
-2.8705
-1.39638
-0.00493472
-0.372029
-0.637709
-2.59599
-4.20052
-7.79531
-10.934
-16.2765
-19.7106
-23.9311
-26.4133
-29.5991
-31.2937
-33.4281
-33.9379
-34.7139
-37.643
-40.6747
-45.7145
-50.6316
-57.8193
-64.9033
-74.5497
-83.0897
-93.2752
-102.949
-114.825
-126.972
-141.931
-157.133
-175.568
-199.521
-219.961
-235.797
-241.943
-223.963
-153.69
8.47214
4.3758
0.663853
-2.00154
-3.92159
-4.84829
-5.12476
-4.6829
-4.01436
-3.57705
-3.24804
-3.21418
-3.27731
-3.62611
-4.02345
-4.58844
-4.88034
-5.01241
-4.78422
-4.36554
-3.61982
-2.69091
-1.49411
-0.293798
0.647247
1.41487
1.8744
2.15845
2.10997
1.9137
1.46833
1.18254
0.960334
1.0315
1.24431
1.77881
2.49365
3.50281
4.49367
5.14506
5.5519
5.52891
5.23386
4.44719
3.41488
1.99484
0.758147
-0.432995
-1.25247
-1.92015
-2.17707
-2.23182
-1.91919
-1.70361
-2.05861
-2.83103
-4.28085
-6.14767
-8.72782
-11.6433
-15.086
-18.2828
-21.4295
-24.1359
-26.7094
-28.8686
-30.8942
-32.6216
-34.5968
-37.3666
-40.7723
-45.1007
-50.0954
-56.0866
-62.7518
-70.3602
-78.3028
-86.8955
-95.9081
-105.78
-116.321
-127.847
-139.92
-152.746
-165.692
-175.485
-179.192
-172.396
-148.329
-100.231
8.29788
5.10414
2.2944
0.0572565
-1.59637
-2.63954
-3.16983
-3.27735
-3.16822
-3.03672
-2.94628
-2.9581
-3.05729
-3.26104
-3.51073
-3.77136
-3.92241
-3.93
-3.74325
-3.37869
-2.82671
-2.12885
-1.31877
-0.503193
0.21186
0.794263
1.20551
1.45642
1.53322
1.48494
1.34658
1.23488
1.19165
1.28234
1.50552
1.88816
2.39626
2.9993
3.57351
3.99039
4.20649
4.16705
3.87973
3.32116
2.55495
1.62768
0.701036
-0.168075
-0.888467
-1.46436
-1.85866
-2.12286
-2.30294
-2.58139
-3.14481
-4.04959
-5.36593
-7.06832
-9.17807
-11.5943
-14.2498
-16.9281
-19.5623
-22.0506
-24.4168
-26.6363
-28.7901
-30.9491
-33.3359
-36.1747
-39.5418
-43.5275
-48.1249
-53.3834
-59.2425
-65.6894
-72.5802
-79.9109
-87.6301
-95.7722
-104.253
-112.975
-121.621
-129.749
-136.403
-139.77
-137.713
-127.717
-107.301
-75.7679
7.70754
5.27866
3.09954
1.27496
-0.15104
-1.17014
-1.82455
-2.18464
-2.35524
-2.43819
-2.49827
-2.57724
-2.6878
-2.8309
-2.98336
-3.11321
-3.17222
-3.1286
-2.9595
-2.66293
-2.24488
-1.7296
-1.15263
-0.569119
-0.0338384
0.418768
0.766098
1.00368
1.13516
1.18441
1.18494
1.18712
1.22858
1.3409
1.53554
1.81529
2.16057
2.53571
2.87828
3.12318
3.22733
3.1604
2.91443
2.49235
1.92514
1.25778
0.559246
-0.119147
-0.734377
-1.27191
-1.72946
-2.13688
-2.54694
-3.05072
-3.74139
-4.67749
-5.89707
-7.40438
-9.18896
-11.2028
-13.383
-15.6386
-17.9075
-20.1428
-22.3374
-24.5007
-26.6805
-28.9504
-31.426
-34.2242
-37.4223
-41.0753
-45.2041
-49.817
-54.8887
-60.3809
-66.2256
-72.3687
-78.7444
-85.2783
-91.8377
-98.2156
-104.068
-108.878
-111.85
-111.866
-107.663
-98.0394
-82.281
-60.9574
6.94308
5.09443
3.39513
1.91971
0.709427
-0.224804
-0.901986
-1.36364
-1.66732
-1.87144
-2.02186
-2.1497
-2.27023
-2.38608
-2.48731
-2.55582
-2.56856
-2.50665
-2.35805
-2.12081
-1.80178
-1.41793
-0.994613
-0.564307
-0.159189
0.19617
0.486045
0.705039
0.856833
0.955408
1.02226
1.08416
1.16487
1.28229
1.44442
1.64947
1.88331
2.12045
2.32513
2.46015
2.49602
2.41309
2.20426
1.87411
1.44117
0.934384
0.390118
-0.159484
-0.690454
-1.19288
-1.67066
-2.14526
-2.65415
-3.24902
-3.98262
-4.89521
-6.01185
-7.33914
-8.86759
-10.5696
-12.4054
-14.328
-16.2985
-18.2914
-20.3007
-22.3387
-24.4388
-26.6531
-29.0491
-31.6951
-34.6451
-37.9356
-41.5833
-45.5874
-49.9264
-54.5622
-59.4385
-64.4886
-69.6277
-74.7447
-79.6808
-84.21
-88.0119
-90.6497
-91.5516
-90.0356
-85.4199
-77.1939
-65.2731
-50.304
6.10908
4.69601
3.36922
2.18365
1.17336
0.351401
-0.288744
-0.769102
-1.1217
-1.38096
-1.57686
-1.73161
-1.85825
-1.96121
-2.0372
-2.07759
-2.07123
-2.00834
-1.88307
-1.69526
-1.45085
-1.16187
-0.845473
-0.522025
-0.211678
0.0690878
0.309287
0.504411
0.656399
0.77335
0.867992
0.955421
1.04957
1.16062
1.2928
1.44351
1.60264
1.75327
1.87366
1.94128
1.93718
1.84852
1.67024
1.40537
1.06504
0.666515
0.230248
-0.225051
-0.686019
-1.14768
-1.61477
-2.10257
-2.63582
-3.24581
-3.9643
-4.81727
-5.82143
-6.98231
-8.29436
-9.74161
-11.3009
-12.9461
-14.6552
-16.4141
-18.2206
-20.085
-22.0306
-24.0917
-26.3097
-28.7261
-31.375
-34.2791
-37.447
-40.8728
-44.5344
-48.3943
-52.3987
-56.4775
-60.5402
-64.4688
-68.1069
-71.2488
-73.6291
-74.9183
-74.732
-72.6664
-68.3734
-61.6676
-52.6536
-41.8338
5.25499
4.17341
3.14005
2.19528
1.36618
0.665881
0.0944913
-0.358455
-0.71043
-0.98163
-1.19106
-1.35393
-1.48034
-1.5751
-1.63829
-1.66664
-1.65527
-1.59982
-1.49809
-1.35121
-1.16407
-0.945301
-0.706484
-0.460889
-0.22159
0.000395134
0.197407
0.365866
0.506384
0.62338
0.724075
0.816962
0.90991
1.00845
1.11445
1.22538
1.33413
1.42959
1.49809
1.5256
1.50001
1.41294
1.26082
1.04525
0.772636
0.452951
0.0977402
-0.28249
-0.680611
-1.09471
-1.52909
-1.99445
-2.50701
-3.08638
-3.75234
-4.52159
-5.40529
-6.40777
-7.52637
-8.75225
-10.0724
-11.4723
-12.94
-14.4682
-16.0569
-17.7142
-19.4558
-21.304
-23.2844
-25.422
-27.7372
-30.2422
-32.9391
-35.8181
-38.8565
-42.0179
-45.2511
-48.4891
-51.6454
-54.6106
-57.2468
-59.3837
-60.8163
-61.3106
-60.6173
-58.5037
-54.8008
-49.4645
-42.6344
-34.6681
4.40477
3.581
2.78289
2.03991
1.37309
0.794287
0.306705
-0.0936844
-0.41597
-0.671767
-0.87284
-1.02931
-1.14858
-1.23501
-1.29015
-1.31346
-1.3034
-1.25857
-1.17878
-1.06576
-0.923525
-0.758276
-0.577954
-0.391402
-0.207299
-0.0330804
0.125885
0.266786
0.389456
0.496092
0.590593
0.677601
0.761368
0.844707
0.92816
1.00953
1.08386
1.14382
1.18067
1.18546
1.15043
1.07008
0.941832
0.766317
0.547039
0.289566
0.000276553
-0.315156
-0.653192
-1.01355
-1.3998
-1.8194
-2.28304
-2.80327
-3.39271
-4.06217
-4.81917
-5.66707
-6.60497
-7.62826
-8.7299
-9.90216
-11.1387
-12.4361
-13.7955
-15.2228
-16.7287
-18.3271
-20.0337
-21.8633
-23.827
-25.9301
-28.17
-30.5349
-33.0025
-35.5389
-38.0978
-40.619
-43.0266
-45.2268
-47.1067
-48.5332
-49.3556
-49.4131
-48.5483
-46.6295
-43.5804
-39.4125
-34.2513
-28.3455
3.56922
2.95127
2.34594
1.77449
1.25282
0.790887
0.392898
0.0581367
-0.217748
-0.441219
-0.619379
-0.758784
-0.864659
-0.940559
-0.988423
-1.00895
-1.00221
-0.968285
-0.907942
-0.823043
-0.71678
-0.593636
-0.459086
-0.319097
-0.179493
-0.0453285
0.0796283
0.193196
0.29484
0.385488
0.467104
0.542094
0.612622
0.679967
0.744014
0.802982
0.853415
0.890472
0.908497
0.901755
0.865223
0.795245
0.689966
0.549451
0.37548
0.171027
-0.0605193
-0.316256
-0.594627
-0.896093
-1.22348
-1.58197
-1.9786
-2.42153
-2.9189
-3.47775
-4.1032
-4.79782
-5.56166
-6.39252
-7.28681
-8.24056
-9.25063
-10.3158
-11.4373
-12.6196
-13.8693
-15.1953
-16.607
-18.1124
-19.717
-21.4219
-23.2219
-25.1048
-27.0502
-29.0285
-30.9998
-32.9136
-34.7072
-36.3054
-37.6205
-38.5533
-38.9972
-38.8445
-37.9975
-36.3834
-33.9716
-30.7909
-26.9409
-22.5924
2.75182
2.3032
1.86002
1.43721
1.04636
0.69523
0.38786
0.124984
-0.0951983
-0.27612
-0.421936
-0.536762
-0.624129
-0.686712
-0.726296
-0.74396
-0.740398
-0.716304
-0.672729
-0.611353
-0.534617
-0.445698
-0.348335
-0.246525
-0.144153
-0.0446197
0.0494628
0.136458
0.215737
0.287562
0.352823
0.412672
0.468116
0.519625
0.566831
0.608366
0.641867
0.664165
0.671623
0.660576
0.627792
0.570862
0.488451
0.380366
0.24742
0.0911023
-0.0868843
-0.285167
-0.503211
-0.741714
-1.0028
-1.28999
-1.60792
-1.96182
-2.35694
-2.79786
-3.28801
-3.82933
-4.42224
-5.06586
-5.75849
-6.49824
-7.28371
-8.11463
-8.99222
-9.9194
-10.9005
-11.9408
-13.0455
-14.2189
-15.4632
-16.777
-18.1546
-19.5851
-21.051
-22.5282
-23.985
-25.3815
-26.6694
-27.792
-28.685
-29.278
-29.4982
-29.2759
-28.5516
-27.2861
-25.4701
-23.1331
-20.3484
-17.231
1.9516
1.64719
1.34464
1.05382
0.782586
0.536458
0.31864
0.130241
-0.0293015
-0.161693
-0.269247
-0.354412
-0.419429
-0.466129
-0.495886
-0.509691
-0.508322
-0.492548
-0.463327
-0.421965
-0.370184
-0.310114
-0.244186
-0.174965
-0.104933
-0.036277
0.0292833
0.0906042
0.147136
0.198852
0.246091
0.289347
0.329026
0.365226
0.397557
0.425055
0.446185
0.458958
0.461123
0.450423
0.424854
0.38289
0.323622
0.246796
0.152723
0.0420892
-0.0843166
-0.225916
-0.382632
-0.555108
-0.744823
-0.954054
-1.18571
-1.44305
-1.72931
-2.04737
-2.39943
-2.78684
-3.21008
-3.66891
-4.16261
-4.69036
-5.25163
-5.84652
-6.47598
-7.14185
-7.84672
-8.59358
-9.38525
-10.2237
-11.1094
-12.0404
-13.0116
-14.0144
-15.0357
-16.0576
-17.0572
-18.0059
-18.8698
-19.6096
-20.1816
-20.5396
-20.6368
-20.4302
-19.8854
-18.9818
-17.7189
-16.1201
-14.2349
-12.1372
1.16511
0.988585
0.812435
0.642293
0.482706
0.336972
0.207116
0.0940057
-0.0024377
-0.0829675
-0.14873
-0.20101
-0.24104
-0.26988
-0.28838
-0.297208
-0.296927
-0.28809
-0.271347
-0.247517
-0.217626
-0.182902
-0.14472
-0.104515
-0.063672
-0.0234185
0.0152658
0.0517031
0.085527
0.116644
0.145151
0.171225
0.195001
0.216451
0.235297
0.250966
0.262594
0.269083
0.269207
0.261739
0.245584
0.219894
0.18414
0.138124
0.0819363
0.0158543
-0.0598019
-0.144827
-0.239282
-0.343605
-0.458664
-0.58574
-0.726438
-0.882537
-1.05581
-1.24783
-1.45984
-1.69263
-1.94657
-2.22164
-2.51758
-2.83409
-3.17101
-3.52851
-3.90716
-4.30798
-4.73234
-5.18172
-5.65747
-6.16038
-6.69028
-7.24561
-7.823
-8.41688
-9.01917
-9.61897
-10.2024
-10.7523
-11.2486
-11.6684
-11.9864
-12.1764
-12.2126
-12.0716
-11.7356
-11.195
-10.4513
-9.51937
-8.42761
-7.21718
-1290.03
-1312.68
-1335.77
-1359.23
-1382.98
-1406.95
-1431.06
-1455.25
-1479.48
-1503.7
-1527.86
-1551.95
-1575.93
-1599.79
-1623.51
-1647.08
-1670.51
-1693.78
-1716.91
-1739.9
-1762.76
-1785.51
-1808.16
-1830.73
-1853.24
-1875.71
-1898.15
-1920.58
-1943.02
-1965.49
-1988
-2010.56
-2033.18
-2055.88
-2078.67
-2101.55
-2124.53
-2147.61
-2170.8
-2194.11
-2217.51
-2241.02
-2264.61
-2288.27
-2311.98
-2335.71
-2359.43
-2383.1
-2406.69
-2430.15
-2453.44
-2476.49
-2499.26
-2521.67
-2543.65
-2565.13
-2586.01
-2606.2
-2625.59
-2644.06
-2661.48
-2677.72
-2692.63
-2706.05
-2717.82
-2727.76
-2735.69
-2741.41
-2744.72
-2745.38
-2743.18
-2737.86
-2729.17
-2716.84
-2700.59
-2680.14
-2655.22
-2625.55
-2590.88
-2550.97
-2505.63
-2454.71
-2398.11
-2335.83
-2267.92
-2194.53
-2115.93
-2032.45
-1944.53
-1852.68
736.065
394.07
249.907
175.761
131.594
102.336
81.3652
65.3931
52.6196
41.98
32.8015
24.6331
17.1549
10.1249
3.34772
145.879
199.871
173.547
140.402
112.844
91.3013
74.3551
60.6918
49.3507
39.6604
31.1493
23.4775
16.3905
9.6887
3.20587
9.54085
85.9866
104.005
99.4531
88.079
75.6692
64.0613
53.6679
44.4305
36.1611
28.6575
21.7367
15.2409
9.03342
2.99292
-25.1732
30.5278
57.0344
65.3257
64.3486
59.2346
52.5524
45.4873
38.5417
31.8957
25.5825
19.5708
13.8028
8.21108
2.72526
-33.7068
4.26355
28.2782
40.4662
44.7545
44.3675
41.4257
37.1868
32.353
27.2972
22.2057
17.161
12.1884
7.28272
2.42229
-34.3251
-8.04479
11.3484
23.506
29.8352
32.0547
31.5955
29.4809
26.3859
22.7342
18.782
14.6787
10.507
6.30904
2.10344
-32.1698
-13.4659
1.65436
12.3737
19.0254
22.4201
23.4204
22.7551
20.9752
18.4713
15.5093
12.2648
8.85174
5.34294
1.78586
-28.9352
-15.3032
-3.63897
5.30894
11.4721
15.1796
16.9106
17.1437
16.2883
14.6664
12.5188
10.0194
7.29215
4.42508
1.4829
-25.2613
-15.1727
-6.21617
1.02869
6.37426
9.91546
11.8986
12.6205
12.3676
11.3872
9.87993
8.00189
5.8723
3.58229
1.20355
-21.4143
-13.9104
-7.08183
-1.35248
3.0806
6.2091
8.14769
9.07208
9.17409
8.63476
7.61173
6.23579
4.6128
2.82818
0.952513
-17.5098
-11.9729
-6.84843
-2.43756
1.09136
3.6925
5.41078
6.34587
6.62182
6.3659
5.69632
4.71665
3.51486
2.16505
0.730816
-13.5977
-9.62291
-5.90145
-2.64074
0.0298745
2.0587
3.45701
4.27876
4.60136
4.51067
4.09098
3.41962
2.5649
1.58637
0.536537
-9.69675
-7.01962
-4.49371
-2.25384
-0.389876
1.05538
2.07974
2.71073
2.99416
2.98437
2.73724
2.30592
1.73874
1.07896
0.365514
-5.81067
-4.26513
-2.79997
-1.49104
-0.390948
0.472927
1.0958
1.49023
1.68012
1.69535
1.56768
1.32803
1.00515
0.625202
0.212035
-1747.95
-1629.81
-1508.82
-1385.96
-1262.11
-1138.02
-1014.25
-891.232
-769.22
-648.339
-528.598
-409.91
-292.112
-174.987
-58.2818
)
;

boundaryField
{
    hot
    {
        type            calculated;
        value           nonuniform List<scalar> 
120
(
998.888
-0.197687
-0.332297
-0.470812
-0.614159
-0.762575
-0.91535
-1.07062
-1.22516
-1.37429
-1.51202
-1.63138
-1.72515
-1.78682
-1.81167
-1.80181
-1.76371
-1.7014
-1.61832
-1.51882
-1.40765
-1.28954
-1.16883
-1.04927
-0.933824
-0.824702
-0.723387
-0.63073
-0.547068
-0.472345
-0.40622
-0.34816
-0.297521
-0.253603
-0.215696
-0.183112
-0.155197
-0.131353
-0.111034
-0.0937535
-0.0790812
-0.0666391
-0.0560981
-0.0471729
-0.0396177
-0.0332208
-0.0278008
-0.0232023
-0.0192921
-0.0159561
-0.0130963
-0.0106284
-0.00847904
-0.00658419
-0.0048872
-0.00333721
-0.00188765
-0.00049488
0.000883046
0.00228766
0.00376128
0.00534829
0.00709641
0.0090581
0.0112921
0.0138651
0.0168538
0.0203465
0.0244464
0.0292736
0.0349687
0.0416962
0.0496485
0.0590507
0.070165
0.0832967
0.0987993
0.117081
0.138608
0.163915
0.1936
0.228334
0.268852
0.315949
0.370462
0.433243
0.505123
0.586851
0.679018
0.781961
0.895644
1.01951
1.15236
1.29219
1.43608
1.58017
1.71974
1.84933
1.96316
2.05553
2.12147
2.15723
2.16081
2.13217
2.07324
1.97634
1.84284
1.68797
1.52095
1.34979
1.18078
1.01837
0.865249
0.722645
0.590658
0.468561
0.355064
0.248518
0.147051
-1006.49
)
;
    }
    cold
    {
        type            calculated;
        value           nonuniform List<scalar> 
120
(
5.69732
-0.057394
-0.0950826
-0.131862
-0.167275
-0.200787
-0.231772
-0.259529
-0.283305
-0.302343
-0.315958
-0.323615
-0.325025
-0.320214
-0.309565
-0.295478
-0.279433
-0.261144
-0.241322
-0.220662
-0.199803
-0.179294
-0.159577
-0.140983
-0.123734
-0.107958
-0.0937063
-0.0809651
-0.0696773
-0.0597543
-0.0510889
-0.0435643
-0.0370617
-0.0314649
-0.026664
-0.0225573
-0.0190521
-0.0160654
-0.0135233
-0.0113608
-0.0095212
-0.00795479
-0.00661856
-0.00547519
-0.00449228
-0.00364165
-0.00289864
-0.00224155
-0.00165104
-0.0011096
-0.000601108
-0.000110357
0.000377387
0.000876806
0.00140296
0.00197175
0.00260034
0.00330776
0.00411538
0.0050476
0.00613259
0.00740306
0.00889734
0.0106604
0.0127452
0.0152144
0.0181419
0.0216152
0.0257376
0.0306316
0.0364417
0.0433389
0.0515247
0.0612369
0.0727549
0.0864071
0.102578
0.121716
0.144345
0.171068
0.202584
0.23969
0.283292
0.33441
0.394174
0.463821
0.544676
0.638119
0.745537
0.868242
1.00737
1.16375
1.33768
1.52878
1.73568
1.95578
2.18505
2.41782
2.64673
2.86292
3.05642
3.21682
3.3342
3.40024
3.40931
3.34772
3.20587
2.99292
2.72526
2.42229
2.10344
1.78586
1.4829
1.20355
0.952513
0.730816
0.536537
0.365514
0.212035
-58.2818
)
;
    }
    interface_left
    {
        type            calculated;
        value           nonuniform List<scalar> 
90
(
-311.204
-105.838
-42.623
-20.5441
-11.5626
-7.29321
-4.97047
-3.56844
-2.65574
-2.02823
-1.57904
-1.24751
-0.996929
-0.803932
-0.653019
-0.533554
-0.438029
-0.361012
-0.298492
-0.24745
-0.205583
-0.171103
-0.142614
-0.119008
-0.0994004
-0.0830804
-0.0694715
-0.0581042
-0.0485939
-0.0406241
-0.0339336
-0.0283057
-0.0235598
-0.0195451
-0.0161351
-0.0132228
-0.0107175
-0.00854151
-0.00662751
-0.00491658
-0.00335617
-0.00189846
-0.000498855
0.000885435
0.0022967
0.00377806
0.00537481
0.00713586
0.00911522
0.0113738
0.0139811
0.017018
0.0205787
0.0247744
0.0297368
0.0356227
0.0426196
0.0509522
0.0608913
0.0727637
0.0869656
0.10398
0.124395
0.148937
0.178502
0.214204
0.257442
0.309988
0.374104
0.452724
0.549694
0.670146
0.821051
1.01208
1.257
1.57596
1.99949
2.57586
3.3854
4.57073
6.40687
9.48092
15.204
27.4177
57.8635
146.04
434.846
433.708
141.08
41.4635
)
;
    }
    interface_right
    {
        type            calculated;
        value           nonuniform List<scalar> 
90
(
-17.3066
-6.49295
-2.95499
-1.60816
-1.00108
-0.681381
-0.491177
-0.367714
-0.282558
-0.221244
-0.175684
-0.141017
-0.114147
-0.0930161
-0.0762026
-0.0626976
-0.0517657
-0.0428602
-0.0355666
-0.0295666
-0.0246119
-0.0205068
-0.0170954
-0.0142527
-0.0118775
-0.00988709
-0.00821394
-0.00680211
-0.00560518
-0.00458434
-0.00370682
-0.00294475
-0.00227414
-0.00167402
-0.00112572
-0.000612319
-0.000117999
0.000372398
0.00087387
0.00140173
0.00197207
0.00260226
0.0033115
0.00412139
0.0050566
0.00614566
0.00742179
0.00892396
0.0106981
0.0127986
0.0152898
0.0182484
0.0217655
0.0259498
0.0309312
0.0368647
0.0439361
0.0523678
0.0624271
0.0744353
0.0887794
0.105927
0.126445
0.151021
0.180495
0.215894
0.258486
0.309837
0.371905
0.447146
0.538683
0.650515
0.787838
0.957493
1.16863
1.43374
1.77021
2.20287
2.76823
3.52187
4.552
6.00598
8.14648
11.4816
17.0986
27.6144
50.1561
106.501
269.866
804.941
)
;
    }
    interface_top
    {
        type            calculated;
        value           nonuniform List<scalar> 
90
(
-37.9436
42.6034
-61.1731
8.22402
-51.0818
-0.75796
-43.08
-11.2891
17.9588
-19.5704
17.1355
-20.3032
18.7949
-21.7765
20.8338
-34.9184
5.54629
-29.8168
3.12977
-24.8548
2.43155
-21.5134
-2.07753
17.1432
-6.39535
19.8211
-6.70205
24.0857
-8.40452
28.665
-22.2475
16.1797
-20.6587
13.421
-18.4571
11.6992
-17.2562
5.1795
28.0959
-1.34758
31.4882
-3.49873
36.8475
-8.19414
42.1571
-30.1626
23.0787
-30.5709
17.2581
-30.1415
12.5671
-31.4264
0.233647
32.7434
-13.2269
33.7599
-20.7033
36.0162
-31.4281
36.727
-63.4299
5.30363
-64.7654
-6.4476
-65.8352
-16.6512
-69.5318
-35.528
-1.97745
-55.4397
-8.58401
-68.7518
-15.0023
-85.643
-24.1483
-122.097
-62.0612
-134.919
-84.3131
-155.252
-110.43
-199.331
-170.891
-137.87
-339.333
-339.036
-396.183
-525.275
-817.239
-1583.06
)
;
    }
    interface_bottom
    {
        type            calculated;
        value           nonuniform List<scalar> 
90
(
363.869
139.861
110.266
47.7739
67.4101
32.0613
50.9738
30.4037
12.6246
31.1448
11.4587
29.381
10.5591
28.6929
10.653
32.5247
17.8845
28.7876
19.7169
24.9143
20.2005
21.5242
20.0253
19.9394
19.0708
21.6411
17.3666
23.4556
14.8033
25.1368
8.32498
21.209
6.8486
20.2345
5.69632
19.3709
3.89424
15.2289
27.7211
10.054
29.4886
6.78896
31.5674
2.23408
32.7848
-10.1871
21.3485
-8.81619
19.4818
-7.70318
18.3366
-8.39931
11.7499
32.9906
3.78929
35.0949
-0.427749
37.7423
-6.2842
39.1949
-23.3903
22.4962
-20.487
19.92
-18.3463
18.2448
-18.8592
9.08224
38.2943
-1.71661
41.0935
-7.22767
45.2268
-15.2447
48.7879
-42.522
24.0545
-42.7264
17.5119
-45.0848
10.3045
-53.2336
-11.7766
31.6872
-55.1834
-6.67782
53.3405
-125.015
-76.2076
-63.2568
)
;
    }
    defaultFaces
    {
        type            empty;
    }
}


// ************************************************************************* //
