/*--------------------------------*- C++ -*----------------------------------*\
| =========                 |                                                 |
| \\      /  F ield         | OpenFOAM: The Open Source CFD Toolbox           |
|  \\    /   O peration     | Version:  5.x                                   |
|   \\  /    A nd           | Web:      www.OpenFOAM.org                      |
|    \\/     M anipulation  |                                                 |
\*---------------------------------------------------------------------------*/
FoamFile
{
    version     2.0;
    format      ascii;
    class       volScalarField;
    location    "15.7";
    object      gradTx;
}
// * * * * * * * * * * * * * * * * * * * * * * * * * * * * * * * * * * * * * //

dimensions      [0 -1 0 1 0 0 0];

internalField   nonuniform List<scalar> 
6300
(
-2.02661
-1.76551
-1.24687
-0.478187
0.528481
1.75561
3.17915
4.76753
6.48094
8.27117
10.0824
11.8531
13.5197
15.0206
16.3014
-2.28817
-2.0235
-1.49738
-0.716641
0.307551
1.55872
3.01382
4.64201
6.40363
8.24966
10.1223
11.9568
13.6849
15.2401
16.5632
-2.81483
-2.54336
-2.00293
-1.199
-0.140804
1.15743
2.67492
4.38259
6.24139
8.20103
10.1998
12.1663
14.0226
15.6911
17.1023
-3.61343
-3.33264
-2.77243
-1.93608
-0.829664
0.536403
2.14535
3.97154
5.97778
8.1127
10.3093
12.4853
14.5474
16.3989
17.9515
-4.69325
-4.40175
-3.81853
-2.94368
-1.77863
-0.327963
1.39804
3.37996
5.58498
7.96221
10.4387
12.9177
15.2822
17.4049
19.1662
-6.06501
-5.76302
-5.15672
-4.24191
-3.01365
-1.46813
0.394332
2.56479
5.01947
7.71195
10.565
13.4642
16.2583
18.7719
20.8324
-7.73918
-7.42904
-6.80383
-5.85402
-4.5664
-2.92571
-0.917846
1.46492
4.21563
7.30065
10.6446
14.115
17.5145
20.5914
23.0823
-9.7239
-9.41055
-8.77595
-7.80439
-6.47263
-4.75092
-2.6054
-0.00336401
3.07698
6.6299
10.5972
14.8364
19.0926
22.9962
26.1221
-12.0224
-11.7137
-11.0854
-10.1154
-8.76926
-7.00036
-4.74992
-1.95043
1.46526
5.5443
10.2773
15.5403
21.0227
26.1782
30.284
-14.6299
-14.3368
-13.7371
-12.8028
-11.4891
-9.73178
-7.44392
-4.51416
-0.810294
3.80428
9.42684
16.0242
23.2793
30.4092
36.1317
-17.531
-17.2669
-16.7239
-15.8699
-14.6529
-12.9942
-10.7802
-7.85244
-3.997
1.05578
7.60107
15.85
25.6603
36.0469
44.6921
-20.6964
-20.4764
-20.0218
-19.3006
-18.2589
-16.8121
-14.8308
-12.1188
-8.38148
-3.18569
4.07118
14.1137
27.4645
43.4251
58.0203
-24.082
-23.921
-23.5867
-23.052
-22.2703
-21.1649
-19.6124
-17.4108
-14.2249
-9.48869
-2.24484
9.0683
26.6582
52.1677
80.7761
-27.629
-27.5392
-27.3521
-27.0509
-26.6056
-25.9653
-25.0433
-23.6874
-21.6188
-18.2998
-12.6306
-2.25449
17.9314
57.8105
125.362
-31.2661
-31.2551
-31.2319
-31.1941
-31.1361
-31.0478
-30.9085
-30.6768
-30.2637
-29.4613
-27.7239
-23.3876
-10.4894
35.7796
231.749
17.2564
17.9049
18.3459
18.5799
18.6144
18.4625
18.1415
17.6705
17.0697
16.3588
15.5563
14.6789
13.7413
12.7563
11.7345
10.6852
9.61596
8.53325
7.4425
6.3483
5.25456
4.16462
3.08132
2.00708
0.943927
-0.106442
-1.14266
-2.16366
-3.16869
-4.15723
-5.12905
-6.08412
-7.02259
-7.94473
-8.85085
-9.74122
-10.616
-11.4754
-12.319
-13.1469
-13.9584
-14.7533
-15.5311
-16.2916
-17.0348
-17.7609
-18.4703
-19.1638
-19.8423
-20.5064
-21.1571
-21.7947
-22.4193
-23.0307
-23.6281
-24.2105
-24.7764
-25.3243
-25.8528
-26.3603
-26.8457
-27.3077
-27.7455
-28.1581
-28.5442
-28.9023
-29.2303
-29.5252
-29.7836
-30.0007
-30.1717
-30.2908
-30.3522
-30.3503
-30.2798
-30.1363
-29.9163
-29.6175
-29.2391
-28.7813
-28.246
-27.6365
-26.9572
-26.2141
-25.4144
-24.5667
-23.6807
-22.7673
-21.838
-20.9045
17.544
18.2032
18.6434
18.8665
18.8821
18.7058
18.3569
17.8569
17.2277
16.4903
15.6637
14.7652
13.8093
12.8087
11.7739
10.7136
9.63508
8.54457
7.44722
6.34741
5.24889
4.15487
3.06811
1.99096
0.925392
-0.126927
-1.16466
-2.18675
-3.19247
-4.18135
-5.15318
-6.10802
-7.0461
-7.96779
-8.87348
-9.76356
-10.6383
-11.4978
-12.3418
-13.1702
-13.9823
-14.7777
-15.5559
-16.3164
-17.0593
-17.7846
-18.4931
-19.1854
-19.8626
-20.5257
-21.1756
-21.813
-22.4381
-23.0505
-23.6495
-24.2339
-24.802
-25.3521
-25.8826
-26.392
-26.8789
-27.3423
-27.7815
-28.1958
-28.5841
-28.9453
-29.2774
-29.5777
-29.8424
-30.067
-30.246
-30.3734
-30.443
-30.4486
-30.3846
-30.2461
-30.0293
-29.732
-29.3529
-28.8925
-28.3527
-27.7366
-27.0487
-26.2952
-25.4832
-24.6215
-23.72
-22.79
-21.8435
-20.8931
18.1363
18.8163
19.2531
19.4515
19.4259
19.1969
18.7893
18.229
17.5413
16.7496
15.8745
14.9336
13.9415
12.9102
11.8496
10.7678
9.67124
8.56551
7.45525
6.34445
5.23654
4.1345
3.04092
1.95801
0.887659
-0.168527
-1.20925
-2.2335
-3.24057
-4.23004
-5.20182
-6.15607
-7.09322
-8.01384
-8.91855
-9.80796
-10.6825
-11.5423
-12.3871
-13.2167
-14.0302
-14.8268
-15.6058
-16.3665
-17.1087
-17.8326
-18.5388
-19.2285
-19.903
-20.5637
-21.2121
-21.849
-22.4749
-23.0895
-23.6918
-24.2803
-24.8531
-25.4079
-25.9427
-26.4557
-26.9456
-27.4116
-27.8532
-28.2704
-28.6629
-29.0299
-29.3701
-29.6809
-29.9587
-30.1985
-30.3942
-30.539
-30.6256
-30.6469
-30.5963
-30.4681
-30.2582
-29.9637
-29.5834
-29.1178
-28.5688
-27.9395
-27.2347
-26.4601
-25.6233
-24.7331
-23.8
-22.8361
-21.8545
-20.8692
19.0693
19.7791
20.2053
20.3587
20.2618
19.9448
19.441
18.7839
18.0042
17.1287
16.1797
15.1753
14.1295
13.0535
11.9557
10.8429
9.72033
8.59269
7.46381
6.33709
5.21552
4.10178
2.99819
1.90681
0.829407
-0.232501
-1.27766
-2.30507
-3.31405
-4.30426
-5.2757
-6.22876
-7.16413
-8.08275
-8.98563
-9.87374
-10.7478
-11.6081
-12.4545
-13.2862
-14.1023
-14.9013
-15.6819
-16.4431
-17.1844
-17.9058
-18.6082
-19.2933
-19.9629
-20.6193
-21.2647
-21.9005
-22.5277
-23.1458
-23.7537
-24.3493
-24.9298
-25.4922
-26.0338
-26.5523
-27.0463
-27.5154
-27.9598
-28.3804
-28.7779
-29.1528
-29.5047
-29.8314
-30.1294
-30.3931
-30.6154
-30.788
-30.9019
-30.9484
-30.9192
-30.8076
-30.6084
-30.3184
-29.9365
-29.463
-28.9
-28.251
-27.5205
-26.7144
-25.84
-24.9062
-23.9242
-22.9073
-21.8706
-20.8303
20.4036
21.1496
21.5498
21.6257
21.4142
20.9609
20.3131
19.5149
18.6046
17.613
16.5643
15.476
14.3609
13.2279
12.0832
10.9315
9.77653
8.62141
7.46903
6.32207
5.18305
4.05424
2.93773
1.83534
0.748718
-0.320708
-1.3717
-2.40324
-3.41463
-4.40553
-5.37608
-6.32692
-7.25916
-8.17428
-9.07394
-9.95972
-10.8328
-11.6939
-12.5427
-13.3782
-14.1987
-15.002
-15.7858
-16.5484
-17.2885
-18.0061
-18.7026
-19.38
-20.0415
-20.6907
-21.3308
-21.9645
-22.5931
-23.2166
-23.8331
-24.4397
-25.0322
-25.6062
-26.1578
-26.6838
-27.1828
-27.6545
-28.1005
-28.5231
-28.925
-29.3087
-29.675
-30.023
-30.3491
-30.6469
-30.9077
-31.121
-31.275
-31.3584
-31.3605
-31.2728
-31.0889
-30.8054
-30.4209
-29.9366
-29.3548
-28.6794
-27.915
-27.0668
-26.1417
-25.1484
-24.0984
-23.0067
-21.8913
-20.7725
22.234
23.0174
23.361
23.3059
22.9143
22.2568
21.4013
20.407
19.3213
18.1793
17.0054
15.8151
14.6178
13.4186
12.2204
11.0246
9.83265
8.64592
7.46619
6.29543
5.13566
3.98884
2.85676
1.74104
0.643142
-0.435569
-1.49383
-2.53051
-3.54475
-4.53614
-5.50486
-6.45186
-7.37882
-8.28805
-9.1822
-10.0639
-10.9352
-11.7973
-12.65
-13.4918
-14.3199
-15.1306
-15.9203
-16.6857
-17.4247
-18.1369
-18.824
-19.4894
-20.1378
-20.7749
-21.4059
-22.0354
-22.6657
-23.297
-23.9267
-24.5501
-25.1608
-25.7522
-26.3182
-26.8541
-27.358
-27.8305
-28.2745
-28.6951
-29.0982
-29.4891
-29.8715
-30.2459
-30.6091
-30.9537
-31.2683
-31.5388
-31.7495
-31.8849
-31.9308
-31.876
-31.7127
-31.4372
-31.0489
-30.55
-29.9441
-29.2358
-28.4296
-27.5297
-26.5414
-25.4718
-24.3324
-23.1399
-21.9168
-20.6896
24.7075
25.5178
25.7458
25.4701
24.797
23.8371
22.6887
21.4302
20.1187
18.7913
17.4695
16.1638
14.8769
13.6078
12.3537
11.112
9.88095
8.66011
7.45022
6.25274
5.06943
3.90203
2.75208
1.62093
0.509819
-0.579982
-1.64711
-2.69015
-3.70784
-4.69941
-5.66494
-6.60565
-7.524
-8.4235
-9.30838
-10.1829
-11.0507
-11.914
-12.7729
-13.625
-14.4658
-15.2895
-16.0896
-16.8608
-17.5992
-18.3037
-18.9766
-19.623
-20.2503
-20.8675
-21.4832
-22.1048
-22.7367
-23.3794
-24.0292
-24.6784
-25.3171
-25.9347
-26.5214
-27.0703
-27.5783
-28.0469
-28.4818
-28.8922
-29.2886
-29.6815
-30.0789
-30.4844
-30.8956
-31.3032
-31.692
-32.0424
-32.3323
-32.5399
-32.6458
-32.6349
-32.4979
-32.2311
-31.8359
-31.3169
-30.6806
-29.933
-29.0785
-28.1196
-27.0576
-25.8956
-24.6426
-23.317
-21.9478
-20.5725
28.0542
28.8561
28.8555
28.206
27.0924
25.6885
24.1341
22.5296
20.9384
19.3945
17.9104
16.4849
15.1101
13.7749
12.4689
11.1838
9.91426
8.6583
7.41617
6.18945
4.98012
3.78993
2.62019
1.47184
0.345702
-0.757143
-1.83515
-2.88634
-3.90858
-4.90021
-5.86078
-6.79165
-7.69629
-8.58
-9.4494
-10.3115
-11.1727
-12.0371
-12.9055
-13.7744
-14.6364
-15.482
-16.3006
-17.0829
-17.8222
-18.516
-19.1672
-19.7837
-20.3773
-20.9619
-21.5518
-22.1591
-22.7919
-23.4515
-24.1321
-24.8215
-25.5036
-26.1612
-26.7788
-27.3451
-27.8551
-28.3116
-28.7243
-29.1089
-29.4837
-29.8671
-30.2745
-30.7146
-31.1868
-31.6794
-32.1708
-32.6326
-33.0332
-33.341
-33.5285
-33.5751
-33.4695
-33.2095
-32.8006
-32.2526
-31.577
-30.7836
-29.8776
-28.8578
-27.7175
-26.4501
-25.0572
-23.5564
-21.9873
-20.407
32.6496
33.3495
32.8993
31.6095
29.8056
27.7561
25.6514
23.6092
21.6898
19.9115
18.2662
16.7329
15.2858
13.8998
12.5539
11.2328
9.92779
8.63635
7.35972
6.10095
4.86307
3.64822
2.45737
1.29063
0.147948
-0.970145
-2.0619
-3.12428
-4.15344
-5.14577
-6.09938
-7.01543
-7.89869
-8.75709
-9.60086
-10.4414
-11.2899
-12.1544
-13.0374
-13.9334
-14.8306
-15.7131
-16.5638
-17.3669
-18.1105
-18.7895
-19.4077
-19.9773
-20.5169
-21.0486
-21.595
-22.1767
-22.8082
-23.4932
-24.2222
-24.9749
-25.725
-26.4451
-27.1099
-27.7007
-28.2088
-28.6387
-29.0071
-29.3395
-29.6661
-30.018
-30.4224
-30.8981
-31.4484
-32.057
-32.6918
-33.3108
-33.8672
-34.315
-34.6138
-34.7343
-34.663
-34.4021
-33.9652
-33.3718
-32.6428
-31.796
-30.8403
-29.7692
-28.5601
-27.1852
-25.6266
-23.894
-22.0429
-20.1692
39.1397
39.4984
38.1516
35.7524
32.8717
29.903
27.0783
24.5118
22.2378
20.2363
18.4605
16.8564
15.373
13.9667
12.6029
11.2582
9.92158
8.59283
7.27736
5.98217
4.71269
3.47183
2.2597
1.07469
-0.0853147
-1.22116
-2.331
-3.41011
-4.45135
-5.44713
-6.39207
-7.28642
-8.13687
-8.95519
-9.75685
-10.56
-11.3839
-12.245
-13.1503
-14.0907
-15.0458
-15.9898
-16.8954
-17.7363
-18.4916
-19.1506
-19.7179
-20.2138
-20.6678
-21.1137
-21.5871
-22.1224
-22.7471
-23.4713
-24.2779
-25.1316
-25.9896
-26.8082
-27.5472
-28.1749
-28.675
-29.0542
-29.3413
-29.578
-29.812
-30.0927
-30.4675
-30.9741
-31.6255
-32.3964
-33.2355
-34.0785
-34.8572
-35.5032
-35.9554
-36.1692
-36.1291
-35.8479
-35.3548
-34.6858
-33.8778
-32.965
-31.9687
-30.8789
-29.6411
-28.1846
-26.4465
-24.4018
-22.1308
-19.8149
48.7237
48.1022
44.9188
40.588
36.0634
31.8418
28.133
24.9927
22.393
20.2359
18.4072
16.8056
15.3489
13.9719
12.624
11.2717
9.90377
8.52991
7.16557
5.82615
4.5209
3.25388
2.02287
0.822601
-0.353467
-1.50969
-2.6444
-3.75053
-4.81475
-5.8217
-6.7576
-7.62063
-8.42128
-9.17723
-9.91063
-10.6486
-11.4241
-12.2719
-13.2126
-14.2266
-15.277
-16.3218
-17.3198
-18.2287
-19.0114
-19.6432
-20.1307
-20.5106
-20.83
-21.1392
-21.4899
-21.939
-22.5425
-23.3306
-24.2654
-25.2819
-26.3104
-27.2857
-28.1446
-28.8325
-29.3148
-29.6019
-29.7477
-29.8201
-29.8904
-30.0315
-30.3224
-30.8412
-31.6301
-32.6373
-33.773
-34.9387
-36.0378
-36.9702
-37.6397
-37.9693
-37.942
-37.5984
-36.9974
-36.1993
-35.2633
-34.254
-33.2313
-32.2011
-31.0369
-29.589
-27.7074
-25.2352
-22.2831
-19.2502
63.8533
60.3945
53.3376
45.7018
38.8177
33.041
28.3682
24.6944
21.9104
19.7622
18.0265
16.5459
15.2098
13.9347
12.6513
11.3074
9.89416
8.45302
7.01766
5.62069
4.27387
2.98389
1.74162
0.535533
-0.650299
-1.82931
-2.99901
-4.15135
-5.26066
-6.29862
-7.22804
-8.04465
-8.77002
-9.43169
-10.0577
-10.6832
-11.36
-12.165
-13.1694
-14.3099
-15.5161
-16.7211
-17.8723
-18.9028
-19.7483
-20.3435
-20.6983
-20.8941
-21.0067
-21.1044
-21.2508
-21.533
-22.0719
-22.9784
-24.135
-25.4147
-26.7075
-27.9308
-28.9875
-29.786
-30.2354
-30.3529
-30.2594
-30.0646
-29.8665
-29.754
-29.8489
-30.319
-31.3198
-32.6929
-34.267
-35.894
-37.4583
-38.8152
-39.813
-40.283
-40.2097
-39.7191
-38.9234
-37.911
-36.7538
-35.5618
-34.5043
-33.7159
-32.8409
-31.6173
-29.8186
-26.7594
-22.5514
-18.2499
90.1622
77.8668
62.5899
49.7336
39.9775
32.6503
27.1647
23.1147
20.5117
18.6943
17.2782
16.0778
14.9823
13.9094
12.7653
11.4427
9.92451
8.36761
6.8143
5.34286
3.94491
2.64507
1.40819
0.219221
-0.957017
-2.16238
-3.37869
-4.61413
-5.80931
-6.93182
-7.86092
-8.60003
-9.21044
-9.73738
-10.2055
-10.644
-11.1112
-11.7707
-12.9301
-14.2985
-15.7566
-17.1976
-18.5985
-19.8429
-20.8457
-21.3895
-21.4946
-21.3974
-21.2047
-20.9994
-20.816
-20.7572
-21.0717
-22.266
-23.8269
-25.5282
-27.2046
-28.8152
-30.2022
-31.2418
-31.6337
-31.4072
-30.9167
-30.3137
-29.7192
-29.1776
-28.8348
-29.0321
-30.4733
-32.4587
-34.6846
-36.9391
-39.177
-41.177
-42.7459
-43.3786
-43.0777
-42.279
-41.1612
-39.8306
-38.2942
-36.6755
-35.3896
-35.3551
-35.1464
-34.4733
-33.7448
-29.9373
-22.9542
-16.2153
142.309
99.6309
68.3549
49.2997
37.639
29.6069
23.8933
19.4507
17.9814
17.048
16.219
15.4581
14.7222
13.9862
13.136
11.8595
10.0102
8.27674
6.49281
4.95898
3.47447
2.21543
1.00565
-0.115535
-1.22188
-2.47977
-3.73084
-5.13495
-6.46261
-7.84354
-8.76738
-9.34067
-9.77103
-10.1277
-10.396
-10.5633
-10.5855
-10.6563
-12.3895
-14.158
-16.0216
-17.7317
-19.5498
-21.1308
-22.6037
-23.0671
-22.582
-22.0378
-21.4206
-20.8626
-20.2016
-19.4437
-18.8042
-21.0255
-23.3163
-25.6773
-27.7961
-30.0211
-31.9168
-33.63
-33.922
-32.8415
-31.7355
-30.5502
-29.4955
-28.3144
-27.0425
-25.9536
-28.8429
-31.8776
-35.0606
-38.0078
-41.2379
-44.1588
-47.0266
-47.8179
-46.6622
-45.2978
-43.7047
-42.0461
-39.9527
-37.3095
-34.4722
-37.2448
-38.1202
-37.4086
-42.1042
-37.6878
-23.0051
-11.4669
262.809
104.975
56.5208
38.2174
30.0744
23.2247
18.7911
11.5048
14.6792
15.2513
15.0613
14.802
14.4617
14.2271
14.1204
13.1005
9.92911
8.25828
5.81098
4.50392
2.67922
1.71473
0.475449
-0.471724
-1.2686
-2.80702
-3.86264
-5.76587
-7.03921
-9.41345
-10.1786
-10.2871
-10.4377
-10.6451
-10.7317
-10.6916
-9.98966
-7.14805
-11.7979
-13.8807
-16.5072
-18.1103
-20.8424
-22.5741
-25.8151
-26.1106
-23.7542
-22.7829
-21.5512
-20.8737
-19.7266
-17.9595
-12.417
-19.6847
-22.7041
-26.1751
-28.2344
-31.701
-33.8937
-38.0643
-38.1865
-34.312
-32.6682
-30.5983
-29.4536
-27.5815
-24.9866
-17.1461
-27.003
-31.0824
-35.7757
-38.669
-43.7433
-47.2167
-54.297
-55.0602
-50.5467
-48.6453
-46.3421
-44.8874
-42.4023
-38.2226
-25.4762
-41.8661
-43.3787
-32.5572
-63.5846
-60.2213
-18.5274
0.543624
-19.8877
-18.8056
-17.7696
-16.794
-15.8901
-15.0656
-14.3254
-13.6719
-13.1055
-12.6252
-12.2294
-11.9161
-11.6832
-11.529
-11.4522
-19.8587
-18.7593
-17.7089
-16.7222
-15.8104
-14.9811
-14.2386
-13.5847
-13.0191
-12.5406
-12.1468
-11.8355
-11.6043
-11.4514
-11.3753
-19.7985
-18.6638
-17.5842
-16.5753
-15.6481
-14.8096
-14.063
-13.4088
-12.8457
-12.3709
-11.9817
-11.6747
-11.4472
-11.2968
-11.2221
-19.7027
-18.513
-17.3886
-16.3464
-15.397
-14.5461
-13.7949
-13.1418
-12.5835
-12.1158
-11.734
-11.4342
-11.2127
-11.0666
-10.994
-19.5637
-18.2965
-17.1107
-16.0243
-15.0473
-14.1826
-13.4284
-12.7799
-12.2308
-11.7744
-11.4044
-11.1153
-10.9026
-10.7627
-10.6933
-19.3697
-17.9985
-16.733
-15.5928
-14.585
-13.7085
-12.9561
-12.3184
-11.7851
-11.3464
-10.9938
-10.72
-10.5195
-10.3881
-10.323
-19.1023
-17.5945
-16.2301
-15.0284
-13.9915
-13.1099
-12.369
-11.7524
-11.2447
-10.8323
-10.5041
-10.2513
-10.0672
-9.94696
-9.8876
-18.7324
-17.0469
-15.5641
-14.2992
-13.2423
-12.3706
-11.6574
-11.0774
-10.6087
-10.2338
-9.93896
-9.7138
-9.55084
-9.44489
-9.3927
-18.2113
-16.2964
-14.68
-13.3618
-12.3078
-11.4725
-10.8125
-10.2908
-9.87894
-9.55522
-9.30397
-9.11397
-8.97737
-8.88895
-8.84551
-17.4534
-15.2473
-13.4976
-12.1602
-11.1543
-10.3992
-9.82897
-9.39446
-9.06084
-8.80403
-8.60764
-8.46061
-8.35562
-8.28794
-8.25475
-16.2972
-13.7417
-11.9025
-10.6271
-9.74998
-9.14093
-8.70962
-8.39707
-8.16581
-7.99231
-7.86182
-7.76513
-7.69646
-7.65233
-7.63071
-14.4197
-11.5194
-9.74356
-8.69544
-8.07743
-7.70478
-7.47141
-7.31829
-7.21293
-7.13748
-7.08213
-7.04151
-7.01268
-6.9941
-6.98497
-11.1425
-8.17267
-6.85675
-6.33359
-6.15942
-6.12928
-6.15287
-6.19166
-6.23004
-6.26246
-6.28763
-6.30601
-6.31858
-6.32633
-6.33001
-5.00941
-3.17185
-3.17709
-3.62268
-4.0973
-4.49998
-4.81905
-5.06536
-5.25306
-5.39461
-5.49985
-5.57624
-5.62921
-5.66255
-5.67865
7.08015
3.67182
0.942955
-0.882707
-2.10708
-2.95423
-3.55792
-3.9976
-4.32217
-4.56299
-4.74085
-4.86981
-4.95941
-5.01596
-5.04332
-34.6105
-34.6727
-34.8022
-35.0106
-35.3173
-35.7535
-36.3699
-37.2504
-38.5452
-40.5501
-43.9421
-50.6084
-67.132
-121.641
-353.794
-37.6079
-37.7329
-37.9933
-38.4121
-39.0284
-39.9066
-41.1514
-42.9389
-45.5808
-49.6678
-56.4123
-68.5094
-92.246
-141.388
-231.425
-40.5186
-40.6992
-41.0747
-41.6764
-42.5579
-43.8052
-45.5562
-48.0341
-51.613
-56.94
-65.1656
-78.3275
-99.7179
-132.733
-171.58
-43.3041
-43.5302
-43.9991
-44.7467
-45.8333
-47.3543
-49.4561
-52.3649
-56.4313
-62.1994
-70.4908
-82.4311
-99.1168
-120.03
-138.712
-45.9327
-46.1928
-46.7302
-47.5815
-48.8073
-50.5
-52.7958
-55.8917
-60.068
-65.7068
-73.2821
-83.239
-95.5798
-108.876
-118.817
-48.3809
-48.6629
-49.2433
-50.1563
-51.4572
-53.2271
-55.5798
-58.6684
-62.689
-67.8695
-74.4195
-82.3911
-91.3793
-100.051
-105.825
-50.6332
-50.9259
-51.5256
-52.462
-53.7814
-55.5495
-57.8527
-60.7979
-64.5045
-69.0812
-74.57
-80.837
-87.3985
-93.2388
-96.842
-52.6824
-52.9758
-53.5743
-54.5016
-55.7941
-57.5003
-59.6799
-62.3985
-65.7158
-69.6594
-74.18
-79.0782
-83.9186
-87.9799
-90.3613
-54.528
-54.8139
-55.3946
-56.2878
-57.5195
-59.1224
-61.1327
-63.5836
-66.4919
-69.8371
-73.5277
-77.3597
-80.9795
-83.8874
-85.5344
-56.175
-56.4473
-56.998
-57.839
-58.9872
-60.4615
-62.2797
-64.4509
-66.9647
-69.7748
-72.7772
-75.7885
-78.5346
-80.6705
-81.8511
-57.6331
-57.8874
-58.3997
-59.1771
-60.2284
-61.5619
-63.1815
-65.0803
-67.2319
-69.5789
-72.0204
-74.4014
-76.5136
-78.1168
-78.9876
-58.9147
-59.1483
-59.6174
-60.325
-61.2737
-62.4638
-63.8895
-65.5341
-67.3632
-69.3175
-71.3056
-73.2008
-74.846
-76.0716
-76.7288
-60.034
-60.2458
-60.6697
-61.3054
-62.1513
-63.202
-64.4456
-65.8598
-67.4076
-69.0325
-70.6553
-72.1739
-73.4696
-74.4211
-74.9264
-61.0063
-61.1961
-61.5747
-62.1399
-62.8867
-63.8063
-64.8831
-66.0927
-67.3985
-68.7491
-70.0774
-71.3018
-72.3322
-73.0804
-73.4749
-61.8468
-62.0152
-62.3503
-62.8483
-63.5023
-64.3013
-65.2284
-66.2588
-67.3581
-68.4811
-69.5715
-70.5644
-71.3907
-71.9855
-72.2972
-62.5705
-62.7186
-63.0128
-63.4483
-64.0172
-64.7075
-65.5021
-66.3771
-67.3014
-68.2357
-69.1334
-69.9425
-70.61
-71.087
-71.3359
-63.1912
-63.3207
-63.5772
-63.9556
-64.4477
-65.0413
-65.7198
-66.4612
-67.2377
-68.0157
-68.7567
-69.4191
-69.9615
-70.347
-70.5474
-63.7221
-63.8346
-64.0569
-64.384
-64.8077
-65.3162
-65.8939
-66.521
-67.173
-67.8215
-68.4346
-68.9789
-69.4221
-69.7355
-69.898
-64.1749
-64.2721
-64.464
-64.7455
-65.1088
-65.5429
-66.0337
-66.5634
-67.1108
-67.6518
-68.1602
-68.609
-68.9727
-69.2289
-69.3614
-64.5602
-64.6438
-64.8087
-65.0501
-65.3607
-65.7304
-66.1465
-66.5935
-67.053
-67.5048
-67.9271
-68.2983
-68.5978
-68.8082
-68.9168
-64.8875
-64.9592
-65.1004
-65.3067
-65.5715
-65.8857
-66.238
-66.6148
-67.0005
-67.3781
-67.7296
-68.0373
-68.2848
-68.4582
-68.5476
-65.165
-65.2263
-65.3469
-65.5228
-65.748
-66.0145
-66.3124
-66.6299
-66.9538
-67.2696
-67.5626
-67.8182
-68.0232
-68.1666
-68.2404
-65.3999
-65.4522
-65.5549
-65.7045
-65.8958
-66.1215
-66.3732
-66.6406
-66.9125
-67.1769
-67.4214
-67.6342
-67.8045
-67.9233
-67.9844
-65.5986
-65.6431
-65.7304
-65.8575
-66.0196
-66.2106
-66.423
-66.6482
-66.8766
-67.098
-67.3023
-67.4797
-67.6214
-67.7201
-67.7709
-65.7664
-65.8042
-65.8783
-65.986
-66.1233
-66.2848
-66.464
-66.6536
-66.8454
-67.031
-67.2019
-67.35
-67.4681
-67.5503
-67.5925
-65.908
-65.94
-66.0029
-66.0941
-66.2102
-66.3467
-66.4978
-66.6574
-66.8186
-66.9743
-67.1174
-67.2411
-67.3397
-67.4083
-67.4435
-66.0273
-66.0545
-66.1077
-66.1849
-66.2831
-66.3983
-66.5257
-66.6601
-66.7956
-66.9263
-67.0462
-67.1498
-67.2322
-67.2895
-67.3188
-66.1278
-66.1508
-66.1959
-66.2612
-66.3442
-66.4414
-66.5489
-66.662
-66.776
-66.8857
-66.9863
-67.0731
-67.1421
-67.19
-67.2146
-66.2124
-66.2318
-66.2699
-66.3252
-66.3953
-66.4774
-66.568
-66.6634
-66.7593
-66.8515
-66.936
-67.0088
-67.0667
-67.1068
-67.1274
-66.2834
-66.2999
-66.3321
-66.3789
-66.4381
-66.5075
-66.584
-66.6643
-66.7451
-66.8227
-66.8938
-66.955
-67.0035
-67.0372
-67.0545
-66.3431
-66.357
-66.3843
-66.4238
-66.474
-66.5326
-66.5972
-66.665
-66.7331
-66.7986
-66.8584
-66.9098
-66.9507
-66.979
-66.9935
-66.393
-66.4048
-66.428
-66.4614
-66.5039
-66.5535
-66.6082
-66.6655
-66.723
-66.7783
-66.8287
-66.8721
-66.9066
-66.9304
-66.9426
-66.4347
-66.4448
-66.4644
-66.4928
-66.5289
-66.5709
-66.6173
-66.6658
-66.7146
-66.7613
-66.804
-66.8407
-66.8697
-66.8899
-66.9002
-66.4695
-66.4781
-66.4948
-66.519
-66.5496
-66.5854
-66.6248
-66.6661
-66.7075
-66.7471
-66.7833
-66.8145
-66.8391
-66.8562
-66.865
-66.4984
-66.5057
-66.52
-66.5406
-66.5668
-66.5974
-66.631
-66.6662
-66.7016
-66.7354
-66.7663
-66.7928
-66.8138
-66.8283
-66.8358
-66.5221
-66.5284
-66.5407
-66.5585
-66.581
-66.6072
-66.6361
-66.6664
-66.6967
-66.7257
-66.7522
-66.7749
-66.7929
-66.8054
-66.8118
-66.5415
-66.547
-66.5576
-66.573
-66.5925
-66.6153
-66.6403
-66.6665
-66.6927
-66.7178
-66.7407
-66.7603
-66.7759
-66.7867
-66.7922
-66.5572
-66.5619
-66.5713
-66.5848
-66.6018
-66.6217
-66.6436
-66.6665
-66.6894
-66.7114
-66.7314
-66.7486
-66.7622
-66.7716
-66.7765
-66.5695
-66.5737
-66.582
-66.594
-66.6091
-66.6268
-66.6462
-66.6666
-66.6869
-66.7064
-66.7241
-66.7394
-66.7514
-66.7598
-66.764
-66.5789
-66.5827
-66.5902
-66.601
-66.6147
-66.6307
-66.6482
-66.6666
-66.685
-66.7025
-66.7186
-66.7323
-66.7432
-66.7507
-66.7546
-66.5856
-66.5892
-66.5961
-66.6061
-66.6187
-66.6335
-66.6497
-66.6666
-66.6836
-66.6998
-66.7146
-66.7273
-66.7373
-66.7443
-66.7478
-66.5899
-66.5932
-66.5998
-66.6093
-66.6212
-66.6352
-66.6506
-66.6666
-66.6827
-66.6981
-66.7121
-66.7241
-66.7336
-66.7402
-66.7435
-66.5918
-66.5951
-66.6015
-66.6107
-66.6224
-66.636
-66.651
-66.6666
-66.6823
-66.6973
-66.7109
-66.7226
-66.7319
-66.7383
-66.7416
-66.5915
-66.5948
-66.6012
-66.6105
-66.6222
-66.6359
-66.6509
-66.6666
-66.6823
-66.6974
-66.7111
-66.7229
-66.7322
-66.7386
-66.7419
-66.5889
-66.5923
-66.599
-66.6085
-66.6207
-66.6348
-66.6504
-66.6666
-66.6829
-66.6984
-66.7126
-66.7248
-66.7344
-66.7411
-66.7445
-66.584
-66.5876
-66.5946
-66.6048
-66.6177
-66.6328
-66.6493
-66.6666
-66.6839
-66.7005
-66.7156
-66.7285
-66.7387
-66.7458
-66.7495
-66.5765
-66.5805
-66.5881
-66.5993
-66.6133
-66.6297
-66.6477
-66.6666
-66.6855
-66.7035
-66.72
-66.7341
-66.7453
-66.753
-66.757
-66.5663
-66.5707
-66.5793
-66.5916
-66.6073
-66.6255
-66.6456
-66.6666
-66.6876
-66.7077
-66.726
-66.7417
-66.7542
-66.7628
-66.7672
-66.5531
-66.5581
-66.5677
-66.5817
-66.5994
-66.6201
-66.6428
-66.6665
-66.6903
-66.7131
-66.7338
-66.7516
-66.7657
-66.7755
-66.7805
-66.5365
-66.5421
-66.5532
-66.5693
-66.5896
-66.6132
-66.6392
-66.6665
-66.6937
-66.7199
-66.7437
-66.7641
-66.7803
-66.7915
-66.7972
-66.5159
-66.5225
-66.5353
-66.5538
-66.5773
-66.6047
-66.6348
-66.6664
-66.698
-66.7283
-66.7558
-66.7796
-66.7983
-66.8113
-66.818
-66.4908
-66.4984
-66.5134
-66.535
-66.5624
-66.5943
-66.6295
-66.6663
-66.7032
-66.7385
-66.7707
-66.7984
-66.8204
-66.8356
-66.8433
-66.4603
-66.4693
-66.4868
-66.5121
-66.5442
-66.5817
-66.6229
-66.6661
-66.7094
-66.7509
-66.7888
-66.8213
-66.8471
-66.8649
-66.8741
-66.4237
-66.4342
-66.4548
-66.4846
-66.5224
-66.5665
-66.615
-66.6659
-66.7169
-66.7658
-66.8105
-66.8489
-66.8793
-66.9004
-66.9112
-66.3797
-66.3921
-66.4164
-66.4516
-66.4961
-66.5482
-66.6055
-66.6656
-66.7259
-66.7837
-66.8365
-66.882
-66.918
-66.943
-66.9557
-66.3271
-66.3418
-66.3705
-66.412
-66.4647
-66.5262
-66.594
-66.6652
-66.7366
-66.8051
-66.8677
-66.9216
-66.9644
-66.994
-67.0092
-66.2644
-66.2817
-66.3156
-66.3647
-66.427
-66.4999
-66.5802
-66.6645
-66.7492
-66.8306
-66.905
-66.969
-67.0199
-67.0551
-67.0731
-66.1896
-66.2101
-66.2502
-66.3083
-66.3821
-66.4684
-66.5636
-66.6636
-66.7642
-66.8609
-66.9494
-67.0256
-67.0861
-67.1281
-67.1496
-66.1006
-66.1248
-66.1723
-66.2411
-66.3284
-66.4307
-66.5436
-66.6624
-66.7819
-66.897
-67.0023
-67.0931
-67.1653
-67.2154
-67.2411
-65.9948
-66.0235
-66.0796
-66.161
-66.2643
-66.3855
-66.5195
-66.6606
-66.8028
-66.9397
-67.0653
-67.1736
-67.2598
-67.3196
-67.3503
-65.8692
-65.903
-65.9693
-66.0656
-66.1879
-66.3316
-66.4905
-66.6582
-66.8273
-66.9904
-67.1401
-67.2696
-67.3725
-67.4441
-67.4808
-65.72
-65.7599
-65.8383
-65.952
-66.0968
-66.2669
-66.4555
-66.6547
-66.8559
-67.0504
-67.2291
-67.3838
-67.5071
-67.5928
-67.6368
-65.5432
-65.5902
-65.6826
-65.8169
-65.9881
-66.1895
-66.4131
-66.6497
-66.8893
-67.1212
-67.3348
-67.52
-67.6677
-67.7705
-67.8233
-65.3337
-65.389
-65.4979
-65.6562
-65.8583
-66.0966
-66.3616
-66.6428
-66.928
-67.2048
-67.4602
-67.6821
-67.8594
-67.983
-68.0465
-65.0857
-65.1508
-65.2787
-65.4651
-65.7035
-65.985
-66.299
-66.6329
-66.9726
-67.3031
-67.6089
-67.8752
-68.0884
-68.2372
-68.3137
-64.7925
-64.8688
-65.0189
-65.238
-65.5187
-65.851
-66.2226
-66.619
-67.0237
-67.4186
-67.7851
-68.1052
-68.362
-68.5417
-68.6341
-64.4464
-64.5356
-64.7113
-64.9682
-65.298
-65.6896
-66.1291
-66.5995
-67.0815
-67.5537
-67.9936
-68.3791
-68.6892
-68.9067
-69.0187
-64.0384
-64.1423
-64.3474
-64.6477
-65.0343
-65.495
-66.014
-66.5718
-67.146
-67.7112
-68.24
-68.7052
-69.0808
-69.3448
-69.4811
-63.5581
-63.6788
-63.9173
-64.2673
-64.7193
-65.26
-65.8718
-66.5329
-67.2169
-67.8938
-68.5306
-69.0935
-69.5498
-69.8717
-70.0381
-62.9941
-63.1336
-63.4097
-63.816
-64.3427
-64.9756
-65.6955
-66.478
-67.2928
-68.1043
-68.8726
-69.5557
-70.1123
-70.5064
-70.7107
-62.3332
-62.4936
-62.8117
-63.2812
-63.8924
-64.6307
-65.4758
-66.4006
-67.3709
-68.3448
-69.2738
-70.1056
-70.7877
-71.2728
-71.5252
-61.5609
-61.7442
-62.1084
-62.6481
-63.3539
-64.2117
-65.2006
-66.2917
-67.4466
-68.6164
-69.7425
-70.7595
-71.5997
-72.201
-72.5148
-60.6613
-60.8693
-61.2834
-61.8995
-62.7099
-63.7015
-64.8544
-66.1386
-67.5119
-68.9182
-70.287
-71.5361
-72.5777
-73.3286
-73.7224
-59.6172
-59.8512
-60.3182
-61.0162
-61.9399
-63.0795
-64.4171
-65.9236
-67.5544
-69.2461
-70.9146
-72.4568
-73.7577
-74.7041
-75.2035
-58.4108
-58.6712
-59.1927
-59.976
-61.0201
-62.32
-63.8626
-65.6223
-67.5545
-69.5901
-71.6299
-73.545
-75.1837
-76.3899
-77.0314
-57.0236
-57.31
-57.8855
-58.7547
-59.9227
-61.3918
-63.1573
-65.2011
-67.4829
-69.931
-72.4318
-74.8251
-76.91
-78.4678
-79.3047
-55.4376
-55.748
-56.3742
-57.3261
-58.6163
-60.2579
-62.2589
-64.6145
-67.296
-70.2354
-73.3082
-76.3193
-79.0024
-81.0462
-82.1591
-53.636
-53.9669
-54.637
-55.6624
-57.066
-58.8745
-61.1142
-63.8016
-66.9299
-70.447
-74.2274
-78.0414
-81.5386
-84.271
-85.7862
-51.6047
-51.9502
-52.653
-53.7362
-55.2345
-57.1918
-59.6586
-62.6826
-66.2937
-70.4758
-75.1231
-79.9834
-84.6058
-88.341
-90.4655
-49.3336
-49.6856
-50.4049
-51.522
-53.0841
-55.1555
-57.8159
-61.1558
-65.2611
-70.1816
-75.871
-82.0904
-88.289
-93.5296
-96.6199
-46.8181
-47.1662
-47.8805
-48.9988
-50.5803
-52.7101
-55.5016
-59.0975
-63.6624
-69.3535
-76.2506
-84.2117
-92.6374
-100.211
-104.92
-44.0609
-44.3925
-45.0759
-46.1539
-47.6959
-49.8052
-52.6285
-56.3665
-61.2815
-67.6878
-75.8913
-86.0105
-97.5772
-108.882
-116.491
-41.0736
-41.3746
-41.9974
-42.9868
-44.4176
-46.4047
-49.1204
-52.8181
-57.865
-64.774
-74.2015
-86.8038
-102.699
-120.119
-133.344
-37.8776
-38.1333
-38.6644
-39.5135
-40.753
-42.4984
-44.9304
-48.3328
-53.1553
-60.1114
-70.307
-85.3105
-106.761
-134.27
-159.382
-34.5041
-34.7009
-35.1108
-35.7691
-36.7372
-38.1153
-40.0665
-42.8615
-46.9641
-53.1991
-63.0736
-79.3399
-106.616
-150.083
-202.858
-30.9941
-31.1208
-31.3848
-31.8099
-32.4369
-33.3345
-34.6169
-36.482
-39.2923
-43.7595
-51.4016
-65.7233
-95.2283
-159.433
-282.982
-27.3963
-27.4454
-27.5474
-27.7104
-27.949
-28.2865
-28.7626
-29.4464
-30.4699
-32.1153
-35.0911
-41.5628
-59.7431
-127.57
-448.904
-23.7647
-23.7336
-23.6676
-23.5588
-23.3924
-23.1426
-22.7643
-22.1752
-21.2157
-19.5475
-16.3534
-9.27141
10.2186
80.3403
404.455
-20.155
-20.0461
-19.818
-19.4475
-18.8939
-18.088
-16.9125
-15.1614
-12.4542
-8.03967
-0.316
14.4031
45.0192
111.866
240.471
-16.6211
-16.4417
-16.0673
-15.4636
-14.5708
-13.2904
-11.4607
-8.81186
-4.87873
1.16958
10.863
27.0377
54.6591
100.502
165.802
22.8373
9.32231
3.89172
1.07777
-0.628492
-1.76042
-2.55221
-3.12431
-3.54558
-3.85834
-4.08988
-4.25829
-4.37567
-4.44995
-4.48596
14.4389
8.84487
4.75526
2.09079
0.31684
-0.911319
-1.79047
-2.43511
-2.9149
-3.27412
-3.54189
-3.73775
-3.87488
-3.96194
-4.00423
9.92502
7.32266
4.62909
2.48537
0.883148
-0.304579
-1.19158
-1.86037
-2.36793
-2.75339
-3.04381
-3.25798
-3.40882
-3.505
-3.55182
7.2183
5.86374
4.12104
2.50389
1.16161
0.0933265
-0.744223
-1.39759
-1.90572
-2.29863
-2.59867
-2.82214
-2.9807
-3.0823
-3.13191
5.45218
4.6743
3.52576
2.3315
1.24977
0.331002
-0.424762
-1.03565
-1.52351
-1.90834
-2.20666
-2.43137
-2.59211
-2.69568
-2.74642
4.22621
3.74222
2.96221
2.08094
1.22477
0.455475
-0.205902
-0.759148
-1.21284
-1.57812
-1.86576
-2.085
-2.24319
-2.34573
-2.39613
3.33632
3.01568
2.46896
1.81292
1.13943
0.505
-0.0621317
-0.551767
-0.963568
-1.3018
-1.57233
-1.78101
-1.93291
-2.03197
-2.08083
2.66905
2.44612
2.05161
1.55702
1.02694
0.507787
0.0278223
-0.398434
-0.76537
-1.07249
-1.32184
-1.51643
-1.65931
-1.75304
-1.79944
2.15658
1.9957
1.70372
1.32575
0.906859
0.483354
0.0804783
-0.286291
-0.608706
-0.883282
-1.10936
-1.28775
-1.41983
-1.50697
-1.55025
1.7558
1.6363
1.41554
1.12289
0.789971
0.444593
0.108059
-0.204947
-0.485257
-0.727746
-0.929997
-1.09123
-1.21153
-1.29134
-1.33111
1.438
1.34719
1.17729
0.947976
0.68173
0.399684
0.119301
-0.146309
-0.388067
-0.600148
-0.779108
-0.923117
-1.03134
-1.10351
-1.13957
1.18326
1.11299
0.980281
0.798701
0.584457
0.353617
0.120284
-0.104232
-0.311484
-0.495544
-0.652483
-0.779846
-0.87619
-0.94073
-0.973078
0.977306
0.922135
0.817204
0.672104
0.498702
0.309278
0.115141
-0.0741429
-0.251004
-0.40977
-0.546393
-0.658109
-0.743117
-0.800302
-0.829035
0.809656
0.765828
0.682016
0.565156
0.42407
0.26821
0.106628
-0.0526806
-0.203087
-0.339369
-0.457593
-0.554914
-0.629357
-0.679624
-0.704939
0.672434
0.637282
0.569773
0.475025
0.359694
0.231113
0.0965352
-0.0374002
-0.164976
-0.281505
-0.383307
-0.467602
-0.532381
-0.576269
-0.598416
0.559618
0.531201
0.476441
0.399183
0.304517
0.198178
0.0859956
-0.026536
-0.134535
-0.233866
-0.321174
-0.393839
-0.449908
-0.488008
-0.507267
0.466531
0.443407
0.398729
0.335427
0.257442
0.169299
0.075698
-0.0188194
-0.110111
-0.194575
-0.269206
-0.331597
-0.379911
-0.412825
-0.429489
0.389497
0.370579
0.333946
0.281865
0.21742
0.144208
0.0660363
-0.0133425
-0.090429
-0.162111
-0.225734
-0.279129
-0.320604
-0.348922
-0.36328
0.325598
0.310049
0.279887
0.236887
0.183485
0.122561
0.0572121
-0.00945727
-0.074499
-0.135241
-0.189365
-0.234937
-0.27043
-0.294712
-0.307038
0.272495
0.259665
0.234742
0.19913
0.15477
0.103986
0.0493043
-0.00670226
-0.0615538
-0.112968
-0.158931
-0.197743
-0.22804
-0.248802
-0.259352
0.228298
0.217676
0.197019
0.167445
0.130517
0.0881162
0.0423161
-0.00474923
-0.0509954
-0.0944783
-0.133461
-0.16646
-0.19227
-0.209983
-0.218991
0.191475
0.182655
0.165485
0.140866
0.110062
0.0746066
0.0362063
-0.00336501
-0.0423555
-0.0791132
-0.112146
-0.140167
-0.16212
-0.177206
-0.184884
0.160775
0.153431
0.139124
0.118582
0.0928354
0.0631417
0.0309092
-0.00238409
-0.0352657
-0.0663339
-0.0943113
-0.118086
-0.13674
-0.149571
-0.156106
0.135173
0.129042
0.11709
0.0999114
0.0783492
0.0534392
0.0263486
-0.00168904
-0.0294349
-0.0557005
-0.0793944
-0.0995593
-0.115401
-0.126308
-0.131866
0.113827
0.108695
0.0986847
0.0842841
0.0661872
0.0452507
0.0224454
-0.00119659
-0.0246318
-0.0468525
-0.0669273
-0.0840345
-0.0974881
-0.106758
-0.111485
0.096043
0.0917351
0.0833273
0.0712229
0.0559964
0.0383597
0.0191229
-0.0008477
-0.0206718
-0.0394943
-0.0565207
-0.071046
-0.0824796
-0.0903631
-0.0943841
0.0812503
0.0776214
0.0705361
0.0603293
0.0474789
0.0325794
0.0163098
-0.000600539
-0.0174071
-0.0333832
-0.0478503
-0.0602039
-0.0699356
-0.0766496
-0.0800752
0.0689769
0.0659074
0.0599121
0.051271
0.0403841
0.0277503
0.0139416
-0.000425453
-0.014719
-0.0283197
-0.0406471
-0.0511821
-0.0594867
-0.0652189
-0.0681445
0.0588346
0.0562244
0.0511251
0.0437718
0.0345019
0.0237368
0.0119611
-0.000301432
-0.0125118
-0.0241403
-0.0346882
-0.0437088
-0.0508236
-0.0557367
-0.0582448
0.0505043
0.0482696
0.0439027
0.0376033
0.0296578
0.020425
0.0103185
-0.000213594
-0.0107087
-0.0207109
-0.0297898
-0.0375587
-0.0436891
-0.047924
-0.0500864
0.0437255
0.0417951
0.0380221
0.0325775
0.0257073
0.0177198
0.00897125
-0.000151396
-0.00924786
-0.0179224
-0.0258009
-0.0325459
-0.0378707
-0.0415501
-0.0434293
0.0382869
0.0365998
0.0333019
0.0285415
0.0225325
0.015543
0.00788372
-0.000107371
-0.0080799
-0.0156867
-0.0225988
-0.0285191
-0.0331945
-0.0364261
-0.0380768
0.0340194
0.0325229
0.0295969
0.0253725
0.0200382
0.0138313
0.00702655
-7.62351e-05
-0.00716584
-0.0139333
-0.0200853
-0.0253566
-0.0295207
-0.0323995
-0.0338703
0.030791
0.0294384
0.0267934
0.022974
0.0181498
0.0125346
0.00637628
-5.4251e-05
-0.00647541
-0.0126072
-0.0181833
-0.0229627
-0.0267392
-0.0293506
-0.0306849
0.0285016
0.027251
0.0248054
0.0212731
0.0168106
0.0116149
0.00591502
-3.87795e-05
-0.00598588
-0.0116668
-0.0168345
-0.021265
-0.0247666
-0.0271883
-0.0284257
0.0270805
0.0258934
0.0235717
0.020218
0.0159803
0.0110453
0.00563005
-2.79635e-05
-0.00568114
-0.0110827
-0.0159976
-0.0202121
-0.0235437
-0.0258481
-0.0270258
0.0264835
0.0253234
0.0230544
0.0197766
0.0156341
0.0108092
0.0055136
-2.05045e-05
-0.00555106
-0.0108366
-0.0156468
-0.0197723
-0.0230339
-0.0252902
-0.0264434
0.0266918
0.0255233
0.0232377
0.0199354
0.0157617
0.0108997
0.00556276
-1.55073e-05
-0.00559109
-0.0109205
-0.0157713
-0.0199322
-0.0232222
-0.0254982
-0.0266615
0.0277115
0.0264988
0.0241267
0.0206993
0.0163671
0.0113201
0.00577944
-1.23722e-05
-0.00580204
-0.0113367
-0.0163748
-0.0206967
-0.0241143
-0.0264788
-0.0276873
0.0295731
0.0282792
0.0257483
0.0220914
0.0174688
0.0120832
0.00617046
-1.0723e-05
-0.00619005
-0.0120976
-0.0174755
-0.0220892
-0.0257376
-0.0282619
-0.0295521
0.0323329
0.0309185
0.0281517
0.0241539
0.0191003
0.0132123
0.00674783
-1.0362e-05
-0.00676677
-0.0132262
-0.0191067
-0.0241517
-0.0281414
-0.0309018
-0.0323127
0.0360748
0.0344967
0.0314098
0.0269494
0.021311
0.0147417
0.00752911
-1.12462e-05
-0.00754965
-0.0147568
-0.021318
-0.0269471
-0.0313986
-0.0344785
-0.0360528
0.0409122
0.0391225
0.0356215
0.0305627
0.0241681
0.0167177
0.00853791
-1.34819e-05
-0.00856254
-0.0167358
-0.0241764
-0.0305599
-0.035608
-0.0391007
-0.0408859
0.0469923
0.0449363
0.0409146
0.0351036
0.0277581
0.0192002
0.00980468
-1.73381e-05
-0.00983635
-0.0192234
-0.0277688
-0.0351
-0.0408973
-0.0449083
-0.0469584
0.0544998
0.0521149
0.04745
0.0407097
0.03219
0.0222643
0.0113675
-2.32782e-05
-0.0114101
-0.0222954
-0.0322043
-0.0407049
-0.0474267
-0.0520773
-0.0544543
0.063663
0.0608766
0.0554262
0.0475514
0.0375979
0.0260025
0.0132734
-3.20159e-05
-0.0133319
-0.0260453
-0.0376176
-0.0475447
-0.0553942
-0.0608248
-0.0636004
0.0747608
0.0714877
0.0650857
0.0558361
0.0441457
0.0305277
0.0155794
-4.46008e-05
-0.0156609
-0.0305874
-0.0441733
-0.0558268
-0.0650411
-0.0714156
-0.0746735
0.088131
0.0842713
0.076722
0.0658156
0.0520319
0.0359766
0.0183544
-6.25446e-05
-0.0184687
-0.0360603
-0.0520705
-0.0658025
-0.0766595
-0.0841701
-0.0880086
0.104181
0.0996165
0.0906892
0.0777927
0.0614951
0.0425134
0.0216813
-8.80027e-05
-0.0218421
-0.0426311
-0.0615495
-0.0777743
-0.0906012
-0.0994741
-0.104009
0.1234
0.117991
0.107412
0.0921311
0.0728218
0.0503348
0.0256588
-0.000124033
-0.0258854
-0.0505008
-0.0728984
-0.0921051
-0.107288
-0.11779
-0.123157
0.146374
0.139954
0.1274
0.109266
0.0863547
0.0596761
0.0304046
-0.000174961
-0.0307243
-0.0599103
-0.0864628
-0.10923
-0.127225
-0.139671
-0.146032
0.173805
0.166177
0.151261
0.129718
0.102503
0.0708176
0.0360587
-0.000246905
-0.0365098
-0.071148
-0.102656
-0.129667
-0.151014
-0.165778
-0.173322
0.206531
0.197461
0.179723
0.154109
0.121755
0.084093
0.0427866
-0.000348503
-0.0434234
-0.0845594
-0.12197
-0.154036
-0.179375
-0.196897
-0.20585
0.245556
0.234761
0.213655
0.183179
0.144691
0.099899
0.0507841
-0.000491955
-0.051683
-0.100557
-0.144995
-0.183076
-0.213163
-0.233965
-0.244593
0.292074
0.279221
0.254091
0.217811
0.172003
0.118706
0.0602821
-0.000694488
-0.061551
-0.119636
-0.172433
-0.217666
-0.253397
-0.278097
-0.290716
0.347517
0.332204
0.302268
0.259059
0.204516
0.141074
0.0715521
-0.00098042
-0.0733434
-0.142386
-0.205122
-0.258854
-0.301288
-0.330617
-0.345599
0.413591
0.395338
0.359662
0.308177
0.243206
0.167662
0.0849123
-0.00138408
-0.0874411
-0.169514
-0.244061
-0.307888
-0.358278
-0.393099
-0.410883
0.492337
0.47057
0.42803
0.366658
0.289236
0.199253
0.100735
-0.00195394
-0.104305
-0.201868
-0.290443
-0.366249
-0.426076
-0.467408
-0.488515
0.586197
0.560224
0.509475
0.436281
0.343986
0.236771
0.119453
-0.00275842
-0.124493
-0.240463
-0.345691
-0.435705
-0.506716
-0.55576
-0.5808
0.698089
0.667079
0.606502
0.519166
0.409094
0.281305
0.141567
-0.00389409
-0.148682
-0.286517
-0.411501
-0.518353
-0.602608
-0.660777
-0.69047
0.83151
0.794461
0.722107
0.617838
0.486501
0.334135
0.167654
-0.0054973
-0.177698
-0.341492
-0.489899
-0.616689
-0.71661
-0.785565
-0.820755
0.990655
0.946355
0.85987
0.735303
0.578509
0.396764
0.198372
-0.00776047
-0.212551
-0.407151
-0.583307
-0.733682
-0.852109
-0.933797
-0.975471
1.18056
1.12754
1.02407
0.875142
0.687839
0.470951
0.234464
-0.0109552
-0.25448
-0.485614
-0.694613
-0.872854
-1.01312
-1.10981
-1.15912
1.40727
1.34375
1.21984
1.04162
0.817711
0.558744
0.276756
-0.0154649
-0.305013
-0.579445
-0.827276
-1.03839
-1.20437
-1.31872
-1.377
1.67808
1.60188
1.45331
1.23983
0.971923
0.66252
0.326153
-0.0218306
-0.366042
-0.691743
-0.985427
-1.23527
-1.43148
-1.56654
-1.63535
2.0018
1.91024
1.73186
1.47581
1.15495
0.785016
0.383613
-0.0308156
-0.439922
-0.826272
-1.17402
-1.46938
-1.70105
-1.86036
-1.94148
2.3891
2.27889
2.06435
1.75678
1.37204
0.929362
0.450117
-0.0434971
-0.529601
-0.987606
-1.39897
-1.74773
-2.02085
-2.20846
-2.30392
2.85291
2.71996
2.46142
2.09134
1.62935
1.0991
0.526596
-0.061394
-0.638789
-1.18132
-1.66739
-2.07858
-2.40002
-2.62053
-2.73265
3.40903
3.24824
2.93592
2.48971
1.93405
1.29816
0.613828
-0.0866484
-0.772182
-1.41425
-1.98779
-2.47174
-2.84927
-3.10786
-3.23921
4.07678
3.88172
3.50338
2.96406
2.29447
1.53087
0.712262
-0.122279
-0.935754
-1.69475
-2.37039
-2.93878
-3.3811
-3.68352
-3.83697
4.87996
4.64246
4.1826
3.52887
2.72014
1.80175
0.82176
-0.172539
-1.13715
-2.03313
-2.82746
-3.49334
-4.01006
-4.36261
-4.54126
5.84803
5.5576
4.99641
4.20131
3.22193
2.11542
0.941184
-0.243412
-1.38621
-2.44208
-3.3737
-4.15146
-4.753
-5.16242
-5.36959
7.01775
6.66072
5.97262
5.00168
3.812
2.47609
1.0678
-0.343311
-1.69562
-2.93731
-4.02675
-4.93194
-5.62933
-6.10265
-6.34174
8.43535
7.9937
7.14521
5.95391
4.50358
2.88702
1.19636
-0.484043
-2.08183
-3.53823
-4.80774
-5.85668
-6.66122
-7.20549
-7.47988
10.1596
9.60915
8.55581
7.08598
5.31057
3.34937
1.31779
-0.68214
-2.56621
-4.26892
-5.74188
-6.95109
-7.87381
-8.4957
-8.80851
12.266
11.5738
10.2556
8.4302
6.24654
3.86059
1.41723
-0.960689
-3.17653
-5.15911
-6.85913
-8.2444
-9.29526
-10.0005
-10.3543
14.8531
13.973
12.3075
10.0232
7.32296
4.41164
1.47121
-1.35178
-3.9488
-6.2455
-8.19489
-9.76989
-10.9567
-11.7492
-12.1457
18.0513
16.9174
14.789
11.9049
8.54592
4.98287
1.44362
-1.89979
-4.9296
-7.57303
-9.79059
-11.5649
-12.8917
-13.773
-14.2124
22.0367
20.5525
17.7952
14.1163
9.91053
5.53753
1.28002
-2.66557
-6.17867
-9.19625
-11.694
-13.6706
-15.1361
-16.1035
-16.5841
27.0527
25.0714
21.4413
16.6935
11.3912
6.01195
0.899793
-3.73166
-7.7718
-11.1804
-13.9592
-16.1313
-17.7262
-18.772
-19.2893
33.4445
30.7352
25.8633
19.6556
12.9252
6.30083
0.185721
-5.20837
-9.80346
-13.6018
-16.6458
-18.9925
-20.6975
-21.8072
-22.3538
41.7174
37.9007
31.2128
22.9805
14.3855
6.236
-1.02909
-7.23993
-12.3884
-16.5468
-19.8165
-22.2991
-24.0822
-25.2333
-25.7976
52.6405
47.0599
37.6345
26.5572
15.5364
5.55692
-2.97605
-10.0092
-15.6608
-20.1089
-23.5337
-26.0913
-27.9056
-29.0668
-29.6331
67.4388
58.8886
45.203
30.0945
15.9642
3.87326
-5.96454
-13.738
-19.7689
-24.3816
-27.8528
-30.3996
-32.1824
-33.3131
-33.8616
88.1742
74.2833
53.7595
32.9521
14.9756
0.62496
-10.3866
-18.6769
-24.8617
-29.4467
-32.8137
-35.238
-36.9119
-37.9634
-38.4707
118.555
94.2838
62.5126
33.8437
11.4689
-4.94202
-16.6983
-25.0778
-31.0655
-35.3577
-38.4289
-40.5974
-42.0733
-42.9915
-43.4319
165.791
119.492
69.111
30.3641
3.82034
-13.7412
-25.3549
-33.1395
-38.4466
-42.1162
-44.6709
-46.4375
-47.6218
-48.3509
-48.6985
245.178
147.533
67.63
18.4098
-10.0661
-26.6706
-36.6703
-42.9217
-46.9645
-49.649
-51.4597
-52.6817
-53.4861
-53.9749
-54.2062
392.372
163.253
44.8411
-7.95005
-32.1966
-44.1864
-50.5883
-54.2372
-56.4256
-57.7881
-58.657
-59.2157
-59.569
-59.7773
-59.8741
698.674
102.091
-23.5178
-54.1325
-62.8384
-65.5825
-66.4178
-66.5666
-66.46
-66.2697
-66.0694
-65.8919
-65.7522
-65.6568
-65.6087
-12.8713
-12.6262
-12.1171
-11.3025
-10.1118
-8.43274
-6.08968
-2.80882
1.838
8.51476
18.2082
32.1912
51.3433
73.1365
81.5936
-9.02593
-8.72844
-8.11366
-7.13951
-5.73629
-3.79786
-1.16866
2.37339
7.13468
13.5103
21.9314
32.643
45.0837
56.6187
61.4277
-5.47857
-5.14839
-4.47004
-3.40605
-1.89637
0.145853
2.83904
6.33567
10.8162
16.4597
23.3636
31.3649
39.7287
46.826
50.4354
-2.26189
-1.91699
-1.21255
-0.11871
1.41058
3.4382
6.04283
9.3134
13.3336
18.148
23.6984
29.7229
35.6386
40.5206
43.4136
0.609367
0.95435
1.65503
2.7327
4.21876
6.15311
8.58024
11.5408
15.0558
19.0994
23.5592
28.1897
32.5814
36.2033
38.5854
3.1351
3.46946
4.14507
5.1752
6.57817
8.37484
10.5838
13.2133
16.2485
19.6332
23.2485
26.8949
30.293
33.125
35.1307
5.32591
5.64276
6.28005
7.24431
8.54339
10.1838
12.1664
14.4797
17.0909
19.9353
22.9056
25.8478
28.5699
30.872
32.5963
7.1993
7.49504
8.08751
8.97801
10.1667
11.6502
13.4179
15.4477
17.6998
20.1108
22.59
25.0201
27.2661
29.196
30.707
8.77638
9.05001
9.59635
10.4129
11.4946
12.8316
14.4069
16.1931
18.1492
20.2176
22.3231
24.3757
26.278
27.9382
29.2856
10.0793
10.3317
10.8343
11.5822
12.5667
13.7742
15.1843
16.768
18.4859
20.2867
22.1085
23.8809
25.5313
26.9929
28.2139
11.1291
11.3626
11.8265
12.5142
13.4151
14.5135
15.7875
17.2083
18.7389
20.3343
21.9427
23.5076
24.9728
26.2874
27.4116
11.9449
12.1626
12.5943
13.2325
14.0655
15.0765
16.2434
17.5381
18.9264
20.3684
21.8196
23.2334
24.5643
25.7716
26.8231
12.5424
12.7479
13.1549
13.7555
14.5371
15.4829
16.5708
17.7737
19.0597
20.3926
21.7332
23.0415
24.2789
25.4109
26.4104
12.9339
13.1311
13.5215
14.0967
14.8441
15.7467
16.7826
17.9256
19.1454
20.4083
21.6786
22.9199
24.098
25.1822
26.1481
13.1275
13.3206
13.7026
14.2651
14.9954
15.8764
16.8866
18.0001
19.1874
20.4162
21.6521
22.861
24.0103
25.0713
26.0206
63.7509
64.204
60.8591
49.175
43.453
35.2976
29.7377
18.3116
25.7115
27.9489
29.1954
29.9131
31.2162
32.2698
34.8867
34.243
29.4997
27.2442
24.1158
22.4177
19.8269
17.4718
11.597
17.1357
19.2344
21.3468
22.7182
25.2577
27.1422
31.2448
31.6521
28.9473
27.643
25.6639
24.4869
22.4136
20.0974
13.6056
20.8339
23.8097
27.2171
29.4703
33.6607
36.6622
42.9815
43.8485
40.4798
38.8561
36.3509
34.8148
32.0414
28.7268
19.2509
30.0847
34.4278
39.239
42.1589
47.3104
50.7411
57.7644
57.9379
51.5936
48.4689
43.8594
41.1192
36.5619
32.0078
20.2663
31.4023
35.3938
39.1675
41.2356
44.8739
47.1974
52.3119
51.8743
45.9023
43.0733
40.0403
38.3051
37.2708
32.3563
18.4383
43.3507
33.5337
-17.0548
-55.8716
-126.317
-317.335
-932.526
58.0247
55.7345
52.2389
46.6437
41.5674
36.3605
31.866
27.8253
28.1761
28.8814
29.5169
30.0654
30.6909
31.2417
31.6962
30.9735
28.9777
27.051
25.0329
23.284
21.4921
19.8344
18.3553
19.4985
20.8213
22.2295
23.5946
25.179
26.6955
28.2598
28.642
27.8834
26.9593
25.8295
24.7442
23.4836
22.1982
21.0599
23.041
25.2233
27.5883
29.8958
32.5551
35.0699
37.6511
38.5004
37.7216
36.6327
35.2126
33.7813
32.0494
30.1988
28.5066
31.3545
34.3633
37.4764
40.2984
43.3531
45.9936
48.4264
48.469
46.1555
43.5558
40.5252
37.6135
34.3389
31.0314
27.8552
29.743
31.7434
33.6359
35.1234
36.6321
37.6907
38.4343
37.0958
33.6832
30.0158
25.9716
21.6255
16.4105
9.0447
-0.600653
-7.70448
-28.4546
-68.1153
-122.069
-205.325
-341.194
-532.353
50.3562
48.9999
46.6414
43.3645
39.869
36.3973
33.3402
31.0147
30.13
29.9141
29.9632
30.1061
30.273
30.3515
30.2007
29.5369
28.3556
26.9891
25.5622
24.2117
22.9639
21.9396
21.337
21.6026
22.2847
23.174
24.1551
25.1977
26.1797
26.9768
27.2743
27.0574
26.5713
25.9309
25.2535
24.589
24.0869
24.0219
24.9579
26.3736
28.0418
29.8143
31.657
33.3818
34.814
35.4964
35.4092
34.8859
34.0901
33.1801
32.228
31.4423
31.2242
32.3924
34.1482
36.1323
38.1026
39.9917
41.5448
42.5298
42.3925
41.129
39.2627
37.0194
34.6299
32.1632
29.8655
28.1518
27.9213
28.2481
28.6875
28.9803
29.0385
28.6372
27.5548
25.3039
21.8308
17.5007
12.3378
6.19704
-1.35252
-10.9842
-23.2992
-39.1086
-63.2113
-98.5926
-146.072
-208.568
-285.429
-358.381
44.2057
43.7077
42.3658
40.3994
38.1357
35.8363
33.7602
32.1291
31.1202
30.5647
30.2739
30.1119
29.9821
29.7911
29.4432
28.8451
27.9999
27.0137
25.9812
24.9913
24.1136
23.437
23.0684
23.1067
23.4494
23.9858
24.6268
25.3032
25.9297
26.4127
26.6469
26.6189
26.4049
26.0855
25.7439
25.4603
25.3456
25.5424
26.184
27.1596
28.345
29.6313
30.9284
32.1146
33.0564
33.6003
33.7243
33.5311
33.1314
32.6394
32.1666
31.8679
31.9453
32.5838
33.604
34.8076
36.0231
37.1139
37.9135
38.249
37.9371
36.97
35.5125
33.7236
31.757
29.7441
27.8583
26.3123
25.2969
24.5904
23.9501
23.175
22.1063
20.5646
18.3578
15.2721
11.2126
6.18503
0.112379
-7.20265
-16.1171
-27.1487
-40.9656
-58.5697
-81.7257
-111.647
-148.448
-191.124
-235.29
-269.955
39.6102
39.63
38.9886
37.862
36.4529
34.9535
33.5386
32.3472
31.457
30.8337
30.3986
30.071
29.7787
29.4561
29.0459
28.5086
27.8468
27.1044
26.3385
25.609
24.9735
24.4904
24.2136
24.1723
24.3351
24.6465
25.0474
25.4803
25.886
26.2068
26.3969
26.4478
26.39
26.2717
26.1503
26.0882
26.1557
26.422
26.9286
27.6434
28.5024
29.4327
30.359
31.199
31.8712
32.3083
32.4958
32.4731
32.3055
32.0706
31.854
31.7517
31.8581
32.2251
32.7953
33.4656
34.1226
34.6554
34.95
34.9001
34.4251
33.5167
32.239
30.6835
28.9507
27.1415
25.3618
23.7087
22.2274
20.8375
19.4066
17.7926
15.8554
13.4496
10.4265
6.64272
1.98848
-3.62561
-10.3238
-18.2989
-27.8327
-39.3022
-53.1777
-70.0355
-90.4982
-114.793
-142.365
-171.532
-198.831
-218.781
36.1947
36.5035
36.3095
35.7305
34.8995
33.9482
32.9948
32.1311
31.4089
30.831
30.3682
29.9787
29.6185
29.247
28.8309
28.3511
27.8095
27.2286
26.6428
26.0912
25.6134
25.2465
25.0192
24.9435
25.0064
25.1782
25.4214
25.6965
25.9639
26.1888
26.3469
26.433
26.4618
26.4621
26.4708
26.5292
26.679
26.9551
27.3733
27.9192
28.557
29.2392
29.9133
30.5249
31.0242
31.3756
31.5694
31.6237
31.5759
31.4752
31.3764
31.3348
31.3951
31.5735
31.8421
32.1423
32.4006
32.5394
32.4823
32.1629
31.5366
30.595
29.3655
27.8982
26.2541
24.496
22.683
20.8574
19.0261
17.1434
15.1268
12.8754
10.2793
7.22339
3.59061
-0.733063
-5.85328
-11.8748
-18.9212
-27.15
-36.7607
-47.9902
-61.0945
-76.3089
-93.7505
-113.218
-133.984
-154.63
-172.952
-186.231
33.6351
34.1004
34.1842
33.9613
33.5188
32.9453
32.3212
31.7104
31.1527
30.662
30.2318
29.8436
29.4743
29.1015
28.7071
28.282
27.8284
27.3597
26.8973
26.4666
26.0935
25.8011
25.6061
25.5148
25.5206
25.6065
25.7493
25.9232
26.1028
26.2665
26.4001
26.5002
26.5745
26.6401
26.7195
26.8382
27.0202
27.2832
27.6336
28.0623
28.5471
29.0572
29.5573
30.0119
30.3897
30.6693
30.8435
30.9208
30.9222
30.8765
30.816
30.7708
30.7615
30.7918
30.8432
30.8788
30.8503
30.7051
30.3919
29.8672
29.1021
28.0874
26.8341
25.3675
23.7212
21.9297
20.0221
18.0141
15.8989
13.6419
11.1852
8.45443
5.36539
1.82802
-2.25023
-6.96162
-12.3968
-18.6481
-25.8154
-34.0109
-43.3575
-53.978
-65.9722
-79.3745
-94.0843
-109.769
-125.773
-141.073
-154.333
-164.14
31.6993
32.246
32.4999
32.5077
32.3261
32.0145
31.6282
31.2127
30.7996
30.4056
30.0343
29.6806
29.3349
28.9865
28.6272
28.2536
27.8685
27.4813
27.1058
26.7587
26.4569
26.2151
26.0435
25.946
25.919
25.9524
26.0321
26.1414
26.2644
26.3873
26.5014
26.6041
26.6996
26.7976
26.9115
27.0559
27.2442
27.4853
27.7809
28.1243
28.5005
28.8891
29.2665
29.6092
29.8965
30.1143
30.2567
30.327
30.3358
30.2989
30.2335
30.1546
30.0705
29.9794
29.8667
29.7072
29.4679
29.1125
28.6057
27.9175
27.0266
25.9233
24.6094
23.0956
21.3973
19.5303
17.5058
15.3251
12.9756
10.4282
7.63823
4.54945
1.09718
-2.78833
-7.17915
-12.1476
-17.765
-24.1019
-31.2286
-39.2137
-48.1191
-57.9874
-68.8221
-80.5566
-93.0135
-105.859
-118.574
-130.454
-140.684
-148.485
30.2269
30.8126
31.1694
31.3262
31.3201
31.1907
30.9766
30.7109
30.4185
30.1159
29.811
29.5059
29.1988
28.8867
28.5674
28.2411
27.9115
27.5855
27.273
26.9852
26.7335
26.5276
26.374
26.2754
26.2299
26.2316
26.2717
26.3398
26.4256
26.5204
26.6186
26.7181
26.8208
26.9319
27.059
27.21
27.3919
27.6084
27.8592
28.1385
28.4358
28.7369
29.0255
29.2857
29.5031
29.6675
29.7736
29.8213
29.815
29.762
29.6702
29.5455
29.3896
29.1976
28.9574
28.6502
28.2523
27.7376
27.0807
26.2594
25.2566
24.0622
22.6725
21.0891
19.3162
17.3577
15.2141
12.8792
10.3375
7.56356
4.52164
1.16801
-2.54705
-6.67684
-11.276
-16.3987
-22.0967
-28.418
-35.405
-43.0909
-51.4935
-60.6046
-70.3756
-80.698
-91.3821
-102.139
-112.574
-122.21
-130.532
-137.085
29.107
29.708
30.1261
30.379
30.4908
30.4885
30.399
30.2468
30.0518
29.8288
29.5875
29.3335
29.0695
28.7969
28.5173
28.2332
27.9487
27.6699
27.4041
27.1595
26.944
26.7642
26.6248
26.5279
26.4725
26.4552
26.4706
26.5122
26.5734
26.6485
26.7337
26.8271
26.9294
27.043
27.1718
27.3195
27.4892
27.682
27.8961
28.1266
28.3653
28.6021
28.8253
29.0233
29.1857
29.3044
29.3742
29.393
29.3612
29.2807
29.1538
28.9811
28.7602
28.485
28.1444
27.7236
27.2044
26.5672
25.7924
24.8623
23.7624
22.4821
21.0144
19.3553
17.5021
15.4516
13.1979
10.7308
8.03406
5.08482
1.85398
-1.69287
-5.5939
-9.88919
-14.6189
-19.8211
-25.5304
-31.775
-38.5744
-45.9355
-53.8468
-62.2708
-71.1343
-80.3178
-89.6453
-98.8797
-107.727
-115.854
-122.929
-128.664
28.2624
28.8663
29.3201
29.6345
29.8253
29.9111
29.9111
29.8436
29.7248
29.5676
29.3819
29.175
28.952
28.7168
28.4733
28.2252
27.9773
27.735
27.5043
27.2915
27.1025
26.9422
26.8142
26.7202
26.6599
26.6314
26.6315
26.656
26.7007
26.7618
26.8364
26.923
27.0213
27.1321
27.2568
27.3969
27.553
27.7246
27.9092
28.1022
28.2973
28.4865
28.661
28.8119
28.931
29.0114
29.0479
29.0371
28.9769
28.8661
28.7032
28.4856
28.2089
27.866
27.4468
26.9385
26.3264
25.5946
24.7273
23.7095
22.5279
21.1717
19.6318
17.9009
15.972
13.8379
11.489
8.91317
6.09414
3.01163
-0.358523
-4.04362
-8.07284
-12.4758
-17.2808
-22.5132
-28.1929
-34.3325
-40.9344
-47.9871
-55.4611
-63.3033
-71.4315
-79.7292
-88.0418
-96.1774
-103.914
-111.015
-117.252
-122.436
27.6392
28.2401
28.714
29.0673
29.3105
29.4566
29.5197
29.514
29.4526
29.3469
29.2065
29.0392
28.8514
28.6484
28.4353
28.2166
27.9975
27.783
27.5784
27.3889
27.2193
27.0734
26.9543
26.8634
26.801
26.7662
26.7569
26.7704
26.8041
26.8552
26.9216
27.0017
27.0948
27.2007
27.3194
27.4508
27.5942
27.7481
27.9097
28.0746
28.2375
28.3918
28.5304
28.6459
28.7316
28.7812
28.7895
28.752
28.6653
28.5261
28.3308
28.0749
27.7528
27.3566
26.877
26.3025
25.6204
24.817
23.8787
22.7921
21.5448
20.1255
18.5242
16.7313
14.7376
12.5332
10.107
7.44566
4.53363
1.35272
-2.11742
-5.89868
-10.0134
-14.4832
-19.3272
-24.5607
-30.1926
-36.2238
-42.6446
-49.4315
-56.5443
-63.9229
-71.4837
-79.1181
-86.692
-94.0486
-101.016
-107.417
-113.09
-117.901
27.2001
27.7961
28.2809
28.6581
28.9349
29.1209
29.2268
29.264
29.2435
29.1755
29.0692
28.9324
28.772
28.5942
28.4046
28.2083
28.0105
27.8162
27.6303
27.4573
27.3013
27.1658
27.0532
26.9652
26.9022
26.8638
26.8488
26.8556
26.8821
26.9263
26.9866
27.0614
27.1496
27.2505
27.3633
27.4869
27.62
27.7603
27.9049
28.0496
28.1897
28.3193
28.4324
28.5227
28.5839
28.6102
28.5964
28.5375
28.4291
28.2666
28.0452
27.7595
27.4027
26.9672
26.4435
25.8212
25.0886
24.2336
23.2435
22.106
20.8091
19.3414
17.6922
15.8507
13.8063
11.5479
9.0634
6.33919
3.36033
0.110376
-3.42821
-7.27336
-11.4425
-15.9514
-20.8126
-26.034
-31.6168
-37.5538
-43.827
-50.4058
-57.2442
-64.2791
-71.429
-78.5933
-85.6541
-92.4795
-98.9303
-104.869
-110.17
-114.732
26.92
27.5117
28.0019
28.3928
28.6897
28.8998
29.0322
29.0964
29.1022
29.0589
28.9752
28.8589
28.7173
28.5567
28.383
28.2017
28.0181
27.837
27.6631
27.5007
27.3535
27.2246
27.1164
27.0305
26.9675
26.9272
26.9091
26.9119
26.934
26.974
27.0302
27.1012
27.1859
27.283
27.3912
27.5091
27.6349
27.7661
27.8994
28.0311
28.1565
28.2703
28.367
28.4409
28.486
28.4968
28.4679
28.3941
28.2703
28.0915
27.852
27.5459
27.166
26.7043
26.1518
25.4983
24.733
23.8442
22.8202
21.6491
20.3191
18.8187
17.1368
15.262
13.1832
10.8883
8.36489
5.59942
2.57745
-0.716278
-4.29741
-8.18131
-12.3822
-16.912
-21.7791
-26.9865
-32.5305
-38.3989
-44.569
-51.0057
-57.6604
-64.469
-71.3525
-78.2165
-84.9539
-91.4488
-97.5816
-103.237
-108.311
-112.721
26.7837
27.3729
27.8653
28.2624
28.5686
28.7902
28.9352
29.0125
29.0311
29
28.9275
28.8216
28.6894
28.5374
28.3718
28.1981
28.0215
27.8469
27.679
27.5217
27.3788
27.2533
27.1473
27.0624
26.9995
26.9585
26.939
26.9399
26.96
26.9979
27.0521
27.1212
27.2039
27.2989
27.4047
27.5197
27.6417
27.7683
27.8961
28.0213
28.1395
28.2456
28.3343
28.4
28.4372
28.4402
28.4036
28.3222
28.1906
28.0033
27.7547
27.4381
27.0466
26.5719
26.0052
25.3363
24.5549
23.6495
22.6087
21.4208
20.0741
18.5573
16.8588
14.9673
12.8709
10.5577
8.01491
5.22903
2.18594
-1.12899
-4.73048
-8.63262
-12.8481
-17.3868
-22.2551
-27.4538
-32.9767
-38.8092
-44.9263
-51.2912
-57.8539
-64.5505
-71.3031
-78.0209
-84.6021
-90.9384
-96.9196
-102.44
-107.407
-111.745
-924.229
-324.96
-171.277
-121.669
-101.098
-90.5757
-84.3543
-80.3235
-77.5614
-75.6068
-74.2051
-73.2064
-72.5193
-72.0878
-71.8794
-530.33
-345.245
-228.394
-166.305
-132.785
-113.539
-101.73
-94.0615
-88.8639
-85.2391
-82.6766
-80.8735
-79.6453
-78.8794
-78.5112
-362.396
-297.293
-230.747
-182.371
-150.198
-129.065
-114.964
-105.328
-98.5929
-93.8082
-90.3879
-87.9651
-86.3081
-85.2724
-84.774
-275.814
-250.781
-214.928
-182.232
-156.569
-137.557
-123.731
-113.692
-106.371
-101.012
-97.101
-94.2901
-92.3485
-91.1273
-90.5375
-224.814
-215.085
-195.949
-175.057
-156.289
-140.861
-128.711
-119.338
-112.184
-106.767
-102.713
-99.7448
-97.6678
-96.35
-95.7103
-191.958
-188.796
-178.725
-165.755
-152.668
-140.886
-130.912
-122.765
-116.26
-111.159
-107.237
-104.307
-102.227
-100.893
-100.243
-169.48
-169.412
-164.399
-156.57
-147.741
-139.101
-131.285
-124.548
-118.931
-114.371
-110.768
-108.02
-106.037
-104.754
-104.123
-153.472
-154.972
-152.886
-148.384
-142.622
-136.491
-130.577
-125.21
-120.544
-116.625
-113.444
-110.965
-109.149
-107.959
-107.371
-141.777
-144.116
-143.786
-141.459
-137.87
-133.662
-129.321
-125.17
-121.409
-118.141
-115.415
-113.246
-111.632
-110.563
-110.031
-133.121
-135.926
-136.684
-135.794
-133.735
-130.966
-127.872
-124.741
-121.777
-119.113
-116.829
-114.973
-113.568
-112.628
-112.157
-126.712
-129.783
-131.229
-131.297
-130.308
-128.595
-126.458
-124.144
-121.846
-119.703
-117.814
-116.245
-115.039
-114.223
-113.811
-122.04
-125.265
-127.149
-127.854
-127.605
-126.647
-125.218
-123.53
-121.757
-120.038
-118.478
-117.154
-116.12
-115.412
-115.053
-118.773
-122.087
-124.246
-125.365
-125.609
-125.168
-124.238
-123
-121.614
-120.214
-118.905
-117.771
-116.873
-116.251
-115.934
-116.7
-120.062
-122.383
-123.75
-124.296
-124.177
-123.563
-122.616
-121.484
-120.295
-119.157
-118.153
-117.347
-116.785
-116.498
-115.693
-119.076
-121.472
-122.956
-123.645
-123.681
-123.22
-122.415
-121.409
-120.326
-119.273
-118.334
-117.576
-117.045
-116.772
)
;

boundaryField
{
    hot
    {
        type            calculated;
        value           nonuniform List<scalar> 
120
(
-2.09211
-2.35453
-2.88285
-3.68371
-4.7661
-6.14035
-7.8164
-9.80175
-12.0989
-14.7024
-17.5961
-20.7505
-24.1216
-27.651
-31.2688
-34.5953
-37.5773
-40.4744
-43.2486
-45.8688
-48.3114
-50.5609
-52.6098
-54.4571
-56.1074
-57.5698
-58.8564
-59.9811
-60.9588
-61.8047
-62.5333
-63.1587
-63.6938
-64.1505
-64.5392
-64.8694
-65.1496
-65.3868
-65.5874
-65.7569
-65.8999
-66.0205
-66.122
-66.2075
-66.2793
-66.3395
-66.39
-66.4322
-66.4674
-66.4965
-66.5205
-66.5402
-66.556
-66.5684
-66.5779
-66.5847
-66.589
-66.591
-66.5907
-66.5881
-66.5831
-66.5755
-66.5652
-66.5519
-66.535
-66.5142
-66.4888
-66.4581
-66.421
-66.3766
-66.3234
-66.26
-66.1844
-66.0945
-65.9876
-65.8606
-65.71
-65.5313
-65.3197
-65.0693
-64.7733
-64.4239
-64.0122
-63.5278
-62.959
-62.2929
-61.5149
-60.6091
-59.5587
-58.3458
-56.9522
-55.3603
-53.5538
-51.5191
-49.2465
-46.7321
-43.9793
-40.9997
-37.8148
-34.4558
-30.963
-27.3843
-23.7723
-20.1816
-16.665
-12.9314
-9.0991
-5.56001
-2.34721
0.523792
3.05195
5.24693
7.12544
8.70793
10.016
11.0706
11.8903
12.4908
12.8843
13.079
)
;
    }
    cold
    {
        type            calculated;
        value           nonuniform List<scalar> 
120
(
-11.433
-11.3563
-11.2034
-10.9759
-10.676
-10.3068
-9.87285
-9.37975
-8.83474
-8.24653
-7.62536
-6.9827
-6.3309
-5.6826
-5.05005
-4.49482
-4.01464
-3.56338
-3.14416
-2.75897
-2.40862
-2.09296
-1.81098
-1.56104
-1.34103
-1.14859
-0.981173
-0.836235
-0.711289
-0.603977
-0.512108
-0.433681
-0.366894
-0.310142
-0.262011
-0.221262
-0.18682
-0.157755
-0.133269
-0.112678
-0.0953993
-0.0809402
-0.0688834
-0.0588784
-0.0506327
-0.0439041
-0.0384939
-0.0342419
-0.031022
-0.0287385
-0.0273234
-0.0267348
-0.0269555
-0.0279927
-0.0298782
-0.0326693
-0.0364507
-0.0413371
-0.0474766
-0.055055
-0.0643019
-0.075497
-0.0889788
-0.105155
-0.124513
-0.147639
-0.175228
-0.208112
-0.247279
-0.293904
-0.349384
-0.415376
-0.493847
-0.587125
-0.69797
-0.829642
-0.985994
-1.17157
-1.39172
-1.65272
-1.96194
-2.328
-2.76091
-3.27231
-3.87561
-4.58622
-5.42168
-6.40181
-7.54874
-8.88693
-10.4429
-12.2448
-14.322
-16.7038
-19.418
-22.4894
-25.9373
-29.7729
-33.9966
-38.5953
-43.5397
-48.7834
-54.2624
-59.8974
-65.5966
-71.8282
-78.4209
-84.6517
-90.3926
-95.5528
-100.082
-103.967
-107.225
-109.898
-112.039
-113.708
-114.963
-115.854
-116.425
-116.702
)
;
    }
    interface_left
    {
        type            calculated;
        value           nonuniform List<scalar> 
90
(
-543.456
-288.202
-190.662
-146.125
-122.181
-107.583
-97.8707
-91.0152
-85.9759
-82.1627
-79.2151
-76.8993
-75.0567
-73.5762
-72.377
-71.3994
-70.5985
-69.9393
-69.3951
-68.9444
-68.5702
-68.2591
-67.9999
-67.7837
-67.6032
-67.4524
-67.3263
-67.2208
-67.1326
-67.0588
-66.9972
-66.9457
-66.9028
-66.8672
-66.8377
-66.8134
-66.7936
-66.7777
-66.7651
-66.7556
-66.7487
-66.7444
-66.7424
-66.7427
-66.7454
-66.7504
-66.758
-66.7683
-66.7817
-66.7987
-66.8197
-66.8453
-66.8764
-66.9139
-66.959
-67.013
-67.0777
-67.1551
-67.2475
-67.358
-67.4901
-67.6479
-67.8367
-68.0626
-68.3331
-68.6576
-69.0472
-69.5157
-70.0804
-70.7627
-71.5895
-72.595
-73.8233
-75.3319
-77.197
-79.5219
-82.4501
-86.1869
-91.0364
-97.4715
-106.272
-118.828
-137.875
-169.508
-229.268
-362.386
-716.069
672.98
323.09
202.713
)
;
    }
    interface_right
    {
        type            calculated;
        value           nonuniform List<scalar> 
90
(
32.6997
17.553
11.0565
7.70304
5.69598
4.36609
3.42471
2.72883
2.199
1.78697
1.46152
1.20136
0.991459
0.820866
0.681405
0.566857
0.472413
0.394305
0.329546
0.275749
0.23099
0.193709
0.162635
0.136725
0.115125
0.0971332
0.0821685
0.0697534
0.0594948
0.0510695
0.0442137
0.0387134
0.0343978
0.031133
0.0288178
0.0273806
0.0267767
0.0269872
0.028018
0.0299001
0.0326905
0.0364737
0.0413647
0.047512
0.0551026
0.0643673
0.0755881
0.0891066
0.105335
0.124767
0.147997
0.175733
0.208825
0.248285
0.295324
0.351389
0.418206
0.497842
0.592766
0.705933
0.840883
1.00186
1.19397
1.42335
1.69738
2.025
2.41703
2.88662
3.44982
4.1263
4.94031
5.92191
7.10869
8.54803
10.3003
12.4435
15.0795
18.3442
22.4224
27.5716
34.1619
42.7449
54.1819
69.8999
92.4538
126.895
184.502
294.082
539.506
1193.63
)
;
    }
    interface_top
    {
        type            calculated;
        value           nonuniform List<scalar> 
90
(
63.7509
64.204
60.8591
49.175
43.453
35.2976
29.7377
18.3116
25.7115
27.9489
29.1954
29.9131
31.2162
32.2698
34.8867
34.243
29.4997
27.2442
24.1158
22.4177
19.8269
17.4718
11.597
17.1357
19.2344
21.3468
22.7182
25.2577
27.1422
31.2448
31.6521
28.9473
27.643
25.6639
24.4869
22.4136
20.0974
13.6056
20.8339
23.8097
27.2171
29.4703
33.6607
36.6622
42.9815
43.8485
40.4798
38.8561
36.3509
34.8148
32.0414
28.7268
19.2509
30.0847
34.4278
39.239
42.1589
47.3104
50.7411
57.7644
57.9379
51.5936
48.4689
43.8594
41.1192
36.5619
32.0078
20.2663
31.4023
35.3938
39.1675
41.2356
44.8739
47.1974
52.3119
51.8743
45.9023
43.0733
40.0403
38.3051
37.2708
32.3563
18.4383
43.3507
33.5337
-17.0548
-55.8716
-126.317
-317.335
-932.526
)
;
    }
    interface_bottom
    {
        type            calculated;
        value           nonuniform List<scalar> 
90
(
262.809
104.975
56.5208
38.2174
30.0744
23.2247
18.7911
11.5048
14.6792
15.2513
15.0613
14.802
14.4617
14.2271
14.1204
13.1005
9.92911
8.25828
5.81098
4.50392
2.67922
1.71473
0.475449
-0.471724
-1.2686
-2.80702
-3.86264
-5.76587
-7.03921
-9.41345
-10.1786
-10.2871
-10.4377
-10.6451
-10.7317
-10.6916
-9.98966
-7.14805
-11.7979
-13.8807
-16.5072
-18.1103
-20.8424
-22.5741
-25.8151
-26.1106
-23.7542
-22.7829
-21.5512
-20.8737
-19.7266
-17.9595
-12.417
-19.6847
-22.7041
-26.1751
-28.2344
-31.701
-33.8937
-38.0643
-38.1865
-34.312
-32.6682
-30.5983
-29.4536
-27.5815
-24.9866
-17.1461
-27.003
-31.0824
-35.7757
-38.669
-43.7433
-47.2167
-54.297
-55.0602
-50.5467
-48.6453
-46.3421
-44.8874
-42.4023
-38.2226
-25.4762
-41.8661
-43.3787
-32.5572
-63.5846
-60.2213
-18.5274
0.543624
)
;
    }
    defaultFaces
    {
        type            empty;
    }
}


// ************************************************************************* //
