/*--------------------------------*- C++ -*----------------------------------*\
| =========                 |                                                 |
| \\      /  F ield         | OpenFOAM: The Open Source CFD Toolbox           |
|  \\    /   O peration     | Version:  5.x                                   |
|   \\  /    A nd           | Web:      www.OpenFOAM.org                      |
|    \\/     M anipulation  |                                                 |
\*---------------------------------------------------------------------------*/
FoamFile
{
    version     2.0;
    format      ascii;
    class       volScalarField;
    location    "7.8";
    object      gradTy;
}
// * * * * * * * * * * * * * * * * * * * * * * * * * * * * * * * * * * * * * //

dimensions      [0 -1 0 1 0 0 0];

internalField   nonuniform List<scalar> 
6300
(
1038.89
1116.95
1195.8
1275.96
1357.91
1442.11
1528.94
1618.71
1711.66
1807.86
1907.3
2009.78
2114.94
2222.27
2331.11
-0.400678
-1.19448
-1.96495
-2.69453
-3.36278
-3.94575
-4.41575
-4.74206
-4.89268
-4.8374
-4.55226
-4.02487
-3.2597
-2.28178
-1.13701
-0.676213
-2.01673
-3.32041
-4.5591
-5.69951
-6.70185
-7.51927
-8.09858
-8.38301
-8.31734
-7.85572
-6.97167
-5.66859
-3.98786
-2.01063
-0.963664
-2.87582
-4.74083
-6.52186
-8.1742
-9.64278
-10.8608
-11.7498
-12.2233
-12.1931
-11.5814
-10.3373
-8.45499
-5.99028
-3.06681
-1.26626
-3.78201
-6.2452
-8.61328
-10.8326
-12.8342
-14.5311
-15.8166
-16.5671
-16.6501
-15.9395
-14.341
-11.8237
-8.45145
-4.40091
-1.5856
-4.74069
-7.84456
-10.8534
-13.7084
-16.3302
-18.6125
-20.418
-21.5783
-21.9003
-21.1852
-19.2634
-16.047
-11.5906
-6.13634
-1.92105
-5.75057
-9.53893
-13.247
-16.8174
-20.1656
-23.1704
-25.6645
-27.4275
-28.1874
-27.6372
-25.48
-21.5101
-15.7275
-8.44798
-2.26905
-6.80152
-11.3134
-15.7782
-20.1484
-24.3442
-28.2388
-31.6415
-34.2794
-35.7841
-35.696
-33.5091
-28.7854
-21.3613
-11.6039
-2.62263
-7.87294
-13.1349
-18.4037
-23.6535
-28.8235
-33.7987
-38.383
-42.2641
-44.973
-45.8531
-44.0744
-38.761
-29.328
-16.0574
-2.9711
-8.93261
-14.9493
-21.0481
-27.2382
-33.4972
-39.7489
-45.8272
-51.4204
-55.9899
-58.6685
-58.1739
-52.8558
-41.1323
-22.6683
-3.30025
-9.93699
-16.6814
-23.6009
-30.7535
-38.1778
-45.8719
-53.7559
-61.5996
-68.8972
-74.6564
-77.0964
-73.3555
-59.6772
-33.3269
-3.5931
-10.8336
-18.2382
-25.9201
-33.9969
-42.5879
-51.8046
-61.7239
-72.3242
-83.342
-93.9627
-102.199
-103.792
-90.8935
-53.0267
-3.83162
-11.5659
-19.5174
-27.8442
-36.7255
-46.3717
-57.034
-69.0101
-82.6304
-98.1828
-115.652
-133.943
-148.72
-147.077
-97.9546
-3.99902
-12.081
-20.421
-29.2133
-38.6888
-49.1388
-60.9489
-74.6511
-91.0035
-111.105
-136.52
-169.199
-210.064
-250.737
-231.659
-4.08246
-12.3378
-20.8722
-29.8987
-39.677
-50.545
-62.9708
-77.641
-95.6263
-118.712
-150.121
-196.267
-271.599
-414.146
-744.217
2431.56
2522.85
2613.62
2703.36
2791.63
2877.97
2962.01
3043.4
3121.87
3197.17
3269.12
3337.57
3402.4
3463.51
3520.85
3574.37
3624.04
3669.85
3711.79
3749.88
3784.15
3814.61
3841.33
3864.33
3883.69
3899.45
3911.7
3920.5
3925.93
3928.05
3926.96
3922.72
3915.42
3905.13
3891.92
3875.87
3857.06
3835.54
3811.4
3784.7
3755.5
3723.89
3689.93
3653.68
3615.21
3574.59
3531.89
3487.15
3440.44
3391.81
3341.32
3289
3234.91
3179.09
3121.58
3062.44
3001.71
2939.44
2875.71
2810.55
2744.04
2676.24
2607.22
2537.04
2465.77
2393.49
2320.27
2246.2
2171.35
2095.85
2019.78
1943.29
1866.51
1789.59
1712.71
1636.05
1559.79
1484.14
1409.29
1335.46
1262.84
1191.63
1122.02
1054.18
988.278
924.444
862.799
803.436
746.415
691.769
0.00787659
1.07579
2.13025
3.13526
4.06236
4.89217
5.61454
6.22753
6.7356
7.14761
7.47478
7.72903
7.9217
8.06275
8.16041
8.22114
8.24981
8.25007
8.2247
8.17598
8.10593
8.01656
7.90991
7.78811
7.65337
7.50792
7.354
7.1938
7.02939
6.8627
6.69547
6.52916
6.3649
6.20342
6.04506
5.88973
5.73704
5.58636
5.43703
5.28849
5.1405
4.99321
4.84724
4.70361
4.56364
4.42873
4.30009
4.17855
4.06431
3.95683
3.85484
3.75641
3.6592
3.5607
3.45862
3.35115
3.23716
3.11633
2.98902
2.85611
2.71863
2.57744
2.43275
2.28389
2.12909
1.96545
1.78913
1.59569
1.38053
1.13948
0.869304
0.568165
0.235885
-0.125938
-0.514024
-0.923655
-1.34902
-1.7836
-2.22047
-2.65257
-3.07278
-3.47393
-3.84871
-4.18964
-4.48907
-4.73943
-4.93366
-5.06593
-5.13227
-5.13125
-0.0305571
1.81378
3.62851
5.34891
6.92502
8.32432
9.5315
10.5461
11.3788
12.0476
12.5739
12.9796
13.2847
13.5066
13.6591
13.7524
13.7943
13.7903
13.7443
13.6599
13.5399
13.3877
13.2065
13
12.7719
12.5259
12.2659
11.9955
11.7184
11.4379
11.1568
10.8778
10.6029
10.3332
10.0694
9.81119
9.55768
9.30763
9.05961
8.81246
8.56556
8.31911
8.07419
7.83273
7.59725
7.37045
7.15478
6.9519
6.76235
6.58527
6.41836
6.25807
6.10001
5.93952
5.77229
5.59497
5.40555
5.20359
4.99004
4.76689
4.53648
4.30081
4.06077
3.81553
3.56216
3.29556
3.00881
2.69371
2.34177
1.94517
1.49784
0.996229
0.439899
-0.16835
-0.822661
-1.51463
-2.23397
-2.96929
-3.70869
-4.44022
-5.15202
-5.83226
-6.46887
-7.04928
-7.56039
-7.98884
-8.32188
-8.5486
-8.66143
-8.65744
-0.132278
2.59495
5.26323
7.77101
10.043
12.0339
13.7266
15.1274
16.259
17.1538
17.8478
18.3758
18.7687
19.0516
19.2438
19.3588
19.4061
19.3919
19.3206
19.1959
19.0216
18.8017
18.5409
18.2442
17.9172
17.5652
17.1938
16.8082
16.4137
16.0149
15.6164
15.222
14.8345
14.4559
14.087
13.7271
13.3746
13.0272
12.6822
12.3373
11.9912
11.644
11.2973
10.9544
10.6195
10.2973
9.99217
9.70718
9.44356
9.20017
8.97343
8.75758
8.54539
8.32909
8.10152
7.85719
7.59297
7.30848
7.00585
6.68904
6.36279
6.03135
5.69714
5.35972
5.01508
4.65551
4.27006
3.84555
3.36805
2.82465
2.20522
1.50377
0.719333
-0.143793
-1.07646
-2.06557
-3.09533
-4.14854
-5.20772
-6.25577
-7.27623
-8.25295
-9.16948
-10.0083
-10.7503
-11.3753
-11.8628
-12.1949
-12.3585
-12.3481
-0.319734
3.46093
7.12897
10.5325
13.5658
16.1729
18.3422
20.0964
21.4803
22.5494
23.3608
23.9668
24.4112
24.7275
24.9397
25.0631
25.1068
25.076
24.974
24.8038
24.5691
24.2749
23.9271
23.5326
23.0988
22.633
22.1425
21.6343
21.1153
20.5921
20.0706
19.5564
19.0537
18.5652
18.0919
17.6327
17.1847
16.7437
16.305
15.8643
15.4189
14.9685
14.5155
14.065
13.6239
13.2001
12.801
12.4321
12.0961
11.7915
11.5132
11.2522
10.9971
10.7353
10.4553
10.1484
9.80998
9.4399
9.04245
8.62515
8.19697
7.76625
7.33851
6.91467
6.48984
6.05307
5.58792
5.07403
4.48954
3.81395
3.03105
2.13113
1.11241
-0.0187688
-1.24864
-2.55765
-3.92259
-5.31889
-6.72242
-8.11071
-9.46308
-10.76
-11.9817
-13.1063
-14.1086
-14.9593
-15.6274
-16.0836
-16.3058
-16.2838
-0.608336
4.48943
9.37597
13.8275
17.7027
20.9425
23.556
25.5993
27.1556
28.3168
29.1703
29.7914
30.2388
30.5544
30.7644
30.883
30.9157
30.8636
30.7266
30.5055
30.2034
29.8262
29.3816
28.8788
28.3276
27.7375
27.1178
26.4772
25.8243
25.1678
24.5157
23.8756
23.2536
22.6539
22.0777
21.5233
20.9859
20.4582
19.9319
19.3992
18.8549
18.2979
17.7314
17.1633
16.6046
16.0685
15.5673
15.1109
14.7043
14.3462
14.0292
13.7396
13.4594
13.1686
12.8488
12.4862
12.0735
11.6117
11.1086
10.5778
10.0357
9.49775
8.97516
8.47188
7.98263
7.49232
6.97675
6.40497
5.74296
4.95853
4.02608
2.93029
1.66812
0.249057
-1.30619
-2.96851
-4.70405
-6.47815
-8.25845
-10.0168
-11.7292
-13.3748
-14.9331
-16.3801
-17.6844
-18.8057
-19.6965
-20.3089
-20.6042
-20.5635
-1.00106
5.82203
12.2492
17.9523
22.7541
26.6137
29.59
31.8031
33.3997
34.5267
35.3143
35.8659
36.2563
36.533
36.7206
36.8263
36.8465
36.7735
36.6002
36.3236
35.9461
35.4746
34.9199
34.2948
33.6124
32.8848
32.1232
31.3378
30.5389
29.7372
28.9437
28.1688
27.4218
26.709
26.0325
25.3899
24.7735
24.1711
23.5683
22.951
22.3098
21.6413
20.9501
20.2481
19.5533
18.8868
18.2696
17.7185
17.2428
16.8422
16.506
16.2138
15.9372
15.6441
15.3045
14.8961
14.4082
13.8431
13.2148
12.5472
11.8687
11.2074
10.5843
10.0091
9.47723
8.96818
8.44679
7.86607
7.17292
6.3165
5.25658
3.96929
2.45
0.713266
-1.20928
-3.27363
-5.42966
-7.62811
-9.8258
-11.9885
-14.0909
-16.1149
-18.0445
-19.8589
-21.5234
-22.9834
-24.1662
-24.9904
-25.3859
-25.3165
-1.47046
7.72446
16.1645
23.3741
29.1615
33.5553
36.7217
38.8931
40.3179
41.224
41.7963
42.1708
42.4358
42.6385
42.7933
42.8913
42.9101
42.8261
42.6208
42.2857
41.8224
41.2412
40.5581
39.7919
38.9608
38.0798
37.1614
36.2164
35.2563
34.2937
33.3434
32.4208
31.5397
30.7104
29.9374
29.2177
28.5397
27.8837
27.2243
26.5365
25.8028
25.0164
24.1834
23.3218
22.4601
21.633
20.8758
20.2167
19.6724
19.2444
18.9186
18.6646
18.4378
18.1857
17.8582
17.4196
16.8533
16.1644
15.377
14.5313
13.6763
12.861
12.1234
11.4834
10.9381
10.4611
10.0016
9.48838
8.83732
7.96684
6.81386
5.34179
3.54442
1.44452
-0.908624
-3.44718
-6.09453
-8.77944
-11.4438
-14.0472
-16.5658
-18.991
-21.3217
-23.5534
-25.6566
-27.5603
-29.1518
-30.2889
-30.8365
-30.7233
-1.91536
10.7131
21.8507
30.8425
37.5744
42.2629
45.2839
47.0555
47.9805
48.3987
48.5601
48.6306
48.7018
48.8099
48.9448
49.0669
49.1189
49.0502
48.8251
48.4292
47.8654
47.1513
46.3128
45.3795
44.3778
43.3255
42.2347
41.1141
39.9741
38.8297
37.7005
36.6101
35.5803
34.6283
33.7628
32.9827
32.2717
31.5988
30.9186
30.1856
29.3691
28.4562
27.4554
26.3931
25.3148
24.2764
23.3384
22.5473
21.932
21.4973
21.2258
21.0738
20.9728
20.8335
20.5699
20.1248
19.473
18.6255
17.621
16.5269
15.4247
14.4009
13.5202
12.8194
12.299
11.9268
11.6318
11.3075
10.816
10.0223
8.82905
7.18119
5.07307
2.53907
-0.342275
-3.46524
-6.70641
-9.96141
-13.1504
-16.2286
-19.176
-22.0035
-24.742
-27.4333
-30.0774
-32.5869
-34.7917
-36.4361
-37.2387
-37.0531
-2.03272
15.8477
30.6253
41.5638
48.9288
53.371
55.6441
56.436
56.3713
55.9418
55.453
55.0877
54.9126
54.9409
55.1129
55.3416
55.4995
55.4979
55.2736
54.8129
54.123
53.2387
52.2022
51.0642
49.8657
48.6254
47.3491
46.0382
44.697
43.3423
42.0003
40.7111
39.5073
38.4202
37.4642
36.6468
35.9477
35.3232
34.6878
33.9539
33.0733
32.0214
30.8149
29.4863
28.1111
26.7743
25.5883
24.6236
23.9309
23.5138
23.3602
23.4083
23.5621
23.6594
23.5421
23.1266
22.3736
21.3116
19.993
18.5333
17.0592
15.7339
14.6568
13.895
13.4453
13.2807
13.3036
13.3665
13.229
12.6526
11.4981
9.6827
7.21436
4.13328
0.571535
-3.31351
-7.29871
-11.2388
-15.0166
-18.5986
-21.9588
-25.1442
-28.2302
-31.3808
-34.692
-38.052
-41.2383
-43.7949
-45.0634
-44.7364
-0.884691
25.4499
44.9273
57.4295
64.4912
67.6025
68.1382
67.0514
65.2887
63.5719
62.1695
61.2726
60.8323
60.8669
61.2011
61.7202
62.1116
62.2685
62.0645
61.5287
60.663
59.5477
58.2404
56.8385
55.4166
53.9797
52.5163
51.0086
49.4421
47.8396
46.2268
44.6918
43.2693
42.0263
40.9689
40.1436
39.5191
39.066
38.6017
37.9362
37.0269
35.812
34.3532
32.6495
30.8547
29.058
27.5222
26.3108
25.5356
25.1537
25.2066
25.5934
26.235
26.7968
26.9458
26.6171
25.7212
24.3697
22.5704
20.563
18.4815
16.7118
15.3417
14.5232
14.183
14.3669
14.9195
15.7159
16.2758
16.1171
15.1207
13.1262
10.2398
6.42146
1.95274
-3.01573
-7.95423
-12.7478
-17.1633
-21.2863
-24.9916
-28.4265
-31.6238
-35.0954
-39.2347
-43.7656
-48.5901
-53.0073
-55.1844
-54.5102
4.81095
44.9266
69.2741
81.1285
85.7402
85.5401
82.966
78.6375
74.1376
70.747
68.1557
66.7975
66.0659
66.3592
67.0207
68.2805
69.059
69.5564
69.331
68.7171
67.5601
66.1309
64.4123
62.6392
60.9871
59.37
57.7451
56.0618
54.2368
52.3501
50.3394
48.5087
46.7714
45.3633
44.1376
43.3497
42.8422
42.8236
42.8039
42.2681
41.419
39.9525
38.2424
35.9427
33.5995
30.9648
28.9874
27.3686
26.5728
26.166
26.571
27.4101
29.0216
30.5273
31.0362
30.9229
29.7238
28.0712
25.4462
22.6982
19.4533
17.1131
15.2313
14.4613
14.1647
14.9212
16.1832
18.4048
20.3563
20.7871
20.1793
17.8532
14.6063
9.64528
4.05279
-2.7618
-8.81906
-14.8018
-19.7314
-24.5756
-28.4138
-32.0511
-34.6224
-37.8485
-43.2131
-49.0559
-56.5281
-65.4449
-69.4107
-67.7082
28.4542
87.1083
111.61
115.257
113.917
106.895
100.318
90.4684
81.3871
76.7692
72.3642
71.4183
69.8216
71.3194
71.9767
75.5318
76.4095
77.883
77.155
76.6859
74.8474
73.1288
70.6612
68.2639
66.5057
64.7698
63.0566
61.3177
59.1189
57.038
54.1914
52.1901
49.798
48.4366
46.6751
46.1507
45.4605
46.5817
47.7482
47.05
46.6993
44.443
42.98
39.2973
36.7632
31.9243
29.9355
27.2405
27.0488
26.0084
27.3097
28.1136
31.9596
35.6925
36.0214
36.7915
34.3784
33.1719
28.4982
25.548
19.1217
16.8534
13.519
13.717
12.6291
14.7468
16.0643
21.4817
26.6257
26.9517
27.7116
23.9054
21.4404
13.7778
7.91213
-3.59882
-9.79156
-18.3725
-22.4227
-29.3138
-32.1251
-37.2108
-36.6777
-37.522
-46.5023
-51.9997
-62.3849
-85.0112
-91.7983
-86.8006
133.115
178.466
183.972
156.563
150.274
127.607
122.383
101.191
82.2086
82.4844
71.5912
76.9755
69.121
77.4895
72.7594
86.638
82.9017
89.3793
84.6059
86.6262
81.9619
81.2054
76.8089
72.9685
71.9925
70.1368
68.4057
67.2362
63.8316
62.8291
56.8268
56.4349
51.3414
52.087
47.4318
49.1915
45.471
50.2755
55.3783
51.3326
54.7244
47.7918
50.9145
40.9991
43.2466
28.7804
31.9015
23.5086
28.7477
22.4798
28.7652
24.4373
35.061
45.76
40.3721
47.2442
37.2963
43.2658
29.069
33.4041
12.8034
18.1295
6.72053
14.8251
6.47778
15.7254
10.0421
24.9529
39.8331
32.4917
41.8195
28.0264
35.7596
15.323
19.9012
-12.0933
-7.32432
-28.4664
-21.0222
-39.9258
-32.5601
-50.4604
-36.7487
-25.4785
-54.8059
-47.9039
-50.6132
-127.384
-131.154
-116.333
649.99
327.199
303.728
167.453
210.212
123.196
167.439
108.729
55.2947
104.28
47.3754
101.593
45.0564
102.519
46.7422
123.107
74.6823
117.074
82.2704
106.189
83.4462
94.5204
82.1529
73.5453
78.7432
75.3217
72.9434
76.3705
65.0828
75.8176
51.381
67.4477
44.4743
63.5124
38.9492
60.1217
33.204
53.5375
76.1805
44.903
77.6146
36.6592
77.6219
25.1846
73.7959
0.309233
50.4459
0.145103
47.0152
0.872704
45.502
-0.770702
38.0524
78.9905
27.0667
81.9158
17.2912
82.3974
2.95233
77.1658
-30.8512
43.5028
-28.1789
39.6227
-25.0116
38.2029
-25.6371
28.4667
85.038
14.0264
89.2199
1.14805
90.6419
-19.1543
84.554
-73.528
32.4541
-79.7248
18.3187
-88.3655
3.38762
-109.231
-33.304
45.0256
-115.279
-29.9673
67.8075
-274.876
-197.281
-165.604
634.271
574.917
518.82
465.818
415.705
368.248
323.191
280.27
239.218
199.766
161.653
124.623
88.427
52.8214
17.5681
-5.0576
-4.88897
-4.6442
-4.33845
-3.98784
-3.6077
-3.21123
-2.80894
-2.40843
-2.01458
-1.62993
-1.25509
-0.889245
-0.530516
-0.17632
-8.52725
-8.23274
-7.808
-7.28056
-6.67927
-6.03101
-5.35858
-4.67966
-4.00671
-3.34747
-2.70566
-2.08184
-1.47418
-0.879161
-0.292142
-12.1492
-11.7066
-11.0743
-10.2964
-9.41753
-8.4784
-7.51233
-6.5443
-5.59121
-4.66286
-3.76336
-2.8924
-2.04645
-1.21979
-0.405225
-15.9965
-15.3697
-14.4862
-13.4129
-12.2159
-10.9526
-9.66792
-8.39393
-7.15087
-5.94934
-4.79246
-3.67788
-2.59942
-1.54831
-0.514184
-20.1568
-19.2893
-18.0875
-16.6529
-15.0804
-13.4479
-11.8127
-10.2125
-8.66888
-7.19106
-5.77918
-4.4272
-3.12499
-1.85981
-0.617379
-24.7407
-23.5429
-21.9212
-20.0303
-18.0046
-15.9458
-13.9222
-11.9742
-10.121
-8.36674
-6.70591
-5.12669
-3.61348
-2.14852
-0.712897
-29.8936
-28.2201
-26.0238
-23.5422
-20.9616
-18.4081
-15.9559
-13.6411
-11.4739
-9.44886
-7.55094
-5.76008
-4.05365
-2.40788
-0.798572
-35.8146
-33.4198
-30.4113
-27.1527
-23.8911
-20.7687
-17.852
-15.1599
-12.6846
-10.4037
-8.28877
-6.30894
-4.43309
-2.63073
-0.872075
-42.7788
-39.2327
-35.0487
-30.7658
-26.6812
-22.9233
-19.523
-16.4619
-13.7005
-11.1924
-8.89138
-6.7537
-4.73899
-2.80982
-0.93106
-51.1524
-45.6825
-39.7842
-34.18
-29.1441
-24.72
-20.8545
-17.464
-14.4628
-11.7739
-9.33049
-7.07539
-4.95926
-2.93847
-0.973385
-61.332
-52.5602
-44.2248
-37.0254
-30.9947
-25.9578
-21.7108
-18.0763
-14.9127
-12.1098
-9.5811
-7.25801
-5.08409
-3.01138
-0.997379
-73.327
-59.0005
-47.529
-38.7014
-31.851
-26.4051
-21.9542
-18.2174
-15.0018
-12.1711
-9.62599
-7.29134
-5.10762
-3.02553
-1.00211
-84.9486
-62.5847
-48.1885
-38.3996
-31.3023
-25.8571
-21.4829
-17.8372
-14.7057
-11.9465
-9.46028
-7.17361
-5.02943
-2.98095
-0.987641
-84.6957
-58.2002
-44.2398
-35.4054
-29.1011
-24.2377
-20.2829
-16.9424
-14.0371
-11.4488
-9.09485
-6.91327
-4.85547
-2.88117
-0.955123
-4.08301
-12.339
-20.8726
-29.8961
-39.6687
-50.5284
-62.9446
-77.6096
-95.6096
-118.775
-150.462
-197.487
-275.47
-425.103
-765.298
-4.01462
-12.1275
-20.4977
-29.3201
-38.8283
-49.3202
-61.1962
-75.0207
-91.6223
-112.259
-138.861
-174.217
-220.971
-272.663
-259.211
-3.88814
-11.7371
-19.8086
-28.2675
-37.3043
-47.1502
-58.0942
-70.5026
-84.832
-101.599
-121.179
-143.032
-163.041
-165.461
-103.793
-3.71117
-11.1919
-18.8505
-26.8132
-35.2181
-44.2173
-53.9746
-64.6499
-76.3485
-88.9826
-101.918
-113.126
-117.324
-102.761
-49.7048
-3.49358
-10.5233
-17.6808
-25.0516
-32.7189
-40.7575
-49.2169
-58.0859
-67.2147
-76.1566
-83.856
-88.0868
-84.6331
-66.7939
-27.8059
-3.24641
-9.76574
-16.363
-23.0838
-29.9616
-37.0049
-44.1744
-51.3409
-58.2101
-64.1929
-68.202
-68.3831
-61.9312
-45.5126
-17.4509
-2.98081
-8.95401
-14.9591
-21.0069
-27.0892
-33.1644
-39.1334
-44.8018
-49.8202
-53.5992
-55.2057
-53.2853
-46.1497
-32.3163
-11.8459
-2.70712
-8.12004
-13.5255
-18.9057
-24.2214
-29.3973
-34.3009
-38.7136
-42.2902
-44.5135
-44.6581
-41.8088
-35.0188
-23.7288
-8.47793
-2.43431
-7.29121
-12.1092
-16.8492
-21.4506
-25.8189
-29.8092
-33.2057
-35.6997
-36.8708
-36.1892
-33.0684
-27.0126
-17.8917
-6.29384
-2.16962
-6.48934
-10.7469
-14.8886
-18.8415
-22.5029
-25.7294
-28.3243
-30.0276
-30.5143
-29.4136
-26.3658
-21.1347
-13.7744
-4.79708
-1.91848
-5.73056
-9.46492
-13.0592
-16.4346
-19.4887
-22.0881
-24.0619
-25.2
-25.2598
-23.99
-21.1793
-16.735
-10.7801
-3.7286
-1.68458
-5.0257
-8.28013
-11.3815
-14.2506
-16.7902
-18.881
-20.3797
-21.121
-20.9285
-19.6361
-17.1269
-13.3843
-8.54714
-2.94184
-1.47014
-4.38099
-7.20155
-9.86507
-12.2952
-14.403
-16.0849
-17.2231
-17.6905
-17.3607
-16.1272
-13.931
-10.7935
-6.84754
-2.34836
-1.27613
-3.79893
-6.23193
-8.51057
-10.5636
-12.3116
-13.6661
-14.5323
-14.8133
-14.4202
-13.2867
-11.3884
-8.76421
-5.53204
-1.89203
-1.10255
-3.27919
-5.36945
-7.31262
-9.04377
-10.4931
-11.5864
-12.2478
-12.4042
-11.9938
-10.9771
-9.34997
-7.15696
-4.4997
-1.53571
-0.948738
-2.81941
-4.60906
-6.26184
-7.71955
-8.92169
-9.80654
-10.3137
-10.3885
-9.98843
-9.09131
-7.70435
-5.87205
-3.68033
-1.25399
-0.813528
-2.41585
-3.94367
-5.34645
-6.57272
-7.57055
-8.28884
-8.67977
-8.70247
-8.32807
-7.54558
-6.36792
-4.83667
-3.02383
-1.02895
-0.695485
-2.064
-3.36508
-4.55359
-5.58447
-6.41345
-6.99839
-7.30145
-7.29211
-6.95103
-6.2742
-5.27697
-3.9968
-2.49372
-0.847675
-0.593028
-1.75897
-2.86462
-3.87013
-4.73636
-5.42576
-5.90363
-6.13999
-6.11206
-5.80706
-5.22524
-4.38245
-3.31167
-2.06288
-0.700625
-0.504536
-1.49577
-2.43368
-3.28335
-4.01101
-4.58491
-4.9765
-5.162
-5.12434
-4.85527
-4.35747
-3.64621
-2.75013
-1.71081
-0.580646
-0.428423
-1.2696
-2.064
-2.78126
-3.39239
-3.87062
-4.19245
-4.33894
-4.29727
-4.06227
-3.63789
-3.03827
-2.28804
-1.42179
-0.482282
-0.363188
-1.07589
-1.74786
-2.35283
-2.86603
-3.26491
-3.5301
-3.6465
-3.6044
-3.40073
-3.03998
-2.53488
-1.90651
-1.18364
-0.401311
-0.30744
-0.910471
-1.47823
-1.98812
-2.41903
-2.752
-2.97105
-3.06408
-3.02371
-2.84825
-2.54227
-2.11707
-1.59058
-0.986759
-0.334431
-0.259918
-0.769535
-1.24876
-1.67824
-2.04002
-2.31817
-2.4995
-2.57425
-2.53681
-2.38636
-2.12732
-1.76958
-1.32833
-0.823558
-0.279031
-0.219491
-0.649696
-1.05383
-1.41536
-1.71905
-1.95155
-2.10193
-2.16231
-2.12837
-1.99987
-1.7809
-1.48006
-1.11018
-0.687955
-0.233025
-0.185155
-0.547957
-0.888471
-1.19262
-1.44751
-1.64194
-1.76684
-1.81583
-1.78558
-1.67617
-1.49133
-1.23845
-0.928388
-0.575054
-0.19474
-0.156031
-0.461691
-0.748358
-1.00408
-1.21795
-1.38058
-1.48446
-1.52437
-1.49773
-1.40483
-1.24899
-1.03654
-0.776631
-0.480883
-0.16282
-0.131351
-0.388609
-0.629729
-0.844579
-1.02397
-1.16001
-1.24648
-1.27911
-1.25588
-1.17719
-1.04596
-0.867574
-0.649755
-0.402203
-0.136159
-0.110449
-0.326731
-0.529336
-0.709698
-0.860075
-0.973861
-1.04588
-1.07264
-1.05254
-0.98603
-0.875651
-0.725987
-0.543521
-0.33636
-0.113855
-0.0927502
-0.274348
-0.444384
-0.595633
-0.721583
-0.816704
-0.876693
-0.898683
-0.881411
-0.825325
-0.732616
-0.607171
-0.454432
-0.281168
-0.0951625
-0.0777607
-0.229991
-0.372475
-0.49913
-0.604492
-0.683937
-0.733887
-0.751986
-0.737229
-0.690043
-0.612307
-0.507303
-0.379592
-0.234822
-0.0794693
-0.0650558
-0.192401
-0.311553
-0.41741
-0.505393
-0.571644
-0.613193
-0.628099
-0.615559
-0.575969
-0.510928
-0.423198
-0.316594
-0.195822
-0.0662659
-0.0542716
-0.160497
-0.259862
-0.348097
-0.421381
-0.4765
-0.510993
-0.523264
-0.512669
-0.479563
-0.4253
-0.352196
-0.263431
-0.162919
-0.0551284
-0.0450962
-0.133356
-0.215897
-0.289164
-0.349978
-0.395675
-0.42422
-0.434303
-0.425407
-0.397843
-0.352752
-0.292065
-0.218424
-0.135071
-0.0457027
-0.0372623
-0.110186
-0.178371
-0.238874
-0.28907
-0.326758
-0.350264
-0.358518
-0.351104
-0.328291
-0.291032
-0.240927
-0.180158
-0.111398
-0.0376913
-0.0305398
-0.0903042
-0.146177
-0.195741
-0.236844
-0.267685
-0.286897
-0.293609
-0.28749
-0.268768
-0.23823
-0.197191
-0.147439
-0.0911609
-0.0308429
-0.0247306
-0.0731246
-0.118361
-0.158482
-0.191742
-0.216685
-0.232207
-0.237608
-0.232625
-0.217448
-0.192719
-0.159503
-0.119251
-0.0737281
-0.0249441
-0.0196622
-0.0581367
-0.0940976
-0.125986
-0.152414
-0.172225
-0.184544
-0.188816
-0.184836
-0.17276
-0.153098
-0.126701
-0.0947205
-0.0585595
-0.0198117
-0.0151836
-0.044894
-0.072661
-0.0972801
-0.11768
-0.132966
-0.142466
-0.145752
-0.142668
-0.133336
-0.118153
-0.0977755
-0.0730924
-0.0451868
-0.0152872
-0.0111612
-0.0330002
-0.0534098
-0.0715038
-0.0864943
-0.0977252
-0.104701
-0.10711
-0.104838
-0.0979755
-0.0868146
-0.0718387
-0.0537014
-0.0331982
-0.0112312
-0.00747424
-0.0220989
-0.0357659
-0.0478819
-0.0579189
-0.0654379
-0.0701073
-0.0717184
-0.0701951
-0.0655984
-0.0581243
-0.0480966
-0.0359529
-0.0222258
-0.00751912
-0.00401206
-0.0118624
-0.0191989
-0.0257031
-0.0310917
-0.0351288
-0.0376364
-0.0385024
-0.0376856
-0.0352187
-0.0312067
-0.0258234
-0.0193037
-0.0119335
-0.0040372
-0.000670487
-0.0019827
-0.00320978
-0.00429884
-0.00520262
-0.0058815
-0.00630528
-0.00645456
-0.00632176
-0.00591161
-0.00524115
-0.00433913
-0.00324487
-0.00200651
-0.000678907
0.00265111
0.00783794
0.0126835
0.0169768
0.0205303
0.0231887
0.0248353
0.0253974
0.0248495
0.0232147
0.0205636
0.0170116
0.0127139
0.00785855
0.0026584
0.00605282
0.0178955
0.0289603
0.0387659
0.0468845
0.0529612
0.0567287
0.0580199
0.0567754
0.0530465
0.0469937
0.0388801
0.0290597
0.0179629
0.00607669
0.00963709
0.0284929
0.0461113
0.061726
0.0746563
0.0843366
0.090341
0.0924026
0.0904258
0.0844915
0.0748545
0.0619332
0.0462917
0.0286154
0.00968042
0.0135118
0.0399493
0.0646531
0.0865496
0.104684
0.118264
0.12669
0.129589
0.126823
0.118507
0.104995
0.0868747
0.0649363
0.0401415
0.0135798
0.0177935
0.0526092
0.0851439
0.113984
0.137874
0.155768
0.166878
0.170706
0.167075
0.156128
0.138335
0.114467
0.0855637
0.0528941
0.0178942
0.0226104
0.0668525
0.108199
0.144856
0.175227
0.197982
0.212119
0.217003
0.212404
0.198503
0.175893
0.145553
0.108806
0.0672643
0.0227561
0.0281069
0.0831057
0.13451
0.180091
0.217866
0.24618
0.263783
0.269884
0.26419
0.246924
0.218818
0.181087
0.135377
0.083694
0.028315
0.0344469
0.101854
0.164863
0.220746
0.267072
0.301813
0.323431
0.330952
0.324009
0.302869
0.268424
0.222159
0.166094
0.102689
0.0347424
0.0418189
0.123656
0.200164
0.268035
0.324321
0.366555
0.392866
0.402061
0.393685
0.36805
0.326234
0.270036
0.201906
0.124838
0.0422372
0.0504411
0.149156
0.24146
0.323367
0.391324
0.442352
0.474184
0.485368
0.47534
0.444465
0.394029
0.326196
0.243923
0.150828
0.0510325
0.0605675
0.179108
0.289972
0.388384
0.470078
0.531474
0.569835
0.583399
0.571469
0.534459
0.4739
0.39238
0.293452
0.18147
0.0614029
0.0724946
0.21439
0.347128
0.465007
0.562924
0.636586
0.682699
0.699129
0.685007
0.640802
0.56832
0.47065
0.352042
0.217726
0.0736744
0.0865692
0.256029
0.414598
0.555487
0.672608
0.760822
0.816171
0.836066
0.819429
0.766775
0.680227
0.563455
0.421537
0.260739
0.0882351
0.103197
0.305229
0.494341
0.662468
0.802358
0.907872
0.974255
0.998365
0.978855
0.916277
0.813115
0.673717
0.504137
0.311879
0.105549
0.122853
0.363399
0.588651
0.78905
0.955972
1.08209
1.16168
1.19094
1.16818
1.09395
0.971158
0.804931
0.602482
0.372786
0.126174
0.146092
0.432184
0.700216
0.938871
1.13791
1.2886
1.38405
1.41964
1.39322
1.30535
1.15935
0.961291
0.719741
0.445437
0.15078
0.173561
0.513507
0.832172
1.11619
1.35342
1.53344
1.64799
1.69139
1.66093
1.55709
1.38369
1.14784
0.859737
0.532217
0.180179
0.206011
0.609602
0.988181
1.32599
1.60865
1.82374
1.9613
2.01441
1.97957
1.85712
1.65137
1.37067
1.0271
0.636018
0.215355
0.244312
0.723061
1.17249
1.57407
1.91079
2.16785
2.33325
2.39848
2.35904
2.21497
1.9711
1.63715
1.22743
0.760358
0.257506
0.289467
0.856874
1.39002
1.86716
2.26824
2.57559
2.77475
2.8552
2.81114
2.64209
2.35337
1.95621
1.46759
0.909534
0.308097
0.342625
1.01447
1.64643
2.21307
2.69074
3.05843
3.29865
3.39836
3.35
3.15229
2.81091
2.33878
1.75595
1.08883
0.368932
0.405091
1.19975
1.94818
2.62072
3.1896
3.62978
3.92008
4.04432
3.99255
3.76224
3.35921
2.7982
2.10282
1.30475
0.442243
0.478334
1.41712
2.3026
3.10035
3.77778
4.30516
4.65678
4.81245
4.75904
4.49209
4.01719
3.35091
2.52096
1.56543
0.53081
0.563987
1.6715
2.71792
3.66349
4.47014
5.10255
5.52952
5.72573
5.67377
5.3663
4.80802
4.01723
3.0263
1.88099
0.638125
0.663842
1.96829
3.20324
4.32305
5.28345
6.04255
6.56244
6.81128
6.76588
6.41461
5.76028
4.82248
3.63882
2.26429
0.768613
0.779822
2.31333
3.76848
5.09328
6.23649
7.14859
7.78352
8.1011
8.07034
7.67331
6.90931
5.79843
4.38385
2.7317
0.927945
0.913944
2.71276
4.4242
5.98957
7.34995
8.44704
9.2249
9.63273
9.62904
9.18678
8.29916
6.98522
5.29379
3.30435
1.12347
1.06824
3.17284
5.18131
7.02813
8.64616
9.9671
10.9231
11.45
11.4922
11.0094
9.98498
8.43408
6.41064
4.00992
1.36486
1.24467
3.69964
6.05062
8.2255
10.1486
11.7405
12.9192
13.6038
13.7198
13.2081
12.0363
10.211
7.78942
4.88511
1.66504
1.44496
4.29862
7.04216
9.59763
11.8809
13.8006
15.2584
16.1523
16.3831
15.8651
14.5412
12.4019
9.50335
5.97954
2.0416
1.67039
4.97403
8.16423
11.1587
13.8656
16.1813
17.9889
19.1612
19.5664
19.0815
17.6122
15.12
11.6514
7.36151
2.519
1.9216
5.72818
9.42213
12.9193
16.1219
18.9146
21.1606
22.7025
23.3675
22.9812
21.3935
18.516
14.3696
9.12718
3.13216
2.19822
6.56047
10.8166
14.8842
18.6628
22.0272
24.8209
26.8526
27.8984
27.7152
26.0702
22.793
17.8487
11.4154
3.93229
2.49857
7.46636
12.342
17.0496
21.4912
25.536
29.0102
31.687
33.2825
33.4639
31.88
28.2276
22.3617
14.4326
4.99727
2.81925
8.43621
13.9838
19.3995
24.5948
29.4409
33.753
37.2719
39.6484
40.4384
39.1258
35.1992
28.3072
18.4957
6.45051
3.15487
9.45414
15.7171
21.9024
27.9405
33.7162
39.0462
43.6498
47.1156
48.8724
48.1867
44.2298
36.2798
24.1099
8.49799
3.49774
10.4972
17.5041
24.5074
31.4682
38.3008
44.8435
50.8175
55.7693
59.0022
59.5186
56.0329
47.1825
32.114
11.5066
3.8378
11.535
19.2934
27.1415
35.0847
43.0863
51.0353
58.6945
65.6159
71.018
73.6293
71.5609
62.4027
43.9642
16.1857
4.16286
12.5301
21.0203
29.7094
38.6604
47.9077
57.428
67.0833
76.5171
84.9712
90.9889
92.0115
84.067
62.3001
24.054
4.45906
13.4396
22.6087
32.0952
42.0299
52.5392
63.7263
75.6252
88.0978
100.615
111.816
118.688
115.329
92.0793
38.7704
4.71183
14.2181
23.9766
34.1694
44.9999
56.6995
69.5299
83.7679
99.6462
117.173
135.649
152.468
160.403
142.732
70.3142
4.90718
14.8214
25.0426
35.8005
47.3659
60.0741
74.3552
90.7708
110.049
133.07
160.632
192.415
223.258
231.401
149.226
5.03311
15.2114
25.7356
36.8704
48.9378
62.356
77.6974
95.7848
117.851
145.811
182.681
233.014
301.872
382.791
378.328
5.08116
15.361
26.0044
37.2922
49.5714
63.3017
79.1319
98.0344
121.56
152.364
195.378
260.747
372.109
593.468
1129.78
5.04753
15.258
25.8255
37.0253
49.1967
62.7885
78.4322
97.0722
120.214
150.435
192.548
256.536
365.956
585.419
1123.19
4.93366
14.907
25.2073
36.0832
47.8353
60.8499
75.6508
92.9827
113.949
140.247
174.527
220.773
283.381
356.315
350.407
4.74611
14.3289
24.1891
34.5324
45.5966
57.6701
71.1111
86.368
103.982
124.514
148.194
173.646
193.631
181.96
60.1948
-53.712
-43.7391
-36.2741
-30.5014
-25.8521
-21.9777
-18.6593
-15.7519
-13.1545
-10.7937
-8.61354
-6.5696
-4.62521
-2.74877
-0.911922
-20.142
-27.8966
-27.5357
-25.117
-22.2779
-19.4844
-16.8615
-14.4279
-12.1684
-10.0581
-8.07052
-6.18019
-4.36336
-2.59783
-0.862605
-9.16156
-17.6896
-20.2259
-20.0242
-18.6719
-16.8724
-14.932
-12.9828
-11.0785
-9.23716
-7.45986
-5.73967
-4.06583
-2.42582
-0.80632
-4.98315
-11.6433
-14.8174
-15.7301
-15.3762
-14.358
-13.0086
-11.5063
-9.94478
-8.37163
-6.80945
-5.26688
-3.74476
-2.23954
-0.745259
-3.1006
-8.01782
-10.979
-12.3154
-12.5417
-12.0734
-11.1912
-10.0709
-8.819
-7.4984
-6.14535
-4.77984
-3.41192
-2.04565
-0.681574
-2.10967
-5.75063
-8.26872
-9.67157
-10.1893
-10.0762
-9.53895
-8.72676
-7.74081
-6.6476
-5.48984
-4.29442
-3.07789
-1.85019
-0.61724
-1.52037
-4.26313
-6.33286
-7.64229
-8.27495
-8.37327
-8.07758
-7.50319
-6.73703
-5.84156
-4.86042
-3.82361
-2.75158
-1.65838
-0.553958
-1.13798
-3.24297
-4.9249
-6.0829
-6.73155
-6.94392
-6.80964
-6.41271
-5.82297
-5.09494
-4.26961
-3.37721
-2.43994
-1.47432
-0.493099
-0.874314
-2.51656
-3.88072
-4.87715
-5.49105
-5.75523
-5.72404
-5.45603
-5.00489
-4.41584
-3.72532
-2.96192
-2.14797
-1.30109
-0.435687
-0.684509
-1.98325
-3.09188
-3.93699
-4.49336
-4.77158
-4.80281
-4.62649
-4.28251
-3.80716
-3.23159
-2.58171
-1.87884
-1.1407
-0.382417
-0.543502
-1.58193
-2.48599
-3.19731
-3.68878
-3.9594
-4.02566
-3.91331
-3.6513
-3.26803
-2.78943
-2.23826
-1.63419
-0.994294
-0.333688
-0.436223
-1.2739
-2.01392
-2.61026
-3.03751
-3.2891
-3.37251
-3.30402
-3.10426
-2.79507
-2.39763
-1.93151
-1.4144
-0.862255
-0.289658
-0.353086
-1.03367
-1.64161
-2.1406
-2.5082
-2.73554
-2.8248
-2.78586
-2.63318
-2.38337
-2.0535
-1.66015
-1.21893
-0.744407
-0.250291
-0.28771
-0.843883
-1.34495
-1.76215
-2.07625
-2.27785
-2.3661
-2.34665
-2.22951
-2.02723
-1.75344
-1.42202
-1.04656
-0.640157
-0.21541
-0.235699
-0.692349
-1.10652
-1.45529
-1.72241
-1.89885
-1.98215
-1.97524
-1.88496
-1.72072
-1.49337
-1.21446
-0.895678
-0.548636
-0.184744
-0.193925
-0.570306
-0.913491
-1.2051
-1.43153
-1.58449
-1.66082
-1.6617
-1.59175
-1.45801
-1.26909
-1.03456
-0.764409
-0.468811
-0.157963
-0.160113
-0.47131
-0.756267
-1.00016
-1.19165
-1.32335
-1.39186
-1.39734
-1.34282
-1.23359
-1.07648
-0.879389
-0.650802
-0.39957
-0.134707
-0.132571
-0.390529
-0.627549
-0.831611
-0.993261
-1.10606
-1.16667
-1.17462
-1.13187
-1.0424
-0.911636
-0.746074
-0.552913
-0.339791
-0.114608
-0.110017
-0.324285
-0.521711
-0.692501
-0.828788
-0.925012
-0.978045
-0.987076
-0.953361
-0.879872
-0.770941
-0.631918
-0.468878
-0.288385
-0.0973099
-0.0914637
-0.269733
-0.434364
-0.577344
-0.692125
-0.773944
-0.81996
-0.829211
-0.802459
-0.741946
-0.651135
-0.534434
-0.396958
-0.244323
-0.0824717
-0.0761449
-0.224648
-0.362047
-0.481763
-0.578343
-0.647731
-0.687397
-0.696339
-0.674991
-0.625053
-0.5493
-0.451369
-0.33556
-0.206659
-0.0697798
-0.0634546
-0.187271
-0.302007
-0.402243
-0.483437
-0.54215
-0.576161
-0.584494
-0.567369
-0.52608
-0.462861
-0.380714
-0.283249
-0.174534
-0.0589482
-0.0529113
-0.156199
-0.252033
-0.33594
-0.404138
-0.453717
-0.482749
-0.490323
-0.476519
-0.442331
-0.389561
-0.32069
-0.238748
-0.147179
-0.0497204
-0.0441281
-0.1303
-0.210338
-0.280543
-0.337765
-0.379548
-0.404233
-0.410991
-0.399818
-0.371481
-0.327438
-0.269741
-0.200929
-0.123912
-0.0418683
-0.036792
-0.108659
-0.175468
-0.23416
-0.282108
-0.317249
-0.338161
-0.344107
-0.335033
-0.311533
-0.274792
-0.226508
-0.168804
-0.104135
-0.0351916
-0.0306481
-0.0905279
-0.146235
-0.195234
-0.235342
-0.264826
-0.282478
-0.28765
-0.280262
-0.260777
-0.23016
-0.189814
-0.141514
-0.0873236
-0.0295146
-0.0254873
-0.0752939
-0.121658
-0.162481
-0.195951
-0.220617
-0.235457
-0.239912
-0.233888
-0.217748
-0.19228
-0.158642
-0.118314
-0.0730243
-0.0246844
-0.0211372
-0.0624498
-0.100926
-0.134834
-0.16267
-0.183228
-0.195647
-0.199448
-0.194535
-0.181196
-0.16007
-0.132115
-0.0985577
-0.0608424
-0.0205686
-0.0174549
-0.0515749
-0.0833653
-0.111401
-0.134442
-0.151488
-0.16182
-0.165032
-0.161033
-0.150049
-0.132601
-0.109475
-0.081688
-0.0504364
-0.0170521
-0.0143206
-0.0423171
-0.0684109
-0.0914366
-0.110377
-0.124408
-0.132937
-0.135621
-0.132379
-0.123389
-0.109072
-0.0900725
-0.067223
-0.0415109
-0.0140354
-0.011634
-0.0343802
-0.0555863
-0.0743077
-0.0897185
-0.101148
-0.108111
-0.110324
-0.107716
-0.100427
-0.0887949
-0.073342
-0.0547453
-0.0338094
-0.0114321
-0.00930958
-0.0275125
-0.0444864
-0.0594771
-0.0718237
-0.080989
-0.0865818
-0.088373
-0.0863023
-0.0804783
-0.0711702
-0.0587937
-0.0438913
-0.0271085
-0.00916669
-0.00727411
-0.0214978
-0.0347632
-0.0464818
-0.0561375
-0.0633097
-0.0676918
-0.0691029
-0.0674942
-0.0629487
-0.0556755
-0.0459987
-0.0343425
-0.0212122
-0.00717311
-0.00546393
-0.0161483
-0.0261138
-0.0349186
-0.0421751
-0.0475673
-0.0508641
-0.0519291
-0.0507247
-0.0473126
-0.0418492
-0.0345778
-0.025817
-0.0159469
-0.00539267
-0.00382276
-0.0112979
-0.0182701
-0.0244302
-0.029507
-0.0332794
-0.0355857
-0.0363306
-0.0354878
-0.0331004
-0.029278
-0.0241907
-0.0180615
-0.0111564
-0.00377269
-0.00229983
-0.0067967
-0.0109901
-0.0146937
-0.0177443
-0.0200091
-0.0213913
-0.0218343
-0.021323
-0.0198844
-0.0175847
-0.0145268
-0.0108448
-0.00669807
-0.00226494
-0.00084825
-0.00250612
-0.00405006
-0.00541053
-0.00652711
-0.00735135
-0.0078488
-0.00800023
-0.00780205
-0.00726594
-0.00641781
-0.00529623
-0.00395053
-0.00243856
-0.000824354
0.000576518
0.00170538
0.00276262
0.00370338
0.00448718
0.00507954
0.00545353
0.00559115
0.00548438
0.00513591
0.00455932
0.00377882
0.00282831
0.00174997
0.000592291
0.00201807
0.00596663
0.00965617
0.0129263
0.0156344
0.017662
0.01892
0.0193522
0.0189386
0.0176961
0.015678
0.0129719
0.00969591
0.0059936
0.00202761
0.00352042
0.0104077
0.0168409
0.0225393
0.027254
0.0307789
0.0329597
0.0337005
0.0329684
0.0307948
0.0272744
0.0225606
0.0168595
0.0104203
0.00352488
0.00512938
0.015164
0.0245358
0.0328353
0.0396996
0.0448289
0.047999
0.0490712
0.0479988
0.0448286
0.0396992
0.0328348
0.0245354
0.0151637
0.00512929
0.00689397
0.0203803
0.0329751
0.0441274
0.0533498
0.0602391
0.0644946
0.0659308
0.0644855
0.0602224
0.0533285
0.0441052
0.0329557
0.0203671
0.00688932
0.00886794
0.0262156
0.0424157
0.0567595
0.0686195
0.0774776
0.0829474
0.0847907
0.0829283
0.0774427
0.0685748
0.0567127
0.042375
0.026188
0.00885816
0.0111114
0.0328475
0.0531451
0.0711157
0.0859732
0.0970684
0.103918
0.106223
0.103886
0.097011
0.0858996
0.0710387
0.0530781
0.0328021
0.0110953
0.0136927
0.0404781
0.0654899
0.087633
0.105939
0.119607
0.128042
0.130878
0.127995
0.11952
0.105827
0.0875167
0.0653886
0.0404093
0.0136684
0.0166905
0.0493398
0.0798262
0.106814
0.129123
0.145778
0.156054
0.159505
0.155984
0.145651
0.128961
0.106645
0.0796785
0.0492395
0.0166551
0.0201963
0.059703
0.0965911
0.129244
0.156232
0.176378
0.188803
0.19297
0.188703
0.176196
0.156
0.129001
0.0963792
0.0595592
0.0201455
0.0243172
0.0718841
0.116296
0.155606
0.188092
0.212337
0.227285
0.23229
0.227143
0.212078
0.187761
0.155259
0.115994
0.0716794
0.0242448
0.0291791
0.0862553
0.139543
0.186704
0.225674
0.25475
0.272669
0.278658
0.272468
0.254383
0.225204
0.186213
0.139116
0.0859652
0.0290765
0.0349309
0.103257
0.167043
0.223489
0.270123
0.304908
0.326334
0.33348
0.32605
0.30439
0.269459
0.222795
0.166438
0.102846
0.0347857
0.041749
0.123409
0.199638
0.267086
0.322798
0.364341
0.389914
0.398419
0.389512
0.363608
0.32186
0.266105
0.198784
0.122829
0.0415439
0.0498431
0.147332
0.238328
0.318831
0.385308
0.434861
0.46534
0.475447
0.464774
0.433825
0.383983
0.317445
0.237122
0.146513
0.0495534
0.0594624
0.175762
0.284304
0.380311
0.459568
0.51862
0.554911
0.566899
0.554111
0.517158
0.457697
0.378354
0.2826
0.174605
0.0590534
0.0709044
0.209577
0.338983
0.453417
0.547856
0.61818
0.661353
0.67555
0.660223
0.616115
0.545214
0.450655
0.336577
0.207944
0.0703268
0.0845237
0.249824
0.404055
0.540405
0.652884
0.736587
0.78791
0.804696
0.786315
0.733672
0.649154
0.536505
0.400658
0.247518
0.0837083
0.100745
0.297755
0.48154
0.643965
0.777888
0.877473
0.938442
0.958255
0.93619
0.873358
0.772622
0.638459
0.476744
0.294501
0.0995933
0.120074
0.354868
0.573851
0.767312
0.92673
1.04516
1.11755
1.14089
1.11437
1.03936
0.919296
0.759538
0.567082
0.350273
0.118449
0.143121
0.422957
0.683881
0.91429
1.10402
1.24483
1.3307
1.35813
1.32621
1.23663
1.09353
0.903315
0.674324
0.41647
0.140827
0.170615
0.504174
0.815095
1.08951
1.31529
1.48262
1.58441
1.61657
1.57808
1.47104
1.30047
1.07401
0.801603
0.495017
0.167376
0.203434
0.601108
0.971654
1.29848
1.56712
1.76591
1.88648
1.92404
1.87754
1.74957
1.54621
1.27661
0.952607
0.58818
0.198861
0.242636
0.716873
1.15857
1.54784
1.86745
2.10351
2.24617
2.28987
2.23354
2.08044
1.83792
1.51697
1.13168
0.698621
0.23618
0.289498
0.85523
1.38186
1.84558
2.22576
2.50596
2.67455
2.72515
2.65672
2.47339
2.18408
1.80199
1.3439
0.829463
0.280383
0.345567
1.02073
1.64884
2.2013
2.65349
2.98588
3.18483
3.24306
3.15967
2.93991
2.59465
2.13977
1.59525
0.984353
0.332699
0.412723
1.2189
1.96832
2.62664
3.16439
3.55842
3.79281
3.85929
3.75729
3.49353
3.08133
2.53977
1.89266
1.16754
0.394556
0.493259
1.45646
2.35106
3.13567
3.77506
4.2418
4.51734
4.59247
4.46721
4.1502
3.65781
3.01304
2.24424
1.38395
0.467608
0.589982
1.74165
2.81014
3.74552
4.5056
5.05791
5.38099
5.46477
5.31024
4.92861
4.34008
3.57239
2.65933
1.63927
0.553763
0.706349
2.08458
3.36163
4.47708
5.38036
6.03314
6.41077
6.5025
6.31092
5.85066
5.14673
4.23266
3.1487
1.94002
0.655203
0.84664
2.49777
4.02529
5.35594
6.42901
7.1994
7.63901
7.7369
7.49811
6.94185
6.09924
5.01088
3.72463
2.29361
0.774408
1.01619
2.99676
4.82563
6.4136
7.6878
8.59527
9.10449
9.20502
8.90568
8.23184
7.22235
5.92645
4.40107
2.70843
0.914166
1.22172
3.60108
5.79319
7.6891
9.20119
10.2676
10.8537
10.9507
10.5732
9.75483
8.54426
7.00134
5.19362
3.19377
1.07758
1.47173
4.33539
6.9664
9.23104
11.024
12.2734
12.9423
13.0259
12.5468
11.5501
10.0969
8.26002
6.11952
3.75989
1.26802
1.77713
5.2312
8.39397
11.1005
13.224
14.6823
15.4374
15.4915
14.8798
13.6621
11.9159
9.72947
7.19754
4.41779
1.48914
2.15211
6.32926
10.1383
13.3746
15.8859
17.5792
18.4191
18.4195
17.6333
16.141
14.0404
11.4388
8.44757
5.17903
1.74472
2.61529
7.68288
12.2803
16.152
19.1157
21.0688
21.9835
21.8934
20.8771
19.0423
16.5127
13.4185
9.89009
6.05534
2.03856
3.19164
9.36294
14.926
19.5599
23.047
25.2791
26.2454
26.0103
24.689
22.4258
19.3769
15.6995
11.5453
7.05798
2.37429
3.91515
11.4653
18.2169
23.7639
27.8496
30.3683
31.3414
30.8811
29.1547
26.3546
22.6774
18.3116
13.4315
8.19694
2.75504
4.83318
14.122
22.3442
28.9825
33.74
36.5306
37.4324
36.6309
34.3658
30.8922
26.4559
21.2805
15.5639
9.47978
3.1831
6.01334
17.5194
27.5711
35.5068
40.9962
44.004
44.7059
43.3966
40.4157
36.098
30.7473
24.6251
17.9513
10.9101
3.65939
7.55497
21.9266
34.2671
43.7297
49.9751
53.0784
53.3757
51.3228
47.3933
42.0209
35.5741
28.3524
20.5935
12.4859
4.1829
9.60925
27.7441
42.9612
54.1863
61.1357
64.1007
63.6771
60.5517
55.3726
48.6895
40.9387
32.4525
23.4777
14.1972
4.74999
12.416
35.5876
54.4272
67.6115
75.0627
77.4757
75.8542
71.2062
64.3958
56.0989
46.8135
36.8915
26.5739
16.024
5.35369
16.3755
46.4389
69.8201
85.0173
92.4877
93.6516
90.1322
83.3618
74.4508
64.1943
53.1301
41.6047
29.8313
17.9343
5.98308
22.2014
61.9304
90.8954
107.788
114.291
113.079
106.667
97.0031
85.4394
72.8501
59.7664
46.4897
33.1741
19.8821
6.62276
31.2726
84.8961
120.353
137.773
141.452
136.115
125.459
111.963
97.1396
81.8486
66.5362
51.4014
36.5001
21.8069
7.25281
46.539
120.476
162.336
177.298
174.872
162.845
146.223
127.842
109.164
90.8614
73.1819
56.1505
39.6811
23.635
7.84913
75.0969
178.331
222.998
228.895
214.957
192.763
168.206
143.926
120.925
99.4406
79.377
60.5086
42.5679
25.2821
8.38452
136.265
276.857
310.58
294.264
260.774
224.32
189.995
159.121
131.633
107.032
84.7413
64.222
44.9996
26.6593
8.83057
289.054
449.594
432.909
371.556
308.645
254.398
209.386
171.964
140.334
113.018
88.8747
67.034
46.8182
27.681
9.16016
731.819
745.399
586.253
449.927
350.496
278.058
223.505
180.781
146.039
116.799
91.4083
68.717
47.8872
28.2744
9.35042
2181.56
1161.14
723.743
502.672
373.598
289.295
229.408
184.053
147.92
117.906
92.0664
69.1067
48.1107
28.3891
9.38565
4.46436
13.4617
22.6672
32.2269
42.2967
53.0406
64.6209
77.1626
90.6594
104.736
118.065
126.976
122.316
83.1639
-32.3231
4.09512
12.3281
20.688
29.2542
38.094
47.2475
56.6968
66.3032
75.6846
83.9778
89.4033
88.5462
75.484
42.0155
-15.5923
3.6831
11.0674
18.5023
26.0075
33.577
41.158
48.6146
55.668
61.797
66.0863
67.0233
62.3193
49.0587
25.0057
-7.45484
3.25289
9.756
16.246
22.6961
29.0482
35.1923
40.9351
45.9563
49.748
51.5464
50.2838
44.6473
33.4245
16.4029
-4.13388
2.82528
8.45752
14.0294
19.4823
24.7272
29.6274
33.9768
37.4734
39.6916
40.0668
37.9182
32.5626
23.5887
11.3165
-2.73104
2.41597
7.21923
11.9317
16.4763
20.7505
24.613
27.8712
30.2685
31.4775
31.1098
28.7584
24.0972
17.0514
8.00604
-2.0729
2.03527
6.07161
10.0014
13.7406
17.185
20.2026
22.6266
24.2522
24.8403
24.1355
21.9065
18.0151
12.5125
5.72728
-1.71763
1.68874
5.0304
8.26169
11.2993
14.0459
16.3853
18.1802
19.2736
19.4965
18.6862
16.7169
13.5443
9.25636
4.10848
-1.48591
1.37799
4.09948
6.71545
9.14891
11.3137
13.112
14.435
15.1654
15.1864
14.3966
12.7313
10.1898
6.86127
2.93763
-1.29974
1.10173
3.27405
5.3516
7.26704
8.94746
10.3138
11.2817
11.7659
11.6869
10.9825
9.62207
7.62269
5.06185
2.08129
-1.12436
0.856617
2.54336
4.14982
5.62008
6.89522
7.91348
8.61178
8.92914
8.81237
8.22399
7.15157
5.61683
3.68201
1.44998
-0.944199
0.637999
1.89293
3.08421
4.16818
5.09978
5.83303
6.3225
6.52606
6.40894
5.94907
5.14291
4.01059
2.5989
0.980318
-0.75291
0.440456
1.30614
2.12592
2.86864
3.50265
3.99627
4.31901
4.44344
4.34795
4.02011
3.46004
2.68331
1.72225
0.624835
-0.5491
0.258145
0.765242
1.24468
1.67782
2.0459
2.3304
2.51379
2.58064
2.5192
2.32319
1.99362
1.54016
0.981707
0.345603
-0.33447
-1057.82
-1173.64
-1289.97
-1407.13
-1525.4
-1645.04
-1766.23
-1889.08
-2013.65
-2139.9
-2267.68
-2396.77
-2526.88
-2657.61
-2788.54
-158.402
3.05387
-186.61
-54.3238
-165.989
-66.3891
-142.124
-72.6766
-8.94869
-74.3494
-4.70471
-68.9647
1.8806
-66.6979
6.61422
-89.4392
-20.4393
-79.6834
-21.643
-67.6126
-18.7212
-56.085
-17.8339
19.6218
-15.9611
29.0679
-11.0446
40.0078
-10.1508
49.1313
-34.7889
27.205
-35.0066
22.5255
-31.3041
21.2344
-26.6226
17.2568
62.2549
13.8309
72.6221
12.2678
83.9436
1.7637
89.5263
-50.1524
43.6569
-61.8381
25.5348
-67.7131
11.6655
-73.0338
-8.56012
56.7989
-29.7491
54.5489
-49.2377
48.6257
-78.6961
32.4055
-152.21
-43.6456
-167.123
-76.4694
-174.981
-101.773
-182.698
-130.966
-82.665
-161.05
-105.486
-188.51
-132.639
-222.065
-167.877
-278.265
-233.82
-311.769
-283.117
-358.537
-343.713
-445.024
-451.763
-464.853
-731.306
-806.681
-959.348
-1226.6
-1716.53
-2713.22
-60.5211
-52.6449
-89.0111
-78.4569
-94.9019
-80.2723
-84.9438
-64.5047
-44.5097
-47.4394
-34.7922
-40.7423
-29.946
-38.5647
-30.5516
-46.2105
-38.6527
-45.8403
-36.4642
-39.7735
-29.8126
-29.8321
-16.7698
-3.79146
-3.61875
5.83384
3.34681
11.8795
5.95344
12.247
-1.98775
3.78739
-5.34708
2.19558
-3.97168
4.79937
2.08905
15.5484
29.243
26.7827
36.604
29.5295
38.0657
24.2685
29.1686
1.28309
5.37866
-14.5133
-7.66238
-23.2326
-14.7735
-25.3658
-9.95376
5.40582
-5.86878
2.16471
-16.634
-11.2719
-38.1141
-37.5867
-78.8248
-79.0322
-106.209
-103.21
-123.39
-119.689
-134.132
-126.165
-119.201
-135.25
-136.612
-158.109
-163.204
-189.359
-199.281
-233.118
-246.702
-276.43
-293.965
-328.065
-355.112
-402.86
-442.759
-498.896
-607.858
-695.52
-794.485
-906.079
-986.917
-841.146
-32.7959
-44.6333
-58.9756
-63.7092
-68.5604
-66.3601
-63.9211
-55.6917
-47.0581
-42.9589
-38.0987
-36.6337
-33.8143
-34.3804
-33.629
-36.4129
-35.6321
-35.8482
-33.0176
-31.0426
-26.5319
-22.4162
-15.5843
-8.76446
-4.63928
-0.207162
1.86989
4.57185
4.46138
4.92367
1.99924
1.83972
0.297569
1.60813
1.84987
4.89764
7.51665
13.5012
19.4938
22.0489
24.9156
24.3116
24.3476
19.8491
16.022
6.66619
1.64273
-5.69757
-8.57265
-13.3533
-13.7782
-15.143
-11.2713
-7.63369
-9.7916
-11.5806
-18.8212
-24.7946
-36.9431
-47.4356
-64.5219
-75.5811
-88.7462
-96.573
-106.184
-111.474
-117.837
-119.915
-122.599
-130.596
-138.742
-151.324
-163.44
-180.026
-196.245
-217.131
-236.332
-258.645
-280.957
-307.742
-336.698
-371.994
-410.368
-456.862
-515.074
-568.074
-611.425
-629.837
-583.605
-396.551
-21.1989
-33.0146
-42.7758
-48.7915
-52.3724
-52.7913
-51.2359
-47.4605
-43.0768
-39.5742
-36.5166
-34.4756
-32.8078
-32.0938
-31.6161
-31.749
-31.1764
-30.2438
-28.3396
-25.9638
-22.6829
-18.9126
-14.3823
-9.85829
-6.10298
-2.85815
-0.508213
1.31268
2.14315
2.47571
2.00343
1.88164
1.833
2.55839
3.62941
5.61191
8.09642
11.4408
14.6932
16.8643
18.2234
18.1702
17.1571
14.461
10.8351
5.8091
1.2415
-3.31316
-6.74021
-9.74783
-11.4304
-12.4622
-12.2531
-12.3291
-14.2471
-17.4772
-22.8345
-29.4266
-38.158
-47.7903
-58.8986
-69.0986
-78.9708
-87.3673
-95.2001
-101.713
-107.713
-112.792
-118.345
-125.727
-134.485
-145.207
-157.24
-171.222
-186.485
-203.57
-221.481
-240.858
-261.507
-284.291
-309.151
-336.691
-366.28
-397.95
-429.787
-454.516
-464.268
-446.669
-383.069
-254.987
-14.9245
-24.3517
-31.9669
-37.377
-40.735
-42.0625
-41.7448
-40.1027
-37.824
-35.5462
-33.4679
-31.7779
-30.4253
-29.4644
-28.7218
-28.0984
-27.2368
-26.036
-24.3386
-22.1859
-19.5363
-16.5015
-13.1688
-9.84317
-6.82951
-4.21846
-2.12247
-0.518254
0.543954
1.18878
1.50504
1.82034
2.25603
3.01315
4.09861
5.60551
7.44019
9.51493
11.4517
12.8512
13.5672
13.4132
12.3927
10.4143
7.66687
4.29456
0.824376
-2.54966
-5.50879
-8.04734
-10.0167
-11.5653
-12.8209
-14.3691
-16.8097
-20.3074
-25.0662
-30.9742
-38.0718
-46.0157
-54.5791
-63.0836
-71.3161
-78.9687
-86.1127
-92.6848
-98.912
-104.981
-111.452
-118.871
-127.395
-137.198
-148.228
-160.568
-174.096
-188.814
-204.51
-221.234
-238.974
-257.843
-277.737
-298.429
-319.188
-338.788
-354.728
-362.517
-356.489
-329.737
-275.38
-191.367
-11.0362
-18.2967
-24.3318
-28.9164
-32.0199
-33.7016
-34.1594
-33.6602
-32.5688
-31.2297
-29.8587
-28.5933
-27.4776
-26.5198
-25.6545
-24.7901
-23.7845
-22.5424
-20.9923
-19.1227
-16.9435
-14.5184
-11.9446
-9.37807
-6.97559
-4.83643
-3.02792
-1.56808
-0.453587
0.3756
1.00867
1.58628
2.21682
2.9957
3.96153
5.12767
6.43886
7.78834
8.98434
9.82309
10.1644
9.90453
9.00821
7.4756
5.39923
2.92181
0.269687
-2.38269
-4.88203
-7.16548
-9.20772
-11.0893
-12.9664
-15.1226
-17.8489
-21.3201
-25.6415
-30.8073
-36.7654
-43.3473
-50.3425
-57.4585
-64.4943
-71.3004
-77.8465
-84.151
-90.3367
-96.5878
-103.19
-110.423
-118.461
-127.418
-137.326
-148.199
-159.991
-172.644
-186.054
-200.144
-214.812
-229.915
-245.167
-260.068
-273.758
-284.891
-291.402
-290.407
-278.552
-252.552
-210.394
-153.511
-8.42857
-14.0083
-18.7874
-22.5905
-25.3542
-27.1051
-27.9541
-28.0724
-27.6725
-26.9615
-26.0996
-25.1954
-24.3052
-23.4444
-22.5886
-21.6879
-20.6754
-19.4951
-18.1091
-16.5082
-14.7078
-12.7527
-10.713
-8.68004
-6.74587
-4.98173
-3.43484
-2.12424
-1.04398
-0.15893
0.588372
1.27216
1.96014
2.70513
3.53202
4.43697
5.37832
6.2786
7.0272
7.507
7.62267
7.308
6.53547
5.31541
3.70452
1.79606
-0.289237
-2.44065
-4.57073
-6.63553
-8.63463
-10.6246
-12.7144
-15.0599
-17.8203
-21.1132
-25.0056
-29.5044
-34.5654
-40.0882
-45.9367
-51.9533
-58.0079
-64.011
-69.9323
-75.7929
-81.6715
-87.6937
-94.0226
-100.82
-108.209
-116.27
-125.038
-134.511
-144.65
-155.388
-166.622
-178.225
-190.026
-201.776
-213.105
-223.453
-232.011
-237.65
-238.884
-233.932
-220.979
-198.63
-166.612
-126.604
-6.57072
-10.8721
-14.6475
-17.7603
-20.146
-21.8062
-22.7999
-23.2296
-23.223
-22.9096
-22.4001
-21.7765
-21.0895
-20.3607
-19.5866
-18.7457
-17.8072
-16.7429
-15.5347
-14.1801
-12.6939
-11.1083
-9.47085
-7.83907
-6.27063
-4.81351
-3.50088
-2.34812
-1.35268
-0.494522
0.260107
0.952571
1.62192
2.29722
2.99072
3.69444
4.37754
4.98792
5.45776
5.7159
5.70131
5.3714
4.70784
3.7187
2.43903
0.925672
-0.752158
-2.52848
-4.35254
-6.19919
-8.07367
-10.0151
-12.093
-14.3985
-17.0237
-20.0418
-23.4953
-27.3906
-31.699
-36.3589
-41.287
-46.3918
-51.5936
-56.8377
-62.1036
-67.4067
-72.7975
-78.3555
-84.1783
-90.3626
-96.9872
-104.103
-111.731
-119.859
-128.445
-137.413
-146.654
-156.019
-165.307
-174.242
-182.449
-189.414
-194.464
-196.749
-195.272
-188.975
-176.93
-158.63
-134.33
-105.345
-5.17316
-8.49108
-11.4595
-13.9747
-15.9801
-17.4641
-18.4553
-19.0123
-19.2124
-19.1374
-18.8621
-18.4463
-17.9311
-17.3395
-16.6779
-15.9411
-15.1175
-14.1953
-13.1683
-12.0389
-10.8202
-9.53569
-8.21781
-6.90414
-5.63227
-4.43446
-3.33391
-2.3426
-1.46087
-0.67817
0.0242386
0.669162
1.27806
1.86604
2.43769
2.98461
3.48449
3.90268
4.19626
4.32071
4.23725
3.91851
3.35241
2.54374
1.51356
0.295674
-1.06963
-2.54387
-4.09805
-5.71891
-7.41243
-9.20488
-11.14
-13.2724
-15.6572
-18.3389
-21.3442
-24.6776
-28.3215
-32.2384
-36.378
-40.6857
-45.1134
-49.6277
-54.2161
-58.8887
-63.6772
-68.6306
-73.8075
-79.2655
-85.0513
-91.1934
-97.6975
-104.543
-111.683
-119.04
-126.501
-133.917
-141.087
-147.752
-153.573
-158.125
-160.889
-161.262
-158.598
-152.288
-141.886
-127.267
-108.791
-87.3982
-4.06729
-6.61207
-8.92266
-10.922
-12.5633
-13.8305
-14.7344
-15.3076
-15.5963
-15.6522
-15.5251
-15.2576
-14.8814
-14.4174
-13.8761
-13.2602
-12.5681
-11.7973
-10.9479
-10.025
-9.03987
-8.00983
-6.95735
-5.90769
-4.88595
-3.91404
-3.00828
-2.17799
-1.42511
-0.744854
-0.1275
0.438978
0.965694
1.45974
1.92164
2.34386
2.71045
2.99829
3.1797
3.22635
3.11346
2.82334
2.34784
1.68933
0.860029
-0.120352
-1.22851
-2.44236
-3.74574
-5.13213
-6.60684
-8.18727
-9.90088
-11.781
-13.8609
-16.1678
-18.7183
-21.5153
-24.5484
-27.7948
-31.2244
-34.8043
-38.5056
-42.3082
-46.2045
-50.2007
-54.3164
-58.5809
-63.0287
-67.6929
-72.599
-77.759
-83.168
-88.8
-94.6062
-100.511
-106.41
-112.163
-117.592
-122.47
-126.52
-129.408
-130.752
-130.141
-127.169
-121.492
-112.911
-101.454
-87.4498
-71.5525
-3.14957
-5.07035
-6.83414
-8.38467
-9.68534
-10.7197
-11.4898
-12.0126
-12.3154
-12.4304
-12.3906
-12.2253
-11.9583
-11.6068
-11.1819
-10.6893
-10.1322
-9.51254
-8.83354
-8.10108
-7.32448
-6.51662
-5.6932
-4.87143
-4.0683
-3.29879
-2.57443
-1.90239
-1.28524
-0.721455
-0.206483
0.265535
0.699842
1.09916
1.46217
1.78262
2.04924
2.24654
2.35656
2.36111
2.24425
1.99448
1.6062
1.08026
0.423467
-0.352953
-1.23574
-2.21248
-3.27442
-4.41869
-5.64954
-6.9784
-8.4225
-10.0023
-11.7381
-13.6465
-15.7376
-18.0136
-20.4682
-23.0878
-25.8544
-28.7483
-31.7521
-34.8539
-38.0488
-41.3408
-44.7412
-48.2672
-51.9381
-55.772
-59.7805
-63.9659
-68.3167
-72.8056
-77.3862
-81.9907
-86.5272
-90.8765
-94.8889
-98.3817
-101.138
-102.91
-103.429
-102.419
-99.6312
-94.8765
-88.0768
-79.3084
-68.8337
-57.1029
-2.35366
-3.7554
-5.05344
-6.20795
-7.19166
-7.99041
-8.60224
-9.03545
-9.30565
-9.43272
-9.43772
-9.34047
-9.15791
-8.90327
-8.58605
-8.21269
-7.78762
-7.31451
-6.79748
-6.24201
-5.65548
-5.04723
-4.42812
-3.80982
-3.20375
-2.62007
-2.06681
-1.54933
-1.07019
-0.629424
-0.225303
0.144682
0.482633
0.789105
1.06221
1.2971
1.48597
1.61861
1.68341
1.66876
1.56447
1.3631
1.06081
0.657621
0.15715
-0.434408
-1.10971
-1.86196
-2.68661
-3.58262
-4.55318
-5.60567
-6.75081
-8.00108
-9.36878
-10.864
-12.4929
-14.2569
-16.1524
-18.1713
-20.303
-22.5359
-24.8597
-27.2672
-29.7555
-32.3267
-34.9872
-37.7464
-40.6149
-43.6011
-46.7093
-49.9361
-53.2684
-56.6807
-60.1333
-63.5698
-66.9157
-70.0764
-72.9354
-75.3544
-77.1743
-78.2196
-78.307
-77.2593
-74.9255
-71.2056
-66.0773
-59.6197
-52.0265
-43.6014
-1.63542
-2.59037
-3.47998
-4.27778
-4.96496
-5.53086
-5.97255
-6.29366
-6.50276
-6.61152
-6.63282
-6.57927
-6.46212
-6.2906
-6.0719
-5.81135
-5.51308
-5.18063
-4.81769
-4.42862
-4.01875
-3.59446
-3.1629
-2.73164
-2.30802
-1.89864
-1.5088
-1.14223
-0.801028
-0.48581
-0.196169
0.0687408
0.309515
0.525845
0.715999
0.876548
1.00238
1.08705
1.12334
1.10411
1.02311
0.875677
0.659283
0.373654
0.0205696
-0.396711
-0.874295
-1.40864
-1.9975
-2.64065
-3.3403
-4.10101
-4.9292
-5.83224
-6.81736
-7.89045
-9.05519
-10.3124
-11.6601
-13.0938
-14.6074
-16.1942
-17.8483
-19.5655
-21.3442
-23.1853
-25.0922
-27.0698
-29.1232
-31.256
-33.4684
-35.7557
-38.106
-40.4991
-42.9045
-45.2803
-47.5721
-49.7116
-51.6165
-53.1909
-54.327
-54.9091
-54.8201
-53.9515
-52.2162
-49.563
-45.992
-41.5664
-36.4173
-30.7395
-0.964619
-1.51992
-2.0392
-2.50735
-2.91336
-3.25068
-3.51699
-3.71366
-3.84491
-3.9168
-3.93626
-3.91026
-3.8452
-3.74652
-3.61864
-3.46501
-3.28842
-3.09135
-2.87625
-2.64591
-2.40356
-2.1529
-1.89805
-1.64324
-1.39263
-1.14991
-0.918126
-0.699487
-0.495341
-0.306277
-0.132347
0.0266158
0.170648
0.299314
0.411445
0.504999
0.577081
0.624119
0.642183
0.627394
0.576348
0.486495
0.356384
0.185738
-0.0246614
-0.273277
-0.558255
-0.87793
-1.23131
-1.61844
-2.04061
-2.5003
-3.00092
-3.54635
-4.14038
-4.78608
-5.48538
-6.23877
-7.04523
-7.90248
-8.80739
-9.75657
-10.747
-11.7765
-12.8441
-13.9502
-15.0965
-16.2851
-17.5182
-18.797
-20.1207
-21.4854
-22.883
-24.3006
-25.7191
-27.1128
-28.4485
-29.6853
-30.7744
-31.6595
-32.2784
-32.5657
-32.4565
-31.8926
-30.8291
-29.2424
-27.1379
-24.555
-21.5694
-18.29
-2908.32
-3016.73
-3124.41
-3231.1
-3336.6
-3440.7
-3543.26
-3644.14
-3743.25
-3840.54
-3935.96
-4029.52
-4121.22
-4211.09
-4299.17
-4385.53
-4470.23
-4553.36
-4635
-4715.26
-4794.24
-4872.05
-4948.81
-5024.63
-5099.64
-5173.94
-5247.66
-5320.89
-5393.74
-5466.3
-5538.66
-5610.89
-5683.07
-5755.27
-5827.55
-5899.95
-5972.52
-6045.29
-6118.28
-6191.5
-6264.95
-6338.6
-6412.4
-6486.3
-6560.22
-6634.05
-6707.68
-6780.99
-6853.81
-6925.99
-6997.34
-7067.67
-7136.77
-7204.41
-7270.32
-7334.24
-7395.87
-7454.88
-7510.93
-7563.63
-7612.59
-7657.4
-7697.61
-7732.76
-7762.37
-7785.96
-7803
-7812.98
-7815.33
-7809.49
-7794.86
-7770.84
-7736.79
-7692.06
-7636
-7567.94
-7487.24
-7393.28
-7285.47
-7163.31
-7026.39
-6874.42
-6707.24
-6524.92
-6327.71
-6116.1
-5890.83
-5652.89
-5403.47
-5143.97
2001.36
1074.18
682.801
481.171
360.841
280.978
223.632
179.88
144.837
115.609
90.3673
67.8834
47.2845
27.9112
9.22921
409.649
551.393
477.747
386.488
310.778
251.591
205.003
167.409
136.176
109.469
85.9968
64.8274
45.2639
26.7582
8.85429
40.6962
243.989
290.3
276.25
244.186
209.603
177.379
148.572
122.989
100.094
79.3217
60.1647
42.1847
25.0031
8.28389
-54.5541
93.5641
163.208
184.024
180.109
165.252
146.334
126.512
107.11
88.5929
71.0304
54.3241
38.3064
22.7852
7.56198
-79.2689
21.6115
84.9401
116.526
126.971
124.961
116.19
104.028
90.3472
76.136
61.8817
47.794
33.9311
20.2689
6.74074
-82.5745
-12.7893
38.4148
70.1655
86.2892
91.4277
89.4355
83.0613
74.1129
63.721
52.5654
41.0386
29.3544
17.6183
5.87272
-78.2781
-28.6085
11.3429
39.4316
56.591
65.0242
67.0619
64.6675
59.321
52.0687
43.6196
34.44
24.8293
14.977
5.00442
-70.9305
-34.7084
-3.86611
19.6266
35.618
45.0149
49.1193
49.2246
46.4339
41.6122
35.4035
28.2718
20.5453
12.4558
4.17224
-62.2603
-35.4282
-11.7256
7.32243
21.2385
30.2973
35.1747
36.6766
35.5769
32.542
28.1099
22.698
16.6238
10.1285
3.40086
-52.9983
-33.0182
-14.9308
0.149807
11.7155
19.7604
24.605
26.7295
26.6544
24.8683
21.7954
17.7862
13.1231
8.03331
2.70353
-43.4751
-28.7152
-15.1294
-3.50809
5.71283
12.4235
16.7547
18.9817
19.4423
18.4812
16.4171
13.5279
10.0491
6.17802
2.0835
-33.8451
-23.2381
-13.3638
-4.76591
2.22009
7.46544
11.0083
12.9997
13.6515
13.1968
11.8634
9.85914
7.36705
4.54607
1.53592
-24.1789
-17.0286
-10.3219
-4.41207
0.467744
4.20959
6.81323
8.35697
8.96687
8.79092
7.98029
6.67802
5.01379
3.10319
1.04995
-14.5058
-10.3753
-6.48327
-3.02822
-0.14671
2.09183
3.67793
4.64796
5.06801
5.01961
4.58873
3.85877
2.90687
1.80295
0.610633
-4849.14
-4517.75
-4179.41
-3836.72
-3492.02
-3147.23
-2803.86
-2462.97
-2125.21
-1790.83
-1459.83
-1131.89
-806.528
-483.113
-160.902
)
;

boundaryField
{
    hot
    {
        type            calculated;
        value           nonuniform List<scalar> 
120
(
1038.89
-0.400678
-0.676213
-0.963664
-1.26626
-1.5856
-1.92105
-2.26905
-2.62263
-2.9711
-3.30025
-3.5931
-3.83162
-3.99902
-4.08246
-4.08301
-4.01462
-3.88814
-3.71117
-3.49358
-3.24641
-2.98081
-2.70712
-2.43431
-2.16962
-1.91848
-1.68458
-1.47014
-1.27613
-1.10255
-0.948738
-0.813528
-0.695485
-0.593028
-0.504536
-0.428423
-0.363188
-0.30744
-0.259918
-0.219491
-0.185155
-0.156031
-0.131351
-0.110449
-0.0927502
-0.0777607
-0.0650558
-0.0542716
-0.0450962
-0.0372623
-0.0305398
-0.0247306
-0.0196622
-0.0151836
-0.0111612
-0.00747424
-0.00401206
-0.000670487
0.00265111
0.00605282
0.00963709
0.0135118
0.0177935
0.0226104
0.0281069
0.0344469
0.0418189
0.0504411
0.0605675
0.0724946
0.0865692
0.103197
0.122853
0.146092
0.173561
0.206011
0.244312
0.289467
0.342625
0.405091
0.478334
0.563987
0.663842
0.779822
0.913944
1.06824
1.24467
1.44496
1.67039
1.9216
2.19822
2.49857
2.81925
3.15487
3.49774
3.8378
4.16286
4.45906
4.71183
4.90718
5.03311
5.08116
5.04753
4.93366
4.74611
4.46436
4.09512
3.6831
3.25289
2.82528
2.41597
2.03527
1.68874
1.37799
1.10173
0.856617
0.637999
0.440456
0.258145
-1057.82
)
;
    }
    cold
    {
        type            calculated;
        value           nonuniform List<scalar> 
120
(
17.5681
-0.17632
-0.292142
-0.405225
-0.514184
-0.617379
-0.712897
-0.798572
-0.872075
-0.93106
-0.973385
-0.997379
-1.00211
-0.987641
-0.955123
-0.911922
-0.862605
-0.80632
-0.745259
-0.681574
-0.61724
-0.553958
-0.493099
-0.435687
-0.382417
-0.333688
-0.289658
-0.250291
-0.21541
-0.184744
-0.157963
-0.134707
-0.114608
-0.0973099
-0.0824717
-0.0697798
-0.0589482
-0.0497204
-0.0418683
-0.0351916
-0.0295146
-0.0246844
-0.0205686
-0.0170521
-0.0140354
-0.0114321
-0.00916669
-0.00717311
-0.00539267
-0.00377269
-0.00226494
-0.000824354
0.000592291
0.00202761
0.00352488
0.00512929
0.00688932
0.00885816
0.0110953
0.0136684
0.0166551
0.0201455
0.0242448
0.0290765
0.0347857
0.0415439
0.0495534
0.0590534
0.0703268
0.0837083
0.0995933
0.118449
0.140827
0.167376
0.198861
0.23618
0.280383
0.332699
0.394556
0.467608
0.553763
0.655203
0.774408
0.914166
1.07758
1.26802
1.48914
1.74472
2.03856
2.37429
2.75504
3.1831
3.65939
4.1829
4.74999
5.35369
5.98308
6.62276
7.25281
7.84913
8.38452
8.83057
9.16016
9.35042
9.38565
9.22921
8.85429
8.28389
7.56198
6.74074
5.87272
5.00442
4.17224
3.40086
2.70353
2.0835
1.53592
1.04995
0.610633
-160.902
)
;
    }
    interface_left
    {
        type            calculated;
        value           nonuniform List<scalar> 
90
(
-765.298
-259.211
-103.793
-49.7048
-27.8059
-17.4509
-11.8459
-8.47793
-6.29384
-4.79708
-3.7286
-2.94184
-2.34836
-1.89203
-1.53571
-1.25399
-1.02895
-0.847675
-0.700625
-0.580646
-0.482282
-0.401311
-0.334431
-0.279031
-0.233025
-0.19474
-0.16282
-0.136159
-0.113855
-0.0951625
-0.0794693
-0.0662659
-0.0551284
-0.0457027
-0.0376913
-0.0308429
-0.0249441
-0.0198117
-0.0152872
-0.0112312
-0.00751912
-0.0040372
-0.000678907
0.0026584
0.00607669
0.00968042
0.0135798
0.0178942
0.0227561
0.028315
0.0347424
0.0422372
0.0510325
0.0614029
0.0736744
0.0882351
0.105549
0.126174
0.15078
0.180179
0.215355
0.257506
0.308097
0.368932
0.442243
0.53081
0.638125
0.768613
0.927945
1.12347
1.36486
1.66504
2.0416
2.519
3.13216
3.93229
4.99727
6.45051
8.49799
11.5066
16.1857
24.054
38.7704
70.3142
149.226
378.328
1129.78
1123.19
350.407
60.1948
)
;
    }
    interface_right
    {
        type            calculated;
        value           nonuniform List<scalar> 
90
(
-53.712
-20.142
-9.16156
-4.98315
-3.1006
-2.10967
-1.52037
-1.13798
-0.874314
-0.684509
-0.543502
-0.436223
-0.353086
-0.28771
-0.235699
-0.193925
-0.160113
-0.132571
-0.110017
-0.0914637
-0.0761449
-0.0634546
-0.0529113
-0.0441281
-0.036792
-0.0306481
-0.0254873
-0.0211372
-0.0174549
-0.0143206
-0.011634
-0.00930958
-0.00727411
-0.00546393
-0.00382276
-0.00229983
-0.00084825
0.000576518
0.00201807
0.00352042
0.00512938
0.00689397
0.00886794
0.0111114
0.0136927
0.0166905
0.0201963
0.0243172
0.0291791
0.0349309
0.041749
0.0498431
0.0594624
0.0709044
0.0845237
0.100745
0.120074
0.143121
0.170615
0.203434
0.242636
0.289498
0.345567
0.412723
0.493259
0.589982
0.706349
0.84664
1.01619
1.22172
1.47173
1.77713
2.15211
2.61529
3.19164
3.91515
4.83318
6.01334
7.55497
9.60925
12.416
16.3755
22.2014
31.2726
46.539
75.0969
136.265
289.054
731.819
2181.56
)
;
    }
    interface_top
    {
        type            calculated;
        value           nonuniform List<scalar> 
90
(
-236.231
60.2464
-264.008
-23.8031
-220.241
-46.1226
-185.661
-76.3561
22.6379
-98.2763
21.8105
-94.0478
29.8263
-91.7244
40.0609
-125.597
-1.54903
-106.813
-5.86403
-89.6906
-6.45779
-77.0762
-18.3117
39.0117
-28.3996
48.0033
-25.5483
62.93
-26.4082
80.3426
-63.8416
48.6573
-60.19
41.6893
-54.1585
37.2069
-50.6775
17.9689
88.4574
-0.963103
100.941
-6.80772
120.491
-22.1223
140.056
-96.1171
78.4436
-102.139
56.7942
-104.79
37.6661
-112.532
-7.89498
98.4238
-54.827
97.1198
-81.6066
98.3356
-117.202
93.5108
-214.687
-8.14661
-216.231
-47.8677
-215.526
-80.7193
-220.577
-132.893
-50.7557
-184.1
-77.7439
-214.733
-104.55
-249.394
-137.5
-313.995
-217.372
-337.746
-267.999
-379.472
-326.291
-472.823
-448.877
-417.119
-806.779
-852.482
-1025.61
-1383.02
-2175.11
-4241.25
)
;
    }
    interface_bottom
    {
        type            calculated;
        value           nonuniform List<scalar> 
90
(
1081.22
413.597
378.041
156.972
249.732
109.48
199.772
111.396
30.5094
122.995
25.4194
122.733
23.0651
123.732
22.0883
152.378
63.7478
137.793
76.5377
120.047
81.5564
103.39
84.4833
72.1485
82.7443
77.8394
74.8132
82.2891
64.0898
85.439
45.1319
76.0361
37.4206
72.7714
30.7702
69.3019
21.9723
54.9834
92.0993
36.7004
95.4246
24.4945
99.0714
9.33661
99.6411
-24.8881
67.3794
-19.9468
63.7067
-17.6718
60.9904
-22.3739
39.4553
105.257
12.1418
109.595
-3.16897
114.48
-22.207
114.81
-68.849
67.3163
-57.6821
62.8039
-51.6309
59.4242
-55.9005
30.1513
120.938
-6.50411
127.081
-26.528
135.448
-52.9222
139.803
-127.381
69.2997
-123.242
54.9738
-129.087
37.8893
-157.969
-30.4911
104.82
-168.966
-16.6586
172.63
-392.297
-237.991
-196.765
)
;
    }
    defaultFaces
    {
        type            empty;
    }
}


// ************************************************************************* //
