/*--------------------------------*- C++ -*----------------------------------*\
| =========                 |                                                 |
| \\      /  F ield         | OpenFOAM: The Open Source CFD Toolbox           |
|  \\    /   O peration     | Version:  5.x                                   |
|   \\  /    A nd           | Web:      www.OpenFOAM.org                      |
|    \\/     M anipulation  |                                                 |
\*---------------------------------------------------------------------------*/
FoamFile
{
    version     2.0;
    format      ascii;
    class       volScalarField;
    location    "2.2";
    object      gradTy;
}
// * * * * * * * * * * * * * * * * * * * * * * * * * * * * * * * * * * * * * //

dimensions      [0 -1 0 1 0 0 0];

internalField   nonuniform List<scalar> 
3200
(
-0.000257611
9.12489e-05
-0.000429315
0.000380366
-0.000294302
0.000340271
-0.000193053
0.000239022
-0.000151982
6.16329e-05
0.000149114
-6.25727e-05
8.78496e-05
-5.16011e-05
6.38291e-05
-3.92031e-05
4.77363e-05
-2.9725e-05
3.60196e-05
-2.25735e-05
2.7294e-05
-1.7149e-05
2.07196e-05
-1.30182e-05
1.57322e-05
-9.8663e-06
1.19342e-05
-7.46001e-06
9.03691e-06
-5.62386e-06
6.82591e-06
-4.22449e-06
5.13973e-06
-3.15994e-06
3.85556e-06
-2.35197e-06
2.87944e-06
-1.74041e-06
2.13927e-06
-1.27899e-06
1.57962e-06
-9.3216e-07
1.15787e-06
-6.72631e-07
8.41282e-07
-4.79595e-07
6.04389e-07
-3.38655e-07
4.21303e-07
-2.67012e-07
1.18712e-07
2.58754e-07
-9.08813e-08
1.40573e-07
-6.51012e-08
8.99667e-08
-4.05833e-08
5.6845e-08
-2.42351e-08
3.48305e-08
-1.39831e-08
2.0659e-08
-7.81731e-09
1.18739e-08
-4.24281e-09
6.62493e-09
-2.23361e-09
3.59105e-09
-1.131e-09
1.8862e-09
-5.34303e-10
9.56374e-10
-1.7651e-10
4.13619e-10
5.96859e-12
1.01221e-10
2.08332e-11
4.83151e-12
1.15069e-12
3.26739e-13
-0.000188625
4.2948e-05
-0.000290292
0.000247372
-0.00018666
0.000226868
-0.000119053
0.00015925
-9.81276e-05
4.39912e-05
0.000105651
-3.67229e-05
5.9077e-05
-3.18746e-05
4.26214e-05
-2.43467e-05
3.18388e-05
-1.8488e-05
2.40141e-05
-1.40495e-05
1.81935e-05
-1.06761e-05
1.38107e-05
-8.10441e-06
1.04869e-05
-6.14096e-06
7.95626e-06
-4.6416e-06
6.02584e-06
-3.49746e-06
4.55263e-06
-2.62561e-06
3.429e-06
-1.96255e-06
2.57314e-06
-1.45949e-06
1.92247e-06
-1.07888e-06
1.42897e-06
-7.9187e-07
1.05572e-06
-5.76272e-07
7.74367e-07
-4.15069e-07
5.63082e-07
-2.9531e-07
4.04816e-07
-2.08455e-07
2.80795e-07
-1.72036e-07
8.46026e-08
1.84238e-07
-5.15011e-08
9.5399e-08
-3.89573e-08
6.07968e-08
-2.42052e-08
3.84755e-08
-1.43276e-08
2.36251e-08
-8.18377e-09
1.4042e-08
-4.52679e-09
8.08672e-09
-2.42992e-09
4.52047e-09
-1.26391e-09
2.45526e-09
-6.30223e-10
1.29305e-09
-2.89476e-10
6.59909e-10
-8.18698e-11
2.8992e-10
2.06196e-11
7.34662e-11
1.82566e-11
4.3388e-12
1.03714e-12
2.94768e-13
-0.000128964
1.71646e-05
-0.000186173
0.000153184
-0.000112974
0.000143795
-7.00629e-05
0.00010087
-6.02826e-05
2.95433e-05
7.03282e-05
-2.04171e-05
3.77598e-05
-1.87784e-05
2.70614e-05
-1.44258e-05
2.01937e-05
-1.09713e-05
1.52252e-05
-8.34304e-06
1.1533e-05
-6.34151e-06
8.75432e-06
-4.8139e-06
6.64778e-06
-3.6469e-06
5.04415e-06
-2.75549e-06
3.82093e-06
-2.07526e-06
2.8874e-06
-1.55699e-06
2.17532e-06
-1.16294e-06
1.63287e-06
-8.64083e-07
1.2204e-06
-6.38079e-07
9.07497e-07
-4.67745e-07
6.70793e-07
-3.39875e-07
4.92313e-07
-2.44342e-07
3.58235e-07
-1.73456e-07
2.57704e-07
-1.22418e-07
1.77921e-07
-1.05479e-07
5.67421e-08
1.23112e-07
-2.74452e-08
6.14613e-08
-2.21887e-08
3.90086e-08
-1.37409e-08
2.47204e-08
-8.05429e-09
1.52071e-08
-4.54807e-09
9.05517e-09
-2.4848e-09
5.2238e-09
-1.31637e-09
2.92492e-09
-6.74697e-10
1.59142e-09
-3.29961e-10
8.40025e-10
-1.45999e-10
4.31044e-10
-3.18007e-11
1.9185e-10
2.23768e-11
5.00303e-11
1.40272e-11
3.42166e-12
8.21967e-13
2.33953e-13
-7.52057e-05
5.29617e-06
-0.000103819
8.31646e-05
-6.02523e-05
7.95075e-05
-3.64986e-05
5.57454e-05
-3.25013e-05
1.70365e-05
4.02498e-05
-1.00827e-05
2.1019e-05
-9.78781e-06
1.49855e-05
-7.55708e-06
1.11731e-05
-5.75498e-06
8.4216e-06
-4.37887e-06
6.3785e-06
-3.32912e-06
4.84158e-06
-2.52715e-06
3.67669e-06
-1.91418e-06
2.79001e-06
-1.44586e-06
2.11369e-06
-1.08848e-06
1.59753e-06
-8.16226e-07
1.20379e-06
-6.09272e-07
9.03808e-07
-4.52361e-07
6.75682e-07
-3.33747e-07
5.02601e-07
-2.44391e-07
3.71645e-07
-1.77349e-07
2.72881e-07
-1.27294e-07
1.98668e-07
-9.01919e-08
1.4298e-07
-6.36495e-08
9.83549e-08
-5.67803e-08
3.26895e-08
7.06443e-08
-1.29832e-08
3.44139e-08
-1.12233e-08
2.17712e-08
-6.93063e-09
1.38105e-08
-4.0256e-09
8.50739e-09
-2.24853e-09
5.07264e-09
-1.21377e-09
2.93007e-09
-6.34626e-10
1.64262e-09
-3.20393e-10
8.94876e-10
-1.53489e-10
4.73148e-10
-6.51048e-11
2.43737e-10
-9.21362e-12
1.09492e-10
1.62428e-11
2.91382e-11
8.78135e-12
2.18457e-12
5.27031e-13
1.50257e-13
-2.47075e-05
9.71841e-07
-3.3347e-05
2.63277e-05
-1.88866e-05
2.54253e-05
-1.12861e-05
1.78215e-05
-1.0247e-05
5.56971e-06
1.31024e-05
-3.01486e-06
6.74677e-06
-3.02716e-06
4.79635e-06
-2.34427e-06
3.57452e-06
-1.78663e-06
2.69382e-06
-1.35988e-06
2.04016e-06
-1.03401e-06
1.54855e-06
-7.84923e-07
1.17599e-06
-5.94477e-07
8.92423e-07
-4.48956e-07
6.76138e-07
-3.37905e-07
5.11068e-07
-2.53311e-07
3.85145e-07
-1.89016e-07
2.89203e-07
-1.40276e-07
2.16238e-07
-1.0344e-07
1.60874e-07
-7.56984e-08
1.1898e-07
-5.48904e-08
8.73821e-08
-3.93611e-08
6.36352e-08
-2.78572e-08
4.58086e-08
-1.96592e-08
3.14479e-08
-1.78866e-08
1.06812e-08
2.30268e-08
-3.77188e-09
1.10805e-08
-3.40882e-09
6.99727e-09
-2.10147e-09
4.441e-09
-1.21369e-09
2.7377e-09
-6.73228e-10
1.63357e-09
-3.60584e-10
9.44223e-10
-1.869e-10
5.29681e-10
-9.33939e-11
2.88758e-10
-4.4101e-11
1.52809e-10
-1.8131e-11
7.88784e-11
-1.50629e-12
3.56045e-11
5.85943e-12
9.57466e-12
2.98477e-12
7.5014e-13
1.81343e-13
5.18709e-14
2.47458e-05
-9.66047e-07
3.33527e-05
-2.63249e-05
1.88881e-05
-2.54245e-05
1.12864e-05
-1.78214e-05
1.02468e-05
-5.56999e-06
-1.31026e-05
3.01485e-06
-6.74665e-06
3.02736e-06
-4.79614e-06
2.34448e-06
-3.57434e-06
1.78679e-06
-2.69368e-06
1.36e-06
-2.04005e-06
1.0341e-06
-1.54847e-06
7.84987e-07
-1.17593e-06
5.94522e-07
-8.92387e-07
4.48987e-07
-6.76113e-07
3.37925e-07
-5.11052e-07
2.53324e-07
-3.85135e-07
1.89023e-07
-2.89198e-07
1.4028e-07
-2.16235e-07
1.03442e-07
-1.60873e-07
7.56983e-08
-1.18981e-07
5.48895e-08
-8.73834e-08
3.93597e-08
-6.36367e-08
2.78556e-08
-4.58103e-08
1.96574e-08
-3.14499e-08
1.78844e-08
-1.06835e-08
-2.30288e-08
3.77038e-09
-1.10816e-08
3.408e-09
-6.99791e-09
2.10096e-09
-4.44141e-09
1.21335e-09
-2.73798e-09
6.73007e-10
-1.63374e-09
3.60445e-10
-9.44333e-10
1.86815e-10
-5.29746e-10
9.33433e-11
-2.88797e-10
4.40715e-11
-1.52832e-10
1.81143e-11
-7.88906e-11
1.4976e-12
-3.56104e-11
-5.86319e-12
-9.5769e-12
-2.98601e-12
-7.50789e-13
-1.8172e-13
-5.16001e-14
7.52337e-05
-5.29106e-06
0.000103824
-8.31618e-05
6.02541e-05
-7.95064e-05
3.64994e-05
-5.57449e-05
3.25016e-05
-1.70364e-05
-4.02497e-05
1.0083e-05
-2.10187e-05
9.78812e-06
-1.49852e-05
7.55735e-06
-1.11729e-05
5.7552e-06
-8.42141e-06
4.37903e-06
-6.37836e-06
3.32924e-06
-4.84148e-06
2.52724e-06
-3.67662e-06
1.91424e-06
-2.78996e-06
1.44591e-06
-2.11365e-06
1.08851e-06
-1.5975e-06
8.16247e-07
-1.20377e-06
6.09286e-07
-9.03796e-07
4.5237e-07
-6.75675e-07
3.33753e-07
-5.02597e-07
2.44395e-07
-3.71643e-07
1.7735e-07
-2.7288e-07
1.27295e-07
-1.98667e-07
9.0192e-08
-1.4298e-07
6.3649e-08
-9.83556e-08
5.67792e-08
-3.26907e-08
-7.06454e-08
1.29824e-08
-3.44145e-08
1.12228e-08
-2.17716e-08
6.93035e-09
-1.38107e-08
4.02541e-09
-8.50755e-09
2.2484e-09
-5.07275e-09
1.21368e-09
-2.93014e-09
6.34573e-10
-1.64266e-09
3.20361e-10
-8.94901e-10
1.5347e-10
-4.73162e-10
6.50938e-11
-2.43745e-10
9.20774e-12
-1.09496e-10
-1.62454e-11
-2.91397e-11
-8.78223e-12
-2.18504e-12
-5.27315e-13
-1.50065e-13
0.000128971
-1.71619e-05
0.000186175
-0.000153182
0.000112976
-0.000143794
7.00639e-05
-0.00010087
6.02833e-05
-2.95428e-05
-7.03277e-05
2.04176e-05
-3.77595e-05
1.87787e-05
-2.70611e-05
1.44261e-05
-2.01935e-05
1.09715e-05
-1.5225e-05
8.34319e-06
-1.15328e-05
6.34162e-06
-8.75422e-06
4.81399e-06
-6.64771e-06
3.64696e-06
-5.0441e-06
2.75554e-06
-3.82089e-06
2.07529e-06
-2.88737e-06
1.55702e-06
-2.1753e-06
1.16296e-06
-1.63285e-06
8.64096e-07
-1.22039e-06
6.38088e-07
-9.0749e-07
4.67751e-07
-6.70788e-07
3.39879e-07
-4.92309e-07
2.44345e-07
-3.58233e-07
1.73458e-07
-2.57702e-07
1.22419e-07
-1.7792e-07
1.0548e-07
-5.67417e-08
-1.23112e-07
2.74454e-08
-6.14611e-08
2.21889e-08
-3.90085e-08
1.3741e-08
-2.47203e-08
8.05432e-09
-1.52071e-08
4.54808e-09
-9.05516e-09
2.4848e-09
-5.2238e-09
1.31637e-09
-2.92492e-09
6.74696e-10
-1.59142e-09
3.2996e-10
-8.40027e-10
1.45998e-10
-4.31045e-10
3.17998e-11
-1.9185e-10
-2.23773e-11
-5.00306e-11
-1.40274e-11
-3.42177e-12
-8.22056e-13
-2.33913e-13
0.000188603
-4.29504e-05
0.000290289
-0.000247373
0.000186659
-0.000226867
0.000119053
-0.000159249
9.81281e-05
-4.39907e-05
-0.00010565
3.67231e-05
-5.90769e-05
3.18746e-05
-4.26214e-05
2.43467e-05
-3.18388e-05
1.8488e-05
-2.40141e-05
1.40495e-05
-1.81935e-05
1.06761e-05
-1.38107e-05
8.10441e-06
-1.04869e-05
6.14096e-06
-7.95626e-06
4.6416e-06
-6.02583e-06
3.49746e-06
-4.55263e-06
2.62562e-06
-3.429e-06
1.96256e-06
-2.57314e-06
1.45949e-06
-1.92246e-06
1.07888e-06
-1.42896e-06
7.91874e-07
-1.05572e-06
5.76275e-07
-7.74364e-07
4.15072e-07
-5.6308e-07
2.95312e-07
-4.04814e-07
2.08457e-07
-2.80793e-07
1.72038e-07
-8.46009e-08
-1.84236e-07
5.15023e-08
-9.53982e-08
3.89579e-08
-6.07963e-08
2.42055e-08
-3.84752e-08
1.43279e-08
-2.36249e-08
8.18393e-09
-1.40419e-08
4.52689e-09
-8.08665e-09
2.42998e-09
-4.52043e-09
1.26394e-09
-2.45524e-09
6.30243e-10
-1.29304e-09
2.89486e-10
-6.59902e-10
8.18753e-11
-2.89917e-10
-2.06173e-11
-7.34648e-11
-1.82558e-11
-4.33841e-12
-1.03693e-12
-2.94933e-13
0.000257559
-9.12601e-05
0.000429304
-0.000380372
0.000294297
-0.000340274
0.00019305
-0.000239024
0.00015198
-6.16338e-05
-0.000149115
6.25718e-05
-8.78505e-05
5.16002e-05
-6.383e-05
3.92023e-05
-4.7737e-05
2.97244e-05
-3.60201e-05
2.2573e-05
-2.72944e-05
1.71487e-05
-2.07199e-05
1.3018e-05
-1.57324e-05
9.86612e-06
-1.19344e-05
7.45989e-06
-9.03702e-06
5.62377e-06
-6.82599e-06
4.22442e-06
-5.13979e-06
3.1599e-06
-3.8556e-06
2.35194e-06
-2.87947e-06
1.74039e-06
-2.13929e-06
1.27898e-06
-1.57963e-06
9.32152e-07
-1.15787e-06
6.72626e-07
-8.41285e-07
4.79593e-07
-6.04391e-07
3.38655e-07
-4.21303e-07
2.67013e-07
-1.18711e-07
-2.58752e-07
9.08823e-08
-1.40572e-07
6.51017e-08
-8.99663e-08
4.05836e-08
-5.68447e-08
2.42353e-08
-3.48303e-08
1.39833e-08
-2.06589e-08
7.81743e-09
-1.18738e-08
4.24289e-09
-6.62487e-09
2.23366e-09
-3.59102e-09
1.13103e-09
-1.88618e-09
5.34321e-10
-9.56361e-10
1.7652e-10
-4.13612e-10
-5.9641e-12
-1.01218e-10
-2.08317e-11
-4.83066e-12
-1.15015e-12
-3.27077e-13
-0.0174667
0.0137847
0.00219399
0.00110685
2.85288e-05
0.000234977
-0.000141758
0.000160551
-0.000167301
2.08762e-05
0.00016667
-0.000103444
0.000123093
-9.28229e-05
0.000104465
-7.77484e-05
8.80085e-05
-6.41635e-05
7.31793e-05
-5.24916e-05
6.02226e-05
-4.26697e-05
4.91748e-05
-3.45198e-05
3.99187e-05
-2.7825e-05
3.2261e-05
-2.23655e-05
2.59838e-05
-1.79373e-05
2.08725e-05
-1.43599e-05
1.67313e-05
-1.14786e-05
1.33886e-05
-9.16337e-06
1.06981e-05
-7.30668e-06
8.53738e-06
-5.82026e-06
6.80543e-06
-4.63228e-06
5.41955e-06
-3.68457e-06
4.31231e-06
-2.93091e-06
3.42597e-06
-2.34731e-06
2.65741e-06
-2.16329e-06
5.69463e-07
2.12522e-06
-1.09624e-06
1.40366e-06
-9.51138e-07
1.11048e-06
-7.76244e-07
8.95886e-07
-6.37377e-07
7.29808e-07
-5.30459e-07
6.01562e-07
-4.48832e-07
5.03408e-07
-3.85984e-07
4.30277e-07
-3.28132e-07
3.70697e-07
-2.60469e-07
3.05563e-07
-1.89085e-07
2.31993e-07
-1.32411e-07
1.81284e-07
-3.33275e-08
8.17016e-08
1.65475e-08
3.83499e-09
9.22186e-10
2.7003e-10
-0.0124737
0.00925499
0.00199834
0.000881751
6.92813e-05
0.000166011
-8.78215e-05
0.000104546
-0.00011268
1.49584e-05
0.000115526
-6.41468e-05
8.15599e-05
-5.87971e-05
6.90363e-05
-4.92027e-05
5.82162e-05
-4.05316e-05
4.84507e-05
-3.31095e-05
3.98997e-05
-2.68838e-05
3.25971e-05
-2.17301e-05
2.64717e-05
-1.75041e-05
2.14e-05
-1.40624e-05
1.724e-05
-1.12736e-05
1.38513e-05
-9.02221e-06
1.11048e-05
-7.20993e-06
8.88733e-06
-5.75436e-06
7.10214e-06
-4.58746e-06
5.66825e-06
-3.65357e-06
4.51872e-06
-2.90739e-06
3.59875e-06
-2.31232e-06
2.86358e-06
-1.83948e-06
2.27411e-06
-1.47759e-06
1.74828e-06
-1.42985e-06
4.06278e-07
1.48959e-06
-6.6437e-07
9.36458e-07
-5.96613e-07
7.36701e-07
-4.88559e-07
5.93645e-07
-4.01877e-07
4.83059e-07
-3.35171e-07
3.97622e-07
-2.843e-07
3.32238e-07
-2.45021e-07
2.83927e-07
-2.08054e-07
2.45423e-07
-1.63866e-07
2.03429e-07
-1.17488e-07
1.55144e-07
-8.09902e-08
1.23849e-07
-1.53711e-08
5.77583e-08
1.44481e-08
3.44207e-09
8.31211e-10
2.43538e-10
-0.00835
0.0058845
0.00155697
0.000644387
7.35877e-05
0.000111001
-5.17902e-05
6.48742e-05
-7.19007e-05
1.00816e-05
7.55536e-05
-3.78983e-05
5.1439e-05
-3.55265e-05
4.34253e-05
-2.97059e-05
3.66501e-05
-2.44272e-05
3.05272e-05
-1.99252e-05
2.51552e-05
-1.61605e-05
2.05607e-05
-1.30513e-05
1.6703e-05
-1.05062e-05
1.35065e-05
-8.43613e-06
1.08832e-05
-6.76036e-06
8.74546e-06
-5.40854e-06
7.01234e-06
-4.32096e-06
5.61271e-06
-3.44783e-06
4.48573e-06
-2.7481e-06
3.58039e-06
-2.18826e-06
2.8545e-06
-1.74108e-06
2.27348e-06
-1.38458e-06
1.80908e-06
-1.10154e-06
1.43614e-06
-8.87616e-07
1.09474e-06
-8.97502e-07
2.72758e-07
9.83048e-07
-3.83037e-07
5.94305e-07
-3.5701e-07
4.6503e-07
-2.93383e-07
3.74324e-07
-2.41763e-07
3.04288e-07
-2.02056e-07
2.50156e-07
-1.71808e-07
2.08733e-07
-1.48382e-07
1.7835e-07
-1.25847e-07
1.54615e-07
-9.83622e-08
1.28794e-07
-6.96551e-08
9.86297e-08
-4.72201e-08
8.01699e-08
-5.91364e-09
3.84698e-08
1.1055e-08
2.7125e-09
6.58797e-10
1.93192e-10
-0.00479582
0.00325634
0.000978888
0.000393268
5.35003e-05
6.39449e-05
-2.69856e-05
3.5296e-05
-3.9911e-05
5.82956e-06
4.27065e-05
-1.97902e-05
2.83442e-05
-1.89162e-05
2.38763e-05
-1.58078e-05
2.0164e-05
-1.29798e-05
1.68058e-05
-1.05749e-05
1.3855e-05
-8.56894e-06
1.13285e-05
-6.91542e-06
9.20551e-06
-5.56381e-06
7.44536e-06
-4.46566e-06
6.00025e-06
-3.57739e-06
4.82224e-06
-2.86127e-06
3.867e-06
-2.28539e-06
3.09543e-06
-1.82323e-06
2.47409e-06
-1.45297e-06
1.97488e-06
-1.1568e-06
1.57458e-06
-9.20287e-07
1.25414e-06
-7.31781e-07
9.97973e-07
-5.82235e-07
7.92001e-07
-4.70445e-07
5.99692e-07
-4.92084e-07
1.57258e-07
5.59234e-07
-1.95732e-07
3.29043e-07
-1.88568e-07
2.56376e-07
-1.55431e-07
2.06196e-07
-1.28275e-07
1.67487e-07
-1.07394e-07
1.3756e-07
-9.1501e-08
1.14659e-07
-7.91604e-08
9.79553e-08
-6.70732e-08
8.51069e-08
-5.20945e-08
7.11591e-08
-3.65102e-08
5.46667e-08
-2.43891e-08
4.5023e-08
-1.67872e-09
2.2051e-08
6.89785e-09
1.7307e-09
4.22437e-10
1.23964e-10
-0.00156383
0.00104127
0.000333066
0.000132264
1.93631e-05
2.09086e-05
-8.34045e-06
1.11894e-05
-1.27843e-05
1.90932e-06
1.38139e-05
-6.12586e-06
9.04859e-06
-5.92307e-06
7.61284e-06
-4.94823e-06
6.43136e-06
-4.05964e-06
5.36206e-06
-3.30521e-06
4.42173e-06
-2.67681e-06
3.61612e-06
-2.1594e-06
2.93886e-06
-1.7368e-06
2.3772e-06
-1.39366e-06
1.91596e-06
-1.11623e-06
1.53991e-06
-8.92646e-07
1.23494e-06
-7.12895e-07
9.88581e-07
-5.68668e-07
7.90175e-07
-4.53138e-07
6.30761e-07
-3.6074e-07
5.02924e-07
-2.86964e-07
4.00585e-07
-2.28172e-07
3.18765e-07
-1.81551e-07
2.52932e-07
-1.46931e-07
1.90805e-07
-1.56586e-07
5.14113e-08
1.81487e-07
-5.98008e-08
1.05314e-07
-5.87731e-08
8.18627e-08
-4.85314e-08
6.58095e-08
-4.0087e-08
5.34327e-08
-3.35953e-08
4.38617e-08
-2.86572e-08
3.65383e-08
-2.48169e-08
3.12121e-08
-2.10162e-08
2.71501e-08
-1.62643e-08
2.27461e-08
-1.13308e-08
1.75045e-08
-7.50278e-09
1.45168e-08
-2.63426e-10
7.1862e-09
2.34049e-09
5.94147e-10
1.45422e-10
4.26468e-11
0.00156391
-0.00104129
-0.000333075
-0.000132272
-1.93655e-05
-2.09075e-05
8.34309e-06
-1.11865e-05
1.2787e-05
-1.90709e-06
-1.38119e-05
6.12771e-06
-9.04686e-06
5.92466e-06
-7.6114e-06
4.94951e-06
-6.43022e-06
4.06065e-06
-5.36117e-06
3.306e-06
-4.42103e-06
2.67743e-06
-3.61557e-06
2.15988e-06
-2.93843e-06
1.73718e-06
-2.37685e-06
1.39396e-06
-1.91569e-06
1.11647e-06
-1.5397e-06
8.92836e-07
-1.23477e-06
7.13045e-07
-9.88447e-07
5.68787e-07
-7.90068e-07
4.53232e-07
-6.30677e-07
3.60815e-07
-5.02857e-07
2.87024e-07
-4.00531e-07
2.2822e-07
-3.18722e-07
1.81589e-07
-2.52899e-07
1.46959e-07
-1.90783e-07
1.56603e-07
-5.13994e-08
-1.81476e-07
5.98121e-08
-1.05302e-07
5.87843e-08
-8.18525e-08
4.85405e-08
-6.58015e-08
4.00938e-08
-5.3427e-08
3.35999e-08
-4.38581e-08
2.86599e-08
-3.65365e-08
2.48178e-08
-3.12121e-08
2.10156e-08
-2.71513e-08
1.62627e-08
-2.27481e-08
1.13286e-08
-1.75066e-08
7.50072e-09
-1.45186e-08
2.62031e-10
-7.18716e-09
-2.34104e-09
-5.9442e-10
-1.45512e-10
-4.28143e-11
0.00479588
-0.00325635
-0.000978893
-0.000393273
-5.35009e-05
-6.39431e-05
2.69883e-05
-3.52932e-05
3.99135e-05
-5.8274e-06
-4.27046e-05
1.9792e-05
-2.83426e-05
1.89177e-05
-2.3875e-05
1.5809e-05
-2.01629e-05
1.29808e-05
-1.68049e-05
1.05757e-05
-1.38543e-05
8.56955e-06
-1.1328e-05
6.9159e-06
-9.20508e-06
5.56419e-06
-7.44501e-06
4.46596e-06
-5.99998e-06
3.57763e-06
-4.82202e-06
2.86146e-06
-3.86683e-06
2.28555e-06
-3.0953e-06
1.82336e-06
-2.47398e-06
1.45307e-06
-1.9748e-06
1.15688e-06
-1.57451e-06
9.20347e-07
-1.25409e-06
7.31829e-07
-9.9793e-07
5.82273e-07
-7.91968e-07
4.70474e-07
-5.99668e-07
4.92103e-07
-1.57244e-07
-5.59221e-07
1.95745e-07
-3.29031e-07
1.8858e-07
-2.56365e-07
1.55441e-07
-2.06187e-07
1.28282e-07
-1.67481e-07
1.07399e-07
-1.37556e-07
9.15043e-08
-1.14657e-07
7.91621e-08
-9.79543e-08
6.70735e-08
-8.51072e-08
5.20938e-08
-7.11601e-08
3.6509e-08
-5.4668e-08
2.43878e-08
-4.50242e-08
1.67778e-09
-2.20517e-08
-6.89823e-09
-1.73089e-09
-4.22492e-10
-1.24081e-10
0.00835001
-0.0058845
-0.00155697
-0.000644386
-7.35862e-05
-0.000110999
5.17921e-05
-6.48724e-05
7.19023e-05
-1.00802e-05
-7.55523e-05
3.78995e-05
-5.1438e-05
3.55275e-05
-4.34244e-05
2.97066e-05
-3.66494e-05
2.44279e-05
-3.05266e-05
1.99257e-05
-2.51547e-05
1.61609e-05
-2.05604e-05
1.30516e-05
-1.67027e-05
1.05065e-05
-1.35063e-05
8.43633e-06
-1.08831e-05
6.76052e-06
-8.74531e-06
5.40867e-06
-7.01222e-06
4.32107e-06
-5.61262e-06
3.44791e-06
-4.48566e-06
2.74817e-06
-3.58034e-06
2.18832e-06
-2.85445e-06
1.74113e-06
-2.27345e-06
1.38461e-06
-1.80905e-06
1.10157e-06
-1.43612e-06
8.87637e-07
-1.09472e-06
8.97518e-07
-2.72745e-07
-9.83036e-07
3.83048e-07
-5.94296e-07
3.57019e-07
-4.65023e-07
2.9339e-07
-3.74318e-07
2.41768e-07
-3.04283e-07
2.0206e-07
-2.50153e-07
1.71811e-07
-2.0873e-07
1.48384e-07
-1.78348e-07
1.25849e-07
-1.54614e-07
9.83628e-08
-1.28793e-07
6.96552e-08
-9.86297e-08
4.722e-08
-8.01701e-08
5.91351e-09
-3.84699e-08
-1.10551e-08
-2.71252e-09
-6.58796e-10
-1.93215e-10
0.0124737
-0.00925498
-0.00199834
-0.000881745
-6.92788e-05
-0.00016601
8.78207e-05
-0.000104547
0.000112679
-1.49592e-05
-0.000115526
6.41462e-05
-8.15605e-05
5.87965e-05
-6.90368e-05
4.92022e-05
-5.82166e-05
4.05312e-05
-4.8451e-05
3.31093e-05
-3.99e-05
2.68836e-05
-3.25972e-05
2.173e-05
-2.64718e-05
1.7504e-05
-2.14001e-05
1.40623e-05
-1.72401e-05
1.12735e-05
-1.38513e-05
9.02215e-06
-1.11049e-05
7.20988e-06
-8.88737e-06
5.75432e-06
-7.10217e-06
4.58744e-06
-5.66827e-06
3.65354e-06
-4.51874e-06
2.90737e-06
-3.59876e-06
2.3123e-06
-2.86359e-06
1.83947e-06
-2.27412e-06
1.47758e-06
-1.74829e-06
1.42985e-06
-4.06279e-07
-1.48959e-06
6.64368e-07
-9.36461e-07
5.9661e-07
-7.36704e-07
4.88556e-07
-5.93647e-07
4.01875e-07
-4.8306e-07
3.3517e-07
-3.97623e-07
2.843e-07
-3.32238e-07
2.45021e-07
-2.83926e-07
2.08055e-07
-2.45422e-07
1.63867e-07
-2.03427e-07
1.17489e-07
-1.55143e-07
8.09916e-08
-1.23848e-07
1.5372e-08
-5.77577e-08
-1.44478e-08
-3.4419e-09
-8.3115e-10
-2.43436e-10
0.0174666
-0.0137847
-0.00219398
-0.00110685
-2.85298e-05
-0.000234982
0.000141751
-0.000160557
0.000167295
-2.08812e-05
-0.000166674
0.00010344
-0.000123097
9.28194e-05
-0.000104468
7.77456e-05
-8.80111e-05
6.41613e-05
-7.31813e-05
5.24898e-05
-6.02242e-05
4.26683e-05
-4.91761e-05
3.45187e-05
-3.99197e-05
2.78241e-05
-3.22619e-05
2.23648e-05
-2.59844e-05
1.79368e-05
-2.0873e-05
1.43595e-05
-1.67318e-05
1.14782e-05
-1.3389e-05
9.16308e-06
-1.06984e-05
7.30645e-06
-8.53759e-06
5.82008e-06
-6.80559e-06
4.63213e-06
-5.41967e-06
3.68445e-06
-4.31241e-06
2.93081e-06
-3.42605e-06
2.34724e-06
-2.65747e-06
2.16324e-06
-5.69501e-07
-2.12526e-06
1.0962e-06
-1.4037e-06
9.5111e-07
-1.1105e-06
7.76221e-07
-8.95906e-07
6.3736e-07
-7.29823e-07
5.30446e-07
-6.01573e-07
4.48823e-07
-5.03414e-07
3.85979e-07
-4.3028e-07
3.28131e-07
-3.70698e-07
2.60469e-07
-3.05562e-07
1.89086e-07
-2.31991e-07
1.32413e-07
-1.81282e-07
3.33291e-08
-8.17005e-08
-1.65469e-08
-3.83468e-09
-9.22103e-10
-2.69825e-10
-0.0174715
0.0137888
0.00219605
0.00110616
3.01855e-05
0.000233537
-0.00014018
0.000159048
-0.000165564
2.07221e-05
0.000164947
-0.000102315
0.00012178
-9.17865e-05
0.000103319
-7.6858e-05
8.70175e-05
-6.34104e-05
7.23342e-05
-5.18611e-05
5.95103e-05
-4.21462e-05
4.85802e-05
-3.4088e-05
3.94259e-05
-2.74707e-05
3.18552e-05
-2.20762e-05
2.56513e-05
-1.7702e-05
2.06013e-05
-1.41692e-05
1.65111e-05
-1.13246e-05
1.32104e-05
-9.03941e-06
1.05543e-05
-7.20717e-06
8.4217e-06
-5.74059e-06
6.71265e-06
-4.56865e-06
5.34532e-06
-3.63386e-06
4.25307e-06
-2.89053e-06
3.37883e-06
-2.31499e-06
2.62082e-06
-2.13355e-06
5.61577e-07
2.09603e-06
-1.08126e-06
1.38444e-06
-9.38199e-07
1.09533e-06
-7.65754e-07
8.83729e-07
-6.28845e-07
7.19978e-07
-5.23461e-07
5.93547e-07
-4.43047e-07
4.96813e-07
-3.81193e-07
4.24789e-07
-3.24321e-07
3.66221e-07
-2.57655e-07
3.02122e-07
-1.87139e-07
2.29495e-07
-1.31203e-07
1.79536e-07
-3.30241e-08
8.09321e-08
1.63916e-08
3.79886e-09
9.13499e-10
2.67487e-10
-0.0124771
0.0092578
0.00199991
0.000881385
7.03944e-05
0.000165089
-8.67915e-05
0.000103583
-0.000111503
1.48482e-05
0.000114336
-6.34425e-05
8.06921e-05
-5.81379e-05
6.82809e-05
-4.8637e-05
5.75621e-05
-4.0054e-05
4.78923e-05
-3.27104e-05
3.94288e-05
-2.65528e-05
3.22036e-05
-2.14574e-05
2.61454e-05
-1.72805e-05
2.11312e-05
-1.388e-05
1.70197e-05
-1.11253e-05
1.36715e-05
-8.90215e-06
1.09588e-05
-7.11303e-06
8.76909e-06
-5.67639e-06
7.00672e-06
-4.52491e-06
5.59149e-06
-3.60351e-06
4.45715e-06
-2.86742e-06
3.54948e-06
-2.28047e-06
2.82425e-06
-1.81413e-06
2.24283e-06
-1.45724e-06
1.72422e-06
-1.4102e-06
4.00654e-07
1.46912e-06
-6.55299e-07
9.2363e-07
-5.88502e-07
7.26648e-07
-4.81962e-07
5.85584e-07
-3.96504e-07
4.76546e-07
-3.30758e-07
3.92316e-07
-2.80648e-07
3.27874e-07
-2.41995e-07
2.8029e-07
-2.05658e-07
2.42444e-07
-1.62114e-07
2.01128e-07
-1.16292e-07
1.53464e-07
-8.0266e-08
1.22652e-07
-1.52352e-08
5.72139e-08
1.4312e-08
3.40964e-09
8.2338e-10
2.41244e-10
-0.00835225
0.00588632
0.00155806
0.000644209
7.42984e-05
0.000110438
-5.11495e-05
6.42856e-05
-7.1145e-05
1.00075e-05
7.47774e-05
-3.74796e-05
5.08931e-05
-3.51267e-05
4.29511e-05
-2.9363e-05
3.62392e-05
-2.41384e-05
3.01761e-05
-1.96842e-05
2.48588e-05
-1.59609e-05
2.0313e-05
-1.2887e-05
1.64975e-05
-1.03716e-05
1.33371e-05
-8.3264e-06
1.07443e-05
-6.67124e-06
8.6321e-06
-5.33642e-06
6.9202e-06
-4.26278e-06
5.5381e-06
-3.40104e-06
4.42551e-06
-2.71058e-06
3.53193e-06
-2.15825e-06
2.81562e-06
-1.71713e-06
2.24237e-06
-1.3655e-06
1.78424e-06
-1.08636e-06
1.41638e-06
-8.75391e-07
1.07967e-06
-8.85168e-07
2.68983e-07
9.6954e-07
-3.77811e-07
5.86162e-07
-3.52159e-07
4.58682e-07
-2.89425e-07
3.69239e-07
-2.38534e-07
3.00182e-07
-1.99401e-07
2.46813e-07
-1.69607e-07
2.05985e-07
-1.46559e-07
1.76056e-07
-1.24411e-07
1.5273e-07
-9.73224e-08
1.27331e-07
-6.89539e-08
9.75561e-08
-4.68069e-08
7.93929e-08
-5.86465e-09
3.8107e-08
1.09509e-08
2.68694e-09
6.5259e-10
1.91373e-10
-0.00479711
0.00325736
0.000979536
0.000393193
5.38955e-05
6.36428e-05
-2.66363e-05
3.49799e-05
-3.94896e-05
5.78674e-06
4.22686e-05
-1.95704e-05
2.8044e-05
-1.87026e-05
2.36161e-05
-1.56248e-05
1.99382e-05
-1.28259e-05
1.66128e-05
-1.04466e-05
1.3692e-05
-8.46279e-06
1.11922e-05
-6.82811e-06
9.09235e-06
-5.49236e-06
7.35206e-06
-4.40744e-06
5.92374e-06
-3.53014e-06
4.75979e-06
-2.82305e-06
3.81622e-06
-2.25458e-06
3.05431e-06
-1.79846e-06
2.44089e-06
-1.43311e-06
1.94816e-06
-1.14092e-06
1.55314e-06
-9.07619e-07
1.23698e-06
-7.21693e-07
9.84272e-07
-5.74207e-07
7.81107e-07
-4.63965e-07
5.91436e-07
-4.85322e-07
1.55082e-07
5.51549e-07
-1.93063e-07
3.24534e-07
-1.86007e-07
2.52875e-07
-1.53336e-07
2.03394e-07
-1.26564e-07
1.65226e-07
-1.05985e-07
1.3572e-07
-9.03321e-08
1.13147e-07
-7.8192e-08
9.66917e-08
-6.63128e-08
8.40653e-08
-5.15489e-08
7.03487e-08
-3.61462e-08
5.40694e-08
-2.41798e-08
4.45858e-08
-1.66707e-09
2.18429e-08
6.83284e-09
1.71439e-09
4.18457e-10
1.22797e-10
-0.00156425
0.0010416
0.00033328
0.000132244
1.94898e-05
2.08136e-05
-8.22961e-06
1.109e-05
-1.26491e-05
1.8953e-06
1.36724e-05
-6.05759e-06
8.95283e-06
-5.85607e-06
7.52993e-06
-4.89085e-06
6.35942e-06
-4.01141e-06
5.30053e-06
-3.26504e-06
4.36974e-06
-2.6436e-06
3.57262e-06
-2.13209e-06
2.90276e-06
-1.71447e-06
2.34743e-06
-1.37547e-06
1.89154e-06
-1.10147e-06
1.51997e-06
-8.80709e-07
1.21873e-06
-7.03273e-07
9.75451e-07
-5.60935e-07
7.79574e-07
-4.4694e-07
6.22229e-07
-3.55786e-07
4.96077e-07
-2.83012e-07
3.95104e-07
-2.25026e-07
3.14389e-07
-1.79048e-07
2.49453e-07
-1.44907e-07
1.88178e-07
-1.54435e-07
5.07e-08
1.78993e-07
-5.89857e-08
1.03871e-07
-5.79752e-08
8.07448e-08
-4.78773e-08
6.4915e-08
-3.95526e-08
5.27111e-08
-3.31549e-08
4.32747e-08
-2.82917e-08
3.60559e-08
-2.4514e-08
3.08089e-08
-2.07789e-08
2.68172e-08
-1.60949e-08
2.24867e-08
-1.12184e-08
1.73128e-08
-7.43914e-09
1.43757e-08
-2.62355e-10
7.11837e-09
2.31842e-09
5.88548e-10
1.44052e-10
4.22452e-11
0.00156433
-0.00104161
-0.000333289
-0.000132252
-1.94923e-05
-2.08125e-05
8.23221e-06
-1.1087e-05
1.26517e-05
-1.8931e-06
-1.36704e-05
6.05941e-06
-8.95112e-06
5.85764e-06
-7.52851e-06
4.89211e-06
-6.35829e-06
4.0124e-06
-5.29965e-06
3.26582e-06
-4.36905e-06
2.64421e-06
-3.57208e-06
2.13258e-06
-2.90233e-06
1.71485e-06
-2.34709e-06
1.37577e-06
-1.89127e-06
1.10171e-06
-1.51976e-06
8.80897e-07
-1.21856e-06
7.03422e-07
-9.75319e-07
5.61053e-07
-7.79469e-07
4.47034e-07
-6.22146e-07
3.5586e-07
-4.9601e-07
2.83071e-07
-3.95051e-07
2.25073e-07
-3.14347e-07
1.79085e-07
-2.4942e-07
1.44935e-07
-1.88156e-07
1.54451e-07
-5.06882e-08
-1.78982e-07
5.89969e-08
-1.03859e-07
5.79862e-08
-8.07346e-08
4.78864e-08
-6.49071e-08
3.95594e-08
-5.27054e-08
3.31595e-08
-4.32711e-08
2.82943e-08
-3.60542e-08
2.45149e-08
-3.08088e-08
2.07783e-08
-2.68183e-08
1.60933e-08
-2.24886e-08
1.12163e-08
-1.7315e-08
7.4371e-09
-1.43775e-08
2.60973e-10
-7.11932e-09
-2.31898e-09
-5.88819e-10
-1.44141e-10
-4.24111e-11
0.00479717
-0.00325737
-0.000979541
-0.000393198
-5.38962e-05
-6.36412e-05
2.6639e-05
-3.49771e-05
3.94921e-05
-5.7846e-06
-4.22667e-05
1.95722e-05
-2.80423e-05
1.87041e-05
-2.36147e-05
1.5626e-05
-1.99372e-05
1.28269e-05
-1.66119e-05
1.04474e-05
-1.36913e-05
8.46339e-06
-1.11917e-05
6.82859e-06
-9.09193e-06
5.49274e-06
-7.35172e-06
4.40774e-06
-5.92347e-06
3.53037e-06
-4.75957e-06
2.82324e-06
-3.81606e-06
2.25473e-06
-3.05417e-06
1.79858e-06
-2.44078e-06
1.43321e-06
-1.94808e-06
1.141e-06
-1.55307e-06
9.07678e-07
-1.23693e-06
7.21741e-07
-9.84229e-07
5.74245e-07
-7.81074e-07
4.63994e-07
-5.91413e-07
4.8534e-07
-1.55068e-07
-5.51536e-07
1.93076e-07
-3.24522e-07
1.86019e-07
-2.52865e-07
1.53345e-07
-2.03385e-07
1.26571e-07
-1.6522e-07
1.0599e-07
-1.35715e-07
9.03354e-08
-1.13145e-07
7.81936e-08
-9.66908e-08
6.63131e-08
-8.40656e-08
5.15482e-08
-7.03498e-08
3.6145e-08
-5.40707e-08
2.41785e-08
-4.4587e-08
1.66614e-09
-2.18436e-08
-6.83321e-09
-1.71458e-09
-4.18512e-10
-1.22913e-10
0.00835227
-0.00588632
-0.00155806
-0.000644208
-7.42969e-05
-0.000110437
5.11513e-05
-6.42839e-05
7.11466e-05
-1.00061e-05
-7.47761e-05
3.74807e-05
-5.0892e-05
3.51276e-05
-4.29503e-05
2.93638e-05
-3.62385e-05
2.4139e-05
-3.01755e-05
1.96847e-05
-2.48583e-05
1.59613e-05
-2.03126e-05
1.28873e-05
-1.64972e-05
1.03719e-05
-1.33369e-05
8.3266e-06
-1.07442e-05
6.6714e-06
-8.63196e-06
5.33655e-06
-6.92009e-06
4.26289e-06
-5.538e-06
3.40112e-06
-4.42544e-06
2.71065e-06
-3.53188e-06
2.1583e-06
-2.81557e-06
1.71717e-06
-2.24233e-06
1.36553e-06
-1.78421e-06
1.08638e-06
-1.41636e-06
8.75412e-07
-1.07965e-06
8.85183e-07
-2.68971e-07
-9.69529e-07
3.77821e-07
-5.86153e-07
3.52168e-07
-4.58674e-07
2.89431e-07
-3.69233e-07
2.3854e-07
-3.00178e-07
1.99405e-07
-2.4681e-07
1.6961e-07
-2.05982e-07
1.46561e-07
-1.76054e-07
1.24412e-07
-1.52729e-07
9.7323e-08
-1.27331e-07
6.8954e-08
-9.75561e-08
4.68068e-08
-7.9393e-08
5.86452e-09
-3.81071e-08
-1.09509e-08
-2.68696e-09
-6.52589e-10
-1.91395e-10
0.012477
-0.00925779
-0.0019999
-0.000881379
-7.03919e-05
-0.000165088
8.67907e-05
-0.000103584
0.000111502
-1.4849e-05
-0.000114336
6.34418e-05
-8.06927e-05
5.81374e-05
-6.82814e-05
4.86365e-05
-5.75625e-05
4.00537e-05
-4.78926e-05
3.27102e-05
-3.9429e-05
2.65526e-05
-3.22038e-05
2.14572e-05
-2.61456e-05
1.72804e-05
-2.11313e-05
1.38799e-05
-1.70198e-05
1.11252e-05
-1.36716e-05
8.9021e-06
-1.09588e-05
7.11299e-06
-8.76913e-06
5.67636e-06
-7.00676e-06
4.52488e-06
-5.59151e-06
3.60348e-06
-4.45717e-06
2.8674e-06
-3.54949e-06
2.28046e-06
-2.82426e-06
1.81412e-06
-2.24284e-06
1.45723e-06
-1.72422e-06
1.4102e-06
-4.00655e-07
-1.46912e-06
6.55297e-07
-9.23632e-07
5.88499e-07
-7.26651e-07
4.81959e-07
-5.85587e-07
3.96503e-07
-4.76547e-07
3.30757e-07
-3.92317e-07
2.80647e-07
-3.27874e-07
2.41996e-07
-2.80289e-07
2.05659e-07
-2.42443e-07
1.62116e-07
-2.01126e-07
1.16293e-07
-1.53463e-07
8.02673e-08
-1.22651e-07
1.52361e-08
-5.72133e-08
-1.43116e-08
-3.40946e-09
-8.2332e-10
-2.41144e-10
0.0174714
-0.0137888
-0.00219604
-0.00110616
-3.01864e-05
-0.000233542
0.000140174
-0.000159054
0.000165558
-2.07271e-05
-0.000164951
0.000102311
-0.000121783
9.1783e-05
-0.000103322
7.68551e-05
-8.702e-05
6.34082e-05
-7.23362e-05
5.18594e-05
-5.95119e-05
4.21448e-05
-4.85814e-05
3.40868e-05
-3.94269e-05
2.74698e-05
-3.1856e-05
2.20755e-05
-2.56519e-05
1.77014e-05
-2.06019e-05
1.41688e-05
-1.65115e-05
1.13242e-05
-1.32107e-05
9.03913e-06
-1.05545e-05
7.20695e-06
-8.4219e-06
5.74041e-06
-6.71281e-06
4.56851e-06
-5.34545e-06
3.63374e-06
-4.25317e-06
2.89044e-06
-3.37891e-06
2.31492e-06
-2.62088e-06
2.1335e-06
-5.61615e-07
-2.09606e-06
1.08123e-06
-1.38447e-06
9.38171e-07
-1.09535e-06
7.65731e-07
-8.83749e-07
6.28828e-07
-7.19993e-07
5.23448e-07
-5.93557e-07
4.43038e-07
-4.9682e-07
3.81188e-07
-4.24792e-07
3.24319e-07
-3.66222e-07
2.57655e-07
-3.02121e-07
1.8714e-07
-2.29493e-07
1.31205e-07
-1.79534e-07
3.30257e-08
-8.0931e-08
-1.6391e-08
-3.79855e-09
-9.13417e-10
-2.67284e-10
-0.000256309
9.09245e-05
-0.000426582
0.000378035
-0.000292309
0.000338046
-0.000191665
0.000237372
-0.000150834
6.12258e-05
0.000147991
-6.20666e-05
8.71618e-05
-5.11785e-05
6.33157e-05
-3.88764e-05
4.73441e-05
-2.94735e-05
3.57184e-05
-2.23798e-05
2.70623e-05
-1.70001e-05
2.05414e-05
-1.29039e-05
1.55952e-05
-9.77874e-06
1.18291e-05
-7.39315e-06
8.95651e-06
-5.57296e-06
6.76458e-06
-4.1859e-06
5.09311e-06
-3.13082e-06
3.82026e-06
-2.3301e-06
2.85285e-06
-1.72409e-06
2.11934e-06
-1.2669e-06
1.56477e-06
-9.23273e-07
1.1469e-06
-6.66168e-07
8.33246e-07
-4.74954e-07
5.98573e-07
-3.35356e-07
4.17221e-07
-2.64393e-07
1.17568e-07
2.56216e-07
-8.99763e-08
1.39184e-07
-6.44485e-08
8.90711e-08
-4.01717e-08
5.62736e-08
-2.39857e-08
3.44761e-08
-1.38367e-08
2.04456e-08
-7.73409e-09
1.17493e-08
-4.19696e-09
6.55434e-09
-2.20916e-09
3.55225e-09
-1.11853e-09
1.86558e-09
-5.28474e-10
9.45929e-10
-1.74604e-10
4.09131e-10
5.93424e-12
1.0009e-10
2.06008e-11
4.77759e-12
1.13782e-12
3.2306e-13
-0.000187666
4.28452e-05
-0.000288433
0.000245866
-0.000185385
0.000225391
-0.000118188
0.000158156
-9.738e-05
4.37007e-05
0.000104858
-3.64223e-05
5.86157e-05
-3.16121e-05
4.22792e-05
-2.4143e-05
3.15776e-05
-1.83311e-05
2.38136e-05
-1.39286e-05
1.80392e-05
-1.05832e-05
1.3692e-05
-8.03308e-06
1.03957e-05
-6.08635e-06
7.88627e-06
-4.59991e-06
5.97227e-06
-3.46575e-06
4.51176e-06
-2.60159e-06
3.39792e-06
-1.94443e-06
2.5496e-06
-1.44589e-06
1.90472e-06
-1.06874e-06
1.41566e-06
-7.84368e-07
1.04581e-06
-5.70769e-07
7.67034e-07
-4.11075e-07
5.57707e-07
-2.92448e-07
4.00922e-07
-2.06421e-07
2.78076e-07
-1.70347e-07
8.37876e-08
1.82432e-07
-5.09866e-08
9.44573e-08
-3.85658e-08
6.0192e-08
-2.3959e-08
3.80891e-08
-1.41796e-08
2.33849e-08
-8.09769e-09
1.38971e-08
-4.47833e-09
8.00194e-09
-2.40351e-09
4.47235e-09
-1.25e-09
2.42875e-09
-6.23242e-10
1.27892e-09
-2.86319e-10
6.52701e-10
-8.099e-11
2.86775e-10
2.04164e-11
7.2647e-11
1.80529e-11
4.29037e-12
1.02554e-12
2.9145e-13
-0.000128305
1.7163e-05
-0.000184975
0.000152257
-0.000112197
0.000142863
-6.95483e-05
0.000100181
-5.98194e-05
2.93484e-05
6.9802e-05
-2.02477e-05
3.74657e-05
-1.86229e-05
2.68445e-05
-1.43047e-05
2.00283e-05
-1.08779e-05
1.50982e-05
-8.27108e-06
1.14353e-05
-6.28617e-06
8.67915e-06
-4.77144e-06
6.59e-06
-3.6144e-06
4.99981e-06
-2.7307e-06
3.78699e-06
-2.05641e-06
2.86149e-06
-1.54272e-06
2.15562e-06
-1.15218e-06
1.61794e-06
-8.5602e-07
1.20914e-06
-6.32074e-07
8.99052e-07
-4.63306e-07
6.64497e-07
-3.36624e-07
4.87653e-07
-2.41987e-07
3.54817e-07
-1.71772e-07
2.55226e-07
-1.21221e-07
1.76199e-07
-1.04442e-07
5.61955e-08
1.21907e-07
-2.71698e-08
6.08549e-08
-2.19652e-08
3.86208e-08
-1.36008e-08
2.44723e-08
-7.97071e-09
1.50526e-08
-4.49996e-09
8.96181e-09
-2.45802e-09
5.16908e-09
-1.30196e-09
2.89381e-09
-6.67217e-10
1.57424e-09
-3.26285e-10
8.30849e-10
-1.44408e-10
4.26335e-10
-3.14624e-11
1.89768e-10
2.21471e-11
4.94732e-11
1.38708e-11
3.38347e-12
8.12774e-13
2.3132e-13
-7.482e-05
5.32167e-06
-0.000103149
8.26636e-05
-5.9835e-05
7.89935e-05
-3.6228e-05
5.53654e-05
-3.22499e-05
1.69242e-05
3.99493e-05
-9.99792e-06
2.08556e-05
-9.70643e-06
1.48655e-05
-7.49341e-06
1.10817e-05
-5.70584e-06
8.35141e-06
-4.34101e-06
6.32451e-06
-3.3e-06
4.80004e-06
-2.50481e-06
3.64476e-06
-1.89709e-06
2.7655e-06
-1.43283e-06
2.09493e-06
-1.07858e-06
1.5832e-06
-8.08732e-07
1.19289e-06
-6.03628e-07
8.9555e-07
-4.48133e-07
6.69453e-07
-3.30601e-07
4.97926e-07
-2.42069e-07
3.68159e-07
-1.7565e-07
2.70299e-07
-1.26065e-07
1.96773e-07
-8.93151e-08
1.41606e-07
-6.30266e-08
9.74035e-08
-5.62214e-08
3.23746e-08
6.99526e-08
-1.28524e-08
3.40745e-08
-1.111e-08
2.15549e-08
-6.85972e-09
1.36719e-08
-3.98366e-09
8.42102e-09
-2.22462e-09
5.02038e-09
-1.20061e-09
2.8994e-09
-6.27633e-10
1.62516e-09
-3.16815e-10
8.85224e-10
-1.51768e-10
4.6798e-10
-6.43958e-11
2.41074e-10
-9.11796e-12
1.08304e-10
1.60738e-11
2.8814e-11
8.68343e-12
2.16019e-12
5.21137e-13
1.48566e-13
-2.45806e-05
9.84529e-07
-3.31313e-05
2.61695e-05
-1.87554e-05
2.52611e-05
-1.1202e-05
1.77002e-05
-1.01674e-05
5.53298e-06
1.30047e-05
-2.98928e-06
6.69435e-06
-3.00193e-06
4.75798e-06
-2.32448e-06
3.54529e-06
-1.77135e-06
2.67138e-06
-1.34811e-06
2.02289e-06
-1.02496e-06
1.53526e-06
-7.77978e-07
1.16578e-06
-5.89164e-07
8.84586e-07
-4.44906e-07
6.70137e-07
-3.34828e-07
5.06487e-07
-2.50983e-07
3.81659e-07
-1.87263e-07
2.86561e-07
-1.38964e-07
2.14244e-07
-1.02465e-07
1.59378e-07
-7.49784e-08
1.17865e-07
-5.43641e-08
8.65556e-08
-3.89808e-08
6.30285e-08
-2.75861e-08
4.53685e-08
-1.94667e-08
3.11438e-08
-1.77104e-08
1.05783e-08
2.28014e-08
-3.73374e-09
1.09712e-08
-3.37435e-09
6.92775e-09
-2.07993e-09
4.39646e-09
-1.20101e-09
2.70992e-09
-6.66045e-10
1.61674e-09
-3.56658e-10
9.34343e-10
-1.84831e-10
5.24052e-10
-9.23459e-11
2.85644e-10
-4.36044e-11
1.51141e-10
-1.79336e-11
7.80166e-11
-1.49143e-12
3.52183e-11
5.79818e-12
9.46819e-12
2.95149e-12
7.41769e-13
1.79314e-13
5.12876e-14
2.46186e-05
-9.78775e-07
3.3137e-05
-2.61668e-05
1.87568e-05
-2.52604e-05
1.12023e-05
-1.77002e-05
1.01673e-05
-5.53326e-06
-1.30048e-05
2.98927e-06
-6.69423e-06
3.00212e-06
-4.75777e-06
2.32469e-06
-3.5451e-06
1.77151e-06
-2.67124e-06
1.34823e-06
-2.02279e-06
1.02505e-06
-1.53519e-06
7.78041e-07
-1.16572e-06
5.89209e-07
-8.84549e-07
4.44935e-07
-6.70112e-07
3.34847e-07
-5.06471e-07
2.50996e-07
-3.8165e-07
1.8727e-07
-2.86556e-07
1.38968e-07
-2.14242e-07
1.02466e-07
-1.59377e-07
7.49783e-08
-1.17865e-07
5.43631e-08
-8.65569e-08
3.89794e-08
-6.303e-08
2.75845e-08
-4.53701e-08
1.94649e-08
-3.11458e-08
1.77082e-08
-1.05806e-08
-2.28034e-08
3.73226e-09
-1.09723e-08
3.37354e-09
-6.92839e-09
2.07942e-09
-4.39688e-09
1.20068e-09
-2.71019e-09
6.65825e-10
-1.61692e-09
3.5652e-10
-9.34451e-10
1.84746e-10
-5.24117e-10
9.22958e-11
-2.85682e-10
4.35752e-11
-1.51163e-10
1.79172e-11
-7.80287e-11
1.48282e-12
-3.52241e-11
-5.8019e-12
-9.47041e-12
-2.95272e-12
-7.42411e-13
-1.79688e-13
-5.10187e-14
7.48478e-05
-5.3166e-06
0.000103154
-8.26608e-05
5.98368e-05
-7.89923e-05
3.62288e-05
-5.53649e-05
3.22502e-05
-1.6924e-05
-3.99491e-05
9.99815e-06
-2.08553e-05
9.70673e-06
-1.48652e-05
7.49368e-06
-1.10814e-05
5.70605e-06
-8.35123e-06
4.34117e-06
-6.32437e-06
3.30012e-06
-4.79994e-06
2.5049e-06
-3.64468e-06
1.89715e-06
-2.76545e-06
1.43287e-06
-2.09489e-06
1.07861e-06
-1.58318e-06
8.08753e-07
-1.19287e-06
6.03642e-07
-8.95538e-07
4.48143e-07
-6.69445e-07
3.30607e-07
-4.97922e-07
2.42072e-07
-3.68156e-07
1.75651e-07
-2.70298e-07
1.26066e-07
-1.96773e-07
8.93152e-08
-1.41606e-07
6.30261e-08
-9.74042e-08
5.62203e-08
-3.23759e-08
-6.99537e-08
1.28515e-08
-3.40751e-08
1.11095e-08
-2.15552e-08
6.85944e-09
-1.36722e-08
3.98347e-09
-8.42118e-09
2.22449e-09
-5.02049e-09
1.20052e-09
-2.89947e-09
6.27581e-10
-1.6252e-09
3.16784e-10
-8.85249e-10
1.51749e-10
-4.67995e-10
6.43849e-11
-2.41082e-10
9.11214e-12
-1.08308e-10
-1.60764e-11
-2.88155e-11
-8.6843e-12
-2.16065e-12
-5.21418e-13
-1.48376e-13
0.000128312
-1.71603e-05
0.000184978
-0.000152255
0.000112199
-0.000142861
6.95493e-05
-0.00010018
5.98201e-05
-2.93478e-05
-6.98015e-05
2.02481e-05
-3.74653e-05
1.86233e-05
-2.68442e-05
1.43049e-05
-2.0028e-05
1.08781e-05
-1.5098e-05
8.27123e-06
-1.14351e-05
6.28629e-06
-8.67905e-06
4.77152e-06
-6.58992e-06
3.61446e-06
-4.99976e-06
2.73074e-06
-3.78695e-06
2.05644e-06
-2.86146e-06
1.54274e-06
-2.1556e-06
1.1522e-06
-1.61793e-06
8.56033e-07
-1.20913e-06
6.32083e-07
-8.99045e-07
4.63312e-07
-6.64492e-07
3.36628e-07
-4.8765e-07
2.4199e-07
-3.54815e-07
1.71774e-07
-2.55225e-07
1.21222e-07
-1.76198e-07
1.04442e-07
-5.61952e-08
-1.21906e-07
2.717e-08
-6.08547e-08
2.19653e-08
-3.86207e-08
1.36008e-08
-2.44722e-08
7.97075e-09
-1.50526e-08
4.49997e-09
-8.9618e-09
2.45803e-09
-5.16908e-09
1.30197e-09
-2.89381e-09
6.67216e-10
-1.57425e-09
3.26284e-10
-8.3085e-10
1.44407e-10
-4.26336e-10
3.14616e-11
-1.89769e-10
-2.21475e-11
-4.94735e-11
-1.3871e-11
-3.38359e-12
-8.12862e-13
-2.3128e-13
0.000187644
-4.28476e-05
0.000288431
-0.000245866
0.000185385
-0.000225391
0.000118189
-0.000158155
9.73805e-05
-4.37003e-05
-0.000104857
3.64225e-05
-5.86155e-05
3.16122e-05
-4.22791e-05
2.4143e-05
-3.15776e-05
1.83311e-05
-2.38136e-05
1.39286e-05
-1.80392e-05
1.05832e-05
-1.3692e-05
8.03308e-06
-1.03957e-05
6.08635e-06
-7.88626e-06
4.59992e-06
-5.97226e-06
3.46575e-06
-4.51175e-06
2.60159e-06
-3.39792e-06
1.94444e-06
-2.5496e-06
1.4459e-06
-1.90472e-06
1.06875e-06
-1.41566e-06
7.84372e-07
-1.04581e-06
5.70772e-07
-7.67031e-07
4.11078e-07
-5.57705e-07
2.9245e-07
-4.0092e-07
2.06423e-07
-2.78075e-07
1.70348e-07
-8.37859e-08
-1.82431e-07
5.09877e-08
-9.44565e-08
3.85664e-08
-6.01915e-08
2.39594e-08
-3.80888e-08
1.41799e-08
-2.33847e-08
8.09785e-09
-1.3897e-08
4.47843e-09
-8.00187e-09
2.40357e-09
-4.47231e-09
1.25003e-09
-2.42872e-09
6.23261e-10
-1.27891e-09
2.8633e-10
-6.52693e-10
8.09955e-11
-2.86771e-10
-2.04141e-11
-7.26456e-11
-1.80522e-11
-4.29e-12
-1.02533e-12
-2.91613e-13
0.000256257
-9.09356e-05
0.000426571
-0.000378042
0.000292304
-0.000338049
0.000191663
-0.000237374
0.000150833
-6.12266e-05
-0.000147992
6.20658e-05
-8.71627e-05
5.11776e-05
-6.33165e-05
3.88756e-05
-4.73448e-05
2.94729e-05
-3.57189e-05
2.23794e-05
-2.70626e-05
1.69997e-05
-2.05416e-05
1.29036e-05
-1.55954e-05
9.77856e-06
-1.18293e-05
7.39302e-06
-8.95661e-06
5.57287e-06
-6.76465e-06
4.18584e-06
-5.09316e-06
3.13078e-06
-3.8203e-06
2.33007e-06
-2.85287e-06
1.72407e-06
-2.11935e-06
1.26689e-06
-1.56478e-06
9.23265e-07
-1.1469e-06
6.66164e-07
-8.33249e-07
4.74951e-07
-5.98574e-07
3.35355e-07
-4.17221e-07
2.64394e-07
-1.17567e-07
-2.56215e-07
8.99773e-08
-1.39184e-07
6.44491e-08
-8.90707e-08
4.01721e-08
-5.62733e-08
2.39859e-08
-3.44758e-08
1.38369e-08
-2.04455e-08
7.73421e-09
-1.17492e-08
4.19704e-09
-6.55428e-09
2.2092e-09
-3.55221e-09
1.11856e-09
-1.86556e-09
5.28492e-10
-9.45916e-10
1.74614e-10
-4.09124e-10
-5.9298e-12
-1.00088e-10
-2.05992e-11
-4.77675e-12
-1.13729e-12
-3.23396e-13
)
;

boundaryField
{
    F1_1
    {
        type            calculated;
        value           nonuniform List<scalar> 
80
(
-0.000294924
0.000122279
-0.00050945
0.000458681
-0.000358503
0.000406231
-0.0002377
0.000285437
-0.000183765
7.14367e-05
0.000173288
-7.83981e-05
0.00010452
-6.34887e-05
7.616e-05
-4.81388e-05
5.69851e-05
-3.64799e-05
4.30057e-05
-2.76962e-05
3.25901e-05
-2.10386e-05
2.47404e-05
-1.59709e-05
1.87847e-05
-1.21051e-05
1.4249e-05
-9.15402e-06
1.07889e-05
-6.90217e-06
8.14843e-06
-5.1859e-06
6.13481e-06
-3.88015e-06
4.60136e-06
-2.88897e-06
3.43585e-06
-2.13861e-06
2.55215e-06
-1.57235e-06
1.88404e-06
-1.14661e-06
1.38063e-06
-8.2794e-07
1.00281e-06
-5.90812e-07
7.20212e-07
-4.17254e-07
5.03044e-07
-3.23121e-07
1.37687e-07
3.00023e-07
-1.15227e-07
1.66604e-07
-8.10361e-08
1.06809e-07
-5.05795e-08
6.74409e-08
-3.02995e-08
4.12859e-08
-1.7544e-08
2.44663e-08
-9.8442e-09
1.40504e-08
-5.36303e-09
7.83292e-09
-2.83476e-09
4.2422e-09
-1.44269e-09
2.22568e-09
-6.87696e-10
1.12531e-09
-2.37462e-10
4.83325e-10
-5.31319e-12
1.16444e-10
2.16153e-11
4.96024e-12
1.17987e-12
3.3493e-13
)
;
    }
    F1_2
    {
        type            calculated;
        value           nonuniform List<scalar> 
80
(
0.0202219
-0.0163983
-0.00221358
-0.00121697
2.59815e-06
-0.000273872
0.000174154
-0.000193553
0.000198782
-2.4165e-05
-0.000195616
0.000127058
-0.000147357
0.000113114
-0.000125185
9.47804e-05
-0.000105423
7.8275e-05
-8.76267e-05
6.40727e-05
-7.20916e-05
5.21067e-05
-5.88539e-05
4.21685e-05
-4.77682e-05
3.3999e-05
-3.86e-05
2.73336e-05
-3.10863e-05
2.19251e-05
-2.49694e-05
1.75546e-05
-2.00142e-05
1.40337e-05
-1.60148e-05
1.12042e-05
-1.27959e-05
8.93465e-06
-1.02111e-05
7.11754e-06
-8.13932e-06
5.6651e-06
-6.48163e-06
4.50628e-06
-5.15735e-06
3.58444e-06
-4.09796e-06
2.86756e-06
-3.19004e-06
2.59081e-06
-6.60251e-07
-2.48193e-06
1.3579e-06
-1.67561e-06
1.16344e-06
-1.32862e-06
9.48305e-07
-1.07239e-06
7.78124e-07
-8.73987e-07
6.47071e-07
-7.20812e-07
5.46978e-07
-6.03573e-07
4.69994e-07
-5.1592e-07
3.99734e-07
-4.43868e-07
3.18269e-07
-3.65031e-07
2.32145e-07
-2.76632e-07
1.6351e-07
-2.14195e-07
4.49104e-08
-9.50958e-08
-1.71937e-08
-3.93754e-09
-9.45488e-10
-2.76583e-10
)
;
    }
    F1_3
    {
        type            calculated;
        value           nonuniform List<scalar> 
80
(
-0.0202276
0.0164032
0.0022159
0.00121608
-6.30806e-07
0.000272116
-0.000172264
0.00019172
-0.000196733
2.39786e-05
0.000193584
-0.00012568
0.000145778
-0.000111858
0.000123806
-9.37008e-05
0.000104231
-7.73611e-05
8.66108e-05
-6.3307e-05
7.12358e-05
-5.14704e-05
5.81397e-05
-4.16433e-05
4.71765e-05
-3.35679e-05
3.81129e-05
-2.69814e-05
3.06873e-05
-2.16387e-05
2.46441e-05
-1.73224e-05
1.975e-05
-1.38462e-05
1.58009e-05
-1.10531e-05
1.26234e-05
-8.8134e-06
1.00724e-05
-7.02044e-06
8.02808e-06
-5.58754e-06
6.39264e-06
-4.44445e-06
5.08633e-06
-3.53522e-06
4.04144e-06
-2.82819e-06
3.14603e-06
-2.55527e-06
6.51044e-07
2.44778e-06
-1.33939e-06
1.65262e-06
-1.14766e-06
1.31046e-06
-9.35521e-07
1.05781e-06
-7.67731e-07
8.62195e-07
-6.38549e-07
7.11196e-07
-5.39934e-07
5.95663e-07
-4.64157e-07
5.09345e-07
-3.95079e-07
4.38517e-07
-3.14816e-07
3.60928e-07
-2.29745e-07
2.73663e-07
-1.62005e-07
2.12134e-07
-4.44969e-08
9.42017e-08
1.70324e-08
3.90077e-09
9.36656e-10
2.74218e-10
)
;
    }
    F1_4
    {
        type            calculated;
        value           nonuniform List<scalar> 
80
(
0.000293373
-0.000121824
0.000506199
-0.000455873
0.000356075
-0.000403577
0.000235994
-0.000283467
0.00018238
-7.09667e-05
-0.000171983
7.7765e-05
-0.000103703
6.2968e-05
-7.55483e-05
4.7737e-05
-5.65177e-05
3.61706e-05
-4.26467e-05
2.74581e-05
-3.23139e-05
2.08555e-05
-2.4528e-05
1.58304e-05
-1.86214e-05
1.19974e-05
-1.41238e-05
9.07181e-06
-1.0693e-05
6.83959e-06
-8.07532e-06
5.13845e-06
-6.07924e-06
3.84433e-06
-4.55929e-06
2.86207e-06
-3.40415e-06
2.11853e-06
-2.5284e-06
1.55746e-06
-1.86635e-06
1.13567e-06
-1.36756e-06
8.19979e-07
-9.93233e-07
5.85091e-07
-7.13285e-07
4.13187e-07
-4.98171e-07
3.19953e-07
-1.3636e-07
-2.9708e-07
1.14081e-07
-1.64957e-07
8.02245e-08
-1.05746e-07
5.00673e-08
-6.67627e-08
2.99882e-08
-4.08654e-08
1.73608e-08
-2.42133e-08
9.73969e-09
-1.39028e-08
5.30525e-09
-7.74938e-09
2.80384e-09
-4.19631e-09
1.42683e-09
-2.20133e-09
6.80212e-10
-1.113e-09
2.34905e-10
-4.78072e-10
5.2245e-12
-1.1514e-10
-2.13723e-11
-4.90385e-12
-1.16598e-12
-3.31555e-13
)
;
    }
    F2_1
    {
        type            calculated;
        value           nonuniform List<scalar> 
80
(
0.000294859
-0.000122296
0.000509434
-0.000458691
0.000358495
-0.000406238
0.000237696
-0.000285441
0.000183762
-7.14388e-05
-0.00017329
7.83964e-05
-0.000104522
6.34871e-05
-7.61615e-05
4.81375e-05
-5.69863e-05
3.64789e-05
-4.30065e-05
2.76954e-05
-3.25907e-05
2.1038e-05
-2.47409e-05
1.59705e-05
-1.8785e-05
1.21048e-05
-1.42493e-05
9.1538e-06
-1.07891e-05
6.90201e-06
-8.14857e-06
5.18579e-06
-6.13491e-06
3.88007e-06
-4.60143e-06
2.88892e-06
-3.4359e-06
2.13857e-06
-2.55219e-06
1.57233e-06
-1.88407e-06
1.14659e-06
-1.38065e-06
8.27929e-07
-1.00281e-06
5.90805e-07
-7.20217e-07
4.1725e-07
-5.03046e-07
3.23121e-07
-1.37687e-07
-3.00022e-07
1.15228e-07
-1.66603e-07
8.10362e-08
-1.06809e-07
5.05797e-08
-6.74408e-08
3.02996e-08
-4.12858e-08
1.75442e-08
-2.44662e-08
9.84429e-09
-1.40503e-08
5.36309e-09
-7.83287e-09
2.83481e-09
-4.24216e-09
1.44272e-09
-2.22565e-09
6.87715e-10
-1.12529e-09
2.37473e-10
-4.83317e-10
5.31834e-12
-1.16441e-10
-2.16135e-11
-4.9592e-12
-1.17917e-12
-3.35328e-13
)
;
    }
    F2_2
    {
        type            calculated;
        value           nonuniform List<scalar> 
80
(
-0.0202221
0.0163983
0.00221358
0.00121697
-2.60253e-06
0.000273863
-0.000174164
0.000193543
-0.000198791
2.41571e-05
0.000195609
-0.000127064
0.000147352
-0.000113119
0.000125181
-9.47848e-05
0.000105419
-7.82785e-05
8.76236e-05
-6.40755e-05
7.2089e-05
-5.21089e-05
5.88519e-05
-4.21703e-05
4.77666e-05
-3.40004e-05
3.85987e-05
-2.73347e-05
3.10853e-05
-2.1926e-05
2.49686e-05
-1.75553e-05
2.00136e-05
-1.40343e-05
1.60143e-05
-1.12046e-05
1.27955e-05
-8.93502e-06
1.02108e-05
-7.11783e-06
8.13907e-06
-5.66533e-06
6.48142e-06
-4.50646e-06
5.15719e-06
-3.58459e-06
4.09783e-06
-2.86767e-06
3.18994e-06
-2.59089e-06
6.60186e-07
2.48187e-06
-1.35795e-06
1.67556e-06
-1.16349e-06
1.32858e-06
-9.48342e-07
1.07235e-06
-7.78152e-07
8.73962e-07
-6.47092e-07
7.20794e-07
-5.46993e-07
6.03562e-07
-4.70003e-07
5.15913e-07
-3.99738e-07
4.43865e-07
-3.1827e-07
3.65031e-07
-2.32144e-07
2.76634e-07
-1.63508e-07
2.14197e-07
-4.49087e-08
9.5097e-08
1.71944e-08
3.93788e-09
9.45564e-10
2.76824e-10
)
;
    }
    F2_3
    {
        type            calculated;
        value           nonuniform List<scalar> 
80
(
0.0202275
-0.0164032
-0.0022159
-0.00121607
6.266e-07
-0.000272124
0.000172254
-0.000191729
0.000196724
-2.39864e-05
-0.000193591
0.000125674
-0.000145784
0.000111853
-0.000123811
9.36965e-05
-0.000104235
7.73576e-05
-8.66139e-05
6.33042e-05
-7.12383e-05
5.14682e-05
-5.81417e-05
4.16416e-05
-4.71781e-05
3.35665e-05
-3.81141e-05
2.69803e-05
-3.06883e-05
2.16378e-05
-2.46449e-05
1.73217e-05
-1.97506e-05
1.38456e-05
-1.58015e-05
1.10527e-05
-1.26238e-05
8.81304e-06
-1.00727e-05
7.02016e-06
-8.02834e-06
5.58731e-06
-6.39285e-06
4.44427e-06
-5.0865e-06
3.53507e-06
-4.04157e-06
2.82808e-06
-3.14612e-06
2.55519e-06
-6.51108e-07
-2.44784e-06
1.33934e-06
-1.65266e-06
1.14761e-06
-1.3105e-06
9.35485e-07
-1.05784e-06
7.67703e-07
-8.62219e-07
6.38528e-07
-7.11214e-07
5.39919e-07
-5.95675e-07
4.64148e-07
-5.09352e-07
3.95074e-07
-4.38519e-07
3.14815e-07
-3.60928e-07
2.29746e-07
-2.73661e-07
1.62007e-07
-2.12131e-07
4.44986e-08
-9.42005e-08
-1.70317e-08
-3.90043e-09
-9.36581e-10
-2.73978e-10
)
;
    }
    F2_4
    {
        type            calculated;
        value           nonuniform List<scalar> 
80
(
-0.000293437
0.000121807
-0.000506215
0.000455863
-0.000356082
0.000403571
-0.000235999
0.000283463
-0.000182382
7.09646e-05
0.000171981
-7.77667e-05
0.000103701
-6.29696e-05
7.55469e-05
-4.77383e-05
5.65166e-05
-3.61716e-05
4.26459e-05
-2.74588e-05
3.23133e-05
-2.08561e-05
2.45275e-05
-1.58308e-05
1.8621e-05
-1.19977e-05
1.41235e-05
-9.07203e-06
1.06929e-05
-6.83975e-06
8.07519e-06
-5.13857e-06
6.07914e-06
-3.84442e-06
4.55922e-06
-2.86213e-06
3.40411e-06
-2.11857e-06
2.52836e-06
-1.55749e-06
1.86633e-06
-1.13568e-06
1.36754e-06
-8.1999e-07
9.93224e-07
-5.85098e-07
7.1328e-07
-4.13191e-07
4.98169e-07
-3.19954e-07
1.36361e-07
2.9708e-07
-1.14081e-07
1.64958e-07
-8.02243e-08
1.05746e-07
-5.00671e-08
6.67628e-08
-2.99881e-08
4.08656e-08
-1.73607e-08
2.42134e-08
-9.73959e-09
1.39029e-08
-5.30519e-09
7.74943e-09
-2.80379e-09
4.19634e-09
-1.4268e-09
2.20135e-09
-6.80193e-10
1.11302e-09
-2.34895e-10
4.7808e-10
-5.21941e-12
1.15143e-10
2.13741e-11
4.90488e-12
1.16667e-12
3.31159e-13
)
;
    }
    defaultFaces
    {
        type            empty;
    }
}


// ************************************************************************* //
