/*--------------------------------*- C++ -*----------------------------------*\
| =========                 |                                                 |
| \\      /  F ield         | OpenFOAM: The Open Source CFD Toolbox           |
|  \\    /   O peration     | Version:  5.x                                   |
|   \\  /    A nd           | Web:      www.OpenFOAM.org                      |
|    \\/     M anipulation  |                                                 |
\*---------------------------------------------------------------------------*/
FoamFile
{
    version     2.0;
    format      ascii;
    class       volScalarField;
    location    "2.2";
    object      gradTx;
}
// * * * * * * * * * * * * * * * * * * * * * * * * * * * * * * * * * * * * * //

dimensions      [0 -1 0 1 0 0 0];

internalField   nonuniform List<scalar> 
6300
(
272.934
273.933
275.897
278.755
282.398
286.67
291.367
296.233
300.955
305.174
308.491
310.489
310.764
308.963
304.814
271.913
272.946
274.98
277.949
281.746
286.222
291.177
296.353
301.437
306.055
309.788
312.19
312.822
311.29
307.292
269.836
270.936
273.108
276.292
280.393
285.274
290.742
296.545
302.362
307.798
312.394
315.642
317.025
316.065
312.388
266.637
267.832
270.2
273.695
278.239
283.715
289.949
296.7
303.644
310.359
316.325
320.938
323.549
323.537
320.396
262.222
263.533
266.144
270.027
275.132
281.375
288.615
296.641
305.134
313.648
321.588
328.213
332.677
334.119
331.812
256.474
257.913
260.793
265.114
270.866
278.013
286.475
296.091
306.579
317.486
328.142
337.627
344.802
348.43
347.4
249.266
250.83
253.98
258.749
265.181
273.316
283.158
294.645
307.58
321.554
335.844
349.326
360.451
367.378
368.323
240.471
242.142
245.525
250.698
257.773
266.887
278.174
291.727
307.519
325.281
344.328
363.355
380.274
392.28
396.381
229.985
231.722
235.259
240.723
248.306
258.263
270.902
286.548
305.463
327.695
352.806
379.465
404.98
425.061
434.441
217.741
219.481
223.046
228.608
236.442
246.935
260.6
278.074
300.064
327.205
359.708
396.688
435.086
468.508
487.323
203.737
205.397
208.816
214.202
221.899
232.413
246.469
265.06
289.49
321.324
362.101
412.459
470.132
526.525
563.71
188.055
189.534
192.598
197.468
204.517
214.328
227.779
246.184
271.485
306.47
354.882
420.877
506.418
603.706
680.814
170.875
172.071
174.557
178.535
184.356
192.583
204.114
220.39
243.769
278.16
330.046
409.711
530.913
701.017
877.318
152.482
153.301
155.005
157.743
161.771
167.516
175.683
187.472
205.017
232.329
277.398
356.97
506.456
792.066
1255.39
133.255
133.629
134.405
135.644
137.453
140.009
143.611
148.777
156.478
168.715
190.221
234.279
345.825
705.316
2142.15
298.918
291.636
282.67
272.149
260.253
247.199
233.231
218.598
203.542
188.294
173.057
158.009
143.299
129.041
115.326
102.213
89.7395
77.9217
66.7577
56.232
46.3181
36.9816
28.1831
19.8801
12.0292
4.58707
-2.48799
-9.23582
-15.6937
-21.8963
-27.8753
-33.6595
-39.2747
-44.7437
-50.086
-55.3184
-60.4541
-65.5038
-70.4753
-75.374
-80.2035
-84.966
-89.6633
-94.2968
-98.8683
-103.38
-107.835
-112.237
-116.59
-120.896
-125.157
-129.375
-133.548
-137.673
-141.745
-145.757
-149.701
-153.569
-157.352
-161.042
-164.633
-168.118
-171.49
-174.741
-177.862
-180.838
-183.653
-186.285
-188.706
-190.884
-192.783
-194.362
-195.583
-196.403
-196.784
-196.693
-196.1
-194.981
-193.323
-191.116
-188.361
-185.069
-181.259
-176.96
-172.212
-167.068
-161.588
-155.845
-149.919
-143.893
301.417
294.044
284.898
274.119
261.91
248.512
234.187
219.204
203.822
188.28
172.79
157.533
142.655
128.273
114.472
101.307
88.8121
76.9974
65.8568
55.3698
45.5056
36.2262
27.4888
19.2482
11.4591
4.07685
-2.94147
-9.63622
-16.0451
-22.2028
-28.1412
-33.8891
-39.4724
-44.914
-50.2334
-55.4472
-60.5686
-65.6079
-70.5723
-75.4666
-80.2935
-85.0545
-89.7503
-94.3818
-98.9504
-103.458
-107.909
-112.306
-116.655
-120.958
-125.219
-129.439
-133.617
-137.75
-141.832
-145.855
-149.811
-153.691
-157.485
-161.186
-164.787
-168.282
-171.665
-174.93
-178.07
-181.071
-183.918
-186.589
-189.056
-191.287
-193.242
-194.881
-196.159
-197.034
-197.466
-197.416
-196.856
-195.76
-194.112
-191.904
-189.136
-185.816
-181.963
-177.606
-172.784
-167.55
-161.967
-156.11
-150.062
-143.913
306.558
298.994
289.463
278.141
265.274
251.153
236.086
220.383
204.333
188.195
172.195
156.517
141.309
126.682
112.713
99.4524
86.9209
75.1198
64.0325
53.6291
43.8701
34.7094
26.0979
17.9852
10.3219
3.06061
-3.84335
-10.4314
-16.7419
-22.8097
-28.6668
-34.3421
-39.8616
-45.2482
-50.5218
-55.6988
-60.7922
-65.8114
-70.7627
-75.6494
-80.4723
-85.2312
-89.9249
-94.553
-99.116
-103.616
-108.057
-112.444
-116.782
-121.079
-125.338
-129.562
-133.75
-137.899
-142.002
-146.049
-150.031
-153.936
-157.753
-161.474
-165.093
-168.606
-172.01
-175.302
-178.477
-181.526
-184.436
-187.186
-189.748
-192.087
-194.159
-195.919
-197.317
-198.306
-198.839
-198.877
-198.383
-197.334
-195.709
-193.5
-190.705
-187.331
-183.394
-178.921
-173.95
-168.535
-162.741
-156.649
-150.351
-143.948
314.645
306.764
296.594
284.376
270.436
255.149
238.901
222.063
204.972
187.918
171.141
154.832
139.136
124.153
109.951
96.5629
83.9949
72.2321
61.242
50.9798
41.3922
32.4213
24.008
16.0942
8.62473
1.54823
-5.18223
-11.6093
-17.7717
-23.7044
-29.4394
-35.0056
-40.4292
-45.7334
-50.9384
-56.0608
-61.1132
-66.1043
-71.0386
-75.9169
-80.7373
-85.4962
-90.1893
-94.8138
-99.3686
-103.856
-108.28
-112.648
-116.969
-121.253
-125.507
-129.735
-133.939
-138.114
-142.251
-146.339
-150.362
-154.307
-158.159
-161.91
-165.553
-169.089
-172.518
-175.843
-179.065
-182.183
-185.186
-188.056
-190.764
-193.27
-195.526
-197.478
-199.066
-200.234
-200.928
-201.101
-200.713
-199.736
-198.149
-195.941
-193.108
-189.656
-185.596
-180.952
-175.758
-170.065
-163.944
-157.484
-150.792
-143.987
326.186
317.813
306.661
293.081
277.531
260.523
242.561
224.108
205.56
187.246
169.421
152.275
135.945
120.515
106.032
92.5082
79.9267
68.2497
57.4223
47.3785
38.0458
29.3499
21.2183
13.5825
6.38028
-0.444275
-6.94039
-13.1515
-19.1161
-24.8687
-30.4407
-35.861
-41.156
-46.3498
-51.4633
-56.5136
-61.5136
-66.4708
-71.3877
-76.2613
-81.0852
-85.8504
-90.548
-95.1708
-99.7155
-104.183
-108.58
-112.918
-117.209
-121.469
-125.711
-129.943
-134.168
-138.382
-142.572
-146.721
-150.808
-154.81
-158.712
-162.5
-166.17
-169.725
-173.175
-176.531
-179.806
-183.005
-186.128
-189.16
-192.07
-194.814
-197.333
-199.559
-201.421
-202.846
-203.768
-204.132
-203.892
-203.016
-201.483
-199.281
-196.405
-192.856
-188.641
-183.774
-178.283
-172.213
-165.636
-158.654
-151.396
-144.012
341.969
332.848
320.214
304.609
286.718
267.266
246.928
226.288
205.817
185.877
166.73
148.556
131.469
115.528
100.749
87.1135
74.5749
63.0635
52.4945
42.7735
33.8028
25.4864
17.7346
10.4663
3.61104
-2.89125
-9.09119
-15.0316
-20.7495
-26.2776
-31.646
-36.8833
-42.0163
-47.0704
-52.0685
-57.0293
-61.9668
-66.8878
-71.7918
-76.6711
-81.5119
-86.2972
-91.01
-95.6368
-100.17
-104.609
-108.965
-113.252
-117.492
-121.71
-125.927
-130.16
-134.414
-138.684
-142.953
-147.194
-151.374
-155.46
-159.428
-163.26
-166.953
-170.515
-173.968
-177.338
-180.654
-183.939
-187.203
-190.439
-193.616
-196.682
-199.562
-202.168
-204.405
-206.182
-207.414
-208.032
-207.987
-207.243
-205.781
-203.591
-200.671
-197.016
-192.624
-187.496
-181.641
-175.09
-167.911
-160.22
-152.181
-143.994
363.203
352.922
338.029
319.414
298.145
275.276
251.725
228.223
205.313
183.372
162.648
143.285
125.357
108.883
93.8363
80.1595
67.7646
56.5421
46.3679
37.1108
28.64
20.8322
13.5761
6.77613
0.353626
-5.75432
-11.5973
-17.2149
-22.6397
-27.9009
-33.0258
-38.042
-42.9776
-47.8604
-52.7168
-57.5695
-62.4352
-67.3215
-72.225
-77.1305
-82.0133
-86.8437
-91.5921
-96.2343
-100.756
-105.155
-109.445
-113.651
-117.807
-121.952
-126.122
-130.345
-134.636
-138.988
-143.375
-147.754
-152.074
-156.283
-160.341
-164.222
-167.923
-171.463
-174.88
-178.224
-181.549
-184.903
-188.319
-191.803
-195.324
-198.818
-202.186
-205.307
-208.054
-210.302
-211.943
-212.89
-213.088
-212.504
-211.127
-208.956
-205.993
-202.236
-197.669
-192.266
-186.001
-178.871
-170.924
-162.288
-153.18
-143.884
391.762
379.616
361.185
338.025
311.864
284.259
256.445
229.304
203.415
179.125
156.616
135.962
117.171
100.2
84.9731
71.3822
59.2898
48.536
38.9459
30.3409
22.5478
15.4082
8.78463
2.56542
-3.33485
-8.97818
-14.4084
-19.6571
-24.7485
-29.7043
-34.5472
-39.3032
-44.0024
-48.677
-53.36
-58.0817
-62.8656
-67.7234
-72.649
-77.6169
-82.5853
-87.5042
-92.3237
-97.0026
-101.515
-105.856
-110.045
-114.12
-118.137
-122.156
-126.239
-130.434
-134.77
-139.242
-143.809
-148.401
-152.933
-157.324
-161.508
-165.443
-169.127
-172.59
-175.899
-179.138
-182.402
-185.779
-189.34
-193.112
-197.073
-201.137
-205.165
-208.987
-212.422
-215.298
-217.469
-218.829
-219.315
-218.908
-217.616
-215.46
-212.461
-208.622
-203.917
-198.277
-191.608
-183.829
-174.93
-165.036
-154.448
-143.604
430.667
415.336
391.128
360.943
327.649
293.536
260.189
228.578
199.218
172.32
147.924
125.975
106.381
89.0278
73.7789
60.4727
48.9148
38.8817
30.1336
22.4296
15.5421
9.26777
3.43697
-2.0797
-7.36976
-12.4866
-17.4602
-22.3065
-27.0346
-31.6538
-36.1785
-40.6326
-45.0497
-49.4702
-53.9375
-58.4952
-63.1818
-68.0205
-73.0063
-78.0975
-83.2244
-88.3041
-93.2548
-98.0081
-102.519
-106.776
-110.807
-114.674
-118.463
-122.269
-126.193
-130.32
-134.708
-139.36
-144.208
-149.134
-153.998
-158.666
-163.032
-167.029
-170.649
-173.942
-177.018
-180.016
-183.091
-186.394
-190.055
-194.152
-198.676
-203.507
-208.441
-213.224
-217.595
-221.31
-224.166
-226.025
-226.829
-226.586
-225.348
-223.18
-220.139
-216.258
-211.509
-205.77
-198.815
-190.398
-180.366
-168.786
-156.085
-143.006
485.05
463.809
429.654
388.317
344.601
301.705
261.433
224.613
191.477
161.924
135.72
112.615
92.389
74.8506
59.8149
47.075
36.3742
27.4075
19.8479
13.3721
7.68193
2.51618
-2.33665
-7.02592
-11.6303
-16.1789
-20.6743
-25.1062
-29.4596
-33.7229
-37.8966
-42.0019
-46.0805
-50.1852
-54.3752
-58.7151
-63.2718
-68.0997
-73.2064
-78.5222
-83.9278
-89.2866
-94.4681
-99.3606
-103.887
-108.021
-111.805
-115.34
-118.762
-122.215
-125.854
-129.831
-134.268
-139.196
-144.495
-149.956
-155.344
-160.446
-165.089
-169.161
-172.64
-175.61
-178.25
-180.786
-183.454
-186.496
-190.143
-194.577
-199.836
-205.732
-211.934
-218.055
-223.714
-228.559
-232.298
-234.743
-235.849
-235.698
-234.421
-232.155
-229.027
-225.141
-220.528
-215.014
-208.126
-199.295
-188.032
-174.147
-158.267
-141.796
564.309
530.852
478.494
419.091
360.353
306.088
257.709
215.349
178.585
146.719
119.07
95.1329
74.5526
57.0987
42.577
30.7741
21.3706
13.9409
8.03488
3.21541
-0.902851
-4.65717
-8.31865
-12.0688
-15.9469
-19.9256
-23.9592
-27.9997
-31.9965
-35.9051
-39.6987
-43.3971
-47.0622
-50.7675
-54.5884
-58.6155
-62.9652
-67.7719
-73.1012
-78.8141
-84.6957
-90.522
-96.096
-101.239
-105.819
-109.769
-113.159
-116.172
-119.015
-121.895
-125.029
-128.679
-133.122
-138.499
-144.552
-150.884
-157.104
-162.889
-167.967
-172.149
-175.365
-177.753
-179.635
-181.365
-183.28
-185.727
-189.099
-193.814
-200.079
-207.518
-215.544
-223.553
-231.007
-237.399
-242.295
-245.39
-246.682
-246.429
-244.917
-242.374
-239.007
-235.073
-230.843
-226.236
-220.236
-211.694
-199.472
-182.382
-161.3
-139.309
687.409
625.074
537.452
448.878
369.637
301.976
245.307
198.027
158.645
125.457
97.0954
72.843
52.2449
35.1595
21.4617
11.0577
3.56538
-1.67922
-5.30261
-7.91206
-9.97451
-11.9292
-14.1401
-16.8972
-20.0903
-23.5673
-27.2104
-30.935
-34.6409
-38.2354
-41.6222
-44.8265
-47.9743
-51.1731
-54.4962
-58.0439
-61.9944
-66.6869
-72.4399
-78.8599
-85.5411
-92.1196
-98.3429
-103.93
-108.656
-112.326
-115.057
-117.247
-119.217
-121.208
-123.465
-126.385
-130.631
-136.831
-144.208
-151.975
-159.493
-166.35
-172.137
-176.532
-179.284
-180.625
-181.241
-181.678
-182.344
-183.625
-186.125
-190.819
-198.631
-208.462
-219.179
-229.851
-239.83
-248.395
-254.886
-258.634
-259.739
-258.976
-256.899
-253.777
-249.805
-245.432
-241.701
-239.464
-236.007
-229.391
-217.921
-196.367
-165.641
-133.883
897.391
755.652
597.747
465.207
362.232
282.032
219.382
169.335
129.799
97.2605
69.2286
45.3218
24.9156
8.38334
-4.35223
-12.8052
-17.4301
-19.5889
-20.0576
-19.7879
-19.1651
-18.799
-19.145
-21.0694
-23.7988
-26.9454
-30.3214
-33.8763
-37.427
-40.8487
-43.7943
-46.3256
-48.8026
-51.3917
-54.0736
-56.8867
-59.9509
-64.0712
-70.8155
-78.528
-86.5334
-94.2282
-101.506
-107.86
-113.017
-116.236
-117.737
-118.639
-119.392
-120.14
-120.949
-122.182
-125.33
-133.467
-143.307
-153.425
-162.837
-171.356
-178.311
-183.283
-185.239
-184.54
-183.107
-181.664
-180.522
-179.771
-179.991
-183.336
-194.279
-208.128
-222.881
-237.147
-250.69
-262.379
-271.427
-275.683
-275.487
-273.415
-270.385
-266.403
-261.182
-254.864
-250.409
-254.45
-256.324
-254.08
-250.89
-223.559
-171.47
-121.01
1304.98
909.439
621.464
438.929
322.008
236.808
175.308
125.514
90.8898
62.596
35.4504
12.7966
-7.94851
-23.8098
-36.2782
-42.123
-41.9201
-39.8773
-35.8244
-32.1244
-27.9433
-24.6055
-21.8427
-24.0514
-26.8769
-29.9665
-33.1499
-36.8015
-40.3789
-44.1302
-46.5481
-47.8906
-49.46
-51.4686
-53.4562
-55.3633
-56.3832
-57.6743
-67.7957
-77.7734
-87.9733
-96.9376
-106.001
-113.516
-120.168
-122.624
-121.282
-120.246
-119.576
-118.987
-117.823
-115.223
-112.847
-127.653
-142.008
-155.895
-167.469
-178.616
-187.343
-194.38
-195.019
-189.515
-184.991
-181.218
-178.139
-174.518
-169.359
-164.912
-185.742
-206.495
-227.286
-245.485
-264.221
-280.166
-294.869
-299.144
-293.936
-289.234
-285.244
-280.813
-274.138
-261.611
-246.884
-272.555
-282.574
-280.128
-318.623
-286.401
-174.951
-87.9416
2227.48
908.257
493.301
318.134
236.091
157.448
114.376
59.8567
42.8808
26.3026
-4.76228
-22.4344
-47.793
-60.828
-77.6747
-80.0796
-68.9925
-62.9972
-51.0256
-45.1026
-35.4625
-29.5459
-17.3498
-26.1148
-29.5452
-32.8248
-35.2789
-39.8109
-43.0604
-49.3147
-50.8364
-49.1183
-49.4767
-51.5699
-52.9504
-55.1147
-52.4233
-38.561
-64.9824
-76.6994
-91.1936
-99.506
-112.729
-120.416
-133.365
-134.482
-124.391
-121.33
-119.644
-118.666
-116.766
-107.944
-75.6244
-122.491
-141.384
-161.698
-172.717
-189.364
-198.813
-214.691
-213.65
-193.078
-185.796
-179.775
-176.538
-171.48
-157.704
-110.092
-177.316
-204.807
-235.425
-253.052
-281.77
-299.741
-333.33
-336.259
-311.659
-304.029
-300.735
-298.456
-295.522
-271.527
-185.185
-313.198
-326.771
-247.223
-488.188
-463.33
-143.239
-0.0697059
-137.253
-130.117
-123.223
-116.682
-110.585
-104.994
-99.9539
-95.4883
-91.6067
-88.3081
-85.5847
-83.4256
-81.8189
-80.7543
-80.224
-137.142
-129.875
-122.869
-116.24
-110.077
-104.444
-99.3794
-94.9043
-91.0238
-87.7328
-85.0205
-82.8731
-81.2769
-80.2199
-79.6937
-136.907
-129.371
-122.139
-115.332
-109.04
-103.324
-98.2157
-93.7258
-89.8512
-86.579
-83.8914
-81.7695
-80.1955
-79.1549
-78.6373
-136.52
-128.565
-120.983
-113.907
-107.429
-101.598
-96.4332
-91.9321
-88.0763
-84.8405
-82.1966
-80.118
-78.5809
-77.5669
-77.0632
-135.935
-127.386
-119.32
-111.886
-105.169
-99.2041
-93.9876
-89.493
-85.6814
-82.5099
-79.9368
-77.9248
-76.4432
-75.4687
-74.9853
-135.076
-125.723
-117.026
-109.147
-102.158
-96.0621
-90.82
-86.3709
-82.6466
-79.5811
-77.1157
-75.2012
-73.7986
-72.8792
-72.4242
-133.82
-123.403
-113.914
-105.519
-98.254
-92.0661
-86.8595
-82.524
-78.9529
-76.0522
-73.7438
-71.9657
-70.6708
-69.8254
-69.408
-131.967
-120.158
-109.708
-100.762
-93.2724
-87.0887
-82.028
-77.9126
-74.5887
-71.931
-69.8416
-68.247
-67.0934
-66.3437
-65.9744
-129.176
-115.552
-103.997
-94.549
-86.9846
-80.9884
-76.251
-72.5099
-69.5585
-67.2413
-65.4448
-64.0873
-63.1123
-62.4815
-62.1716
-124.825
-108.876
-96.1785
-86.4525
-79.1287
-73.6293
-69.4778
-66.3174
-63.8939
-62.0311
-60.6087
-59.5453
-58.7868
-58.2983
-58.0589
-117.722
-98.9501
-85.3884
-75.9537
-69.4484
-64.9223
-61.7135
-59.388
-57.6686
-56.3806
-55.4136
-54.6984
-54.1915
-53.866
-53.7068
-105.451
-83.8132
-70.4714
-62.5256
-57.7888
-54.8979
-53.0661
-51.8524
-51.0121
-50.4089
-49.9668
-49.6433
-49.4145
-49.2675
-49.1954
-82.9129
-60.3803
-50.1583
-45.8883
-44.2832
-43.8146
-43.8004
-43.9434
-44.1183
-44.2761
-44.4015
-44.4934
-44.5559
-44.5941
-44.612
-39.1849
-24.6367
-23.8932
-26.5861
-29.6413
-32.2767
-34.3774
-36.0026
-37.2417
-38.1758
-38.8697
-39.3729
-39.7216
-39.9408
-40.0466
48.737
24.9118
5.80824
-6.92157
-15.4191
-21.2734
-25.43
-28.4479
-30.6701
-32.3155
-33.5286
-34.407
-35.0166
-35.4011
-35.587
115.274
115.216
115.085
114.852
114.463
113.823
112.763
110.967
107.808
101.888
89.6168
59.9262
-28.7353
-361.837
-1881.11
98.9603
98.5171
97.5824
96.0495
93.7287
90.2999
85.2195
77.5322
65.4707
45.5359
10.2453
-57.6353
-199.498
-508.229
-1093.78
82.9456
82.1517
80.4875
77.786
73.7555
67.9155
59.4779
47.1263
28.5935
-0.157225
-46.4983
-123.826
-254.375
-462.36
-713.024
67.4748
66.3831
64.1056
60.4382
55.0319
47.3278
36.4472
21.0057
-1.19371
-33.638
-81.7225
-153.054
-255.471
-386.832
-506.303
52.7554
51.4315
48.6824
44.2919
37.8978
28.9399
16.5782
-0.426916
-23.871
-56.2617
-100.803
-160.687
-236.458
-319.547
-382.522
38.9493
37.4636
34.3935
29.5315
22.5388
12.9107
-0.07101
-17.3911
-40.3366
-70.4488
-109.231
-157.282
-212.351
-266.219
-302.457
26.1696
24.5906
21.3439
16.246
9.00547
-0.794274
-13.7118
-30.4515
-51.8252
-78.6135
-111.224
-148.998
-189.068
-225.124
-247.545
14.4816
12.871
9.57565
4.44464
-2.75431
-12.3378
-24.7019
-40.2966
-59.5541
-82.7329
-109.629
-139.117
-168.565
-193.49
-208.194
3.90771
2.31718
-0.921633
-5.92403
-12.8611
-21.9529
-33.4514
-47.6008
-64.5603
-84.2686
-106.233
-129.26
-151.199
-168.946
-179.045
-5.56544
-7.09563
-10.1975
-14.9521
-21.4738
-29.8988
-40.3619
-52.955
-67.6583
-84.236
-102.098
-120.155
-136.739
-149.709
-156.905
-13.9793
-15.4202
-18.3287
-22.7555
-28.7668
-36.431
-45.7945
-56.8449
-69.4551
-83.3106
-97.8247
-112.072
-124.784
-134.476
-139.756
-21.3955
-22.7283
-25.4082
-29.4608
-34.9138
-41.7843
-50.0566
-59.652
-70.3874
-81.9268
-93.7351
-105.053
-114.923
-122.304
-126.271
-27.8886
-29.1032
-31.5369
-35.1954
-40.0781
-46.1652
-53.4006
-61.6677
-70.761
-80.3557
-89.9847
-99.0362
-106.789
-112.5
-115.538
-33.5405
-34.6335
-36.8168
-40.0817
-44.4072
-49.7496
-56.0286
-63.1099
-70.7863
-78.7601
-86.6342
-93.9199
-100.071
-104.548
-106.912
-38.4352
-39.4085
-41.3472
-44.2329
-48.0314
-52.6846
-58.1
-64.139
-70.6048
-77.2331
-83.6913
-89.5902
-94.5128
-98.063
-99.926
-42.6556
-43.5146
-45.2214
-47.7515
-51.0631
-55.0909
-59.7387
-64.8719
-70.3101
-75.8235
-81.136
-85.9372
-89.9063
-92.7477
-94.2315
-46.2807
-47.0332
-48.525
-50.7285
-53.5983
-57.0671
-61.0407
-65.3931
-69.9629
-74.553
-78.935
-82.8609
-86.0818
-88.3737
-89.5661
-49.3844
-50.0393
-51.3354
-53.2436
-55.7183
-58.6934
-62.08
-65.7633
-69.6014
-73.4265
-77.0501
-80.2733
-82.9012
-84.7622
-85.7274
-52.0342
-52.6012
-53.7214
-55.3662
-57.4913
-60.0344
-62.9135
-66.0262
-69.2488
-72.4395
-75.4428
-78.0983
-80.2524
-81.7719
-82.5579
-54.2911
-54.7798
-55.7437
-57.1559
-58.9745
-61.1422
-63.5852
-66.2126
-68.9182
-71.5823
-74.0764
-76.271
-78.0436
-79.29
-79.9334
-56.2093
-56.6288
-57.4554
-58.6638
-60.2158
-62.0593
-64.1288
-66.3449
-68.6164
-70.8427
-72.9178
-74.7361
-76.1997
-77.2261
-77.755
-57.8368
-58.1958
-58.9024
-59.9336
-61.2549
-62.8198
-64.5706
-66.4386
-68.346
-70.208
-71.9371
-73.447
-74.659
-75.507
-75.9434
-59.2154
-59.5218
-60.1243
-61.0023
-62.125
-63.4515
-64.9312
-66.5051
-68.1068
-69.6655
-71.1082
-72.3646
-73.3706
-74.0732
-74.4344
-60.3817
-60.6426
-61.1553
-61.9015
-62.8539
-63.9768
-65.2265
-66.5522
-67.8976
-69.2032
-70.4086
-71.4557
-72.2925
-72.8761
-73.1758
-61.3671
-61.5889
-62.0244
-62.6576
-63.4646
-64.4144
-65.4691
-66.5855
-67.716
-68.8104
-69.8186
-70.6927
-71.39
-71.8757
-72.125
-62.1988
-62.3871
-62.7565
-63.2932
-63.9763
-64.7791
-65.669
-66.6092
-67.5593
-68.4773
-69.3215
-70.0522
-70.6343
-71.0393
-71.247
-62.9
-63.0597
-63.3728
-63.8272
-64.4051
-65.0833
-65.8341
-66.626
-67.4248
-68.1955
-68.903
-69.5146
-70.0013
-70.3396
-70.513
-63.4906
-63.6258
-63.891
-64.2757
-64.7644
-65.3373
-65.9707
-66.6378
-67.31
-67.9575
-68.5511
-69.0637
-69.4712
-69.7542
-69.8992
-63.9873
-64.1019
-64.3265
-64.652
-65.0653
-65.5493
-66.0838
-66.6462
-67.2122
-67.7567
-68.2554
-68.6856
-69.0273
-69.2645
-69.386
-64.4047
-64.5018
-64.692
-64.9675
-65.3171
-65.7262
-66.1777
-66.6522
-67.1292
-67.5877
-68.0073
-68.3688
-68.6559
-68.855
-68.957
-64.7548
-64.8371
-64.9983
-65.2317
-65.5277
-65.8739
-66.2556
-66.6564
-67.059
-67.4457
-67.7993
-68.1038
-68.3453
-68.5129
-68.5986
-65.0478
-65.1177
-65.2545
-65.4525
-65.7035
-65.9969
-66.3201
-66.6594
-66.9999
-67.3267
-67.6253
-67.8823
-68.0861
-68.2274
-68.2997
-65.2925
-65.3519
-65.4682
-65.6366
-65.8499
-66.0992
-66.3736
-66.6615
-66.9503
-67.2273
-67.4802
-67.6978
-67.8703
-67.9898
-68.051
-65.4959
-65.5466
-65.6459
-65.7896
-65.9715
-66.184
-66.4178
-66.663
-66.9088
-67.1445
-67.3596
-67.5445
-67.6911
-67.7926
-67.8446
-65.6642
-65.7077
-65.7928
-65.916
-66.0719
-66.2539
-66.4542
-66.6641
-66.8744
-67.076
-67.2598
-67.4179
-67.5431
-67.6299
-67.6742
-65.8023
-65.8399
-65.9134
-66.0196
-66.1542
-66.3112
-66.4839
-66.6648
-66.8461
-67.0197
-67.178
-67.3141
-67.4218
-67.4964
-67.5346
-65.9144
-65.9471
-66.0112
-66.1038
-66.2209
-66.3576
-66.5079
-66.6654
-66.823
-66.974
-67.1116
-67.2299
-67.3235
-67.3883
-67.4215
-66.0039
-66.0327
-66.0892
-66.1708
-66.2741
-66.3946
-66.5271
-66.6657
-66.8046
-66.9375
-67.0586
-67.1627
-67.2451
-67.3021
-67.3313
-66.0733
-66.0992
-66.1497
-66.2229
-66.3154
-66.4233
-66.5419
-66.666
-66.7902
-66.9091
-67.0175
-67.1106
-67.1843
-67.2353
-67.2613
-66.1249
-66.1485
-66.1947
-66.2615
-66.346
-66.4445
-66.5528
-66.6662
-66.7796
-66.8881
-66.987
-67.072
-67.1392
-67.1857
-67.2095
-66.16
-66.1821
-66.2253
-66.2878
-66.3669
-66.459
-66.5603
-66.6663
-66.7723
-66.8738
-66.9662
-67.0456
-67.1084
-67.1519
-67.1741
-66.1799
-66.2011
-66.2426
-66.3027
-66.3787
-66.4672
-66.5645
-66.6663
-66.7682
-66.8657
-66.9545
-67.0307
-67.091
-67.1328
-67.1541
-66.185
-66.206
-66.2471
-66.3066
-66.3817
-66.4694
-66.5656
-66.6664
-66.7672
-66.8636
-66.9514
-67.0268
-67.0865
-67.1278
-67.1489
-66.1755
-66.197
-66.2389
-66.2995
-66.3761
-66.4655
-66.5637
-66.6664
-66.7691
-66.8674
-66.957
-67.0339
-67.0947
-67.1368
-67.1584
-66.1513
-66.1737
-66.2177
-66.2813
-66.3618
-66.4555
-66.5585
-66.6663
-66.7742
-66.8774
-66.9714
-67.0521
-67.1159
-67.1601
-67.1827
-66.1114
-66.1356
-66.183
-66.2515
-66.3381
-66.4391
-66.5501
-66.6663
-66.7825
-66.8937
-66.995
-67.0819
-67.1508
-67.1984
-67.2228
-66.0547
-66.0814
-66.1336
-66.2091
-66.3045
-66.4158
-66.5381
-66.6661
-66.7942
-66.9168
-67.0285
-67.1244
-67.2003
-67.2528
-67.2797
-65.9796
-66.0095
-66.0681
-66.1528
-66.2599
-66.3849
-66.5222
-66.6659
-66.8098
-66.9475
-67.0729
-67.1807
-67.266
-67.325
-67.3552
-65.8837
-65.9178
-65.9845
-66.081
-66.203
-66.3454
-66.5019
-66.6657
-66.8296
-66.9866
-67.1297
-67.2526
-67.3498
-67.4172
-67.4516
-65.7642
-65.8034
-65.8803
-65.9914
-66.132
-66.2961
-66.4764
-66.6653
-66.8543
-67.0354
-67.2004
-67.3422
-67.4544
-67.5322
-67.5719
-65.6174
-65.663
-65.7523
-65.8814
-66.0448
-66.2355
-66.4451
-66.6647
-66.8846
-67.0952
-67.2873
-67.4523
-67.583
-67.6735
-67.7197
-65.4391
-65.4924
-65.5967
-65.7477
-65.9387
-66.1617
-66.407
-66.6639
-66.9213
-67.168
-67.3929
-67.5863
-67.7394
-67.8454
-67.8996
-65.2238
-65.2864
-65.4089
-65.5861
-65.8105
-66.0724
-66.3607
-66.6628
-66.9655
-67.2557
-67.5205
-67.7481
-67.9283
-68.0532
-68.1171
-64.9652
-65.0389
-65.1831
-65.3918
-65.6562
-65.965
-66.3048
-66.6612
-67.0185
-67.361
-67.6737
-67.9426
-68.1557
-68.3034
-68.3789
-64.6555
-64.7424
-64.9126
-65.159
-65.4712
-65.8359
-66.2376
-66.6589
-67.0816
-67.4871
-67.8574
-68.1759
-68.4284
-68.6034
-68.693
-64.2855
-64.3883
-64.5894
-64.8806
-65.2498
-65.6812
-66.1567
-66.6557
-67.1567
-67.6375
-68.0768
-68.455
-68.7549
-68.9628
-69.0692
-63.8444
-63.9659
-64.2037
-64.5483
-64.9851
-65.4961
-66.0595
-66.6513
-67.2457
-67.8166
-68.3387
-68.7883
-69.145
-69.3924
-69.5191
-63.3192
-63.4628
-63.7442
-64.1519
-64.6692
-65.2746
-65.9427
-66.6449
-67.3509
-68.0296
-68.6507
-69.186
-69.6109
-69.9057
-70.0567
-62.6944
-62.8642
-63.1971
-63.6796
-64.2921
-65.0096
-65.8021
-66.636
-67.4751
-68.2826
-69.0222
-69.6602
-70.167
-70.5188
-70.699
-61.952
-62.1527
-62.5463
-63.1171
-63.8424
-64.6927
-65.6329
-66.6233
-67.6212
-68.5826
-69.4641
-70.2253
-70.8304
-71.2508
-71.4661
-61.0705
-61.3076
-61.7726
-62.4476
-63.306
-64.3135
-65.4289
-66.6055
-67.7926
-68.9379
-69.9895
-70.8985
-71.6219
-72.1248
-72.3826
-60.0247
-60.3045
-60.8535
-61.651
-62.6664
-63.8596
-65.1825
-66.5803
-67.993
-69.3582
-70.6136
-71.7003
-72.5662
-73.1686
-73.4777
-58.7851
-59.1148
-59.7622
-60.7035
-61.9034
-63.3157
-64.8843
-66.5448
-68.2263
-69.8545
-71.3545
-72.6552
-73.693
-74.4159
-74.7869
-57.317
-57.7049
-58.4672
-59.5768
-60.9932
-62.6635
-64.5224
-66.4946
-68.4966
-70.4395
-72.2336
-73.7924
-75.0381
-75.9069
-76.3532
-55.5801
-56.0357
-56.9316
-58.2374
-59.9072
-61.8804
-64.0819
-66.4239
-68.8077
-71.1278
-73.2757
-75.1464
-76.6445
-77.6909
-78.2288
-53.5275
-54.0613
-55.1121
-56.6457
-58.611
-60.9391
-63.5441
-66.3241
-69.1631
-71.9352
-74.5099
-76.7587
-78.5639
-79.8271
-80.4773
-51.105
-51.7288
-52.9579
-54.755
-57.0634
-59.8059
-62.8851
-66.1832
-69.5647
-72.8795
-75.9698
-78.6783
-80.8589
-82.3882
-83.1764
-48.2504
-48.9769
-50.4101
-52.51
-55.2148
-58.4394
-62.0742
-65.9846
-70.0123
-73.9793
-77.6943
-80.9638
-83.6053
-85.4628
-86.4219
-44.8925
-45.7353
-47.4004
-49.8459
-53.006
-56.7885
-61.0722
-65.7045
-70.502
-75.2535
-79.7274
-83.6845
-86.8951
-89.1602
-90.3321
-40.9506
-41.9239
-43.8501
-46.6867
-50.3659
-54.7904
-59.8284
-65.3097
-71.0234
-76.72
-82.1187
-86.9224
-90.8401
-93.6152
-95.0546
-36.3346
-37.4525
-39.669
-42.9435
-47.2092
-52.3669
-58.2772
-64.7535
-71.5564
-78.3927
-84.9221
-90.7742
-95.5772
-98.996
-100.775
-30.9442
-32.2199
-34.7549
-38.5136
-43.4345
-49.4216
-56.3335
-63.9708
-72.066
-80.2778
-88.1946
-95.3531
-101.274
-105.514
-107.728
-24.6702
-26.115
-28.9932
-33.2784
-38.9207
-45.8353
-53.8866
-62.8701
-72.4942
-82.3667
-91.9923
-100.79
-108.135
-113.435
-116.217
-17.3957
-19.0173
-22.2569
-27.1028
-33.5252
-41.461
-50.7932
-61.3248
-72.7496
-84.6262
-96.3636
-107.232
-116.414
-123.102
-126.635
-8.99817
-10.799
-14.408
-19.8351
-27.0807
-36.1184
-46.8679
-59.1595
-72.6907
-86.981
-101.336
-114.843
-126.423
-134.958
-139.501
0.646185
-1.32851
-5.30005
-11.3074
-19.3942
-29.5891
-41.873
-56.1337
-72.1042
-89.2895
-106.896
-123.79
-138.541
-149.581
-155.519
11.6575
9.52447
5.21776
-1.33899
-10.2469
-21.6113
-35.5067
-51.9211
-70.6737
-91.3043
-112.947
-134.222
-153.231
-167.742
-175.654
24.1452
21.8821
17.2935
10.258
0.602848
-11.8786
-27.3929
-46.0855
-67.9385
-92.6149
-119.249
-146.224
-171.04
-190.48
-201.278
38.1987
35.8489
31.0633
23.6694
13.4111
-0.0430064
-17.0742
-38.0563
-63.2426
-92.564
-125.312
-159.72
-192.577
-219.211
-234.391
53.8773
51.5009
46.6381
39.0645
28.4339
14.2726
-4.01465
-27.1091
-55.6753
-90.1321
-130.218
-174.288
-218.426
-255.888
-278.036
71.1985
68.8721
64.0885
56.5761
45.9027
31.4487
12.3795
-12.3646
-44.0178
-83.7897
-132.355
-188.802
-248.903
-303.186
-337.048
90.1267
87.9412
83.4258
76.2752
65.9901
51.8239
32.7098
7.17469
-26.724
-71.3402
-129.013
-200.772
-283.408
-364.652
-419.558
110.563
108.619
104.584
98.1424
88.7646
75.6281
57.493
32.5172
-1.99039
-49.8237
-115.887
-205.179
-318.867
-444.39
-540.175
132.338
130.738
127.403
122.039
114.14
102.895
87.0188
64.4725
31.9925
-15.6492
-86.6268
-192.635
-346.09
-544.754
-727.281
155.211
154.05
151.619
147.684
141.828
133.367
121.167
103.317
76.4972
34.727
-33.0389
-147.134
-341.901
-656.294
-1041.1
178.877
178.229
176.868
174.649
171.314
166.424
159.225
148.38
131.374
103.149
52.7203
-45.6057
-254.62
-718.901
-1622.08
202.979
202.89
202.698
202.374
201.864
201.068
199.802
197.707
194.028
186.98
171.735
132.789
9.94084
-476.674
-2830.18
227.126
227.604
228.603
230.213
232.597
236.021
240.935
248.117
259.005
276.488
307.195
369.436
527.111
1062.03
3465.66
250.923
251.94
254.065
257.497
262.587
269.92
280.472
295.934
319.381
356.793
420.735
539.781
782.267
1302.95
2292.89
273.995
275.488
278.6
283.61
291
301.56
316.575
338.182
370.037
418.647
495.975
624.364
844.174
1217.92
1808.01
163.209
66.0032
27.192
7.22471
-4.80514
-12.7432
-18.2718
-22.2523
-25.175
-27.3398
-28.9394
-30.1012
-30.9101
-31.4216
-31.6694
102.996
62.807
33.5457
14.5729
2.00241
-6.66168
-12.8396
-17.3545
-20.7056
-23.2089
-25.0715
-26.432
-27.3834
-27.9871
-28.2801
70.6927
52.0219
32.7547
17.4749
6.09721
-2.30671
-8.56211
-13.2649
-16.825
-19.523
-21.5523
-23.0468
-24.0983
-24.7682
-25.0942
51.3549
41.651
29.1947
17.6671
8.12689
0.556251
-5.36289
-9.9688
-13.543
-16.3014
-18.4046
-19.9691
-21.0781
-21.7882
-22.1348
38.7559
33.1916
24.9897
16.4793
8.78879
2.27234
-3.07563
-7.3892
-10.8274
-13.535
-15.6309
-17.2079
-18.3349
-19.0606
-19.416
30.021
26.5638
20.9989
14.722
8.63538
3.17697
-1.5067
-5.41749
-8.61927
-11.1933
-13.2176
-14.7591
-15.8704
-16.5903
-16.944
23.687
21.3995
17.5027
12.8327
8.04569
3.5436
-0.474479
-3.93815
-6.84707
-9.23326
-11.1397
-12.6089
-13.6777
-14.3742
-14.7177
18.9416
17.3528
14.5433
11.0247
7.25814
3.5741
0.172736
-2.84407
-5.43786
-7.60642
-9.36538
-10.737
-11.7434
-12.4033
-12.7299
15.2994
14.154
12.0763
9.38879
6.41329
3.40831
0.552894
-2.04374
-4.32396
-6.26401
-7.86007
-9.11855
-10.0498
-10.6639
-10.9689
12.4527
11.6025
10.0327
7.95293
5.58893
3.13864
0.753343
-1.46313
-3.4463
-5.16048
-6.58918
-7.72742
-8.57629
-9.13925
-9.41972
10.1964
9.55077
8.3433
6.71444
4.82448
2.82384
0.836554
-1.04454
-2.75542
-4.25522
-5.52
-6.53723
-7.30137
-7.81074
-8.06528
8.38848
7.88918
6.94653
5.65727
4.1369
2.49976
0.846024
-0.74416
-2.21113
-3.51315
-4.62273
-5.52279
-6.20339
-6.65919
-6.8876
6.92728
6.53547
5.79046
4.7606
3.5304
2.18721
0.811361
-0.529347
-1.78137
-2.90473
-3.87097
-4.66074
-5.26151
-5.66556
-5.86855
5.73816
5.42705
4.83221
4.00304
3.00236
1.89735
0.752293
-0.376118
-1.44098
-2.40542
-3.24174
-3.92996
-4.45625
-4.81155
-4.99045
4.7651
4.51566
4.03668
3.3646
2.54676
1.63529
0.681669
-0.267022
-1.17031
-1.99508
-2.71537
-3.31162
-3.76972
-4.08003
-4.2366
3.96525
3.76367
3.37526
2.82737
2.1562
1.40249
0.607624
-0.189455
-0.954174
-1.6573
-2.27513
-2.78923
-3.18583
-3.45528
-3.59148
3.3054
3.14141
2.82458
2.37576
1.82295
1.19828
0.535113
-0.134361
-0.780809
-1.37875
-1.90694
-2.34843
-2.69023
-2.92306
-3.04093
2.75943
2.62529
2.36557
1.99637
1.53961
1.02081
0.466982
-0.0952579
-0.641133
-1.14862
-1.59897
-1.97684
-2.27031
-2.47067
-2.57225
2.30661
2.19639
1.98258
1.67779
1.29934
0.867651
0.404696
-0.0675189
-0.528114
-0.958183
-1.34132
-1.66388
-1.91506
-2.08689
-2.1741
1.93034
1.83941
1.66276
1.41037
1.09603
0.736212
0.348841
-0.0478493
-0.436295
-0.800337
-1.12573
-1.40047
-1.61491
-1.76186
-1.83652
1.61723
1.54195
1.39555
1.18598
0.92431
0.623906
0.299459
-0.0339056
-0.361422
-0.669327
-0.945331
-1.17894
-1.36164
-1.48702
-1.55078
1.35638
1.29388
1.17221
0.997755
0.779489
0.528296
0.256268
-0.024023
-0.300168
-0.560469
-0.79437
-0.99276
-1.14818
-1.25498
-1.30933
1.13894
1.0869
0.985516
0.83996
0.657533
0.447157
0.218815
-0.0170199
-0.249915
-0.469946
-0.668069
-0.836416
-0.968497
-1.05935
-1.10562
0.95764
0.914197
0.829499
0.707769
0.554986
0.378493
0.186564
-0.0120577
-0.208597
-0.394636
-0.562447
-0.705256
-0.817441
-0.894678
-0.934036
0.806506
0.770139
0.699196
0.597144
0.468904
0.320549
0.158962
-0.00854202
-0.17457
-0.331984
-0.474187
-0.595362
-0.690654
-0.756313
-0.789787
0.680627
0.650092
0.590498
0.504706
0.396789
0.271795
0.135468
-0.00605131
-0.146525
-0.279895
-0.400531
-0.503443
-0.584447
-0.640298
-0.668785
0.575952
0.550225
0.499993
0.427632
0.336533
0.23091
0.11558
-0.00428685
-0.123413
-0.236648
-0.339183
-0.426737
-0.495706
-0.543287
-0.567564
0.489144
0.467374
0.424855
0.363571
0.286362
0.196767
0.0988434
-0.00303695
-0.104392
-0.200832
-0.28824
-0.362937
-0.421818
-0.46246
-0.483202
0.417454
0.398932
0.362747
0.31057
0.244793
0.168408
0.0848539
-0.00215162
-0.0887852
-0.171288
-0.246123
-0.31012
-0.360596
-0.395451
-0.413244
0.358626
0.342756
0.311746
0.267012
0.210589
0.145027
0.0732614
-0.00152459
-0.076047
-0.147068
-0.211532
-0.266693
-0.310221
-0.340289
-0.355643
0.310818
0.297095
0.270274
0.231571
0.182733
0.125954
0.0637661
-0.00108061
-0.0657404
-0.127401
-0.183401
-0.231345
-0.269193
-0.295346
-0.308703
0.272539
0.26053
0.237053
0.203167
0.160392
0.110638
0.0561167
-0.000766363
-0.0575169
-0.111664
-0.160865
-0.203007
-0.236287
-0.259289
-0.271039
0.242599
0.231927
0.211061
0.180936
0.142896
0.098633
0.0501071
-0.000544136
-0.0511013
-0.0993612
-0.143232
-0.180822
-0.210517
-0.231047
-0.241535
0.22007
0.210403
0.191499
0.164201
0.129721
0.0895881
0.0455733
-0.000387243
-0.0462809
-0.0901063
-0.129961
-0.16412
-0.191112
-0.209776
-0.219313
0.204254
0.195292
0.177766
0.152452
0.120472
0.0832384
0.0423907
-0.000276848
-0.0428965
-0.0836089
-0.120643
-0.152395
-0.177489
-0.194844
-0.203713
0.194662
0.186129
0.16944
0.145333
0.114872
0.079398
0.0404718
-0.000199696
-0.0408366
-0.0796653
-0.114995
-0.145291
-0.16924
-0.185805
-0.194271
0.190994
0.182628
0.166265
0.142626
0.112751
0.077955
0.0397645
-0.000146523
-0.0400322
-0.0781511
-0.112842
-0.142595
-0.166118
-0.182391
-0.190707
0.193135
0.18468
0.168142
0.144248
0.114048
0.0788688
0.0402519
-0.000110946
-0.0404547
-0.0790172
-0.114117
-0.144225
-0.168031
-0.1845
-0.192918
0.201146
0.192343
0.175126
0.150248
0.118803
0.082169
0.0419517
-8.86926e-05
-0.0421137
-0.0822877
-0.118858
-0.15023
-0.175037
-0.1922
-0.200972
0.215268
0.20585
0.187428
0.160808
0.12716
0.0879573
0.0449171
-7.70913e-05
-0.0450579
-0.0880605
-0.127208
-0.160792
-0.18735
-0.205726
-0.215118
0.23593
0.225609
0.20542
0.176249
0.139373
0.0964098
0.0492391
-7.47495e-05
-0.0493757
-0.0965099
-0.13942
-0.176233
-0.205345
-0.225488
-0.235783
0.263756
0.252218
0.229649
0.197038
0.155814
0.107783
0.055049
-8.13864e-05
-0.0551977
-0.107892
-0.155864
-0.197021
-0.229568
-0.252087
-0.263597
0.299593
0.286487
0.26085
0.223806
0.176979
0.122422
0.0625226
-9.77996e-05
-0.0627013
-0.122553
-0.17704
-0.223785
-0.260752
-0.286329
-0.299401
0.344528
0.329455
0.299969
0.257366
0.203512
0.140769
0.0718851
-0.00012596
-0.0721153
-0.140938
-0.20359
-0.257339
-0.299843
-0.329251
-0.344282
0.399928
0.382428
0.348196
0.298735
0.236216
0.16338
0.0834184
-0.000169251
-0.0837276
-0.163607
-0.236321
-0.2987
-0.348027
-0.382154
-0.399597
0.467477
0.447016
0.406995
0.349171
0.276083
0.190938
0.0974688
-0.000232871
-0.0978943
-0.19125
-0.276227
-0.349122
-0.406762
-0.44664
-0.467021
0.54923
0.525185
0.478153
0.410202
0.324319
0.224275
0.114457
-0.000324459
-0.11505
-0.224709
-0.32452
-0.410134
-0.477828
-0.52466
-0.548595
0.647676
0.619311
0.563833
0.483683
0.382387
0.264397
0.134892
-0.000455013
-0.135723
-0.265006
-0.382668
-0.483587
-0.563378
-0.618575
-0.646786
0.765812
0.732261
0.66664
0.571842
0.452044
0.312514
0.159382
-0.000640213
-0.160552
-0.313371
-0.452439
-0.571709
-0.666
-0.731226
-0.76456
0.90724
0.867475
0.789703
0.677358
0.535398
0.370074
0.188655
-0.000902294
-0.190304
-0.371282
-0.535955
-0.67717
-0.7888
-0.866015
-0.905475
1.07627
1.02907
0.936766
0.803434
0.634971
0.438808
0.223578
-0.00127273
-0.225904
-0.440511
-0.635757
-0.803168
-0.935493
-1.02702
-1.07378
1.27807
1.22199
1.11231
0.953898
0.753774
0.520779
0.26518
-0.00179599
-0.268461
-0.523182
-0.754884
-0.953522
-1.11051
-1.21908
-1.27456
1.51881
1.45211
1.32168
1.13332
0.895396
0.618442
0.31468
-0.00253492
-0.319311
-0.621834
-0.896962
-1.13279
-1.31914
-1.44801
-1.51385
1.80585
1.72647
1.57126
1.34715
1.06411
0.734715
0.373519
-0.00357823
-0.380057
-0.739504
-1.06632
-1.3464
-1.56768
-1.72068
-1.79885
2.148
2.05348
1.86868
1.60189
1.26502
0.873063
0.443396
-0.00505119
-0.452625
-0.879823
-1.26814
-1.60083
-1.86363
-2.04531
-2.13812
2.55577
2.44316
2.22302
1.90527
1.50415
1.03759
0.52631
-0.00713065
-0.539338
-1.04714
-1.50856
-1.90378
-2.21589
-2.43162
-2.54182
3.04171
2.90748
2.64513
2.26652
1.78873
1.23317
0.624604
-0.0100663
-0.642996
-1.24664
-1.79495
-2.26442
-2.63506
-2.8912
-3.02201
3.62083
3.46076
3.14795
2.69663
2.12728
1.46555
0.741019
-0.0142105
-0.766983
-1.48457
-2.13607
-2.69366
-3.13374
-3.43777
-3.59302
4.31106
4.12008
3.74691
3.20868
2.52998
1.74153
0.878743
-0.0200608
-0.915396
-1.76838
-2.54237
-3.20449
-3.72685
-4.08762
-4.27182
5.13389
4.90587
4.46045
3.81826
3.00885
2.06912
1.04147
-0.0283196
-1.09321
-2.10702
-3.02635
-3.81234
-4.43213
-4.86005
-5.07848
6.115
5.8426
5.3106
4.54392
3.57818
2.45774
1.23345
-0.0399781
-1.30649
-2.51125
-3.60289
-4.53557
-5.27062
-5.7779
-6.03678
7.28522
6.95953
6.32367
5.40779
4.2549
2.91847
1.45953
-0.0564357
-1.56265
-2.994
-4.28979
-5.396
-6.26723
-6.8682
-7.1748
8.68155
8.29178
7.53113
6.43618
5.05904
3.46424
1.7252
-0.0796676
-1.87077
-3.57088
-5.1083
-6.41954
-7.45146
-8.16285
-8.52566
10.3485
9.88151
8.97066
7.66048
6.01427
4.11015
2.03658
-0.112461
-2.24207
-4.26069
-6.08382
-7.637
-8.85819
-9.6995
-10.1284
12.3395
11.7794
10.6874
9.11805
7.14854
4.8737
2.40034
-0.15875
-2.69041
-5.08621
-7.24674
-9.08493
-10.5286
-11.5225
-12.0288
14.7195
14.0466
12.7355
10.8534
8.49476
5.77507
2.8236
-0.224086
-3.23306
-6.07508
-8.63343
-10.8067
-12.5114
-13.6838
-14.2808
17.5666
16.7567
15.1801
12.9196
10.0916
6.83734
3.31365
-0.316301
-3.89164
-7.26087
-10.2875
-12.8538
-14.8638
-16.2446
-16.9472
20.9759
19.9991
18.0994
15.3798
11.9844
8.08662
3.87746
-0.446439
-4.69329
-8.68453
-12.261
-15.287
-17.6529
-19.2761
-20.1014
25.0634
23.8822
21.5878
18.3093
14.2259
9.55204
4.52092
-0.630079
-5.67242
-10.3961
-14.6166
-18.1786
-20.9577
-22.8615
-23.8286
29.9709
28.5383
25.7593
21.7974
16.8774
11.2654
5.24758
-0.889171
-6.87273
-12.4571
-17.4295
-21.6135
-24.8701
-27.097
-28.2271
35.8729
34.129
30.752
25.9506
20.0093
13.2606
6.05676
-1.25464
-8.35017
-14.943
-20.7897
-25.6922
-29.4974
-32.0941
-33.41
42.9855
40.8536
36.7337
30.8952
23.7017
15.5716
6.9406
-1.77
-10.1766
-17.9469
-24.8052
-30.5328
-34.9637
-37.9801
-39.5065
51.5782
48.9583
43.9083
36.7806
28.0443
18.2302
7.87967
-2.49644
-12.4449
-21.5839
-29.6058
-36.2734
-41.412
-44.9003
-46.6627
61.9897
58.7501
52.5252
43.7827
33.135
21.2611
8.83644
-3.51981
-15.2753
-25.9964
-35.3465
-43.0755
-49.0058
-53.0188
-55.0422
74.6502
70.6145
62.89
52.1074
39.0768
24.6744
9.74559
-4.96038
-18.8238
-31.3607
-42.2126
-51.1261
-57.9307
-62.5183
-64.8263
90.1126
85.0399
75.3779
61.9926
45.9709
28.4529
10.4999
-6.98604
-23.2932
-37.8949
-50.4245
-60.6407
-68.3946
-73.6002
-76.2125
109.097
102.651
90.4507
73.7081
53.9035
32.5332
10.9298
-9.83028
-28.9467
-45.8679
-60.2423
-71.8647
-80.6274
-86.4823
-89.4119
132.556
124.259
108.677
87.5492
62.9229
36.775
10.7739
-13.8159
-36.1243
-55.6089
-71.9707
-85.0737
-94.8788
-101.395
-104.645
161.776
150.923
130.753
103.819
72.9983
40.9145
9.63796
-19.3858
-45.2626
-67.518
-85.9615
-100.572
-111.413
-118.575
-122.134
198.53
184.057
157.523
122.788
83.95
44.4928
6.93744
-27.1407
-56.9153
-82.0738
-102.613
-118.687
-130.502
-138.255
-142.092
245.334
225.565
189.988
144.606
95.3306
46.7501
1.8221
-37.8841
-71.773
-99.8365
-122.365
-139.758
-152.411
-160.653
-164.715
305.864
278.048
229.26
169.124
106.228
46.4705
-6.91953
-52.6668
-90.6754
-121.442
-145.682
-164.12
-177.381
-185.952
-190.156
385.707
345.091
276.412
195.558
114.945
41.7684
-20.9686
-72.8228
-114.606
-147.579
-173.028
-192.074
-205.608
-214.281
-218.515
493.753
431.618
332.015
221.824
118.497
29.8163
-42.5753
-99.9719
-144.653
-178.939
-204.818
-223.854
-237.209
-245.692
-249.811
644.944
544.16
394.969
243.319
111.876
6.55266
-74.5948
-135.95
-181.919
-216.136
-241.357
-259.577
-272.191
-280.13
-283.965
866.117
690.311
459.628
250.78
87.114
-33.4992
-120.358
-182.612
-227.343
-259.578
-282.756
-299.191
-310.416
-317.416
-320.78
1209.37
874.566
509.119
226.861
32.4537
-96.9906
-183.208
-241.44
-281.442
-309.307
-328.836
-342.421
-351.572
-357.225
-359.927
1785.11
1080.09
500.836
141.932
-67.3203
-190.499
-265.491
-312.924
-343.968
-364.821
-379.039
-388.726
-395.152
-399.081
-400.946
2850.43
1198.27
339.526
-46.9226
-226.867
-317.47
-366.909
-395.787
-413.567
-424.939
-432.385
-437.293
-440.464
-442.365
-443.258
5063.05
765.463
-149.772
-379.182
-448.453
-473.023
-482.603
-486.352
-487.612
-487.778
-487.49
-487.062
-486.653
-486.346
-486.184
298.212
300.13
304.116
310.492
319.808
332.934
351.227
376.797
412.932
464.718
539.691
647.524
794.618
959.042
999.913
322.68
324.912
329.528
336.844
347.387
361.955
381.713
408.317
444.035
491.745
554.46
633.467
723.147
800.087
812.536
344.881
347.278
352.204
359.933
370.904
385.746
405.31
430.68
463.1
503.715
552.879
608.676
664.338
705.539
713.12
364.651
367.079
372.04
379.743
390.509
404.772
423.06
445.949
473.923
507.082
544.608
583.959
619.925
644.544
649.971
381.954
384.31
389.094
396.448
406.575
419.727
436.164
456.089
479.512
506.023
534.462
562.573
586.791
602.675
606.57
396.861
399.073
403.539
410.338
419.573
431.35
445.734
462.687
481.967
502.975
524.584
545.024
561.929
572.729
575.513
409.517
411.542
415.61
421.749
429.985
440.318
452.686
466.915
482.65
499.273
515.817
530.958
543.118
550.741
552.737
420.105
421.927
425.568
431.02
438.254
447.202
457.726
469.587
482.402
495.601
508.399
519.819
528.789
534.324
535.759
428.828
430.448
433.673
438.466
444.766
452.46
461.377
471.255
481.721
492.28
502.306
511.075
517.841
521.951
522.978
435.888
437.321
440.163
444.364
449.837
456.451
464.019
472.281
480.896
489.442
497.418
504.28
509.494
512.608
513.332
441.468
442.739
445.251
448.945
453.722
459.443
465.919
472.904
480.092
487.123
493.593
499.083
503.195
505.603
506.101
445.732
446.87
449.113
452.396
456.617
461.634
467.264
473.276
479.396
485.315
490.698
495.212
498.549
500.46
500.789
448.812
449.848
451.888
454.862
458.669
463.167
468.18
473.491
478.853
483.993
488.625
492.47
495.278
496.85
497.058
450.809
451.777
453.68
456.449
459.982
464.139
468.749
473.608
478.485
483.13
487.288
490.716
493.195
494.554
494.684
451.79
452.724
454.559
457.226
460.622
464.61
469.022
473.659
478.299
482.704
486.634
489.86
492.181
493.438
493.529
774.885
774.417
733.809
601.782
534.611
435.847
368.328
229.89
319.48
347.893
367.375
380.884
408.529
431.519
486.832
489.29
443.763
421.443
388.513
368.432
333.535
296.33
195.932
295.151
332.564
369.442
392.86
435.635
466.945
535.227
540.503
491.478
465
420.993
393.692
345.343
300.758
189.599
278.511
306.949
325.335
334.858
350.155
360.998
386.803
376.534
317.302
286.767
240.856
215.145
175.351
146.413
86.3594
116.734
122.425
118.101
113.951
106.147
101.092
94.1361
84.2805
59.4201
46.7585
29.7935
20.7075
8.94316
2.50913
-5.12009
-10.5898
-15.0714
-22.0811
-26.8884
-33.5273
-38.0212
-43.8335
-44.0418
-34.6822
-29.9528
-16.5467
-9.33133
12.7677
9.66101
-7.50001
87.7944
33.2232
-198.252
-432.741
-916.705
-2263.26
-6618.44
749.185
710.098
662.123
593.1
530.478
466.167
410.731
361.281
365.732
375.726
386.649
398.213
413.391
429.11
446.248
446.611
430.165
411.902
390.72
370.318
346.939
323.004
300.341
322.391
346.395
370.949
393.947
419.962
444.152
468.381
471.679
454.345
432.623
405.144
377.607
345.4
312.925
280.721
292.522
305.237
315.553
323.052
329.968
334.544
336.507
324.256
296.294
268.148
237.338
209.568
180.639
154.255
128.886
123.924
119.876
113.87
106.931
98.7752
90.3058
80.4791
68.3424
52.6304
38.405
24.3641
12.3055
0.850625
-9.0575
-18.4624
-27.1386
-35.5201
-44.3261
-52.9397
-61.8298
-70.3253
-78.4945
-84.8287
-89.024
-93.9994
-99.1509
-107.853
-120.166
-145.544
-184.445
-232.811
-357.588
-590.419
-938.974
-1507.97
-2457.35
-3802.4
688.987
658.504
620.669
575.132
528.715
483.647
444.466
415.006
403.956
402.17
404.95
410.287
417.421
424.604
429.765
428.089
419.141
406.527
391.771
376.462
361.123
347.827
340.353
346.805
359.428
374.697
390.69
406.924
421.319
431.694
432.591
423.56
408.57
389.415
368.285
345.883
324.743
308.513
305.261
307.024
309.884
312.143
313.214
311.919
306.751
294.671
275.62
253.43
229.501
205.711
182.31
160.677
142.064
129.835
120.186
111.02
101.704
91.8928
81.5121
70.1858
57.5875
43.7313
29.8135
16.1039
3.05487
-9.45169
-21.334
-32.8418
-44.1005
-55.3471
-66.8385
-78.5845
-90.6935
-103.094
-115.794
-128.693
-142.242
-157.793
-176.645
-201.18
-234.291
-281.282
-347.765
-443.393
-592.807
-815.943
-1127.77
-1551.44
-2081.66
-2587.61
638.095
617.425
590.235
558.367
524.947
492.593
464.148
442.174
428.79
421.99
419.522
419.723
421.332
422.963
423.083
419.992
413.355
404.199
393.589
382.624
372.345
364.252
360.297
362.327
368.646
377.398
387.09
396.543
404.286
408.672
407.821
401.386
390.543
376.564
360.829
344.585
329.527
317.656
310.821
307.28
305.13
303
299.923
294.929
287.011
275.186
259.526
241.271
221.521
201.343
181.482
162.793
146.087
132.072
119.838
108.424
97.2262
85.8674
74.1156
61.7587
48.6765
34.9509
20.9492
6.9164
-6.95548
-20.6341
-34.1332
-47.5656
-61.0668
-74.8097
-88.974
-103.697
-119.13
-135.423
-152.801
-171.619
-192.575
-216.834
-245.956
-282.16
-328.43
-388.954
-469.119
-576.524
-721.864
-913.747
-1155.49
-1441.46
-1740.88
-1975.57
599.642
585.666
566.472
543.777
519.585
495.857
474.459
456.92
444.096
435.522
430.203
427.084
425.167
423.454
420.982
416.961
411.161
403.934
395.89
387.772
380.398
374.701
371.609
371.664
374.354
378.747
383.836
388.633
392.099
393.208
391.111
385.583
377.057
366.274
354.138
341.612
329.759
319.585
311.681
305.574
300.394
295.272
289.442
282.206
272.954
261.277
247.226
231.317
214.205
196.569
179.011
162.095
146.276
131.781
118.349
105.554
93.0163
80.4433
67.6246
54.4091
40.7232
26.5969
12.1562
-2.47851
-17.2223
-32.0554
-47.0106
-62.1747
-77.6708
-93.6525
-110.293
-127.777
-146.319
-166.183
-187.726
-211.46
-238.147
-268.867
-305.065
-348.643
-402.042
-468.341
-551.244
-655.027
-783.897
-939.736
-1119.53
-1312.11
-1493.29
-1624.29
571.034
561.358
547.692
531.281
513.498
495.709
479.162
464.826
453.23
444.321
437.668
432.668
428.663
424.996
421.073
416.456
410.989
404.812
398.269
391.826
386.016
381.383
378.38
377.197
377.606
379.092
381.005
382.647
383.317
382.376
379.36
374.122
366.847
357.963
348.037
337.705
327.61
318.284
309.991
302.577
295.621
288.611
281.037
272.436
262.439
250.836
237.653
223.145
207.693
191.727
175.661
159.861
144.6
129.999
115.981
102.351
88.8925
75.4077
61.7382
47.7686
33.4341
18.7238
3.669
-11.6921
-27.338
-43.2806
-59.5688
-76.2888
-93.5603
-111.533
-130.384
-150.322
-171.596
-194.516
-219.487
-247.044
-277.905
-313.008
-353.543
-400.981
-457.072
-523.813
-603.296
-697.395
-807.086
-931.224
-1065.12
-1199.15
-1317.95
-1402.4
549.638
542.735
532.81
520.707
507.364
493.722
480.627
468.74
458.447
449.826
442.71
436.776
431.632
426.868
422.124
417.139
411.808
406.19
400.477
394.948
389.921
385.702
382.516
380.43
379.303
378.822
378.566
378.068
376.863
374.544
370.828
365.61
358.978
351.175
342.548
333.489
324.383
315.531
307.074
298.958
290.966
282.804
274.154
264.722
254.284
242.718
230.036
216.376
201.966
187.073
171.969
156.89
142.011
127.416
113.088
98.9375
84.8408
70.6713
56.3158
41.6844
26.7153
11.3746
-4.35129
-20.4714
-37.004
-53.9875
-71.4859
-89.5912
-108.424
-128.133
-148.898
-170.931
-194.489
-219.886
-247.514
-277.863
-311.547
-349.319
-392.076
-440.85
-496.761
-560.93
-634.293
-717.306
-809.461
-908.648
-1010.51
-1108.08
-1192.08
-1252.64
533.494
528.408
521.009
511.863
501.609
490.894
480.306
470.31
461.209
453.12
446.005
439.708
434.011
428.676
423.487
418.288
413.01
407.678
402.396
397.324
392.644
388.519
385.058
382.274
380.065
378.226
376.48
374.514
372.021
368.736
364.473
359.155
352.818
345.6
337.705
329.371
320.824
312.24
303.704
295.194
286.597
277.742
268.436
258.501
247.797
236.252
223.871
210.733
196.975
182.767
168.281
153.671
139.052
124.486
109.977
95.4808
80.9278
66.2353
51.3222
36.1168
20.5604
4.60769
-11.7781
-28.6325
-45.9982
-63.932
-82.5094
-101.828
-122.009
-143.198
-165.57
-189.33
-214.721
-242.033
-271.612
-303.87
-339.293
-378.441
-421.937
-470.432
-524.553
-584.797
-651.387
-724.043
-801.701
-882.204
-962.078
-1036.54
-1099.97
-1146.95
521.237
517.355
511.67
504.561
496.466
487.835
479.081
470.545
462.466
454.969
448.078
441.735
435.831
430.237
424.83
419.519
414.262
409.066
403.99
399.118
394.549
390.366
386.615
383.283
380.291
377.496
374.711
371.724
368.33
364.348
359.653
354.183
347.948
341.022
333.521
325.586
317.349
308.913
300.33
291.593
282.638
273.368
263.667
253.427
242.564
231.033
218.837
206.023
192.676
178.902
164.811
150.504
136.056
121.512
106.881
92.1411
77.2493
62.1493
46.7808
31.0844
15.0049
-1.50843
-18.5042
-36.0329
-54.1514
-72.9281
-92.4457
-112.805
-134.124
-156.544
-180.229
-205.366
-232.175
-260.904
-291.841
-325.308
-361.664
-401.295
-444.59
-491.906
-543.514
-599.518
-659.735
-723.565
-789.831
-856.656
-921.419
-980.875
-1031.52
-1070.21
511.923
508.847
504.328
498.627
492.046
484.903
477.495
470.077
462.84
455.904
449.322
443.091
437.168
431.493
426.001
420.643
415.395
410.259
405.265
400.456
395.881
391.578
387.558
383.796
380.229
376.752
373.233
369.528
365.492
361.001
355.963
350.329
344.094
337.293
329.989
322.262
314.189
305.829
297.213
288.338
279.17
269.651
259.713
249.29
238.332
226.812
214.732
202.121
189.032
175.532
161.692
147.576
133.235
118.699
103.977
89.0545
73.9034
58.482
42.7423
26.6332
10.1024
-6.90297
-24.4375
-42.5595
-61.3341
-80.8357
-101.151
-122.379
-144.636
-168.053
-192.779
-218.982
-246.848
-276.584
-308.413
-342.573
-379.311
-418.864
-461.441
-507.187
-556.138
-608.159
-662.87
-719.565
-777.143
-834.066
-888.387
-937.878
-980.279
-1013.65
504.901
502.363
498.639
493.91
488.389
482.305
475.879
469.304
462.736
456.287
450.02
443.964
438.114
432.451
426.947
421.581
416.34
411.225
406.251
401.438
396.807
392.368
388.117
384.023
380.033
376.066
372.027
367.812
363.316
358.45
353.144
347.357
341.074
334.307
327.089
319.462
311.468
303.141
294.499
285.539
276.242
266.573
256.493
245.961
234.947
223.436
211.43
198.946
186.018
172.69
159.006
145.008
130.73
116.19
101.394
86.331
70.9789
55.3041
39.2659
22.8182
5.91106
-11.5091
-29.4994
-48.1224
-67.447
-87.5504
-108.52
-130.452
-153.458
-177.658
-203.186
-230.187
-258.816
-289.236
-321.614
-356.115
-392.891
-432.066
-473.717
-517.843
-564.332
-612.917
-663.135
-714.281
-765.386
-815.21
-862.298
-905.077
-942.027
-971.88
499.72
497.539
494.35
490.284
485.495
480.155
474.431
468.477
462.421
456.365
450.378
444.502
438.757
433.146
427.665
422.31
417.076
411.965
406.984
402.14
397.439
392.877
388.439
384.095
379.797
375.482
371.077
366.503
361.681
356.542
351.032
345.113
338.766
331.991
324.8
317.213
309.253
300.935
292.271
283.257
273.881
264.122
253.957
243.36
232.315
220.811
208.851
196.446
183.618
170.396
156.808
142.88
128.635
114.084
99.2278
84.0567
68.5506
52.6803
36.4089
19.6936
2.48585
-15.2676
-33.6251
-52.6509
-72.4155
-92.9967
-114.48
-136.961
-160.542
-185.334
-211.456
-239.032
-268.189
-299.053
-331.744
-366.367
-403.002
-441.691
-482.418
-525.085
-569.494
-615.312
-662.05
-709.047
-755.459
-800.282
-842.399
-880.657
-913.978
-941.487
496.067
494.116
491.278
487.649
483.35
478.513
473.272
467.752
462.066
456.305
450.538
444.817
439.171
433.62
428.174
422.836
417.609
412.496
407.5
402.62
397.855
393.194
388.617
384.093
379.581
375.028
370.373
365.554
360.508
355.179
349.521
343.499
337.093
330.294
323.103
315.527
307.575
299.257
290.574
281.526
272.102
262.29
252.075
241.441
230.378
218.879
206.947
194.59
181.823
168.664
155.132
141.246
127.016
112.451
97.5484
82.297
66.6781
50.6642
34.2207
17.3063
-0.126198
-18.1299
-36.7635
-56.0915
-76.185
-97.1213
-118.985
-141.866
-165.863
-191.078
-217.616
-245.584
-275.088
-306.225
-339.077
-373.707
-410.143
-448.37
-488.31
-529.808
-572.615
-616.369
-660.583
-704.642
-747.807
-789.24
-828.045
-863.331
-894.287
-920.263
493.736
491.922
489.295
485.933
481.934
477.408
472.468
467.225
461.778
456.212
450.596
444.985
439.415
433.913
428.496
423.174
417.953
412.836
407.826
402.918
398.106
393.376
388.707
384.068
379.421
374.718
369.907
364.935
359.749
354.299
348.544
342.453
336.003
329.18
321.98
314.403
306.452
298.129
289.434
280.364
270.914
261.072
250.829
240.175
229.102
217.607
205.691
193.361
180.628
167.505
154.004
140.138
125.916
111.339
96.4036
81.0989
65.4057
49.2973
32.7401
15.6938
-1.88825
-20.0587
-38.8763
-58.4057
-78.7175
-99.8887
-122.002
-145.145
-169.411
-194.897
-221.698
-249.909
-279.621
-310.91
-343.836
-378.431
-414.693
-452.568
-491.945
-532.634
-574.36
-616.75
-659.326
-701.511
-742.636
-781.967
-818.744
-852.226
-881.753
-906.801
492.601
490.851
488.323
485.087
481.23
476.852
472.058
466.949
461.619
456.15
450.611
445.056
439.527
434.052
428.651
423.338
418.121
413.002
407.984
403.061
398.224
393.46
388.745
384.049
379.336
374.561
369.675
364.63
359.376
353.867
348.065
341.939
335.464
328.628
321.422
313.842
305.889
297.563
288.861
279.782
270.319
260.464
250.208
239.545
228.468
216.974
205.066
192.749
180.031
166.924
153.437
139.58
125.359
110.775
95.8239
80.4925
64.7623
48.6069
31.9932
14.8811
-2.77554
-21.0294
-39.9389
-59.5688
-79.9895
-101.277
-123.514
-146.787
-171.185
-196.803
-223.731
-252.058
-281.867
-313.223
-346.176
-380.742
-416.904
-454.592
-493.676
-533.952
-575.135
-616.848
-658.621
-699.894
-740.035
-778.361
-814.173
-846.803
-875.656
-900.266
-6547.99
-2294.38
-1211.89
-866.992
-726.34
-655.577
-614.315
-587.87
-569.892
-557.243
-548.208
-541.787
-537.377
-534.61
-533.274
-3778.81
-2461.22
-1632.97
-1194.89
-959.592
-825.215
-743.177
-690.138
-654.316
-629.401
-611.822
-599.469
-591.061
-585.821
-583.303
-2606.8
-2138.68
-1663.87
-1319.97
-1091.91
-942.501
-843.029
-775.18
-727.824
-694.214
-670.202
-653.199
-641.57
-634.302
-630.805
-2007.7
-1822.79
-1563.84
-1329.18
-1145.58
-1009.83
-911.244
-839.718
-787.576
-749.418
-721.565
-701.543
-687.709
-679.005
-674.8
-1657.78
-1580.92
-1439.5
-1287.31
-1151.39
-1039.98
-952.385
-884.861
-833.331
-794.307
-765.088
-743.689
-728.707
-719.198
-714.582
-1434.04
-1403.6
-1325.92
-1229.14
-1132.66
-1046.31
-973.437
-913.997
-866.569
-829.38
-800.779
-779.407
-764.223
-754.489
-749.736
-1281.93
-1273.5
-1231.42
-1170.64
-1103.8
-1039.16
-981.036
-931.109
-889.556
-855.853
-829.232
-808.925
-794.277
-784.789
-780.128
-1174.15
-1177.01
-1155.62
-1118.17
-1072.72
-1025.47
-980.427
-939.833
-904.681
-875.231
-851.357
-832.772
-819.161
-810.251
-805.846
-1095.73
-1104.76
-1095.85
-1073.7
-1043.44
-1009.55
-975.359
-943.1
-914.091
-889.022
-868.182
-851.634
-839.333
-831.196
-827.148
-1037.87
-1050.44
-1049.32
-1037.31
-1017.77
-993.902
-968.348
-943.104
-919.549
-898.57
-880.701
-866.238
-855.329
-848.039
-844.391
-995.119
-1009.8
-1013.65
-1008.44
-996.43
-979.925
-961.013
-941.406
-922.417
-904.996
-889.802
-877.275
-867.693
-861.227
-857.973
-964.009
-979.967
-987.029
-986.367
-979.563
-968.341
-954.359
-939.078
-923.703
-909.181
-896.224
-885.353
-876.929
-871.192
-868.29
-942.286
-959.016
-968.117
-970.419
-967.099
-959.502
-948.991
-936.83
-924.123
-911.786
-900.549
-890.972
-883.464
-878.31
-875.691
-928.509
-945.68
-955.988
-960.079
-958.897
-953.565
-945.259
-935.114
-924.159
-913.278
-903.202
-894.508
-887.631
-882.882
-880.46
-921.821
-939.193
-950.064
-954.996
-954.831
-950.587
-943.352
-934.196
-924.107
-913.953
-904.46
-896.213
-889.657
-885.116
-882.794
)
;

boundaryField
{
    hot
    {
        type            calculated;
        value           nonuniform List<scalar> 
120
(
272.682
271.652
269.559
266.337
261.894
256.114
248.876
240.056
229.554
217.311
203.328
187.691
170.581
152.281
133.163
115.288
99.0682
83.1395
67.7421
53.0803
39.3148
26.5589
14.8797
4.30175
-5.1855
-13.6208
-21.0632
-27.5854
-33.2672
-38.1914
-42.4402
-46.0918
-49.2198
-51.8916
-54.1681
-56.1037
-57.7463
-59.1382
-60.3159
-61.3112
-62.1513
-62.8597
-63.4564
-63.9584
-64.3802
-64.734
-65.0302
-65.2774
-65.4831
-65.6532
-65.7928
-65.9062
-65.9966
-66.0668
-66.1189
-66.1544
-66.1745
-66.1797
-66.1701
-66.1456
-66.1053
-66.048
-65.972
-65.8751
-65.7542
-65.6059
-65.4256
-65.208
-64.9466
-64.6335
-64.2596
-63.8138
-63.2829
-62.6516
-61.9013
-61.0107
-59.9541
-58.7019
-57.2191
-55.4652
-53.393
-50.9479
-48.0676
-44.6805
-40.7061
-36.054
-30.6243
-24.3084
-16.9901
-8.54851
1.1384
12.1882
24.707
38.7807
54.4646
71.7721
90.6642
111.04
132.729
155.495
179.036
203.001
227.009
250.675
273.63
297.741
322.131
344.29
364.05
381.369
396.311
409.012
419.65
428.423
435.528
441.149
445.446
448.551
450.564
451.554
)
;
    }
    cold
    {
        type            calculated;
        value           nonuniform List<scalar> 
120
(
-80.0917
-79.5625
-78.5082
-76.9376
-74.865
-72.311
-69.3043
-65.8828
-62.0948
-57.9996
-53.6674
-49.1776
-44.6164
-40.0726
-35.6327
-31.7304
-28.3523
-25.1746
-22.2204
-19.5039
-17.0317
-14.803
-12.8111
-11.0449
-9.4897
-8.12888
-6.94476
-5.91941
-5.03533
-4.27591
-3.62571
-3.07058
-2.59781
-2.19607
-1.85533
-1.56686
-1.32304
-1.11729
-0.943968
-0.798237
-0.675977
-0.573694
-0.488441
-0.417739
-0.359522
-0.312078
-0.274008
-0.244185
-0.221723
-0.205954
-0.19641
-0.192809
-0.195045
-0.203189
-0.217491
-0.238386
-0.266506
-0.302706
-0.348081
-0.404006
-0.472173
-0.554645
-0.653915
-0.772985
-0.915448
-1.0856
-1.28858
-1.53049
-1.81861
-2.16157
-2.56966
-3.05506
-3.63225
-4.31835
-5.13365
-6.10216
-7.25222
-8.61726
-10.2366
-12.1566
-14.4314
-17.1244
-20.3095
-24.0722
-28.5116
-33.7412
-39.8904
-47.1055
-55.5501
-65.405
-76.8666
-90.1444
-105.456
-123.02
-143.047
-165.723
-191.197
-219.56
-250.826
-284.907
-321.604
-360.587
-401.401
-443.474
-486.143
-532.946
-582.685
-629.947
-673.767
-713.444
-748.562
-778.973
-804.751
-826.139
-843.479
-857.157
-867.56
-875.031
-879.849
-882.208
)
;
    }
    interface_left
    {
        type            calculated;
        value           nonuniform List<scalar> 
90
(
-3134.63
-1467.35
-837.685
-554.264
-404.041
-313.575
-253.979
-212.246
-181.76
-158.808
-141.138
-127.301
-116.322
-107.52
-100.403
-94.6108
-89.8702
-85.9732
-82.7578
-80.0969
-77.8893
-76.0541
-74.526
-73.2517
-72.1881
-71.2996
-70.5569
-69.9359
-69.4167
-68.9827
-68.6203
-68.318
-68.0664
-67.8577
-67.6854
-67.5443
-67.4298
-67.3387
-67.2679
-67.2155
-67.1797
-67.1595
-67.1543
-67.1638
-67.1884
-67.2289
-67.2864
-67.3628
-67.4603
-67.5819
-67.7314
-67.9134
-68.1333
-68.398
-68.7156
-69.0961
-69.5511
-70.0949
-70.7446
-71.5207
-72.4478
-73.5559
-74.8809
-76.4663
-78.3652
-80.6423
-83.3765
-86.6656
-90.6302
-95.4212
-101.229
-108.294
-116.93
-127.543
-140.675
-157.061
-177.725
-204.135
-238.475
-284.149
-346.789
-436.469
-573.099
-801.153
-1234.36
-2204.33
-4791.54
5449.63
2926.33
2163.55
)
;
    }
    interface_right
    {
        type            calculated;
        value           nonuniform List<scalar> 
90
(
234.251
125.409
78.8256
54.833
40.502
31.0211
24.318
19.3678
15.6015
12.6745
10.3636
8.51708
7.0278
5.81775
4.82876
4.01661
3.34712
2.79352
2.3346
1.95341
1.63631
1.37222
1.15212
0.96864
0.815711
0.688354
0.582462
0.494651
0.422139
0.362639
0.314288
0.275575
0.245297
0.222514
0.20652
0.196819
0.193109
0.195272
0.203371
0.217649
0.238538
0.266673
0.302906
0.348338
0.404352
0.472649
0.555308
0.654846
0.774294
0.917293
1.08821
1.29225
1.53567
1.82592
2.1719
2.58424
3.07565
3.6613
4.35937
5.19156
6.18392
7.36763
8.78019
10.4667
12.4814
14.8899
17.7718
21.2236
25.363
30.3345
36.3159
43.5278
52.2454
62.8161
75.6819
91.4128
110.754
134.699
164.595
202.319
250.567
313.348
396.917
511.622
675.955
926.426
1344.41
2137.51
3909.49
8623.26
)
;
    }
    interface_top
    {
        type            calculated;
        value           nonuniform List<scalar> 
90
(
774.885
774.417
733.809
601.782
534.611
435.847
368.328
229.89
319.48
347.893
367.375
380.884
408.529
431.519
486.832
489.29
443.763
421.443
388.513
368.432
333.535
296.33
195.932
295.151
332.564
369.442
392.86
435.635
466.945
535.227
540.503
491.478
465
420.993
393.692
345.343
300.758
189.599
278.511
306.949
325.335
334.858
350.155
360.998
386.803
376.534
317.302
286.767
240.856
215.145
175.351
146.413
86.3594
116.734
122.425
118.101
113.951
106.147
101.092
94.1361
84.2805
59.4201
46.7585
29.7935
20.7075
8.94316
2.50913
-5.12009
-10.5898
-15.0714
-22.0811
-26.8884
-33.5273
-38.0212
-43.8335
-44.0418
-34.6822
-29.9528
-16.5467
-9.33133
12.7677
9.66101
-7.50001
87.7944
33.2232
-198.252
-432.741
-916.705
-2263.26
-6618.44
)
;
    }
    interface_bottom
    {
        type            calculated;
        value           nonuniform List<scalar> 
90
(
2227.48
908.257
493.301
318.134
236.091
157.448
114.376
59.8567
42.8808
26.3026
-4.76228
-22.4344
-47.793
-60.828
-77.6747
-80.0796
-68.9925
-62.9972
-51.0256
-45.1026
-35.4625
-29.5459
-17.3498
-26.1148
-29.5452
-32.8248
-35.2789
-39.8109
-43.0604
-49.3147
-50.8364
-49.1183
-49.4767
-51.5699
-52.9504
-55.1147
-52.4233
-38.561
-64.9824
-76.6994
-91.1936
-99.506
-112.729
-120.416
-133.365
-134.482
-124.391
-121.33
-119.644
-118.666
-116.766
-107.944
-75.6244
-122.491
-141.384
-161.698
-172.717
-189.364
-198.813
-214.691
-213.65
-193.078
-185.796
-179.775
-176.538
-171.48
-157.704
-110.092
-177.316
-204.807
-235.425
-253.052
-281.77
-299.741
-333.33
-336.259
-311.659
-304.029
-300.735
-298.456
-295.522
-271.527
-185.185
-313.198
-326.771
-247.223
-488.188
-463.33
-143.239
-0.0697059
)
;
    }
    defaultFaces
    {
        type            empty;
    }
}


// ************************************************************************* //
