/*--------------------------------*- C++ -*----------------------------------*\
| =========                 |                                                 |
| \\      /  F ield         | OpenFOAM: The Open Source CFD Toolbox           |
|  \\    /   O peration     | Version:  5.x                                   |
|   \\  /    A nd           | Web:      www.OpenFOAM.org                      |
|    \\/     M anipulation  |                                                 |
\*---------------------------------------------------------------------------*/
FoamFile
{
    version     2.0;
    format      ascii;
    class       volScalarField;
    location    "5.1";
    object      gradTy;
}
// * * * * * * * * * * * * * * * * * * * * * * * * * * * * * * * * * * * * * //

dimensions      [0 -1 0 1 0 0 0];

internalField   nonuniform List<scalar> 
6300
(
1076.81
1230.84
1386.05
1543.2
1703.03
1866.17
2033.2
2204.55
2380.53
2561.23
2746.54
2936.1
3129.3
3325.27
3522.92
-0.59675
-1.77805
-2.92174
-3.9996
-4.97904
-5.82199
-6.48469
-6.91878
-7.07411
-6.90358
-6.37009
-5.45492
-4.16589
-2.54309
-0.659222
-1.00817
-3.00524
-4.94277
-6.7755
-8.45022
-9.90371
-11.0618
-11.8409
-12.1519
-11.9086
-11.04
-9.50589
-7.31299
-4.52774
-1.27877
-1.43887
-4.29195
-7.06855
-9.70926
-12.1425
-14.2806
-16.0178
-17.2308
-17.7836
-17.5386
-16.3752
-14.2153
-11.0521
-6.97581
-2.18239
-1.89418
-5.65509
-9.33014
-12.8504
-16.1297
-19.0582
-21.4979
-23.2808
-24.2128
-24.0867
-22.7068
-19.9277
-15.7043
-10.1409
-3.51789
-2.3769
-7.10398
-11.7463
-16.2324
-20.4674
-24.3243
-27.6344
-30.1811
-31.6997
-31.8883
-30.437
-27.0837
-21.6958
-14.3649
-5.47606
-2.88635
-8.63753
-14.3187
-19.8651
-25.1831
-30.137
-34.5339
-38.1091
-40.5163
-41.3291
-40.0686
-36.274
-29.6301
-20.1463
-8.32669
-3.4173
-10.2409
-17.0258
-23.7259
-30.2625
-36.5062
-42.2544
-47.2046
-50.9266
-52.8424
-52.2337
-48.3128
-40.4036
-28.2632
-12.4829
-3.95916
-11.8829
-19.8173
-27.7497
-35.6343
-43.3703
-50.7722
-57.5275
-63.1424
-66.8793
-67.71
-64.3392
-55.4075
-40.0194
-18.6433
-4.49554
-13.514
-22.6105
-31.8211
-41.1542
-50.5679
-59.9357
-68.99
-77.2352
-83.8214
-87.3867
-85.9256
-76.8671
-57.7634
-28.1355
-5.00443
-15.067
-25.2891
-35.7697
-46.5928
-57.8106
-69.4118
-81.2606
-92.9858
-103.783
-112.089
-115.108
-108.371
-86.0313
-43.8858
-5.45952
-16.4604
-27.7088
-39.3752
-51.6359
-64.6693
-78.6393
-93.6536
-109.663
-126.236
-142.075
-154.047
-155.476
-134.104
-73.6483
-5.83264
-17.6061
-29.7102
-42.3858
-55.9057
-70.5902
-86.8213
-105.05
-125.775
-149.42
-175.925
-203.526
-225.382
-221.257
-142.643
-6.09748
-18.4209
-31.1397
-44.5513
-59.0103
-74.9637
-93.0041
-113.95
-138.966
-169.742
-208.678
-258.749
-321.264
-382.896
-350.196
-6.23371
-18.8402
-31.8759
-45.6689
-60.6194
-77.249
-96.2806
-118.776
-146.394
-181.901
-230.293
-301.524
-418.024
-638.861
-1150.97
3704.47
3868.92
4031.96
4192.78
4350.6
4504.73
4654.52
4799.4
4938.91
5072.64
5200.25
5321.48
5436.11
5543.98
5644.95
5738.92
5825.85
5905.7
5978.45
6044.14
6102.8
6154.5
6199.32
6237.38
6268.79
6293.7
6312.24
6324.57
6330.87
6331.29
6326.01
6315.2
6299.04
6277.68
6251.29
6220.05
6184.09
6143.59
6098.68
6049.52
5996.26
5939.05
5878.03
5813.35
5745.14
5673.55
5598.71
5520.75
5439.79
5355.94
5269.32
5180.02
5088.14
4993.78
4897.04
4798.02
4696.8
4593.51
4488.25
4381.12
4272.25
4161.74
4049.71
3936.28
3821.55
3705.66
3588.71
3470.83
3352.16
3232.84
3113.03
2992.93
2872.71
2752.62
2632.88
2513.74
2395.48
2278.38
2162.73
2048.8
1936.89
1827.26
1720.2
1615.95
1514.72
1416.74
1322.15
1231.1
1143.67
1059.89
1.21645
2.96325
4.68815
6.3349
7.85915
9.23084
10.4343
11.4665
12.3344
13.0512
13.6336
14.0989
14.4631
14.7399
14.9401
15.0717
15.1406
15.1512
15.107
15.0112
14.8674
14.6792
14.451
14.1873
13.8933
13.5742
13.235
12.881
12.5172
12.1481
11.7778
11.4098
11.0469
10.6909
10.3426
10.002
9.66857
9.34098
9.0179
8.69819
8.38123
8.06713
7.7569
7.45225
7.15549
6.86904
6.59509
6.33512
6.08959
5.85769
5.63737
5.42552
5.21834
5.01182
4.80235
4.58715
4.36466
4.13465
3.89809
3.65677
3.41279
3.16791
2.92292
2.67716
2.42822
2.17191
1.90253
1.61338
1.29751
0.94852
0.561362
0.132965
-0.33735
-0.847751
-1.39404
-1.97004
-2.56802
-3.17929
-3.79456
-4.40424
-4.9985
-5.56725
-6.09992
-6.58543
-7.01218
-7.36847
-7.64327
-7.82719
-7.91371
-7.90014
1.96032
4.97268
7.93705
10.7523
13.3408
15.6521
17.6628
19.3724
20.7976
21.9658
22.9089
23.6587
24.244
24.688
25.0086
25.2184
25.3262
25.3382
25.2593
25.0942
24.8484
24.5279
24.14
23.6926
23.1943
22.654
22.0805
21.4826
20.8689
20.2471
19.6244
19.0068
18.3991
17.8042
17.2237
16.6573
16.1034
15.5595
15.0229
14.4911
13.9626
13.4376
12.9177
12.4064
11.9079
11.4271
10.9682
10.5342
10.1263
9.74306
9.38085
9.03385
8.69492
8.35652
8.01183
7.65568
7.28528
6.90044
6.50335
6.09787
5.6885
5.27915
4.87195
4.46624
4.05806
3.63999
3.2017
2.73088
2.21464
1.64107
1.00072
0.287834
-0.498911
-1.35623
-2.27656
-3.2488
-4.25931
-5.2929
-6.33366
-7.36545
-8.37203
-9.33679
-10.2423
-11.07
-11.7998
-12.4112
-12.8841
-13.201
-13.3495
-13.3242
2.60745
7.05214
11.4017
15.4975
19.2228
22.5075
25.3261
27.6892
29.6326
31.2061
32.4639
33.4573
34.2299
34.8156
35.2383
35.5138
35.6517
35.658
35.5375
35.2955
34.9387
34.4756
33.9166
33.2732
32.5579
31.7836
30.9632
30.1093
29.2342
28.3496
27.4658
26.5919
25.7348
24.8991
24.0866
23.2966
22.5259
21.7699
21.0232
20.2812
19.5411
18.8026
18.0684
17.3441
16.637
15.9556
15.3073
14.6978
14.1293
13.6001
13.1043
12.6324
12.1726
11.7121
11.2396
10.7465
10.2284
9.68556
9.12234
8.54618
7.96576
7.38886
6.82033
6.26037
5.70355
5.13857
4.54905
3.91509
3.21562
2.43102
1.54572
0.550226
-0.557716
-1.77288
-3.08326
-4.47144
-5.91638
-7.39524
-8.88475
-10.3621
-11.805
-13.1908
-14.4961
-15.6946
-16.7574
-17.6528
-18.3489
-18.8167
-19.035
-18.9939
3.12451
9.26859
15.2315
20.7763
25.7391
30.0342
33.6456
36.6108
39.0005
40.9013
42.4001
43.5742
44.4854
45.1781
45.6805
46.0079
46.1671
46.1608
45.9912
45.6626
45.1825
44.5621
43.8153
42.958
42.0072
40.9803
39.8946
38.767
37.614
36.4514
35.2937
34.1534
33.0404
31.9612
30.9179
29.9088
28.9281
27.9674
27.0174
26.0694
25.118
24.1621
23.2058
22.2576
21.3301
20.437
19.5914
18.8031
18.0766
17.4099
16.7941
16.2145
15.6518
15.0858
14.4977
13.874
13.208
12.5007
11.7607
11.0014
10.2387
9.48723
8.75705
8.05068
7.36146
6.67317
5.96104
5.19429
4.3398
3.36659
2.25002
0.975145
-0.461518
-2.05183
-3.77734
-5.61174
-7.52404
-9.48164
-11.4528
-13.4079
-15.3194
-17.1605
-18.9029
-20.5142
-21.9554
-23.181
-24.1419
-24.7914
-25.0935
-25.0306
3.49032
11.7466
19.6642
26.8941
33.2176
38.5459
42.8967
46.3619
49.0737
51.1765
52.8052
54.0712
55.0571
55.8162
56.376
56.7456
56.9223
56.9003
56.6754
56.2493
55.6302
54.8324
53.8748
52.7791
51.5679
50.2636
48.8882
47.4632
46.0097
44.5483
43.0984
41.6775
40.2996
38.9734
37.7021
36.4821
35.3035
34.1519
33.0107
31.8646
30.7035
29.5244
28.3332
27.1436
25.9756
24.8521
23.795
22.8214
21.9397
21.1482
20.4339
19.7739
19.1379
18.493
17.8091
17.0643
16.2486
15.3649
14.4285
13.4632
12.497
11.5566
10.6611
9.81785
9.01957
8.24357
7.45313
6.60122
5.63633
4.50991
3.18356
1.63431
-0.142832
-2.1349
-4.31341
-6.63871
-9.06532
-11.5474
-14.0429
-16.5154
-18.9341
-21.2712
-23.4977
-25.5778
-27.4628
-29.0894
-30.3825
-31.2657
-31.6767
-31.5839
3.70505
14.7126
25.0869
34.3168
42.129
48.4647
53.4227
57.1971
60.0233
62.1345
63.7322
64.9713
65.9554
66.7409
67.3456
67.7607
67.9637
67.9317
67.6494
67.1139
66.335
65.3326
64.1333
62.7667
61.2626
59.6493
57.9534
56.2008
54.4171
52.6287
50.8616
49.1402
47.4843
45.9071
44.4129
42.9959
41.6403
40.3217
39.0113
37.682
36.3152
34.9047
33.4588
31.999
30.5574
29.1719
27.879
26.7077
25.6736
24.7759
23.9961
23.2991
22.6373
21.9569
21.2087
20.3573
19.3875
18.3058
17.1384
15.9266
14.719
13.5619
12.4905
11.5209
10.6462
9.83537
9.03435
8.17143
7.16603
5.94169
4.43867
2.62217
0.485906
-1.94891
-4.63755
-7.5192
-10.5261
-13.5933
-16.6654
-19.6997
-22.6655
-25.5403
-28.3027
-30.9214
-33.3417
-35.4773
-37.2126
-38.4191
-38.9847
-38.8503
3.8196
18.5902
32.1572
43.7801
53.1655
60.3658
65.6509
69.3957
72.0003
73.8294
75.1734
76.2362
77.1373
77.9237
78.586
79.0786
79.3412
79.3209
78.9852
78.3264
77.359
76.1136
74.6299
72.9495
71.1119
69.1512
67.0978
64.9803
62.8287
60.6758
58.5566
56.506
54.5533
52.7189
51.0101
49.4191
47.9216
46.4775
45.0367
43.5511
41.9876
40.334
38.6022
36.8259
35.0567
33.3562
31.786
30.3945
29.2094
28.232
27.4372
26.7722
26.1617
25.5169
24.7551
23.8193
22.6861
21.3684
19.9108
18.3829
16.8667
15.4427
14.172
13.0861
12.1799
11.412
10.7038
9.94586
9.01011
7.77389
6.14435
4.06973
1.54382
-1.3981
-4.68437
-8.21989
-11.9004
-15.6324
-19.3425
-22.9829
-26.528
-29.9714
-33.3147
-36.5504
-39.6304
-42.4411
-44.8039
-46.4948
-47.3003
-47.1056
4.00557
24.2003
42.0257
56.4641
67.3467
75.0229
80.0944
83.2326
85.0903
86.2188
87.0151
87.7299
88.4796
89.2808
90.0659
90.7229
91.1209
91.1595
90.7811
89.978
88.7777
87.2326
85.4041
83.3535
81.1328
78.7812
76.3289
73.8037
71.2368
68.6689
66.1475
63.7253
61.4467
59.3446
57.4322
55.7026
54.1208
52.6234
51.1214
49.5275
47.7846
45.8708
43.805
41.6376
39.4522
37.3483
35.4311
33.7797
32.4414
31.421
30.687
30.1627
29.7314
29.2411
28.5484
27.5618
26.2465
24.6289
22.7809
20.8188
18.8782
17.0994
15.5844
14.3892
13.5116
12.8998
12.4419
11.9737
11.2843
10.17
8.48857
6.16489
3.19863
-0.353452
-4.37419
-8.71355
-13.2024
-17.7045
-22.1213
-26.4044
-30.538
-34.5474
-38.4823
-42.4041
-46.3072
-50.0499
-53.363
-55.8452
-57.056
-56.7635
4.75986
33.2211
56.77
74.2664
86.1439
93.43
97.3206
98.9121
99.2283
99.0842
98.9718
99.1705
99.7454
100.658
101.728
102.737
103.415
103.595
103.186
102.198
100.69
98.7566
96.4952
93.9992
91.339
88.5534
85.6619
82.6839
79.6436
76.592
73.5928
70.7349
68.0832
65.6944
63.5881
61.7708
60.1956
58.7733
57.3361
55.7158
53.8251
51.6242
49.1517
46.4729
43.7282
41.0692
38.6912
36.712
35.2136
34.1954
33.6328
33.4173
33.3839
33.2549
32.7629
31.776
30.2402
28.2196
25.8135
23.2223
20.6552
18.375
16.5348
15.2338
14.4594
14.1645
14.1938
14.3191
14.1692
13.3818
11.7566
9.18448
5.6962
1.36534
-3.60582
-8.99245
-14.4859
-19.8999
-25.0929
-30.0414
-34.727
-39.2307
-43.6685
-48.2844
-53.2145
-58.2767
-63.118
-67.0255
-68.9756
-68.4869
7.59248
49.3154
80.229
100.158
111.552
116.727
117.859
116.43
114.031
111.907
110.483
110.072
110.528
111.812
113.478
115.231
116.431
116.884
116.425
115.173
113.219
110.757
107.928
104.886
101.73
98.4821
95.1241
91.6584
88.0712
84.4443
80.8391
77.4525
74.346
71.6421
69.3328
67.4954
66.0551
64.9494
63.8192
62.2982
60.3174
57.7735
54.8005
51.408
47.8857
44.3904
41.3817
38.957
37.299
36.3184
36.0834
36.4143
37.1788
37.7959
37.6945
36.7848
34.9367
32.3697
29.1171
25.5954
22.0234
19.0212
16.7129
15.3242
14.7205
14.9663
15.811
17.064
17.9757
17.8031
16.3916
13.5265
9.41027
4.00933
-2.23603
-9.11445
-15.8806
-22.4106
-28.4135
-34.0542
-39.1751
-44.0063
-48.5958
-53.7095
-59.9291
-66.8192
-74.2151
-81.0222
-84.405
-83.4127
17.7338
80.9756
119.507
138.34
145.913
145.843
142.081
135.343
128.436
123.717
120.532
119.724
120.113
122.413
125.102
128.518
130.516
131.484
130.801
129.154
126.476
123.28
119.665
115.93
112.251
108.565
104.738
100.804
96.5523
92.2616
87.7674
83.763
80.0258
77.018
74.3945
72.6447
71.4295
71.1575
70.8618
69.5397
67.6173
64.5378
61.0501
56.5269
52.0015
47.008
43.2285
40.0954
38.4062
37.3654
37.7164
38.7846
41.1833
43.3692
43.7877
43.1429
40.6661
37.5047
32.8063
28.0389
22.5692
18.6664
15.5653
14.2823
13.7568
14.9041
16.8388
20.2993
23.3419
24.0072
23.1186
19.6687
14.9732
7.86818
0.0444091
-9.39899
-17.6161
-25.681
-32.2559
-38.8158
-44.0405
-49.1298
-52.7682
-57.5416
-65.6779
-74.6327
-86.1594
-99.9489
-106.133
-103.599
56.4339
148.218
187.147
192.739
191.277
180.276
170.585
154.497
139.687
133.317
127.158
127.647
126.943
132.452
135.675
143.842
146.085
148.455
146.563
144.615
140.477
136.402
131.573
126.891
122.779
118.85
114.501
110.405
105.087
100.369
93.9874
89.6859
84.6524
81.8379
78.1955
77.0214
75.4429
77.3972
79.3799
77.6428
76.581
71.8872
68.7885
61.6465
56.7892
47.8754
44.1421
39.1528
38.5775
36.4061
38.3148
39.237
45.4922
51.4859
51.4101
52.1371
47.3797
44.8511
36.5934
31.492
20.8574
17.1558
11.7982
12.1487
10.383
13.707
15.6686
24.135
32.1305
32.4478
33.5326
27.604
24.0047
12.7613
4.6564
-11.4499
-19.5713
-31.097
-36.1203
-45.5002
-49.1008
-56.3421
-55.3061
-56.5307
-70.2473
-78.742
-94.8439
-129.826
-140.415
-132.856
223.573
291.57
302.789
257.293
250.372
212.822
208.3
171.809
138.785
142.612
124.211
137.289
124.824
145.782
139.127
167.698
161.467
171.564
162.406
163.228
154.387
150.609
143.27
137.03
133.044
129.738
123.902
121.764
112.758
110.873
97.2128
96.6633
86.0846
87.8506
78.4427
81.9815
74.3699
83.5967
93.2555
84.7742
90.7755
76.9405
82.3503
63.4773
67.4195
41.284
46.8656
31.8553
41.0484
29.5731
40.3348
32.0113
50.1791
68.3434
57.8777
69.0298
50.8848
60.4488
35.8369
42.9142
9.1638
18.0315
-0.186789
13.0638
-0.318164
14.4731
5.13291
28.6502
51.9764
39.7843
54.0466
32.1859
44.0449
13.1361
20.7916
-24.9976
-16.6229
-45.8748
-33.7097
-60.5051
-48.917
-75.4721
-54.5869
-37.53
-82.3342
-71.8953
-76.339
-194.824
-200.828
-178.178
1043.91
516.676
500.093
266.296
353.57
197.8
292.048
184.124
84.8128
183.911
75.93
183.71
74.5742
198.869
91.8493
241.664
153.334
222.392
163.873
195.75
161.001
169.94
153.377
143.919
142.323
144.265
127.975
143.006
110.169
138.328
81.5547
118.078
69.7361
109.949
60.0425
102.994
49.0451
89.1699
133.249
71.0463
133.53
54.2772
130.875
32.4503
121.358
-10.9833
79.2379
-10.2985
73.2787
-9.28431
69.8346
-13.3651
54.8677
126.425
33.2122
128.107
14.4858
125.257
-10.5547
113.126
-63.9019
57.9091
-57.4887
52.3278
-51.5903
49.9867
-52.7191
33.4386
122.967
9.02427
126.576
-11.7904
125.669
-42.0233
113.886
-116.542
40.5068
-120.294
24.8037
-130.782
6.19287
-162.916
-48.355
70.5506
-173.971
-43.6168
106.386
-421.793
-302.499
-253.807
971.76
880.797
794.838
713.626
636.847
564.139
495.112
429.358
366.467
306.029
247.642
190.915
135.464
80.919
26.9132
-7.77695
-7.5103
-7.1293
-6.65659
-6.11642
-5.5319
-4.92302
-4.30567
-3.69136
-3.08747
-2.49782
-1.92331
-1.36265
-0.812931
-0.270181
-13.1083
-12.644
-11.9839
-11.1692
-10.2434
-9.24697
-8.21452
-7.17282
-6.14076
-5.13003
-4.14624
-3.19016
-2.25894
-1.34715
-0.447649
-18.6679
-17.9732
-16.9929
-15.7928
-14.4406
-12.9979
-11.5151
-10.0302
-8.56871
-7.14556
-5.76687
-4.43209
-3.13577
-1.86905
-0.62091
-24.5663
-23.5876
-22.2212
-20.5681
-18.7282
-16.7886
-14.8177
-12.8639
-10.9582
-9.1165
-7.34349
-5.63549
-3.98293
-2.37235
-0.787838
-30.9364
-29.5892
-27.7358
-25.5297
-23.1151
-20.6104
-18.1027
-15.6494
-13.2834
-11.0186
-8.855
-6.78334
-4.78803
-2.84953
-0.945923
-37.9465
-36.0964
-33.6023
-30.6992
-27.5917
-24.4348
-21.3329
-18.3474
-15.5073
-12.8192
-10.2744
-7.85472
-5.53625
-3.29176
-1.09223
-45.82
-43.2472
-39.8773
-36.0724
-32.117
-28.2038
-24.4463
-20.8994
-17.579
-14.4763
-11.5685
-8.82476
-6.2104
-3.68898
-1.22345
-54.8632
-51.1945
-46.5866
-41.5955
-36.5996
-31.8167
-27.3486
-23.2247
-19.4325
-15.9383
-12.6983
-9.66525
-6.79147
-4.03026
-1.33601
-65.5013
-60.0803
-53.6786
-47.1227
-40.8687
-35.114
-29.9063
-25.2177
-20.9878
-17.1459
-13.621
-10.3463
-7.25987
-4.3045
-1.42634
-78.3017
-69.9453
-60.9236
-52.3471
-44.6379
-37.8638
-31.9442
-26.7515
-22.1548
-18.0361
-14.2932
-10.8388
-7.5971
-4.50147
-1.49114
-93.8816
-80.4741
-67.7223
-56.7033
-47.4709
-39.7585
-33.2548
-27.6887
-22.8433
-18.55
-14.6768
-11.1183
-7.78817
-4.61307
-1.52787
-112.267
-90.3462
-72.7869
-59.272
-48.783
-40.4437
-33.6274
-27.9045
-22.9794
-18.6437
-14.7453
-11.1691
-7.8241
-4.63467
-1.5351
-130.109
-95.8551
-73.8059
-58.8139
-47.9444
-39.6051
-32.9058
-27.3221
-22.5258
-18.2996
-14.4914
-10.9887
-7.70426
-4.56635
-1.51291
-129.765
-89.1574
-67.7663
-54.232
-44.5749
-37.1256
-31.0682
-25.9518
-21.5017
-17.5373
-13.9316
-10.5899
-7.43775
-4.41347
-1.46309
-6.24184
-18.8643
-31.9152
-45.7223
-60.6864
-77.3309
-96.3836
-118.919
-146.626
-182.351
-231.32
-304.156
-425.217
-657.997
-1188.14
-6.14297
-18.5582
-31.3716
-44.8847
-59.4599
-75.5595
-93.8065
-115.079
-140.67
-172.545
-213.722
-268.579
-341.311
-422.054
-402.149
-5.95425
-17.9754
-30.3418
-43.3092
-57.174
-72.2963
-89.1271
-108.24
-130.351
-156.276
-186.623
-220.588
-251.839
-255.999
-160.868
-5.68724
-17.1526
-28.8945
-41.11
-54.0145
-67.846
-82.8623
-99.3169
-117.382
-136.934
-157.008
-174.48
-181.181
-158.892
-76.9496
-5.35706
-16.1376
-27.118
-38.432
-50.2105
-62.5722
-75.5977
-89.275
-103.379
-117.228
-129.197
-135.848
-130.652
-103.21
-43.0007
-4.98067
-14.9838
-25.1097
-35.4309
-46.0013
-56.8367
-67.8799
-78.9355
-89.5532
-98.8274
-105.08
-105.443
-95.5695
-70.2823
-26.9626
-4.57525
-13.7445
-22.9654
-32.2566
-41.6076
-50.9563
-60.1527
-68.8992
-76.6589
-82.5237
-85.0517
-82.1463
-71.1896
-49.8766
-18.2892
-4.15677
-12.4691
-20.7722
-29.0404
-37.215
-45.1814
-52.7375
-59.5473
-65.0797
-68.5362
-68.7955
-64.44
-54.0008
-36.6054
-13.0817
-3.73912
-11.2
-18.6029
-25.8891
-32.9666
-39.6911
-45.8401
-51.0822
-54.9413
-56.7681
-55.7433
-50.958
-41.6421
-27.5897
-9.70703
-3.3335
-9.97098
-16.5144
-22.8824
-28.9632
-34.6
-39.5722
-43.5771
-46.2137
-46.9799
-45.3019
-40.6219
-32.5721
-21.2337
-7.39577
-2.94834
-8.80718
-14.5477
-20.0748
-25.2679
-29.97
-33.9757
-37.022
-38.7845
-38.8885
-36.9447
-32.6255
-25.7856
-16.6132
-5.7467
-2.58942
-7.72545
-12.7291
-17.4989
-21.9134
-25.8233
-29.0452
-31.358
-32.5069
-32.2188
-30.2369
-26.3792
-20.6187
-13.1689
-4.53295
-2.26019
-6.73554
-11.0728
-15.1696
-18.909
-22.1541
-24.7456
-26.5021
-27.227
-26.7251
-24.8315
-21.4539
-16.6249
-10.5482
-3.61772
-1.9622
-5.8415
-9.58322
-13.0884
-16.2476
-18.9386
-21.0257
-22.3622
-22.7987
-22.1976
-20.4563
-17.5365
-13.4973
-8.52038
-2.91422
-1.69553
-5.04293
-8.25787
-11.2472
-13.9112
-16.1424
-17.8267
-18.847
-19.0906
-18.4619
-16.8993
-14.3961
-11.0207
-6.92944
-2.36506
-1.45914
-4.33629
-7.08912
-9.63186
-11.8751
-13.7257
-15.0888
-15.8711
-15.9882
-15.3744
-13.9953
-11.8614
-9.04124
-5.66697
-1.93096
-1.2513
-3.71594
-6.06619
-8.22442
-10.1115
-11.6476
-12.7539
-13.3568
-13.3932
-12.8184
-11.6151
-9.8032
-7.44643
-4.65566
-1.58428
-1.06982
-3.17498
-5.17654
-7.00517
-8.5916
-9.86771
-10.7686
-11.2359
-11.2225
-10.6986
-9.65764
-8.12324
-6.15294
-3.83917
-1.30505
-0.912276
-2.70592
-4.40694
-5.95405
-7.28711
-8.3483
-9.0842
-9.44861
-9.40634
-8.93763
-8.04272
-6.7459
-5.0979
-3.17565
-1.07858
-0.776187
-2.30115
-3.74416
-5.05153
-6.17133
-7.05471
-7.6577
-7.94364
-7.88619
-7.47257
-6.70682
-5.61236
-4.23327
-2.63351
-0.893825
-0.659124
-1.95328
-3.17554
-4.27919
-5.21968
-5.95577
-6.45129
-6.67706
-6.6133
-6.25197
-5.59912
-4.67643
-3.52183
-2.18852
-0.74237
-0.558782
-1.65533
-2.68924
-3.62014
-4.4099
-5.02384
-5.43213
-5.61149
-5.54697
-5.23376
-4.67875
-3.9015
-2.93445
-1.82186
-0.617706
-0.473027
-1.40086
-2.27445
-3.05905
-3.72218
-4.23466
-4.5719
-4.71522
-4.65329
-4.38342
-3.91266
-3.25835
-2.4481
-1.51877
-0.514745
-0.39992
-1.18404
-1.92143
-2.5823
-3.13904
-3.56714
-3.84628
-3.96144
-3.90396
-3.67254
-3.27398
-2.72347
-2.04441
-1.26754
-0.42946
-0.337724
-0.999675
-1.62152
-2.17784
-2.64519
-3.00302
-3.23451
-3.32751
-3.27537
-3.0777
-2.74079
-2.27784
-1.70863
-1.05881
-0.358643
-0.284898
-0.843146
-1.36711
-1.83513
-2.22739
-2.52661
-2.71887
-2.79432
-2.74783
-2.57952
-2.29511
-1.90597
-1.4288
-0.885026
-0.299713
-0.240088
-0.710416
-1.15153
-1.54503
-1.87416
-2.12445
-2.28434
-2.3458
-2.30485
-2.16193
-1.92213
-1.5952
-1.19523
-0.740079
-0.250581
-0.202114
-0.597969
-0.968997
-1.29961
-1.57567
-1.78504
-1.91813
-1.96837
-1.93266
-1.81159
-1.60965
-1.33515
-0.999949
-0.618979
-0.209546
-0.169952
-0.502758
-0.814521
-1.09206
-1.32347
-1.49858
-1.60942
-1.65062
-1.61972
-1.51739
-1.34755
-1.11724
-0.836445
-0.517639
-0.175217
-0.142719
-0.422154
-0.683801
-0.916543
-1.11036
-1.25674
-1.34907
-1.38292
-1.35636
-1.27007
-1.12741
-0.934376
-0.699331
-0.432695
-0.146448
-0.119654
-0.353899
-0.573148
-0.768044
-0.930178
-1.05243
-1.12931
-1.15717
-1.13447
-1.06187
-0.942256
-0.780675
-0.584147
-0.361364
-0.122295
-0.100104
-0.296054
-0.4794
-0.642289
-0.777678
-0.879628
-0.943569
-0.966515
-0.947228
-0.886312
-0.786232
-0.651234
-0.48719
-0.301341
-0.101974
-0.0835081
-0.246959
-0.399854
-0.535624
-0.648391
-0.73321
-0.786291
-0.805178
-0.788881
-0.737943
-0.654448
-0.541959
-0.40537
-0.250702
-0.0848324
-0.069388
-0.205191
-0.332195
-0.44493
-0.538506
-0.608823
-0.652749
-0.668268
-0.654583
-0.612174
-0.542794
-0.449414
-0.3361
-0.207841
-0.0703254
-0.0573318
-0.169532
-0.274442
-0.367535
-0.444768
-0.502758
-0.538928
-0.55163
-0.540225
-0.505128
-0.447801
-0.370707
-0.277204
-0.171406
-0.0579948
-0.0469856
-0.138933
-0.224894
-0.30115
-0.364388
-0.411839
-0.441399
-0.451728
-0.442316
-0.413513
-0.366531
-0.30339
-0.226845
-0.140257
-0.047454
-0.0380443
-0.112491
-0.182081
-0.243802
-0.294969
-0.333341
-0.357221
-0.365531
-0.357867
-0.33452
-0.296478
-0.24538
-0.183456
-0.113424
-0.0383742
-0.0302425
-0.0894206
-0.144732
-0.193781
-0.234431
-0.264903
-0.283852
-0.290424
-0.284304
-0.265729
-0.235488
-0.194886
-0.145695
-0.0900739
-0.0304736
-0.0233481
-0.069034
-0.111732
-0.149589
-0.180958
-0.204466
-0.219074
-0.224128
-0.219387
-0.205038
-0.18169
-0.150355
-0.112398
-0.0694864
-0.0235081
-0.0171548
-0.0507217
-0.0820915
-0.109902
-0.132943
-0.150206
-0.160929
-0.164632
-0.16114
-0.150593
-0.133438
-0.11042
-0.0825419
-0.0510275
-0.017263
-0.0114773
-0.0339347
-0.0549216
-0.0735268
-0.0889398
-0.100486
-0.107657
-0.110131
-0.107792
-0.100734
-0.0892566
-0.0738581
-0.0552102
-0.0341306
-0.0115466
-0.00614489
-0.0181686
-0.0294053
-0.0393672
-0.0476205
-0.0538039
-0.0576449
-0.0589714
-0.0577206
-0.0539423
-0.0477975
-0.0395523
-0.0295665
-0.018278
-0.00618359
-0.000997179
-0.00294877
-0.00477382
-0.00639365
-0.00773799
-0.00874792
-0.00937849
-0.0096008
-0.00940352
-0.00879366
-0.00779653
-0.00645486
-0.00482711
-0.00298494
-0.00100997
0.00412085
0.0121832
0.0197152
0.0263886
0.0319124
0.0360448
0.0386045
0.0394785
0.0386272
0.0360861
0.0319653
0.026444
0.0197634
0.0122159
0.00413243
0.0093634
0.0276834
0.0448002
0.0599691
0.0725286
0.0819293
0.0877578
0.0897557
0.0878309
0.0820627
0.0726994
0.0601477
0.0449558
0.0277889
0.00940074
0.0148884
0.0440188
0.0712376
0.0953612
0.115338
0.130294
0.139571
0.142756
0.139703
0.130535
0.115647
0.0956844
0.0715191
0.0442098
0.014956
0.0208621
0.0616812
0.0998238
0.133632
0.161633
0.1826
0.195612
0.200088
0.195819
0.182979
0.162117
0.134139
0.100265
0.0619807
0.020968
0.027464
0.0812017
0.131419
0.175935
0.21281
0.24043
0.257579
0.26349
0.257886
0.240991
0.213528
0.176686
0.132073
0.0816456
0.027621
0.0348922
0.103166
0.166972
0.223542
0.270412
0.30553
0.327347
0.334887
0.327791
0.306341
0.27145
0.224627
0.167918
0.103808
0.0351191
0.0433689
0.128232
0.20755
0.277883
0.336171
0.379863
0.407028
0.416445
0.407662
0.381021
0.337654
0.279433
0.2089
0.129148
0.0436931
0.0531471
0.157148
0.254364
0.340586
0.412064
0.465669
0.499028
0.510637
0.499929
0.467314
0.414169
0.342787
0.256281
0.158449
0.0536073
0.0645174
0.190774
0.308811
0.413525
0.500366
0.56553
0.606129
0.620321
0.607404
0.567859
0.503346
0.416641
0.311524
0.192616
0.0651689
0.0778163
0.230107
0.372506
0.498871
0.603715
0.682445
0.731563
0.748826
0.733364
0.685737
0.607928
0.503276
0.376343
0.23271
0.0787373
0.0934354
0.276305
0.447334
0.599157
0.725193
0.819918
0.87911
0.900048
0.881655
0.824568
0.731145
0.605381
0.452753
0.279984
0.0947366
0.111832
0.330725
0.535493
0.717345
0.868408
0.982058
1.05321
1.07858
1.05681
0.988625
0.876813
0.726134
0.543147
0.33592
0.11367
0.133541
0.39495
0.639562
0.856908
1.0376
1.1737
1.25911
1.28982
1.26418
1.18297
1.04946
0.869318
0.650369
0.402285
0.136135
0.159187
0.470835
0.762558
1.02192
1.23773
1.40053
1.50297
1.5402
1.51013
1.41362
1.25449
1.03944
0.777816
0.481191
0.16285
0.189504
0.560553
0.908021
1.21716
1.47468
1.66926
1.7921
1.83729
1.80221
1.68775
1.49833
1.2419
0.929561
0.575173
0.194675
0.225345
0.66664
1.08009
1.44824
1.75532
1.98781
2.13513
2.1901
2.14941
2.0139
1.78871
1.48316
1.1105
0.687281
0.232646
0.267707
0.792058
1.2836
1.72173
2.08772
2.36548
2.54227
2.60932
2.56243
2.40231
2.13486
1.77103
1.32654
0.8212
0.278015
0.317748
0.940252
1.5242
2.0453
2.48138
2.81326
3.02559
3.10765
3.05404
2.86524
2.54792
2.11489
1.58481
0.981395
0.332302
0.376809
1.11521
1.80843
2.42788
2.94737
3.34403
3.59935
3.70016
3.63951
3.41741
3.0413
2.52613
1.894
1.1733
0.397359
0.446434
1.32154
2.14385
2.87986
3.49863
3.97292
4.28037
4.40476
4.33705
4.07649
3.63122
3.01856
2.26467
1.40356
0.47545
0.52839
1.56452
2.5392
3.41324
4.15019
4.71761
5.0885
5.2427
5.16848
4.8638
4.33735
3.60904
2.70977
1.68033
0.569363
0.624684
1.85014
3.0044
4.04178
4.91943
5.59876
6.04703
6.23923
6.15991
5.80507
5.18361
4.31821
3.24526
2.01369
0.682549
0.737575
2.1852
3.55075
4.78121
5.82635
6.6403
7.18334
7.42424
7.34261
6.93144
6.19923
5.17146
3.89086
2.41619
0.819309
0.869572
2.57724
4.19087
5.64927
6.89378
7.86989
8.52941
8.83315
8.75408
8.28068
7.42003
6.20023
4.67119
2.90353
0.985045
1.02342
3.03454
4.93875
6.66582
8.14752
9.31926
10.1225
10.5078
10.4393
9.89875
8.89018
7.44369
5.61718
3.49557
1.18661
1.20208
3.56606
5.80959
7.8527
9.61644
11.0245
12.0056
12.4976
12.4523
11.8417
10.6644
8.95098
6.76805
4.21769
1.43279
1.40861
4.18119
6.81957
9.23349
11.3323
13.026
14.2282
14.8603
14.8577
14.1781
12.8107
10.7843
8.174
5.10264
1.73497
1.64613
4.88948
7.98534
10.833
13.3293
15.3688
16.8467
17.6636
17.733
16.9922
15.4145
13.0229
9.9001
6.19331
2.10815
1.9176
5.70016
9.32336
12.6766
15.6434
18.1014
19.9241
20.9858
21.1709
20.3872
18.5834
15.769
12.0317
7.54667
2.57239
2.22561
6.62143
10.8488
14.7883
18.3106
21.275
23.5297
24.9165
25.2813
24.4903
22.4539
19.1561
14.6824
9.23973
3.155
2.57209
7.65962
12.574
17.1895
21.3652
24.9413
27.7377
29.5568
30.1942
29.458
27.2003
23.3594
18.0057
11.3786
3.89401
2.95787
8.81795
14.5068
19.8959
24.8359
29.1488
32.624
35.0175
36.0607
35.482
33.0459
28.6132
22.2133
14.1128
4.84371
3.38226
10.0951
16.6475
22.9141
28.7417
33.9378
38.2612
41.4155
43.0533
42.7954
40.2778
35.2327
27.6017
17.6585
6.08385
3.84249
11.4836
18.9866
26.237
33.0857
39.3327
44.7098
48.8664
51.3619
51.6776
49.2647
43.6477
34.5954
22.3371
7.73576
4.33314
12.9679
21.5008
29.8386
37.8474
45.3311
52.0056
57.4704
61.1837
62.4542
60.4761
54.4479
43.8153
28.6425
9.99191
4.84564
14.5229
24.1503
33.6683
42.9734
51.8911
60.1409
67.2902
72.7015
75.4862
74.4997
68.4451
56.1878
37.3628
13.1738
5.36787
16.1122
26.8755
37.6457
48.3679
58.9145
69.04
78.3164
86.0426
91.1364
92.042
86.7492
73.1206
49.8076
17.8546
5.88406
17.6883
29.5957
41.6561
53.8841
66.2297
78.5282
90.4185
101.211
109.694
113.888
110.841
96.7778
68.252
25.1437
6.37514
19.1926
32.2093
45.5496
59.3181
73.5769
88.2994
103.282
117.982
131.23
140.761
142.583
130.477
96.8225
37.418
6.81952
20.5582
34.598
49.1453
64.4112
80.6016
97.889
116.341
135.761
155.345
172.987
183.995
179.14
143.274
60.4084
7.19462
21.7146
36.6339
52.2417
68.8616
86.8638
106.669
128.727
153.425
180.806
209.818
236.421
249.336
222.362
109.754
7.47882
22.5936
38.1915
54.6347
72.3515
91.8733
113.884
139.278
169.223
205.134
248.318
298.351
347.231
360.916
233.333
7.65383
23.1369
39.1616
56.1429
74.5874
95.1538
118.747
146.669
180.877
224.409
282.061
361.08
469.562
597.571
592.383
7.70697
23.3039
39.467
56.6345
75.349
96.3317
120.603
149.693
186.053
233.876
300.962
403.343
578.33
926.718
1770.58
7.63297
23.0775
39.0746
56.0512
74.535
95.2254
119.11
147.669
183.267
229.964
295.349
395.184
566.673
911.779
1758.57
7.43484
22.4673
38.0018
54.4209
72.188
91.9004
114.37
140.754
172.771
213.072
265.811
337.261
434.443
548.44
541.706
7.1236
21.5082
36.3143
51.8539
68.4895
86.6598
106.911
129.925
156.522
187.541
223.278
261.464
290.532
268.938
72.5337
-82.3045
-67.0107
-55.5684
-46.7227
-39.5998
-33.6649
-28.5819
-24.1284
-20.15
-16.5338
-13.1943
-10.0634
-7.08502
-4.21065
-1.39691
-30.8625
-42.7391
-42.1829
-38.4757
-34.1258
-29.8463
-25.8284
-22.1006
-18.6396
-15.4071
-12.3625
-9.46695
-6.68391
-3.97944
-1.32137
-14.0369
-27.101
-30.9849
-30.6747
-28.6025
-25.8456
-22.8731
-19.8872
-16.9702
-14.1496
-11.4272
-8.79218
-6.22817
-3.71596
-1.23515
-7.63453
-17.8375
-22.6993
-24.0968
-23.5542
-21.9942
-19.927
-17.6257
-15.2337
-12.8239
-10.4309
-8.06799
-5.73637
-3.43062
-1.14162
-4.75015
-12.2831
-16.819
-18.866
-19.2123
-18.4947
-17.1432
-15.427
-13.5093
-11.4863
-9.4137
-7.32196
-5.22653
-3.13361
-1.04407
-3.23196
-8.80968
-12.6671
-14.8159
-15.6088
-15.4353
-14.6123
-13.3681
-11.8578
-10.1831
-8.4096
-6.5784
-4.71487
-2.83422
-0.94552
-2.32913
-6.53084
-9.70142
-11.7072
-12.6763
-12.8268
-12.3738
-11.4938
-10.3202
-8.94843
-7.44547
-5.85722
-4.21503
-2.54039
-0.848585
-1.74331
-4.96799
-7.54453
-9.31841
-10.312
-10.6373
-10.4315
-9.82343
-8.92002
-7.80477
-6.54046
-5.17342
-3.73766
-2.25846
-0.75536
-1.33938
-3.85517
-5.94493
-7.47133
-8.41172
-8.81636
-8.76855
-8.35798
-7.66686
-6.76451
-5.70671
-4.53728
-3.29042
-1.9931
-0.667416
-1.04861
-3.03817
-4.73648
-6.0311
-6.88337
-7.30955
-7.35737
-7.08724
-6.56029
-5.83211
-4.9504
-3.95486
-2.87816
-1.74742
-0.585816
-0.8326
-2.42338
-3.80832
-4.89798
-5.65084
-6.0654
-6.16689
-5.99477
-5.59339
-5.00626
-4.27309
-3.42875
-2.50339
-1.52314
-0.511172
-0.668258
-1.95151
-3.08515
-3.99868
-4.65318
-5.03858
-5.16635
-5.06142
-4.7554
-4.28176
-3.67292
-2.95887
-2.16671
-1.32088
-0.443725
-0.540898
-1.5835
-2.51481
-3.27921
-3.84233
-4.1906
-4.32733
-4.26767
-4.03377
-3.65108
-3.14576
-2.54319
-1.86727
-1.14035
-0.38342
-0.440749
-1.29276
-2.06036
-2.69947
-3.18064
-3.48946
-3.62464
-3.59484
-3.41541
-3.10552
-2.6861
-2.1784
-1.60323
-0.980659
-0.329987
-0.361072
-1.06062
-1.6951
-2.22938
-2.63859
-2.90887
-3.03648
-3.02589
-2.88759
-2.63598
-2.28771
-1.86044
-1.3721
-0.840461
-0.283011
-0.297078
-0.873665
-1.3994
-1.84612
-2.19299
-2.42732
-2.54424
-2.54559
-2.43843
-2.23354
-1.94414
-1.58486
-1.17101
-0.718178
-0.241986
-0.245282
-0.722011
-1.15854
-1.53217
-1.82551
-2.02727
-2.13223
-2.14061
-2.05709
-1.88976
-1.64909
-1.34715
-0.996975
-0.612108
-0.20636
-0.203089
-0.598262
-0.961359
-1.27397
-1.5216
-1.69441
-1.78726
-1.79942
-1.73394
-1.59687
-1.39655
-1.14293
-0.847018
-0.520533
-0.175571
-0.168537
-0.496781
-0.799223
-1.06086
-1.26964
-1.41705
-1.49829
-1.51213
-1.46047
-1.3479
-1.18102
-0.968049
-0.718284
-0.441783
-0.149071
-0.140116
-0.413211
-0.665413
-0.884448
-1.06028
-1.18562
-1.25612
-1.27029
-1.2293
-1.1366
-0.997487
-0.81871
-0.608108
-0.374284
-0.12634
-0.116648
-0.344143
-0.554628
-0.738023
-0.885975
-0.992272
-1.05304
-1.06674
-1.03403
-0.95753
-0.841483
-0.691459
-0.51405
-0.316585
-0.106897
-0.0972071
-0.286884
-0.462649
-0.616201
-0.740584
-0.830527
-0.882627
-0.895394
-0.869158
-0.805908
-0.709062
-0.583219
-0.433912
-0.267371
-0.0903033
-0.0810549
-0.239281
-0.386089
-0.514627
-0.6191
-0.695049
-0.739523
-0.751125
-0.729978
-0.677606
-0.596768
-0.491264
-0.365737
-0.225463
-0.0761664
-0.067599
-0.199604
-0.322212
-0.429759
-0.517415
-0.581422
-0.619235
-0.629588
-0.612472
-0.569063
-0.501594
-0.41321
-0.307797
-0.189818
-0.064137
-0.0563598
-0.166449
-0.268791
-0.358697
-0.432146
-0.485976
-0.51801
-0.527119
-0.513219
-0.47722
-0.420939
-0.346975
-0.258581
-0.159518
-0.0539079
-0.0469467
-0.138671
-0.224003
-0.29906
-0.360497
-0.40566
-0.432699
-0.440621
-0.429304
-0.399457
-0.352557
-0.290756
-0.216771
-0.133762
-0.0452102
-0.0390396
-0.11533
-0.186346
-0.248877
-0.300143
-0.337924
-0.360656
-0.367479
-0.358252
-0.33353
-0.294519
-0.242996
-0.181224
-0.111853
-0.0378097
-0.0323743
-0.0956498
-0.154581
-0.206515
-0.249149
-0.280636
-0.299658
-0.305478
-0.297954
-0.277523
-0.245166
-0.202349
-0.150952
-0.0931871
-0.0315032
-0.0267316
-0.0789855
-0.127672
-0.170608
-0.205894
-0.231999
-0.247823
-0.25274
-0.246616
-0.229794
-0.203073
-0.167657
-0.125102
-0.0772413
-0.0261146
-0.0219284
-0.0647978
-0.104754
-0.140011
-0.169013
-0.190498
-0.203558
-0.207668
-0.202703
-0.188937
-0.167015
-0.137922
-0.102934
-0.0635626
-0.0214915
-0.0178105
-0.0526326
-0.0850968
-0.113757
-0.137349
-0.154847
-0.165506
-0.168893
-0.164901
-0.153741
-0.135935
-0.112278
-0.0838084
-0.0517581
-0.0175011
-0.0142471
-0.0421041
-0.0680804
-0.0910215
-0.109916
-0.123942
-0.132501
-0.135242
-0.132073
-0.12316
-0.108915
-0.0899745
-0.0671686
-0.0414853
-0.0140282
-0.0111259
-0.0328812
-0.0531708
-0.0710944
-0.0858627
-0.0968325
-0.103535
-0.105693
-0.103232
-0.0962794
-0.0851549
-0.0703542
-0.0525262
-0.0324437
-0.0109711
-0.00834924
-0.0246757
-0.0399035
-0.0533576
-0.0644458
-0.0726851
-0.0777226
-0.0793496
-0.077509
-0.0722949
-0.0639465
-0.0528355
-0.0394488
-0.024367
-0.00824007
-0.00583087
-0.0172328
-0.0278673
-0.0372632
-0.0450066
-0.0507603
-0.0542779
-0.0554137
-0.0541278
-0.0504862
-0.0446558
-0.0368963
-0.0275479
-0.0170159
-0.00575417
-0.00349287
-0.0103225
-0.0166911
-0.0223158
-0.0269485
-0.0303876
-0.0324864
-0.0331587
-0.0323819
-0.0301967
-0.0267041
-0.0220601
-0.0164685
-0.0101714
-0.00343943
-0.00126326
-0.00373219
-0.00603127
-0.00805685
-0.00971894
-0.0109454
-0.0116851
-0.0119096
-0.0116136
-0.0108146
-0.00955156
-0.00788181
-0.00587885
-0.00362874
-0.00122667
0.000926371
0.0027402
0.00443871
0.00594975
0.00720826
0.00815888
0.00875847
0.0089783
0.00880569
0.00824516
0.00731868
0.00606523
0.00453926
0.00280845
0.000950514
0.00314302
0.00929264
0.0150388
0.0201317
0.0243492
0.0275069
0.0294657
0.0301386
0.0294942
0.027559
0.0244159
0.0202014
0.0150996
0.00933388
0.00315761
0.00545436
0.0161251
0.0260924
0.0349212
0.0422258
0.047687
0.0510656
0.0522132
0.0510788
0.0477112
0.0422568
0.0349536
0.0261207
0.0161443
0.00546114
0.00793087
0.023446
0.0379363
0.0507687
0.0613821
0.0693128
0.0742141
0.0758719
0.0742137
0.069312
0.0613811
0.0507677
0.0379355
0.0234454
0.00793066
0.010648
0.0314781
0.0509312
0.0681564
0.0824006
0.0930414
0.0996141
0.101832
0.0996
0.0930155
0.0823675
0.0681218
0.0509011
0.0314577
0.0106408
0.0136885
0.0404662
0.0654726
0.0876134
0.10592
0.119594
0.128037
0.130882
0.128007
0.11954
0.105851
0.0875411
0.0654096
0.0404234
0.0136734
0.0171449
0.0506838
0.082003
0.109732
0.132657
0.149777
0.160345
0.163903
0.160297
0.149688
0.132543
0.109613
0.0818996
0.0506136
0.0171201
0.0211226
0.0624422
0.101026
0.135184
0.163423
0.184508
0.19752
0.201895
0.197447
0.184374
0.163251
0.135005
0.10087
0.0623362
0.0210851
0.0257428
0.0760997
0.123121
0.164746
0.199154
0.224842
0.240691
0.246013
0.240584
0.224647
0.198904
0.164484
0.122893
0.0759451
0.0256881
0.0311464
0.0920728
0.148961
0.199318
0.240939
0.272006
0.291168
0.297595
0.291015
0.271726
0.24058
0.198942
0.148634
0.091851
0.0310679
0.0374985
0.110849
0.179335
0.239953
0.290049
0.327435
0.350486
0.358204
0.350267
0.327036
0.289538
0.239419
0.17887
0.110534
0.0373868
0.0449931
0.133003
0.215171
0.287892
0.347981
0.392816
0.420446
0.429681
0.420136
0.39225
0.347258
0.287135
0.214511
0.132555
0.0448349
0.05386
0.159211
0.257564
0.344598
0.416503
0.470139
0.503175
0.514193
0.502737
0.469339
0.415479
0.343528
0.256631
0.158579
0.0536361
0.0643709
0.190279
0.307812
0.411808
0.497707
0.56176
0.601189
0.614304
0.60057
0.56063
0.49626
0.410295
0.306495
0.189384
0.0640546
0.0768489
0.227159
0.367459
0.491578
0.594075
0.670475
0.717469
0.733051
0.716595
0.668878
0.592031
0.489441
0.365598
0.225896
0.0764021
0.0916785
0.270988
0.438337
0.586358
0.708557
0.799602
0.855555
0.874037
0.854321
0.797347
0.705671
0.583341
0.435709
0.269204
0.0910476
0.109318
0.323118
0.522632
0.699063
0.844665
0.953088
1.01965
1.04154
1.01791
0.949904
0.840591
0.694803
0.518922
0.3206
0.108427
0.130314
0.385165
0.62295
0.833168
1.00658
1.13563
1.21476
1.24064
1.2123
1.13114
1.00083
0.827153
0.617712
0.38161
0.129057
0.155321
0.459058
0.742405
0.992821
1.19929
1.35283
1.44682
1.47737
1.44335
1.34648
1.19117
0.984329
0.735009
0.454039
0.153546
0.185121
0.547107
0.884717
1.18298
1.42876
1.61135
1.72294
1.75892
1.71804
1.60239
1.41729
1.17099
0.874277
0.540021
0.182614
0.220651
0.652075
1.05434
1.40957
1.70208
1.91915
2.05154
2.09382
2.04462
1.90651
1.68589
1.39264
1.0396
0.642072
0.217112
0.263036
0.777283
1.25663
1.67968
2.02777
2.28574
2.44268
2.49224
2.43291
2.26789
2.00492
1.65579
1.23582
0.76316
0.258041
0.313631
0.926718
1.49798
2.00184
2.416
2.72248
2.90835
2.96625
2.89456
2.69727
2.38375
1.96811
1.46861
0.906781
0.306579
0.374065
1.10518
1.78613
2.38627
2.87899
3.24292
3.46285
3.53023
3.44338
3.20735
2.83346
2.33865
1.74466
1.07704
0.364109
0.446309
1.31848
2.13037
2.84526
3.43138
3.86334
4.12324
4.20125
4.09575
3.81311
3.3671
2.77804
2.07183
1.27874
0.432253
0.532746
1.57362
2.54194
3.39365
4.09077
4.60318
4.90989
4.99966
4.87109
4.53229
4.00003
3.29875
2.45929
1.51752
0.512901
0.636275
1.87911
3.03446
4.04935
4.87837
5.48582
5.84714
5.94962
5.79237
5.38574
4.75028
3.91538
2.91778
1.79991
0.608257
0.760429
2.24534
3.62448
4.83408
5.81978
6.5393
6.96407
7.07988
6.88676
6.39804
5.63896
4.64495
3.45975
2.13352
0.720871
0.909538
2.68499
4.33221
5.77422
6.94596
7.7974
8.29545
8.42458
8.18634
7.598
6.69071
5.50722
4.09963
2.5271
0.853681
1.08893
3.21365
5.18237
6.90198
8.29447
9.30079
9.88292
10.0243
9.72893
9.01937
7.93417
6.52504
4.854
2.99071
1.01005
1.3052
3.85062
6.20547
8.25681
9.91105
11.0987
11.7763
11.9272
11.559
10.7015
9.40249
7.72467
5.74181
3.53578
1.19381
1.56658
4.61987
7.43926
9.88728
11.8516
13.2505
14.0354
14.1904
13.7288
12.69
11.1338
9.13602
6.78453
4.1752
1.40924
1.88342
5.55148
8.93085
11.8536
14.1846
15.8285
16.7319
16.8814
16.2994
15.0377
13.1715
10.7929
8.00621
4.92335
1.66113
2.26884
6.68348
10.7395
14.2306
16.9945
18.9206
19.9516
20.0803
19.3416
17.805
15.5648
12.7331
9.43344
5.79598
1.95469
2.73965
8.06448
12.9402
17.1125
20.386
22.6339
23.7978
23.8811
22.9379
21.0606
18.3687
14.9982
11.0951
6.81007
2.29553
3.31772
9.75725
15.6293
20.6182
24.4895
27.0997
28.3941
28.3945
27.1824
24.8818
21.6435
17.6329
13.0219
7.98343
2.68947
4.03178
11.844
18.9313
24.8999
29.4684
32.4789
33.8887
33.7495
32.1825
29.3538
25.4543
20.6844
15.2453
9.33413
3.14238
4.9203
14.4341
23.0101
30.1534
35.5288
38.9694
40.4585
40.0955
38.0583
34.5691
29.8691
24.2003
17.7965
10.8795
3.65983
6.03572
17.6752
28.0834
36.6344
42.9324
46.8145
48.3139
47.6037
44.9418
40.6249
34.9562
28.2262
20.7038
12.6349
4.24666
7.45105
21.771
34.4463
44.6795
52.013
56.3139
57.7031
56.4665
52.974
47.6189
40.78
32.8021
23.9902
14.6121
4.90639
9.27052
27.0088
42.5045
54.7377
63.199
67.8345
68.9151
66.8954
62.299
55.6426
47.3941
37.9567
27.6695
16.8164
5.64042
11.6474
33.8036
52.8278
67.4146
77.041
81.8229
82.2792
79.1127
73.0538
64.7712
54.8331
43.701
31.7415
19.2448
6.44717
14.8147
42.773
66.2321
83.5355
94.2464
98.8143
98.1583
93.3377
85.352
75.0487
63.1005
50.0194
36.186
21.8818
7.32102
19.1423
54.8664
83.9103
104.233
115.717
119.432
116.928
109.76
99.2587
86.4675
72.1538
56.8597
40.9569
24.6967
8.25123
25.2477
71.5983
107.644
131.069
142.58
144.368
138.937
128.495
114.755
98.9427
81.887
64.1219
45.9757
27.6398
9.2209
34.2313
95.4856
140.14
166.177
176.193
174.315
164.423
149.519
131.689
112.28
92.112
71.648
51.1254
30.6404
10.2063
48.2201
130.9
185.562
212.407
218.065
209.825
193.387
172.573
149.718
126.145
102.541
79.2141
56.2485
33.6051
11.1767
71.7642
185.769
250.3
273.348
269.587
251.026
225.387
197.042
168.243
140.028
112.777
86.5281
61.1472
36.4201
12.0949
115.81
274.993
343.842
352.902
331.382
297.14
259.264
221.823
186.361
153.241
122.317
93.238
65.5913
38.9555
12.919
210.157
426.946
478.899
453.688
402.007
345.774
292.835
245.228
202.849
164.928
130.573
98.9522
69.3326
41.0742
13.6052
445.84
693.363
667.537
572.85
475.789
392.115
322.7
264.999
216.24
174.136
136.93
103.275
72.1278
42.6443
14.1117
1128.85
1149.6
903.988
693.652
540.27
428.548
344.427
278.558
225.005
179.942
140.817
105.856
73.7664
43.5536
14.4032
3365.28
1790.78
1115.93
774.896
575.812
445.808
353.474
283.56
227.872
181.622
141.812
106.442
74.1008
43.7245
14.4555
6.66679
20.1025
33.8479
48.1199
63.1488
79.175
96.4312
115.084
135.082
155.77
174.958
186.685
176.164
109.527
-81.9758
6.07649
18.2903
30.6841
43.3684
56.4327
69.9205
83.7783
97.7552
111.204
122.698
129.334
125.569
101.8
44.6602
-52.2558
5.42532
16.2978
27.2294
38.2364
49.2926
60.295
71.0054
80.9535
89.2781
94.4827
94.1098
84.4552
60.8087
19.5686
-35.3227
4.75225
14.246
23.699
33.0547
42.2059
50.9607
58.9938
65.7743
70.4713
71.8437
68.1668
57.3313
37.4092
8.1275
-26.6621
4.08989
12.2346
20.2656
28.0772
35.5149
42.3479
48.2341
52.678
54.9881
54.2531
49.3826
39.2954
23.3689
2.19651
-21.6336
3.46252
10.3368
17.0513
23.4731
29.4282
34.6817
38.9167
41.7153
42.549
40.7963
35.8139
27.1002
14.5754
-1.07599
-18.2073
2.88582
8.59875
14.1294
19.3353
24.0426
28.0335
31.0356
32.7176
32.6966
30.5682
25.9738
18.7143
8.90688
-2.87086
-15.5572
2.36777
7.04284
11.5319
15.6957
19.373
22.3736
24.4745
25.4236
24.9525
22.8072
18.7988
12.8764
5.20923
-3.75655
-13.3171
1.91016
5.67284
9.25944
12.5423
15.3797
17.6126
19.0648
19.5496
18.8834
16.9105
13.539
8.7846
2.81192
-4.04526
-11.3086
1.51019
4.47888
7.29056
9.83424
11.9907
13.6315
14.6217
14.8259
14.1206
12.4125
9.66271
5.91167
1.30004
-3.92651
-9.43764
1.16188
3.44192
5.58963
7.51329
9.11692
10.3008
10.9641
11.011
10.3597
8.95586
6.78732
3.89911
0.402989
-3.52318
-7.6504
0.8573
2.53726
4.11273
5.51231
6.66285
7.49037
7.92262
7.89372
7.35091
6.26325
4.63101
2.4939
-0.0646028
-2.9194
-5.91421
0.58736
1.73712
2.81171
3.76036
4.53177
5.07515
5.34212
5.29006
4.88654
4.11477
2.97911
1.50957
-0.236441
-2.17618
-4.20835
0.34239
1.01213
1.63666
2.18564
2.62875
2.93632
3.08062
3.03778
2.79028
2.32996
1.66087
0.801438
-0.214845
-1.34086
-2.51961
-1103.45
-1310.59
-1518.4
-1727.31
-1937.67
-2149.78
-2363.84
-2579.96
-2798.1
-3018.09
-3239.62
-3462.25
-3685.38
-3908.34
-4130.35
-301.666
-33.7348
-330.197
-116.141
-291.23
-132.028
-249.149
-139.64
-40.3939
-139.026
-33.3044
-125.962
-21.0598
-116.154
-9.2049
-144.847
-44.3636
-129.909
-45.3739
-111.505
-40.7871
-93.582
-38.922
13.9965
-34.8994
27.331
-25.7077
43.3989
-21.2325
57.8577
-50.3355
31.9483
-48.5224
27.7224
-41.2427
28.2217
-32.2025
25.8958
85.3935
25.3191
102.849
27.9597
123.252
18.7423
137.488
-48.6122
81.3882
-64.8955
59.9143
-74.4683
42.6355
-85.185
13.0114
114.523
-20.4368
114.123
-52.4981
107.955
-104.673
81.7424
-232.95
-47.7407
-262.54
-105.516
-279.394
-150.862
-295.064
-203.182
-116.847
-256.639
-156.696
-304.091
-203.545
-360.41
-263.541
-452.837
-374.214
-502.107
-452.233
-570.528
-545.603
-698.45
-709.245
-731.357
-1127.74
-1246.19
-1482.6
-1895.31
-2651.48
-4189.66
-129.372
-115.462
-171.035
-152.08
-176.46
-151.879
-157.909
-124.95
-92.8686
-96.0546
-75.6274
-82.646
-65.0672
-75.284
-62.0226
-82.9125
-70.9021
-80.6047
-66.4391
-70.7454
-55.954
-55.4971
-36.5178
-17.7136
-16.8068
-3.06591
-5.42273
7.06457
0.513489
10.0269
-7.31773
1.39499
-9.48932
1.45862
-5.43398
7.17104
4.99411
23.7692
42.9587
41.5619
56.0304
48.9724
62.0141
45.9744
54.199
18.2269
25.2025
-1.48788
9.08723
-12.8084
0.0650142
-15.6637
8.09474
31.8814
14.3216
27.1582
-3.12994
5.38751
-39.8259
-39.5539
-110.279
-111.218
-158.867
-154.194
-190.104
-183.895
-209.69
-195.417
-182.698
-210.841
-212.435
-249.694
-257.312
-301.841
-317.138
-373.474
-394.127
-441.318
-467.503
-519.861
-560.502
-632.649
-693.218
-778.446
-942.448
-1076.6
-1228.97
-1401
-1525.6
-1300.46
-78.0571
-97.1303
-119.192
-125.613
-132.19
-127.65
-122.809
-108.992
-94.5567
-87.0845
-78.4265
-74.7483
-69.0472
-68.2212
-65.6608
-68.3537
-66.1727
-65.6692
-60.9037
-57.4857
-50.4783
-44.0839
-33.8607
-23.6513
-17.1948
-10.2821
-6.51325
-1.85462
-0.87364
0.871311
-1.82298
-0.93921
-1.89533
0.884421
2.29723
7.40531
12.0186
21.0447
30.1662
34.9569
40.2076
41.0392
42.6506
38.2635
34.5509
23.2191
17.4935
8.25532
5.01575
-1.21771
-1.32051
-3.00567
3.13519
8.7753
5.30688
2.28996
-9.64381
-19.8091
-40.4789
-58.6156
-88.0962
-107.434
-130.533
-144.428
-161.461
-170.836
-182.011
-185.41
-189.707
-203.266
-216.815
-237.972
-257.92
-285.36
-311.631
-345.486
-375.818
-410.766
-445.073
-486.055
-530.02
-583.507
-641.667
-712.086
-800.121
-880.773
-947
-974.981
-903.311
-614.356
-55.2198
-74.4944
-89.8701
-98.919
-103.926
-103.852
-100.636
-93.922
-86.2179
-79.8214
-74.0545
-69.7632
-66.0071
-63.6558
-61.7345
-60.8133
-59.028
-56.8715
-53.4284
-49.3951
-44.1206
-38.1848
-31.1849
-24.1857
-18.241
-12.9723
-8.88658
-5.47961
-3.36261
-1.89362
-1.48257
-0.626046
0.316852
2.27631
4.70484
8.34954
12.6858
18.1799
23.6067
27.6865
30.7446
31.9794
31.9211
29.5774
25.8702
20.1342
14.8387
9.35649
5.25142
1.54088
-0.431515
-1.62124
-1.10764
-1.21918
-4.36272
-9.7428
-18.7087
-29.8835
-44.783
-61.3454
-80.5218
-98.2351
-115.453
-130.144
-143.848
-155.184
-165.529
-174.111
-183.376
-195.703
-210.24
-227.991
-247.738
-270.557
-295.203
-322.565
-350.859
-381.132
-413.025
-447.948
-485.821
-527.627
-572.453
-620.348
-668.414
-705.696
-720.088
-692.436
-593.897
-395.908
-42.008
-57.4692
-69.6544
-78.0407
-82.9763
-84.5748
-83.4961
-80.2734
-75.9921
-71.648
-67.5536
-64.0038
-60.9406
-58.4674
-56.3646
-54.5136
-52.4146
-49.9231
-46.7997
-43.0885
-38.7122
-33.815
-28.5053
-23.1988
-18.3111
-13.9566
-10.28
-7.24465
-4.91617
-3.13294
-1.78155
-0.435244
1.06711
2.99454
5.36292
8.29958
11.6871
15.4134
18.9883
21.8884
23.9081
24.7828
24.4834
22.8559
20.1122
16.416
12.4541
8.47596
4.92043
1.79818
-0.667812
-2.68777
-4.4483
-6.84552
-10.8093
-16.6092
-24.5896
-34.5908
-46.6883
-60.306
-75.0482
-89.7435
-104.005
-117.272
-129.636
-140.95
-151.579
-161.816
-172.627
-184.95
-199.025
-215.126
-233.12
-253.113
-274.848
-298.289
-323.037
-349.151
-376.599
-405.576
-435.942
-467.382
-498.802
-528.348
-552.216
-563.568
-553.702
-511.952
-427.679
-297.696
-33.202
-45.1591
-54.9072
-62.1291
-66.8294
-69.1502
-69.4411
-68.147
-65.8548
-63.1127
-60.2668
-57.5417
-55.0229
-52.7436
-50.6308
-48.5693
-46.3649
-43.8832
-41.0163
-37.7385
-34.0528
-30.0381
-25.8201
-21.6081
-17.6125
-13.9639
-10.7496
-7.99128
-5.68417
-3.75008
-2.07302
-0.469026
1.20527
3.07775
5.20246
7.60002
10.2004
12.8646
15.3408
17.3574
18.7199
19.276
18.9573
17.7408
15.725
13.0796
10.092
6.98611
3.96472
1.1097
-1.54712
-4.1285
-6.87266
-10.2164
-14.6118
-20.3358
-27.5602
-36.2785
-46.4031
-57.6458
-69.6401
-81.8738
-93.9859
-105.698
-116.933
-127.7
-138.187
-148.692
-159.695
-171.667
-184.887
-199.527
-215.618
-233.154
-252.03
-272.123
-293.238
-315.239
-337.961
-361.193
-384.506
-407.154
-427.836
-444.51
-454.027
-451.981
-433.224
-392.694
-327.281
-239.187
-26.8097
-36.0325
-43.8003
-49.8511
-54.1113
-56.6511
-57.671
-57.4603
-56.3677
-54.7298
-52.8084
-50.7855
-48.7633
-46.7831
-44.8263
-42.8338
-40.718
-38.4012
-35.8279
-32.9794
-29.8708
-26.5575
-23.1301
-19.7097
-16.4184
-13.3501
-10.5667
-8.09251
-5.91948
-4.00167
-2.26393
-0.608811
1.05321
2.79276
4.64403
6.60325
8.61633
10.5809
12.3494
13.7627
14.6869
15.0225
14.718
13.7703
12.2377
10.2292
7.89317
5.36769
2.76235
0.128648
-2.54239
-5.34234
-8.4412
-12.0809
-16.5093
-21.91
-28.3878
-35.9496
-44.5163
-53.9117
-63.8953
-74.1874
-84.5509
-94.8164
-104.913
-114.86
-124.775
-134.857
-145.376
-156.595
-168.711
-181.845
-196.039
-211.273
-227.466
-244.489
-262.168
-280.294
-298.595
-316.696
-334.032
-349.759
-362.647
-370.979
-372.489
-364.453
-344.09
-309.26
-259.538
-197.519
-21.8663
-28.9995
-35.1643
-40.1501
-43.8686
-46.3389
-47.6712
-48.0416
-47.664
-46.7535
-45.4943
-44.0265
-42.4417
-40.7873
-39.0717
-37.2746
-35.3589
-33.2875
-31.0344
-28.5939
-25.9823
-23.2403
-20.4292
-17.6244
-14.9021
-12.3254
-9.93782
-7.75941
-5.78674
-3.99349
-2.33544
-0.758214
0.789747
2.34707
3.93028
5.52898
7.10211
8.57959
9.86917
10.8723
11.5012
11.6904
11.4044
10.6414
9.43548
7.85011
5.96678
3.86395
1.60061
-0.798772
-3.35207
-6.12567
-9.23067
-12.8096
-17.006
-21.9327
-27.6535
-34.1727
-41.4348
-49.3289
-57.7046
-66.3958
-75.2546
-84.1745
-93.1065
-102.063
-111.116
-120.391
-130.043
-140.226
-151.064
-162.633
-174.956
-188.004
-201.698
-215.906
-230.448
-245.087
-259.509
-273.294
-285.865
-296.446
-304.009
-307.265
-304.69
-294.667
-275.782
-247.259
-209.497
-164.526
-17.8392
-23.3579
-28.2224
-32.2704
-35.4195
-37.6615
-39.0525
-39.6959
-39.7239
-39.2751
-38.4767
-37.4321
-36.2164
-34.8757
-33.4307
-31.8824
-30.2204
-28.4314
-26.5074
-24.4509
-22.2781
-20.019
-17.7155
-15.417
-13.1727
-11.025
-9.00451
-7.12687
-5.39248
-3.78756
-2.28754
-0.862513
0.515711
1.86694
3.197
4.49429
5.72833
6.85151
7.80417
8.52322
8.95149
9.04543
8.78041
8.15333
7.18241
5.90296
4.35945
2.59443
0.637969
-1.50116
-3.84095
-6.42799
-9.3337
-12.6446
-16.4463
-20.8068
-25.7643
-31.3199
-37.4372
-44.0458
-51.0523
-58.3552
-65.8624
-73.5068
-81.2558
-89.1158
-97.1302
-105.373
-113.934
-122.904
-132.353
-142.324
-152.817
-163.795
-175.175
-186.828
-198.575
-210.178
-221.328
-231.624
-240.551
-247.461
-251.562
-251.937
-247.604
-237.633
-221.345
-198.557
-169.828
-136.612
-14.4126
-18.6565
-22.4539
-25.6832
-28.2742
-30.2075
-31.5079
-32.2343
-32.4679
-32.2981
-31.8112
-31.082
-30.1688
-29.1121
-27.9362
-26.6521
-25.2627
-23.7678
-22.169
-20.4737
-18.6963
-16.8597
-14.9932
-13.1298
-11.3024
-9.54003
-7.86399
-6.28659
-4.8104
-3.42922
-2.13037
-0.898195
0.281719
1.41838
2.51196
3.55166
4.51513
5.36983
6.07642
6.59368
6.88399
6.91812
6.67857
6.16115
5.37445
4.33695
3.07202
1.6015
-0.0606377
-1.91355
-3.97268
-6.27015
-8.85189
-11.7713
-15.0801
-18.8193
-23.0113
-27.6558
-32.729
-38.1864
-43.9699
-50.0165
-56.2687
-62.684
-69.2409
-75.9413
-82.8102
-89.8896
-97.2312
-104.884
-112.887
-121.254
-129.973
-139
-148.252
-157.608
-166.901
-175.913
-184.367
-191.915
-198.132
-202.51
-204.469
-203.38
-198.627
-189.688
-176.264
-158.402
-136.616
-111.917
-11.3875
-14.598
-17.5036
-20.0148
-22.0759
-23.6648
-24.7894
-25.4824
-25.7927
-25.7775
-25.4947
-24.9969
-24.3277
-23.5203
-22.5974
-21.5735
-20.457
-19.2538
-17.9701
-16.6146
-15.2002
-13.744
-12.2667
-10.791
-9.33927
-7.93121
-6.58204
-5.30122
-4.09221
-2.95308
-1.878
-0.859477
0.1091
1.03088
1.90348
2.71773
3.4574
4.10024
4.62004
4.98962
5.18403
5.18349
4.97541
4.55526
3.92616
3.09695
2.0791
0.882951
-0.486085
-2.03057
-3.76276
-5.70456
-7.88547
-10.3386
-13.0957
-16.1811
-19.6081
-23.3757
-27.4685
-31.8585
-36.5094
-41.382
-46.4405
-51.6578
-57.0192
-62.5244
-68.1867
-74.029
-80.0789
-86.3618
-92.8939
-99.6755
-106.686
-113.879
-121.179
-128.477
-135.63
-142.45
-148.707
-154.12
-158.357
-161.04
-161.759
-160.096
-155.671
-148.2
-137.568
-123.897
-107.596
-89.3614
-8.63227
-10.9796
-13.1219
-14.9956
-16.5588
-17.7914
-18.6937
-19.2827
-19.5873
-19.6434
-19.489
-19.1597
-18.687
-18.096
-17.4057
-16.6297
-15.7777
-14.8574
-13.8761
-12.8421
-11.766
-10.6604
-9.53973
-8.41959
-7.31505
-6.23952
-5.20363
-4.21447
-3.27547
-2.38682
-1.54637
-0.751049
0.00160268
0.71188
1.37667
1.98874
2.53662
3.00526
3.37737
3.63512
3.76208
3.74495
3.57476
3.24737
2.7631
2.1256
1.33991
0.410287
-0.662005
-1.88047
-3.25424
-4.79794
-6.53032
-8.47186
-10.6417
-13.0545
-15.7178
-18.6307
-21.7832
-25.1581
-28.7329
-32.4833
-36.387
-40.427
-44.5933
-48.8846
-53.307
-57.8722
-62.5938
-67.4832
-72.5445
-77.7705
-83.1383
-88.6059
-94.1092
-99.5591
-104.839
-109.8
-114.265
-118.019
-120.82
-122.4
-122.479
-120.789
-117.101
-111.264
-103.248
-93.1798
-81.3595
-68.2584
-6.05585
-7.65731
-9.12752
-10.4242
-11.5184
-12.3944
-13.0499
-13.4932
-13.7406
-13.8136
-13.7358
-13.5302
-13.2176
-12.8156
-12.3383
-11.7963
-11.1979
-10.55
-9.85898
-9.13157
-8.37548
-7.5995
-6.81332
-6.02703
-5.2504
-4.49215
-3.75934
-3.05692
-2.38772
-1.75265
-1.1513
-0.58276
-0.0464946
0.456722
0.924108
1.35047
1.72816
2.0475
2.29755
2.46707
2.54568
2.52484
2.39848
2.16333
1.81864
1.36552
0.805831
0.140914
-0.629636
-1.50893
-2.50326
-3.62189
-4.87629
-6.27866
-7.84024
-9.5695
-11.4707
-13.5429
-15.7803
-18.1724
-20.7057
-23.366
-26.1398
-29.0165
-31.9898
-35.0581
-38.2239
-41.4923
-44.8694
-48.359
-51.96
-55.6632
-59.4487
-63.2834
-67.1185
-70.8881
-74.5067
-77.8686
-80.8467
-83.2936
-85.0442
-85.9221
-85.749
-84.3603
-81.6242
-77.4649
-71.8851
-64.9843
-56.9673
-48.1359
-3.59244
-4.52459
-5.38358
-6.14524
-6.7925
-7.31574
-7.71247
-7.98633
-8.14561
-8.20166
-8.16727
-8.05531
-7.87767
-7.64466
-7.36477
-7.04481
-6.69022
-6.30558
-5.89513
-5.46321
-5.01453
-4.55429
-4.08805
-3.62155
-3.16029
-2.70921
-2.27235
-1.85265
-1.45194
-1.07107
-0.710189
-0.369201
-0.0482339
0.2519
0.529338
0.780958
1.00238
1.18818
1.33228
1.4285
1.47107
1.45519
1.37736
1.23548
1.02877
0.757335
0.421689
0.0220414
-0.4423
-0.973404
-1.57493
-2.25203
-3.01086
-3.85791
-4.79906
-5.83867
-6.9789
-8.21921
-9.55638
-10.9849
-12.4977
-14.087
-15.7459
-17.4685
-19.2513
-21.093
-22.9944
-24.9575
-26.9844
-29.0759
-31.2297
-33.4388
-35.6898
-37.9615
-40.2236
-42.4356
-44.5458
-46.4906
-48.1947
-49.5716
-50.5263
-50.9587
-50.7703
-49.8726
-48.1981
-45.7121
-42.4241
-38.3966
-33.7476
-28.6458
-4332.28
-4514.15
-4693.87
-4871.05
-5045.32
-5216.39
-5384.01
-5548
-5708.23
-5864.62
-6017.15
-6165.83
-6310.72
-6451.9
-6589.47
-6723.56
-6854.33
-6981.93
-7106.55
-7228.37
-7347.59
-7464.41
-7579.06
-7691.75
-7802.69
-7912.09
-8020.17
-8127.12
-8233.14
-8338.42
-8443.12
-8547.42
-8651.47
-8755.43
-8859.42
-8963.57
-9068.01
-9172.83
-9278.12
-9383.95
-9490.35
-9597.35
-9704.94
-9813.09
-9921.72
-10030.7
-10140
-10249.4
-10358.7
-10467.7
-10576.2
-10683.8
-10790.3
-10895.3
-10998.4
-11099.1
-11197.1
-11291.8
-11382.5
-11468.7
-11549.7
-11624.7
-11693.2
-11754.2
-11807
-11850.8
-11884.7
-11907.8
-11919.2
-11918
-11903.3
-11873.9
-11828.9
-11767.2
-11687.8
-11589.7
-11471.8
-11333
-11172.6
-10989.7
-10783.7
-10554.1
-10300.7
-10023.6
-9723.17
-9400.25
-9055.95
-8691.82
-8309.75
-7911.9
3086.53
1656.22
1052.53
741.561
556.012
432.888
344.496
277.072
223.077
178.05
139.169
104.539
72.8155
42.981
14.2121
630.146
849.277
735.922
595.314
478.654
387.462
315.69
257.781
209.678
168.549
132.405
99.809
69.6877
41.1962
13.6318
60.7387
374.803
446.556
425.109
375.818
322.609
273.015
228.679
189.3
154.061
122.089
92.6031
64.9289
38.4837
12.7502
-86.2678
142.631
250.382
282.74
276.895
254.134
225.08
194.614
164.782
136.301
109.285
83.5838
58.94
35.0588
11.6354
-124.383
31.6035
129.598
178.569
194.884
191.947
178.555
159.911
138.908
117.075
95.1652
73.5056
52.1874
31.1754
10.368
-129.413
-21.432
57.8371
107.052
132.121
140.213
137.279
127.564
113.863
97.9221
80.7935
63.0847
45.1276
27.0868
9.02907
-122.667
-45.7535
16.1306
59.6788
86.3349
99.502
102.78
99.2023
91.0551
79.9557
67.0004
52.9109
38.151
23.0146
7.6904
-111.175
-55.043
-7.23945
29.1974
54.0359
68.6783
75.1359
75.4075
71.1976
63.8434
54.3405
43.4066
31.5499
19.1298
6.40816
-97.6123
-56.002
-19.2426
10.3138
31.9318
46.0377
53.6759
56.0923
54.4831
49.8784
43.1102
34.8243
25.5117
15.5462
5.22038
-83.113
-52.1091
-24.0427
-0.632233
17.339
29.8633
37.4366
40.8016
40.7628
38.076
33.3969
27.2678
20.1258
12.3226
4.14746
-68.1938
-45.2782
-24.1868
-6.13918
8.1925
18.6394
25.4047
28.9139
29.6897
28.2652
25.1332
20.7237
15.401
9.47079
3.19436
-53.0979
-36.623
-21.2874
-7.93054
2.9302
11.0966
16.6282
19.7588
20.8164
20.1615
18.1463
15.0926
11.2834
6.96498
2.35352
-37.9381
-26.8286
-16.4095
-7.22602
0.361905
6.18801
10.2524
12.6764
13.6551
13.4176
12.1976
10.2165
7.67499
4.75199
1.60808
-22.7624
-16.3435
-10.2958
-4.92591
-0.444628
3.04107
5.51682
7.03901
7.71
7.65592
7.00981
5.9007
4.44798
2.75989
0.934904
-7459.53
-6950.74
-6430.96
-5904.28
-5374.3
-4844.04
-4315.83
-3791.32
-3271.53
-2756.91
-2247.4
-1742.58
-1241.7
-743.791
-247.722
)
;

boundaryField
{
    hot
    {
        type            calculated;
        value           nonuniform List<scalar> 
120
(
1076.81
-0.59675
-1.00817
-1.43887
-1.89418
-2.3769
-2.88635
-3.4173
-3.95916
-4.49554
-5.00443
-5.45952
-5.83264
-6.09748
-6.23371
-6.24184
-6.14297
-5.95425
-5.68724
-5.35706
-4.98067
-4.57525
-4.15677
-3.73912
-3.3335
-2.94834
-2.58942
-2.26019
-1.9622
-1.69553
-1.45914
-1.2513
-1.06982
-0.912276
-0.776187
-0.659124
-0.558782
-0.473027
-0.39992
-0.337724
-0.284898
-0.240088
-0.202114
-0.169952
-0.142719
-0.119654
-0.100104
-0.0835081
-0.069388
-0.0573318
-0.0469856
-0.0380443
-0.0302425
-0.0233481
-0.0171548
-0.0114773
-0.00614489
-0.000997179
0.00412085
0.0093634
0.0148884
0.0208621
0.027464
0.0348922
0.0433689
0.0531471
0.0645174
0.0778163
0.0934354
0.111832
0.133541
0.159187
0.189504
0.225345
0.267707
0.317748
0.376809
0.446434
0.52839
0.624684
0.737575
0.869572
1.02342
1.20208
1.40861
1.64613
1.9176
2.22561
2.57209
2.95787
3.38226
3.84249
4.33314
4.84564
5.36787
5.88406
6.37514
6.81952
7.19462
7.47882
7.65383
7.70697
7.63297
7.43484
7.1236
6.66679
6.07649
5.42532
4.75225
4.08989
3.46252
2.88582
2.36777
1.91016
1.51019
1.16188
0.8573
0.58736
0.34239
-1103.45
)
;
    }
    cold
    {
        type            calculated;
        value           nonuniform List<scalar> 
120
(
26.9132
-0.270181
-0.447649
-0.62091
-0.787838
-0.945923
-1.09223
-1.22345
-1.33601
-1.42634
-1.49114
-1.52787
-1.5351
-1.51291
-1.46309
-1.39691
-1.32137
-1.23515
-1.14162
-1.04407
-0.94552
-0.848585
-0.75536
-0.667416
-0.585816
-0.511172
-0.443725
-0.38342
-0.329987
-0.283011
-0.241986
-0.20636
-0.175571
-0.149071
-0.12634
-0.106897
-0.0903033
-0.0761664
-0.064137
-0.0539079
-0.0452102
-0.0378097
-0.0315032
-0.0261146
-0.0214915
-0.0175011
-0.0140282
-0.0109711
-0.00824007
-0.00575417
-0.00343943
-0.00122667
0.000950514
0.00315761
0.00546114
0.00793066
0.0106408
0.0136734
0.0171201
0.0210851
0.0256881
0.0310679
0.0373868
0.0448349
0.0536361
0.0640546
0.0764021
0.0910476
0.108427
0.129057
0.153546
0.182614
0.217112
0.258041
0.306579
0.364109
0.432253
0.512901
0.608257
0.720871
0.853681
1.01005
1.19381
1.40924
1.66113
1.95469
2.29553
2.68947
3.14238
3.65983
4.24666
4.90639
5.64042
6.44717
7.32102
8.25123
9.2209
10.2063
11.1767
12.0949
12.919
13.6052
14.1117
14.4032
14.4555
14.2121
13.6318
12.7502
11.6354
10.368
9.02907
7.6904
6.40816
5.22038
4.14746
3.19436
2.35352
1.60808
0.934904
-247.722
)
;
    }
    interface_left
    {
        type            calculated;
        value           nonuniform List<scalar> 
90
(
-1188.14
-402.149
-160.868
-76.9496
-43.0007
-26.9626
-18.2892
-13.0817
-9.70703
-7.39577
-5.7467
-4.53295
-3.61772
-2.91422
-2.36506
-1.93096
-1.58428
-1.30505
-1.07858
-0.893825
-0.74237
-0.617706
-0.514745
-0.42946
-0.358643
-0.299713
-0.250581
-0.209546
-0.175217
-0.146448
-0.122295
-0.101974
-0.0848324
-0.0703254
-0.0579948
-0.047454
-0.0383742
-0.0304736
-0.0235081
-0.017263
-0.0115466
-0.00618359
-0.00100997
0.00413243
0.00940074
0.014956
0.020968
0.027621
0.0351191
0.0436931
0.0536073
0.0651689
0.0787373
0.0947366
0.11367
0.136135
0.16285
0.194675
0.232646
0.278015
0.332302
0.397359
0.47545
0.569363
0.682549
0.819309
0.985045
1.18661
1.43279
1.73497
2.10815
2.57239
3.155
3.89401
4.84371
6.08385
7.73576
9.99191
13.1738
17.8546
25.1437
37.418
60.4084
109.754
233.333
592.383
1770.58
1758.57
541.706
72.5337
)
;
    }
    interface_right
    {
        type            calculated;
        value           nonuniform List<scalar> 
90
(
-82.3045
-30.8625
-14.0369
-7.63453
-4.75015
-3.23196
-2.32913
-1.74331
-1.33938
-1.04861
-0.8326
-0.668258
-0.540898
-0.440749
-0.361072
-0.297078
-0.245282
-0.203089
-0.168537
-0.140116
-0.116648
-0.0972071
-0.0810549
-0.067599
-0.0563598
-0.0469467
-0.0390396
-0.0323743
-0.0267316
-0.0219284
-0.0178105
-0.0142471
-0.0111259
-0.00834924
-0.00583087
-0.00349287
-0.00126326
0.000926371
0.00314302
0.00545436
0.00793087
0.010648
0.0136885
0.0171449
0.0211226
0.0257428
0.0311464
0.0374985
0.0449931
0.05386
0.0643709
0.0768489
0.0916785
0.109318
0.130314
0.155321
0.185121
0.220651
0.263036
0.313631
0.374065
0.446309
0.532746
0.636275
0.760429
0.909538
1.08893
1.3052
1.56658
1.88342
2.26884
2.73965
3.31772
4.03178
4.9203
6.03572
7.45105
9.27052
11.6474
14.8147
19.1423
25.2477
34.2313
48.2201
71.7642
115.81
210.157
445.84
1128.85
3365.28
)
;
    }
    interface_top
    {
        type            calculated;
        value           nonuniform List<scalar> 
90
(
-437.434
53.5975
-455.081
-68.5668
-378.112
-101.016
-317.995
-146.235
7.07888
-176.377
4.80015
-163.719
18.1651
-152.11
38.5889
-196.493
-16.7703
-169.317
-22.6904
-143.645
-23.5713
-123.767
-40.0076
40.5923
-52.6024
52.4091
-45.6747
73.2414
-42.8876
98.4758
-88.3308
60.0207
-81.5932
52.5732
-71.1273
48.7529
-63.3502
26.733
118.987
6.47783
139.401
3.99268
171.559
-11.3462
206.503
-109.303
131.339
-119.869
106.475
-126.824
83.0553
-143.761
15.3053
180.547
-58.5335
183.879
-103.089
192.128
-167.454
186.72
-338.181
14.7871
-346.739
-54.5163
-350.041
-112.975
-362.021
-206.319
-59.6444
-297.79
-107.173
-351.083
-154.103
-409.282
-211.411
-515.506
-347.626
-546.585
-429.138
-605.095
-520.271
-741.33
-706.014
-662.108
-1239.79
-1315.57
-1584.43
-2136.55
-3359.16
-6547.91
)
;
    }
    interface_bottom
    {
        type            calculated;
        value           nonuniform List<scalar> 
90
(
1727.89
644.462
624.652
242.38
423.314
168.567
353.521
188.567
36.0828
220.017
32.7256
224.001
28.8935
243.547
45.9524
300.198
138.02
259.382
157.745
217.841
160.883
181.79
157.762
146.086
146.585
153.11
127.564
157.862
104.186
159.479
65.5285
135.402
53.9226
128.333
42.8809
121.029
26.2921
91.6727
164.173
54.4668
167.145
30.3467
170.252
2.09773
167.388
-56.8696
109.128
-46.3212
102.94
-42.4531
97.3506
-52.0213
57.1156
172.633
6.29966
175.682
-21.8698
178.93
-54.3557
174.105
-126.978
95.8828
-105.577
89.3975
-94.6599
83.8458
-101.486
35.7962
179.716
-24.2626
185.005
-55.9959
192.939
-94.9336
194.033
-196.34
93.7208
-183.447
79.1128
-190.105
58.6206
-235.731
-43.5611
161.959
-255.575
-22.768
267.975
-602.576
-365.125
-301.629
)
;
    }
    defaultFaces
    {
        type            empty;
    }
}


// ************************************************************************* //
