/*--------------------------------*- C++ -*----------------------------------*\
| =========                 |                                                 |
| \\      /  F ield         | OpenFOAM: The Open Source CFD Toolbox           |
|  \\    /   O peration     | Version:  5.x                                   |
|   \\  /    A nd           | Web:      www.OpenFOAM.org                      |
|    \\/     M anipulation  |                                                 |
\*---------------------------------------------------------------------------*/
FoamFile
{
    version     2.0;
    format      ascii;
    class       volScalarField;
    location    "17.6";
    object      T;
}
// * * * * * * * * * * * * * * * * * * * * * * * * * * * * * * * * * * * * * //

dimensions      [0 0 0 1 0 0 0];

internalField   nonuniform List<scalar> 
6300
(
9.95297
9.86009
9.77076
9.6873
9.61196
9.54684
9.49391
9.45486
9.43114
9.42376
9.43334
9.45996
9.50315
9.56189
9.63464
9.95178
9.85653
9.76488
9.67918
9.60171
9.53464
9.47999
9.43953
9.41475
9.40678
9.41627
9.44335
9.48755
9.54783
9.62256
9.94938
9.84937
9.75304
9.66282
9.58105
9.51002
9.45185
9.40848
9.38154
9.3723
9.38157
9.40956
9.45584
9.51927
9.59808
9.94575
9.83853
9.7351
9.63798
9.54964
9.47251
9.4089
9.36096
9.33058
9.31929
9.32812
9.35745
9.40691
9.47529
9.56053
9.94086
9.82389
9.71084
9.60434
9.50701
9.42147
9.35027
9.29586
9.26051
9.24613
9.25412
9.28517
9.33903
9.4144
9.50883
9.93466
9.80531
9.68002
9.56151
9.45258
9.35606
9.27481
9.21169
9.16945
9.15057
9.15703
9.19002
9.24961
9.3344
9.44142
9.9271
9.78268
9.64241
9.50911
9.38573
9.27535
9.1812
9.10661
9.055
9.02963
9.03337
9.06825
9.13494
9.23211
9.35611
9.91818
9.75591
9.59781
9.44677
9.30587
9.17841
9.06799
8.97855
8.91428
8.87955
8.87852
8.91464
8.98974
9.10294
9.24979
9.90787
9.72496
9.54614
9.37429
9.21255
9.0644
8.9338
8.82528
8.744
8.69572
8.6865
8.72203
8.80638
8.94009
9.11794
9.89622
9.68992
9.48749
9.2917
9.10562
8.93282
8.7775
8.64474
8.54071
8.47282
8.44968
8.48054
8.57365
8.73303
8.95376
9.88329
9.65102
9.4222
9.19937
8.98541
8.78375
8.59863
8.43546
8.30124
8.20512
8.15884
8.17679
8.27459
8.46458
8.74599
9.86924
9.60865
9.35092
9.09817
8.85289
8.61812
8.39779
8.1972
8.02366
7.88756
7.80375
7.79313
7.8833
8.10467
8.47376
9.85424
9.56341
9.27464
8.9895
8.70985
8.43803
8.17721
7.93186
7.70861
7.51768
7.37544
7.30866
7.36077
7.59701
8.0904
9.83858
9.5161
9.19473
8.87534
8.55895
8.24692
7.94114
7.64441
7.36121
7.09908
6.87165
6.70528
6.65405
6.83216
7.46456
9.82255
9.46766
9.11285
8.75817
8.40369
8.04956
7.696
7.34343
6.99273
6.64575
6.30677
5.98673
5.71798
5.61297
6.12826
9.71236
9.78989
9.87287
9.95984
10.0493
10.14
10.2305
10.3198
10.4068
10.4905
10.5704
10.6457
10.7159
10.7807
10.8396
10.8925
10.9392
10.9794
11.0132
11.0404
11.061
11.075
11.0825
11.0833
11.0777
11.0656
11.0472
11.0224
10.9915
10.9544
10.9113
10.8623
10.8075
10.747
10.6808
10.609
10.5318
10.4493
10.3614
10.2683
10.1701
10.067
9.95884
9.8459
9.72824
9.60596
9.47915
9.34791
9.21234
9.07251
8.92851
8.78041
8.62829
8.47222
8.31228
8.14856
7.98116
7.81017
7.63573
7.45795
7.27697
7.09294
6.90602
6.71636
6.52414
6.32952
6.13271
5.9339
5.73333
5.53125
5.32794
5.12375
4.91902
4.71417
4.50963
4.30589
4.10343
3.90279
3.7045
3.50908
3.31707
3.12898
2.94528
2.76643
2.59282
2.42481
2.26268
2.10665
1.95685
1.81336
9.70239
9.78197
9.86706
9.95611
10.0476
10.1401
10.2323
10.323
10.4113
10.4961
10.5769
10.6529
10.7237
10.7889
10.8483
10.9014
10.9483
10.9887
11.0225
11.0498
11.0704
11.0844
11.0918
11.0926
11.0869
11.0747
11.0561
11.0312
11.0002
10.963
10.9197
10.8706
10.8156
10.755
10.6886
10.6168
10.5395
10.4568
10.3688
10.2756
10.1773
10.0739
9.96568
9.85259
9.73479
9.61237
9.48542
9.35406
9.21836
9.07842
8.93431
8.7861
8.63388
8.47769
8.31763
8.15378
7.98622
7.81507
7.64044
7.46246
7.28128
7.09703
6.90988
6.71998
6.5275
6.33262
6.13551
5.93637
5.73544
5.53294
5.32917
5.12445
4.91915
4.71366
4.50844
4.30397
4.10077
3.89937
3.70031
3.50414
3.3114
3.12261
2.93828
2.75885
2.58474
2.41632
2.25387
2.09764
1.94776
1.80429
9.68226
9.76608
9.8555
9.9488
10.0443
10.1406
10.2361
10.3298
10.4205
10.5075
10.59
10.6675
10.7395
10.8056
10.8656
10.9193
10.9666
11.0073
11.0413
11.0686
11.0893
11.1032
11.1105
11.1111
11.1052
11.0928
11.074
11.0489
11.0175
10.9801
10.9366
10.8871
10.8319
10.771
10.7044
10.6323
10.5547
10.4718
10.3835
10.2901
10.1915
10.0879
9.97936
9.86598
9.74789
9.62518
9.49796
9.36634
9.2304
9.09023
8.94591
8.7975
8.64506
8.48866
8.32836
8.16424
7.99638
7.82489
7.64989
7.47152
7.28991
7.10523
6.91762
6.72724
6.53427
6.33885
6.14116
5.94138
5.73972
5.53641
5.33171
5.12594
4.91947
4.71271
4.50612
4.3002
4.09548
3.89253
3.69191
3.49421
3.3
3.10981
2.92417
2.74356
2.56844
2.39918
2.2361
2.07946
1.9294
1.78599
9.65158
9.74206
9.83827
9.93821
10.04
10.142
10.2426
10.3407
10.4352
10.5253
10.6104
10.6899
10.7635
10.831
10.892
10.9465
10.9943
11.0353
11.0696
11.097
11.1176
11.1315
11.1386
11.139
11.1328
11.1201
11.1009
11.0754
11.0436
11.0057
10.9618
10.912
10.8563
10.795
10.728
10.6555
10.5776
10.4943
10.4057
10.3119
10.2129
10.1089
9.99988
9.88606
9.76752
9.64437
9.51674
9.38472
9.24842
9.10793
8.9633
8.81459
8.66186
8.50514
8.34449
8.17998
8.01167
7.83968
7.66412
7.48515
7.3029
7.11755
6.92926
6.73818
6.54447
6.34828
6.14975
5.94904
5.74632
5.5418
5.33572
5.12839
4.92017
4.71147
4.50278
4.29463
4.0876
3.88227
3.67928
3.47924
3.28275
3.09041
2.90277
2.72036
2.54367
2.37311
2.20905
2.05177
1.90143
1.75813
9.60973
9.70975
9.8156
9.92487
10.0354
10.1452
10.2527
10.3566
10.4561
10.5502
10.6386
10.7207
10.7964
10.8655
10.9277
10.9831
11.0316
11.073
11.1075
11.1351
11.1557
11.1694
11.1762
11.1763
11.1697
11.1566
11.1369
11.1108
11.0784
11.0399
10.9954
10.945
10.8888
10.8269
10.7595
10.6865
10.6081
10.5243
10.4352
10.3409
10.2414
10.1368
10.0273
9.91284
9.79368
9.66993
9.54172
9.40917
9.27239
9.13147
8.98646
8.83739
8.6843
8.52719
8.36611
8.20108
8.03218
7.85951
7.68319
7.50339
7.32028
7.13403
6.94483
6.75283
6.55817
6.361
6.16141
5.95952
5.75545
5.54937
5.34148
5.13207
4.92149
4.71016
4.49862
4.28742
4.0772
3.86862
3.66237
3.4591
3.2595
3.0642
2.87381
2.68891
2.51003
2.33766
2.17222
2.01404
1.86333
1.72018
9.5559
9.66899
9.78794
9.90971
10.0316
10.1516
10.2678
10.379
10.4844
10.5834
10.6756
10.7608
10.8388
10.9097
10.9733
11.0296
11.0788
11.1207
11.1554
11.183
11.2035
11.217
11.2235
11.2232
11.216
11.2022
11.1819
11.1551
11.122
11.0827
11.0374
10.9863
10.9293
10.8668
10.7987
10.7252
10.6462
10.5619
10.4723
10.3773
10.2772
10.1719
10.0615
9.94632
9.82634
9.7018
9.57283
9.43961
9.30224
9.1608
9.01535
8.86589
8.71241
8.55489
8.3933
8.22767
8.05803
7.8845
7.7072
7.52633
7.34209
7.15469
6.96434
6.77122
6.57544
6.37712
6.17631
5.97306
5.76742
5.55947
5.34938
5.13738
4.92381
4.70913
4.49389
4.27874
4.06439
3.85159
3.64109
3.43366
3.23002
3.03088
2.83691
2.64874
2.46699
2.29221
2.12492
1.96553
1.81432
1.6714
9.489
9.61975
9.75614
9.89423
10.0308
10.1633
10.29
10.4098
10.522
10.6263
10.7226
10.811
10.8915
10.9642
11.0291
11.0865
11.1363
11.1786
11.2135
11.2411
11.2614
11.2745
11.2806
11.2797
11.2719
11.2573
11.2361
11.2084
11.1743
11.134
11.0878
11.0357
10.9779
10.9146
10.8457
10.7715
10.692
10.607
10.5168
10.4212
10.3202
10.2141
10.1028
9.98652
9.8655
9.73992
9.60999
9.47591
9.33783
9.19582
9.04992
8.90009
8.74626
8.58834
8.42624
8.25993
8.08942
7.91481
7.73627
7.55403
7.36836
7.17953
6.98779
6.79334
6.59631
6.39676
6.19467
5.98998
5.78264
5.57262
5.35997
5.14488
4.92768
4.70885
4.489
4.26888
4.04931
3.83119
3.61537
3.40271
3.19403
2.99009
2.79162
2.59932
2.41387
2.23596
2.06622
1.90522
1.75335
1.61077
9.40774
9.56233
9.72182
9.88094
10.0357
10.1832
10.322
10.4513
10.5708
10.6806
10.7811
10.8725
10.9553
11.0297
11.0959
11.1541
11.2045
11.2471
11.282
11.3095
11.3295
11.3422
11.3476
11.346
11.3373
11.3218
11.2995
11.2707
11.2354
11.1939
11.1465
11.0932
11.0344
10.9701
10.9004
10.8255
10.7453
10.6598
10.5689
10.4725
10.3707
10.2635
10.1511
10.0335
9.91111
9.78419
9.65303
9.5179
9.37897
9.23635
9.09005
8.93996
8.78591
8.62771
8.46516
8.29814
8.12662
7.95071
7.7706
7.58661
7.39911
7.20848
7.01506
6.81911
6.62075
6.41998
6.21669
6.01066
5.80166
5.58947
5.37402
5.15538
4.93386
4.70997
4.48444
4.25816
4.03213
3.80742
3.58505
3.366
3.15118
2.9414
2.73742
2.53999
2.34987
2.1679
1.99492
1.83174
1.67897
1.53688
9.31059
9.49779
9.68798
9.87392
10.0508
10.2158
10.3678
10.5069
10.6334
10.7483
10.8524
10.9465
11.0311
11.1069
11.1741
11.233
11.2837
11.3265
11.3613
11.3885
11.408
11.4201
11.4248
11.4222
11.4125
11.3959
11.3723
11.3421
11.3053
11.2624
11.2134
11.1587
11.0986
11.0331
10.9626
10.887
10.8062
10.7202
10.6287
10.5316
10.4289
10.3205
10.2066
10.0873
9.96316
9.83448
9.70171
9.56524
9.42534
9.28211
9.13554
8.98543
8.83147
8.67326
8.51044
8.34275
8.17009
7.99256
7.81043
7.62416
7.43428
7.24137
7.04592
6.84828
6.64859
6.44678
6.24259
6.03558
5.8252
5.61098
5.3926
5.16999
4.9434
4.71342
4.48092
4.24703
4.01303
3.78023
3.54991
3.32318
3.10103
2.88432
2.67377
2.4701
2.27413
2.08687
1.90949
1.74324
1.58918
1.4478
9.19598
9.42891
9.6602
9.87994
10.0828
10.2669
10.4322
10.5803
10.7128
10.8315
10.9381
11.0339
11.1197
11.1963
11.2641
11.3234
11.3744
11.4171
11.4517
11.4784
11.4972
11.5085
11.5123
11.5087
11.4978
11.4797
11.4547
11.4227
11.3842
11.3393
11.2884
11.2319
11.1702
11.1035
11.032
10.9557
10.8746
10.7883
10.6965
10.5988
10.4951
10.3853
10.2696
10.1482
10.0216
9.89054
9.75563
9.61745
9.47638
9.3326
9.18604
9.03637
8.88305
8.72537
8.56266
8.39443
8.22049
8.04094
7.85616
7.66682
7.47375
7.27786
7.07988
6.88033
6.6794
6.47695
6.2725
6.06527
5.85423
5.63844
5.4172
5.19026
4.95779
4.72045
4.47936
4.23601
3.99214
3.74946
3.50955
3.27372
3.04304
2.81833
2.60018
2.38911
2.18583
1.99158
1.80801
1.63719
1.48111
1.34076
9.063
9.36234
9.64898
9.9102
10.1419
10.3447
10.5216
10.6761
10.8118
10.9321
11.0394
11.1355
11.2215
11.2983
11.3663
11.4258
11.4768
11.5192
11.5534
11.5793
11.5973
11.6076
11.6102
11.6054
11.5932
11.5736
11.5468
11.5129
11.472
11.4247
11.3714
11.3126
11.2489
11.1807
11.1082
11.0314
10.9502
10.8641
10.7725
10.6746
10.5701
10.4587
10.3406
10.2163
10.0864
9.95203
9.81416
9.67369
9.53123
9.387
9.24091
9.09246
8.94079
8.78463
8.62272
8.45426
8.27888
8.09675
7.90836
7.71477
7.51722
7.31725
7.116
6.91429
6.71232
6.50994
6.30636
6.10035
5.89005
5.67365
5.44998
5.21842
4.97914
4.73282
4.481
4.22569
3.96949
3.71466
3.46328
3.21679
2.97643
2.74285
2.51638
2.29685
2.08451
1.88087
1.68817
1.50989
1.35039
1.21166
8.91392
9.31398
9.67432
9.98288
10.2425
10.4599
10.643
10.7986
10.9331
11.0514
11.1567
11.2514
11.3364
11.4128
11.4808
11.5404
11.5912
11.6333
11.6667
11.6917
11.7085
11.7175
11.7189
11.7128
11.6991
11.6779
11.649
11.6127
11.5691
11.5187
11.462
11.4003
11.334
11.264
11.1904
11.1134
11.0327
10.9479
10.8574
10.7599
10.6547
10.5415
10.4206
10.2922
10.1578
10.0184
9.87633
9.73267
9.58854
9.44394
9.29908
9.15307
9.00491
8.85209
8.69208
8.52395
8.3469
8.16147
7.96798
7.76832
7.56407
7.35841
7.15272
6.94853
6.74576
6.54457
6.34365
6.14153
5.9346
5.71926
5.49405
5.25764
5.01056
4.75306
4.48762
4.21659
3.94481
3.67486
3.40991
3.151
2.90004
2.65708
2.42255
2.19421
1.97065
1.75439
1.54752
1.35555
1.18971
1.05403
8.7649
9.32277
9.77412
10.126
10.4038
10.6244
10.8041
10.9517
11.0774
11.1893
11.2894
11.381
11.4637
11.5395
11.6072
11.6674
11.7181
11.7599
11.7921
11.8157
11.8308
11.8382
11.8382
11.8309
11.8157
11.7929
11.7619
11.7231
11.6758
11.6215
11.56
11.4943
11.4245
11.3524
11.2773
11.2006
11.1212
11.0396
10.9524
10.856
10.751
10.6353
10.5111
10.3768
10.2361
10.0885
9.94074
9.79224
9.64642
9.50119
9.35881
9.21669
9.07567
8.9298
8.77307
8.60642
8.42691
8.23771
8.03642
7.82838
7.61291
7.39954
7.18721
6.98068
6.77684
6.57874
6.38264
6.18957
5.99119
5.77905
5.55418
5.31219
5.05695
4.78468
4.50225
4.20855
3.91745
3.62785
3.34779
3.07373
2.81208
2.55918
2.31978
2.08466
1.84626
1.61439
1.38538
1.16358
0.985582
0.857046
8.69546
9.48487
10.0171
10.3758
10.6472
10.8476
11.0114
11.1361
11.2415
11.3439
11.4343
11.5231
11.6011
11.6777
11.7441
11.808
11.8579
11.8999
11.9299
11.9516
11.9642
11.9694
11.9681
11.96
11.9433
11.9198
11.8859
11.8454
11.7927
11.7346
11.6636
11.5943
11.518
11.4451
11.3662
11.2917
11.2125
11.1393
11.0607
10.9645
10.8623
10.7413
10.6161
10.4706
10.3241
10.1586
10.0061
9.84782
9.70337
9.55421
9.41805
9.27861
9.15331
9.02307
8.86821
8.70732
8.52075
8.33127
8.11448
7.89907
7.65864
7.43906
7.21327
7.00889
6.79958
6.60995
6.41718
6.24518
6.06753
5.85709
5.63889
5.38575
5.1278
4.83086
4.53305
4.19673
3.88787
3.56707
3.27701
2.97855
2.71151
2.44179
2.21081
1.97982
1.71244
1.47026
1.21286
0.908504
0.710219
0.601702
9.10058
10.0172
10.51
10.7509
10.9931
11.1235
11.2747
11.3481
11.41
11.5159
11.5814
11.6805
11.7402
11.8307
11.8847
11.9684
12.0092
12.0572
12.0793
12.1007
12.1083
12.1096
12.108
12.1012
12.0807
12.0613
12.0192
11.9853
11.9172
11.8659
11.7648
11.7043
11.6064
11.5462
11.4489
11.3893
11.2951
11.2467
11.194
11.0816
11.0006
10.853
10.7504
10.5657
10.4394
10.21
10.0798
9.88336
9.76697
9.58844
9.48192
9.32006
9.23798
9.1517
8.97194
8.84511
8.61872
8.46406
8.19048
8.00569
7.67427
7.48744
7.20844
7.04409
6.79393
6.6456
6.42177
6.30885
6.19103
5.94626
5.77386
5.46619
5.25477
4.87822
4.61929
4.14531
3.87545
3.46198
3.21828
2.83808
2.61478
2.26859
2.10181
1.92738
1.5423
1.34802
1.10794
0.500678
0.305583
0.253909
1.66244
1.50669
1.35953
1.22051
1.0891
0.964672
0.846559
0.734067
0.626491
0.52313
0.423295
0.326313
0.231527
0.138297
0.0459963
1.65352
1.49808
1.35137
1.2129
1.0821
0.958345
0.840929
0.729143
0.622269
0.519599
0.420438
0.324113
0.229968
0.137367
0.0456872
1.63553
1.48075
1.33494
1.19759
1.06806
0.945665
0.82966
0.719298
0.613838
0.512552
0.414741
0.319728
0.226863
0.135515
0.0450717
1.60817
1.45442
1.31005
1.17444
1.04688
0.926582
0.812738
0.704545
0.601224
0.502026
0.406241
0.313193
0.222238
0.132758
0.0441556
1.57097
1.4187
1.27638
1.14324
1.01843
0.901034
0.790155
0.684913
0.58448
0.488083
0.395
0.304561
0.216134
0.129122
0.0429478
1.52323
1.37303
1.2335
1.10369
0.98254
0.868963
0.761926
0.660463
0.563694
0.470819
0.381112
0.293914
0.208615
0.124645
0.0414614
1.46405
1.31666
1.1809
1.05548
0.939066
0.830342
0.728114
0.631314
0.539009
0.45038
0.364711
0.281364
0.199764
0.11938
0.0397142
1.39218
1.24865
1.11793
0.998261
0.887888
0.785217
0.688865
0.597664
0.51064
0.426978
0.345984
0.267065
0.189694
0.113396
0.0377292
1.30598
1.16782
1.04391
0.931731
0.828999
0.733764
0.644456
0.55983
0.478906
0.400901
0.32518
0.251214
0.178549
0.106779
0.0355354
1.20321
1.07274
0.958123
0.855747
0.762603
0.676378
0.595358
0.518289
0.444246
0.372535
0.302617
0.234061
0.166505
0.0996361
0.033168
1.08086
0.961787
0.86009
0.770523
0.689281
0.613779
0.542302
0.473715
0.40725
0.342372
0.27869
0.215905
0.153774
0.0920906
0.0306682
0.934853
0.833451
0.749917
0.676965
0.610212
0.547147
0.486351
0.427014
0.368663
0.311009
0.253862
0.197091
0.140593
0.084283
0.0280823
0.760224
0.68724
0.629155
0.577201
0.527447
0.47824
0.428935
0.379323
0.329376
0.279134
0.228656
0.178002
0.127224
0.0763648
0.0254598
0.552948
0.526121
0.502256
0.475229
0.444131
0.409426
0.371821
0.331963
0.290381
0.247492
0.203624
0.159036
0.113935
0.0684913
0.0228517
0.319307
0.362033
0.378515
0.377323
0.364416
0.343508
0.316957
0.286324
0.252689
0.216826
0.17931
0.140581
0.100986
0.060813
0.0203072
9.80783
9.42319
9.03766
8.65055
8.26105
7.86812
7.47036
7.0658
6.65153
6.22287
5.77158
5.28101
4.70981
3.92673
2.40334
9.79465
9.38339
8.9704
8.55438
8.13376
7.70652
7.26994
6.82016
6.35134
5.85412
5.31232
4.69542
3.94041
2.90787
1.2971
9.78186
9.34478
8.90525
8.46141
8.01106
7.55139
7.07869
6.58772
6.07085
5.51632
4.9052
4.20574
3.36373
2.29057
0.873783
9.76962
9.30788
8.84308
8.37295
7.89481
7.40532
6.90011
6.37327
5.81652
5.21781
4.55941
3.81506
2.94756
1.91187
0.680179
9.75807
9.27309
8.78461
8.29006
7.78646
7.27015
6.73654
6.1796
5.5913
4.96076
4.2733
3.50988
2.64818
1.66929
0.575923
9.74732
9.24072
8.73035
8.21346
7.68691
7.147
6.58916
6.0077
5.39542
4.74322
4.03995
3.27293
2.4302
1.50621
0.512272
9.73741
9.21097
8.68062
8.14356
7.59665
7.03629
6.45818
5.85721
5.22726
4.56113
3.85085
3.08855
2.26863
1.3917
0.469875
9.7284
9.18392
8.63554
8.08049
7.51574
6.93789
6.34307
5.72684
5.08421
4.40971
3.69789
2.94419
2.14666
1.30837
0.439924
9.72028
9.15958
8.5951
8.02416
7.44392
6.85128
6.24282
5.61481
4.96328
4.2842
3.574
2.83027
2.05299
1.24597
0.417892
9.71302
9.13788
8.55913
7.97428
7.38072
6.77565
6.15615
5.51912
4.86147
4.18031
3.47339
2.73963
1.97999
1.19819
0.401212
9.7066
9.11868
8.5274
7.93046
7.32549
6.71005
6.08164
5.43774
4.77598
4.09432
3.3914
2.66697
1.92236
1.16096
0.388312
9.70095
9.10181
8.49959
7.8922
7.27754
6.65347
6.01788
5.36876
4.7043
4.02309
3.32436
2.60831
1.87639
1.13154
0.378174
9.69601
9.08709
8.47538
7.859
7.23611
6.60487
5.96352
5.31044
4.64426
3.96402
3.26935
2.56067
1.8394
1.10803
0.370105
9.69171
9.07431
8.4544
7.83033
7.20049
6.5633
5.9173
5.26121
4.59398
3.91498
3.22407
2.52178
1.80942
1.08908
0.363619
9.688
9.06326
8.4363
7.80567
7.16996
6.52784
5.8781
5.2197
4.55188
3.8742
3.18668
2.48989
1.78497
1.0737
0.358365
9.6848
9.05375
8.42075
7.78453
7.14388
6.49768
5.8449
5.18475
4.51662
3.84025
3.15574
2.46363
1.76494
1.06113
0.354082
9.68206
9.0456
8.40744
7.76648
7.12167
6.47207
5.81684
5.15532
4.48709
3.81195
3.13007
2.44194
1.74845
1.05082
0.350571
9.67971
9.03863
8.39607
7.75109
7.10278
6.45036
5.79313
5.13057
4.46234
3.78834
3.10874
2.42399
1.73484
1.04232
0.347682
9.6777
9.03268
8.38639
7.738
7.08676
6.43199
5.77313
5.10975
4.4416
3.76862
3.09098
2.40908
1.72357
1.0353
0.345297
9.676
9.02763
8.37816
7.72689
7.07318
6.41647
5.75627
5.09225
4.42422
3.75214
3.07617
2.39669
1.71422
1.02948
0.343321
9.67455
9.02333
8.37117
7.71748
7.0617
6.40336
5.74206
5.07754
4.40964
3.73834
3.06382
2.38636
1.70644
1.02464
0.34168
9.67332
9.01969
8.36526
7.70951
7.05199
6.3923
5.7301
5.06517
4.39741
3.7268
3.05349
2.37775
1.69996
1.02062
0.340316
9.67228
9.01661
8.36025
7.70278
7.0438
6.38297
5.72003
5.05478
4.38715
3.71713
3.04486
2.37056
1.69456
1.01727
0.33918
9.6714
9.014
8.35603
7.6971
7.03689
6.37511
5.71155
5.04605
4.37854
3.70904
3.03764
2.36455
1.69004
1.01447
0.338232
9.67066
9.0118
8.35245
7.6923
7.03106
6.3685
5.70443
5.03872
4.37132
3.70225
3.03159
2.35953
1.68627
1.01213
0.33744
9.67003
9.00995
8.34944
7.68826
7.02615
6.36293
5.69843
5.03256
4.36526
3.69656
3.02653
2.35532
1.68312
1.01018
0.336779
9.6695
9.00838
8.34691
7.68485
7.02202
6.35825
5.6934
5.02739
4.36018
3.69179
3.02229
2.3518
1.68048
1.00855
0.336226
9.66906
9.00706
8.34477
7.68199
7.01855
6.35431
5.68917
5.02305
4.35592
3.68779
3.01874
2.34885
1.67828
1.00718
0.335763
9.66868
9.00596
8.34297
7.67958
7.01563
6.35101
5.68562
5.0194
4.35234
3.68445
3.01577
2.34639
1.67643
1.00604
0.335376
9.66837
9.00502
8.34147
7.67756
7.01318
6.34823
5.68264
5.01635
4.34935
3.68164
3.01328
2.34432
1.67489
1.00508
0.335053
9.6681
9.00424
8.3402
7.67586
7.01112
6.34591
5.68014
5.01379
4.34684
3.67929
3.01119
2.3426
1.67359
1.00428
0.334782
9.66788
9.00359
8.33914
7.67444
7.0094
6.34396
5.67806
5.01165
4.34474
3.67733
3.00945
2.34116
1.67252
1.00362
0.334557
9.66769
9.00304
8.33825
7.67325
7.00797
6.34234
5.67631
5.00987
4.34299
3.6757
3.008
2.33995
1.67162
1.00306
0.334369
9.66754
9.00258
8.33751
7.67226
7.00677
6.34098
5.67486
5.00838
4.34154
3.67433
3.00679
2.33895
1.67087
1.0026
0.334212
9.66741
9.0022
8.3369
7.67144
7.00578
6.33986
5.67366
5.00715
4.34033
3.67321
3.00579
2.33813
1.67025
1.00222
0.334083
9.66731
9.00189
8.3364
7.67077
7.00496
6.33893
5.67267
5.00614
4.33934
3.67228
3.00497
2.33745
1.66974
1.0019
0.333976
9.66722
9.00164
8.33598
7.67021
7.00429
6.33818
5.67186
5.00531
4.33853
3.67152
3.0043
2.33689
1.66932
1.00164
0.333889
9.66715
9.00143
8.33565
7.66977
7.00375
6.33757
5.6712
5.00464
4.33787
3.67091
3.00376
2.33644
1.66899
1.00144
0.333819
9.6671
9.00127
8.33539
7.66942
7.00333
6.33709
5.67069
5.00411
4.33736
3.67043
3.00333
2.33609
1.66873
1.00127
0.333764
9.66705
9.00115
8.33519
7.66915
7.003
6.33672
5.6703
5.00371
4.33697
3.67006
3.00301
2.33582
1.66852
1.00115
0.333722
9.66702
9.00106
8.33504
7.66896
7.00277
6.33646
5.67002
5.00342
4.33668
3.6698
3.00277
2.33563
1.66838
1.00106
0.333692
9.66701
9.001
8.33495
7.66883
7.00262
6.33629
5.66983
5.00324
4.3365
3.66963
3.00262
2.3355
1.66829
1.001
0.333672
9.667
9.00097
8.33491
7.66878
7.00255
6.33621
5.66975
5.00315
4.33642
3.66955
3.00255
2.33544
1.66824
1.00097
0.333663
9.667
9.00098
8.33491
7.66878
7.00256
6.33622
5.66976
5.00316
4.33643
3.66956
3.00256
2.33545
1.66825
1.00098
0.333664
9.66701
9.00101
8.33497
7.66885
7.00264
6.33632
5.66986
5.00327
4.33653
3.66965
3.00264
2.33552
1.6683
1.00101
0.333675
9.66703
9.00107
8.33507
7.66899
7.00281
6.3365
5.67006
5.00347
4.33673
3.66984
3.00281
2.33566
1.6684
1.00107
0.333696
9.66706
9.00117
8.33522
7.66919
7.00306
6.33679
5.67036
5.00378
4.33703
3.67012
3.00306
2.33586
1.66856
1.00117
0.333729
9.66711
9.0013
8.33543
7.66948
7.0034
6.33717
5.67078
5.0042
4.33745
3.67051
3.0034
2.33615
1.66877
1.0013
0.333773
9.66716
9.00147
8.33571
7.66985
7.00385
6.33768
5.67132
5.00476
4.33799
3.67101
3.00385
2.33652
1.66905
1.00147
0.333831
9.66724
9.00168
8.33606
7.67031
7.00441
6.33831
5.672
5.00545
4.33867
3.67165
3.00442
2.33699
1.6694
1.00169
0.333904
9.66733
9.00195
8.33649
7.67089
7.0051
6.3391
5.67284
5.00631
4.33951
3.67244
3.00511
2.33756
1.66983
1.00195
0.333995
9.66744
9.00227
8.33701
7.67159
7.00595
6.34006
5.67387
5.00737
4.34054
3.6734
3.00597
2.33827
1.67036
1.00228
0.334105
9.66757
9.00266
8.33765
7.67244
7.00698
6.34122
5.67512
5.00864
4.34179
3.67457
3.007
2.33913
1.671
1.00268
0.334239
9.66773
9.00314
8.33841
7.67347
7.00822
6.34262
5.67662
5.01018
4.3433
3.67598
3.00825
2.34016
1.67177
1.00316
0.334401
9.66792
9.0037
8.33933
7.6747
7.00971
6.34431
5.67843
5.01203
4.34511
3.67768
3.00976
2.34141
1.6727
1.00373
0.334596
9.66815
9.00438
8.34043
7.67617
7.01149
6.34632
5.68059
5.01425
4.34728
3.6797
3.01156
2.3429
1.67382
1.00442
0.334829
9.66842
9.00519
8.34174
7.67792
7.01362
6.34873
5.68317
5.01689
4.34987
3.68213
3.01371
2.34468
1.67515
1.00525
0.335108
9.66875
9.00616
8.3433
7.68002
7.01616
6.3516
5.68625
5.02005
4.35297
3.68503
3.01628
2.34681
1.67675
1.00623
0.335442
9.66914
9.00731
8.34516
7.68251
7.01918
6.35502
5.68993
5.02382
4.35667
3.68849
3.01935
2.34936
1.67865
1.00741
0.335842
9.6696
9.00867
8.34738
7.68548
7.02278
6.3591
5.6943
5.0283
4.36107
3.69262
3.02302
2.3524
1.68093
1.00882
0.336319
9.67015
9.0103
8.35001
7.68901
7.02706
6.36394
5.69951
5.03365
4.36632
3.69754
3.0274
2.35603
1.68365
1.01051
0.336889
9.6708
9.01222
8.35313
7.6932
7.03214
6.36971
5.70571
5.04002
4.37258
3.70342
3.03262
2.36037
1.6869
1.01252
0.33757
9.67157
9.0145
8.35683
7.69817
7.03818
6.37656
5.71308
5.0476
4.38004
3.71042
3.03886
2.36555
1.69078
1.01492
0.338385
9.67248
9.01721
8.36122
7.70407
7.04534
6.3847
5.72185
5.05663
4.38893
3.71878
3.0463
2.37174
1.69543
1.0178
0.33936
9.67357
9.02041
8.36642
7.71106
7.05384
6.39436
5.73228
5.06737
4.39952
3.72875
3.05519
2.37914
1.70099
1.02125
0.340528
9.67484
9.0242
8.37257
7.71933
7.06391
6.40582
5.74467
5.08016
4.41215
3.74065
3.06582
2.388
1.70764
1.02538
0.341929
9.67635
9.02867
8.37984
7.72912
7.07584
6.41942
5.75938
5.09537
4.4272
3.75486
3.07854
2.39861
1.71563
1.03034
0.343611
9.67813
9.03394
8.38841
7.74068
7.08995
6.43554
5.77685
5.11347
4.44514
3.77184
3.09376
2.41133
1.72522
1.0363
0.345633
9.68023
9.04015
8.39851
7.75432
7.10663
6.45461
5.79758
5.135
4.46654
3.79214
3.112
2.42661
1.73675
1.04348
0.34807
9.68268
9.04744
8.41039
7.77038
7.1263
6.47718
5.82217
5.1606
4.49207
3.81643
3.13388
2.44498
1.75065
1.05215
0.351015
9.68556
9.05599
8.42433
7.78926
7.14948
6.50384
5.8513
5.19105
4.52253
3.84552
3.16018
2.46714
1.76745
1.06264
0.354582
9.68892
9.06598
8.44065
7.8114
7.17674
6.53528
5.88578
5.22723
4.55888
3.88038
3.19183
2.4939
1.78781
1.07538
0.35892
9.69284
9.07762
8.45969
7.8373
7.20871
6.5723
5.92656
5.27022
4.60228
3.92222
3.23001
2.52632
1.81257
1.09092
0.364219
9.69738
9.09113
8.48184
7.8675
7.24613
6.6158
5.9747
5.32124
4.65412
3.97248
3.27615
2.56573
1.8428
1.10996
0.370724
9.70263
9.10675
8.50749
7.90258
7.28975
6.66676
6.03144
5.38176
4.71602
4.03296
3.33208
2.61383
1.87993
1.13345
0.378766
9.70866
9.12473
8.53707
7.94317
7.34044
6.72629
6.09813
5.45343
4.78993
4.10582
3.40006
2.6728
1.92579
1.16262
0.388787
9.71554
9.14529
8.57099
7.98987
7.39905
6.79556
6.1763
5.53817
4.87817
4.1937
3.48296
2.74549
1.98287
1.1992
0.401403
9.72336
9.16867
8.60964
8.0433
7.46647
6.87577
6.26758
5.63808
4.98339
4.29982
3.58441
2.83566
2.05455
1.2456
0.417497
9.73218
9.19504
8.65338
8.10402
7.54352
6.96812
6.37365
5.75549
5.10866
4.42806
3.70902
2.94829
2.14556
1.30531
0.438371
9.74202
9.22456
8.70247
8.17246
7.63091
7.07372
6.49617
5.8928
5.25737
4.58299
3.86258
3.0901
2.26261
1.38355
0.466054
9.75293
9.25728
8.75705
8.24891
7.72916
7.19345
6.63661
6.05237
5.43314
4.76987
4.0523
3.27009
2.41549
1.48848
0.503882
9.76487
9.29318
8.81711
8.33344
7.83849
7.32785
6.79607
6.23624
5.63949
4.99445
4.28691
3.50035
2.61864
1.63339
0.557801
9.77781
9.33213
8.88245
8.42579
7.9587
7.47692
6.975
6.44574
5.87937
5.26242
4.57639
3.79667
2.8937
1.84104
0.639505
9.79166
9.37385
8.95263
8.5254
8.08912
7.63997
7.17291
6.68101
6.15436
5.57835
4.93091
4.17859
3.27269
2.15206
0.775011
9.80628
9.41796
9.02697
8.63128
8.22847
7.81545
7.38806
6.9404
6.46363
5.94389
5.35826
4.66716
3.80081
2.64115
1.03063
9.8215
9.46392
9.10456
8.7421
8.3749
8.0009
7.61729
7.21999
6.80273
6.35518
5.85884
5.2774
4.53259
3.44332
1.59928
9.83712
9.5111
9.18432
8.85619
8.52605
8.19303
7.85602
7.51342
7.16285
6.80034
6.4185
6.00109
5.50358
4.76962
3.10856
9.85291
9.55882
9.26501
8.97169
8.67918
8.38792
8.09861
7.81239
7.53125
7.2589
7.00285
6.78039
6.63874
6.73972
7.78175
9.86864
9.60635
9.34534
9.08662
8.83144
8.58145
8.33905
8.10782
7.89353
7.70611
7.56386
7.50353
7.6054
8.05628
9.2801
9.88409
9.65297
9.42408
9.19909
8.98007
8.76971
8.57172
8.39146
8.23715
8.12194
8.06796
8.11402
8.32966
8.83605
9.81089
0.131367
0.235673
0.281284
0.29831
0.298674
0.288252
0.270403
0.247237
0.220177
0.190229
0.158133
0.124455
0.0896467
0.0540789
0.0180739
0.0705288
0.161559
0.212741
0.238048
0.246396
0.243177
0.23177
0.214406
0.192626
0.167539
0.139977
0.11058
0.0798646
0.0482601
0.0161426
0.0444316
0.115116
0.162165
0.189561
0.20215
0.203785
0.197273
0.18464
0.167368
0.146569
0.123094
0.0976204
0.070699
0.0427972
0.0143277
0.0309582
0.0850861
0.125236
0.151355
0.16551
0.170049
0.167025
0.158093
0.14456
0.127454
0.107599
0.085665
0.0622136
0.0377283
0.0126418
0.0228934
0.0647625
0.0980481
0.121457
0.135545
0.141563
0.140878
0.134742
0.124231
0.110248
0.0935459
0.0747629
0.0544458
0.0330765
0.0110928
0.0175491
0.0503993
0.0777187
0.0980314
0.111184
0.117732
0.118515
0.114428
0.106313
0.094928
0.0809378
0.0649257
0.0474083
0.0288511
0.00968404
0.0137658
0.0398766
0.0622545
0.079577
0.0914086
0.0979031
0.0995338
0.0969087
0.0906651
0.0814169
0.069733
0.0561332
0.0410925
0.025049
0.00841474
0.0109689
0.0319459
0.0503003
0.0649353
0.0753386
0.0814512
0.0835072
0.0819019
0.0771031
0.0695966
0.0598582
0.048341
0.0354726
0.0216571
0.00728092
0.00883936
0.0258362
0.0409287
0.0532317
0.0622477
0.0678159
0.0700224
0.0691123
0.0654208
0.0593257
0.0512182
0.0414869
0.0305101
0.0186544
0.00627596
0.00718325
0.0210487
0.0334939
0.0438104
0.0515506
0.0565144
0.0587013
0.0582537
0.0554072
0.0504518
0.0437054
0.0354972
0.0261577
0.0160146
0.00539141
0.00587506
0.0172472
0.0275373
0.0361779
0.0427811
0.047141
0.0492092
0.0490605
0.0468576
0.0428211
0.0372075
0.030293
0.0223633
0.013708
0.00461767
0.00482931
0.014197
0.0227258
0.0299599
0.0355692
0.0393585
0.0412562
0.0412936
0.0395809
0.0362854
0.0316128
0.0257934
0.0190724
0.0117035
0.00394458
0.00398558
0.0117292
0.0188133
0.0248699
0.029621
0.0328894
0.0345948
0.0347415
0.0334031
0.0307058
0.0268142
0.0219197
0.0162314
0.00996981
0.00336187
0.00329984
0.00971928
0.0156143
0.0206862
0.0247022
0.0275056
0.0290155
0.0292206
0.0281687
0.0259552
0.0227118
0.018597
0.0137885
0.0084765
0.00285954
0.00273924
0.00807348
0.0129868
0.0172355
0.0206254
0.0230197
0.024342
0.0245723
0.0237409
0.0219197
0.0192143
0.015756
0.011695
0.00719493
0.00242812
0.00227878
0.00671995
0.0108206
0.0143813
0.0172397
0.0192781
0.0204266
0.0206612
0.0200001
0.018498
0.0162395
0.0133334
0.00990638
0.00609853
0.00205879
0.00189914
0.00560283
0.0090293
0.0120146
0.0144232
0.0161545
0.0171457
0.0173719
0.0168433
0.0156014
0.0137145
0.0112724
0.00838212
0.00516311
0.00174351
0.00158516
0.00467819
0.00754431
0.0100483
0.012077
0.0135446
0.014396
0.0146067
0.0141816
0.0131526
0.0115748
0.0095226
0.00708609
0.00436695
0.00147502
0.00132485
0.00391109
0.00631076
0.00841198
0.0101202
0.0113627
0.0120912
0.0122828
0.0119392
0.0110848
0.00976438
0.00803963
0.00598629
0.00369073
0.00124689
0.00110861
0.0032735
0.00528442
0.00704853
0.00848676
0.00953753
0.0101591
0.0103305
0.0100514
0.00934064
0.00823468
0.00678478
0.00505463
0.00311748
0.00105341
0.000928708
0.00274282
0.00442943
0.00591133
0.00712234
0.00801037
0.0085395
0.00869096
0.00846317
0.00787087
0.00694376
0.00572451
0.00426668
0.00263233
0.000889618
0.000778867
0.00230066
0.00371655
0.00496221
0.00598216
0.00673239
0.00718212
0.00731475
0.00712803
0.00663356
0.00585565
0.00482988
0.00360128
0.00222241
0.000751185
0.000653979
0.00193202
0.00312187
0.00416979
0.00502924
0.00566304
0.00604489
0.00616024
0.00600657
0.00559302
0.00493962
0.00407605
0.00304023
0.0018766
0.000634374
0.000549862
0.00162462
0.00262573
0.00350821
0.00423298
0.00476861
0.00509267
0.0051925
0.00506552
0.00471901
0.00416949
0.00344181
0.00256789
0.00158536
0.000535975
0.000463079
0.00136834
0.00221194
0.00295614
0.00356804
0.00402108
0.00429613
0.00438224
0.00427689
0.00398594
0.00352306
0.0029091
0.00217097
0.00134053
0.000453243
0.000390805
0.00115487
0.00186715
0.00249591
0.00301339
0.00339711
0.00363076
0.00370488
0.00361713
0.00337221
0.00298153
0.00246259
0.00183813
0.00113517
0.000383838
0.000330712
0.000977354
0.00158036
0.00211294
0.00255162
0.00287732
0.00307614
0.00313992
0.00306649
0.00285969
0.00252905
0.00208933
0.0015598
0.000963402
0.000325776
0.00028088
0.000830134
0.00134246
0.00179515
0.00216829
0.00244563
0.00261528
0.0026702
0.00260844
0.00243313
0.0021523
0.00177843
0.00132789
0.000820251
0.000277384
0.000239732
0.000708556
0.00114595
0.00153259
0.00185147
0.0020887
0.00223407
0.0022815
0.00222923
0.00207985
0.00184014
0.00152074
0.00113564
0.000701554
0.000237255
0.000205971
0.000608797
0.00098469
0.00131707
0.00159134
0.00179554
0.00192086
0.00196202
0.00191743
0.00178927
0.00158331
0.00130867
0.00097738
0.000603836
0.000204216
0.00017854
0.000527737
0.000853638
0.00114189
0.00137986
0.00155714
0.00166609
0.00170206
0.00166365
0.0015527
0.00137417
0.00113594
0.000848457
0.00052422
0.000177296
0.000156583
0.000462849
0.000748723
0.00100164
0.0012105
0.00136619
0.00146197
0.00149375
0.00146025
0.00136304
0.00120646
0.000997415
0.000745048
0.000460355
0.000155701
0.000139418
0.000412119
0.000666693
0.00089196
0.00107805
0.00121684
0.0013023
0.00133077
0.00130107
0.0012146
0.00107518
0.000888963
0.000664084
0.000410348
0.000138791
0.000126511
0.000373974
0.00060501
0.000809484
0.000978441
0.0011045
0.00118219
0.00120816
0.00118132
0.00110291
0.000976401
0.000807351
0.000603153
0.000372713
0.000126065
0.000117462
0.000347233
0.000561769
0.000751667
0.000908614
0.00102576
0.00109799
0.00112221
0.00109737
0.00102462
0.000907156
0.000750141
0.000560441
0.000346331
0.000117144
0.000111993
0.000331069
0.000535633
0.000716726
0.000866423
0.000978185
0.00104714
0.00107031
0.00104669
0.000977362
0.00086537
0.000715625
0.000534675
0.000330418
0.000111763
0.000109932
0.00032498
0.000525794
0.000703583
0.000850569
0.000960332
0.00102808
0.00105088
0.00102775
0.000959728
0.000849796
0.000702774
0.00052509
0.000324502
0.000109763
0.000111214
0.000328774
0.000531941
0.000711825
0.000860559
0.000971645
0.00104024
0.00106335
0.00103999
0.000971187
0.000859973
0.000711212
0.000531407
0.000328412
0.000111086
0.000115877
0.00034256
0.000554253
0.000741694
0.000896688
0.00101246
0.00108396
0.00110808
0.00108376
0.0010121
0.000896219
0.000741203
0.000553825
0.00034227
0.000115774
0.000124061
0.000366754
0.000593402
0.000794091
0.000960048
0.00108402
0.00116059
0.00118643
0.00116042
0.0010837
0.000959638
0.000793663
0.000593029
0.000366501
0.000123971
0.000136013
0.000402088
0.000650574
0.000870604
0.00105256
0.00118848
0.00127244
0.00130078
0.00127227
0.00118817
0.00105216
0.000870186
0.000650211
0.000401841
0.000135925
0.000152096
0.000449634
0.000727504
0.000973552
0.00117702
0.00132902
0.00142292
0.00145461
0.00142273
0.00132868
0.00117659
0.000973096
0.000727107
0.000449365
0.000152001
0.000172799
0.000510836
0.000826527
0.00110606
0.00133722
0.00150991
0.00161657
0.00165257
0.00161635
0.0015095
0.0013367
0.00110551
0.000826048
0.000510511
0.000172684
0.00019875
0.000587554
0.000950652
0.00127216
0.00153803
0.00173663
0.0018593
0.00190068
0.001859
0.0017361
0.00153735
0.00127145
0.000950033
0.000587134
0.000198602
0.000230739
0.000682119
0.00110365
0.00147689
0.00178553
0.00201607
0.00215845
0.00220647
0.00215806
0.00201535
0.00178461
0.00147594
0.00110282
0.000681555
0.000230539
0.000269738
0.000797408
0.00129018
0.00172649
0.00208725
0.00235672
0.00252312
0.00257921
0.00252258
0.00235573
0.00208599
0.00172517
0.00128903
0.000796631
0.000269463
0.000316935
0.000936929
0.0015159
0.00202852
0.00245237
0.00276892
0.00296437
0.00303021
0.00296362
0.00276755
0.00245062
0.00202669
0.00151431
0.000935846
0.000316552
0.000373766
0.00110493
0.0017877
0.0023922
0.00289198
0.00326521
0.00349561
0.00357316
0.00349456
0.00326329
0.00288952
0.00238963
0.00178546
0.00110341
0.000373229
0.000441964
0.00130653
0.00211385
0.00282858
0.00341946
0.00386066
0.00413297
0.00422454
0.00413149
0.00385796
0.003416
0.00282496
0.0021107
0.00130439
0.000441207
0.000523606
0.00154787
0.00250428
0.00335096
0.00405085
0.00457339
0.0048958
0.00500411
0.00489372
0.00456958
0.00404597
0.00334586
0.00249984
0.00154485
0.00052254
0.000621185
0.00183631
0.0029709
0.00397525
0.00480539
0.00542506
0.00580729
0.00593553
0.00580435
0.00541969
0.00479851
0.00396805
0.00296464
0.00183206
0.000619681
0.000737681
0.00218067
0.00352796
0.00472048
0.00570605
0.0064416
0.00689513
0.00704705
0.00689098
0.00643401
0.00569634
0.00471033
0.00351911
0.00217466
0.000735559
0.000876658
0.00259146
0.00419246
0.00560942
0.00678029
0.00765394
0.00819239
0.00837241
0.00818653
0.00764323
0.00676658
0.00559509
0.00417998
0.00258299
0.000873662
0.00104237
0.00308128
0.00498475
0.00666921
0.00806089
0.00909902
0.0097385
0.00995183
0.00973022
0.0090839
0.00804154
0.00664898
0.00496713
0.00306932
0.00103814
0.00123991
0.00366514
0.00592909
0.00793229
0.00958696
0.0108209
0.0115805
0.0118332
0.0115688
0.0107995
0.00955965
0.00790373
0.00590422
0.00364826
0.00123393
0.00147533
0.00436097
0.00705447
0.00943736
0.0114052
0.012872
0.0137744
0.0140737
0.0137579
0.0128419
0.0113666
0.00939704
0.00701935
0.00433714
0.0014669
0.00175591
0.00519022
0.00839549
0.0112306
0.0135712
0.0153151
0.016387
0.0167412
0.0163637
0.0152726
0.0135168
0.0111737
0.00834593
0.00515658
0.00174401
0.00209031
0.00617848
0.00999352
0.0133672
0.0161515
0.0182249
0.0194979
0.0199167
0.019465
0.0181648
0.0160746
0.0132869
0.00992354
0.00613099
0.00207351
0.00248891
0.00735638
0.011898
0.0159131
0.0192253
0.0216903
0.0232019
0.0236965
0.0231555
0.0216056
0.0191169
0.0157996
0.0117992
0.00728933
0.00246519
0.0029641
0.00876056
0.0141679
0.018947
0.0228875
0.0258178
0.027612
0.0281953
0.0275465
0.0256981
0.0227343
0.0187868
0.0140285
0.0086659
0.00293062
0.00353077
0.0104349
0.0168742
0.022563
0.027251
0.0307339
0.0328628
0.0335496
0.0327704
0.030565
0.0270348
0.0223369
0.0166773
0.0103013
0.0034835
0.00420675
0.012432
0.0201014
0.026874
0.0324512
0.0365903
0.0391149
0.0399218
0.0389844
0.0363518
0.0321459
0.0265548
0.0198234
0.0122433
0.00414001
0.00501344
0.0148149
0.0239513
0.0320149
0.0386498
0.0435675
0.0465595
0.0475052
0.0463753
0.0432308
0.0382189
0.0315643
0.0235589
0.0145486
0.00491922
0.00597661
0.0176597
0.028546
0.0381479
0.0460407
0.0518818
0.055425
0.0565297
0.0551648
0.0514065
0.0454324
0.0375118
0.027992
0.0172837
0.0058436
0.00712731
0.0210578
0.0340324
0.0454675
0.0548562
0.0617915
0.0659833
0.067269
0.0656162
0.0611206
0.0539975
0.0445695
0.0332503
0.0205269
0.00693952
0.00850305
0.0251196
0.0405877
0.054208
0.0653751
0.073606
0.0785596
0.0800484
0.0780413
0.0726589
0.0641629
0.0529401
0.0394835
0.0243701
0.00823791
0.0101493
0.0299787
0.048426
0.0646517
0.0779327
0.0876959
0.0935414
0.095255
0.0928098
0.086359
0.0762215
0.0628618
0.046867
0.0289205
0.00977492
0.0121212
0.0357975
0.0578067
0.0771399
0.0929327
0.104506
0.111392
0.113349
0.110359
0.102619
0.0905171
0.0746131
0.0556057
0.0343033
0.0115926
0.0144863
0.0427737
0.0690453
0.0920863
0.110863
0.12457
0.132665
0.134878
0.131208
0.121906
0.107453
0.0885191
0.0659378
0.0406639
0.0137399
0.0173271
0.0511495
0.0825271
0.109994
0.132312
0.148531
0.158022
0.160491
0.155965
0.144772
0.127499
0.104958
0.0781392
0.0481701
0.016273
0.0207455
0.0612228
0.0987242
0.131476
0.157996
0.177162
0.188255
0.190961
0.185353
0.171857
0.151202
0.124366
0.0925281
0.0570149
0.0192566
0.0248679
0.0733624
0.118219
0.157286
0.188785
0.211399
0.224312
0.227202
0.220217
0.203914
0.179196
0.147248
0.109469
0.0674185
0.0227644
0.029852
0.088028
0.141734
0.188349
0.225743
0.252373
0.267326
0.2703
0.261551
0.241813
0.212211
0.174177
0.129375
0.07963
0.0268796
0.0358969
0.105797
0.170171
0.225816
0.270175
0.301454
0.318657
0.321538
0.310515
0.286561
0.25108
0.205806
0.152711
0.0939285
0.031695
0.0432565
0.127405
0.204669
0.271118
0.323687
0.36031
0.379932
0.382428
0.368458
0.339311
0.296747
0.242866
0.179997
0.110623
0.0373132
0.0522579
0.153792
0.246675
0.326059
0.388272
0.430968
0.453098
0.45475
0.436939
0.401377
0.350272
0.286164
0.2118
0.130049
0.0438454
0.0633299
0.186185
0.298054
0.392922
0.466407
0.515906
0.540481
0.540586
0.517744
0.474234
0.412825
0.336583
0.248732
0.152567
0.0514102
0.0770434
0.226207
0.361238
0.474632
0.561196
0.61815
0.644853
0.642353
0.612899
0.559517
0.485676
0.395063
0.291435
0.17855
0.0601301
0.094175
0.276043
0.439445
0.57497
0.676545
0.741398
0.769501
0.762833
0.724668
0.659004
0.570172
0.462577
0.340566
0.208375
0.070128
0.115808
0.3387
0.537008
0.698881
0.817392
0.890161
0.918291
0.905183
0.855527
0.774577
0.667694
0.540099
0.396764
0.242403
0.0815206
0.143497
0.418428
0.659871
0.852899
0.989999
1.06992
1.09571
1.07291
1.00811
0.908153
0.779597
0.628549
0.460615
0.28096
0.0944116
0.179562
0.521407
0.816353
1.04575
1.20231
1.28725
1.30688
1.26979
1.18511
1.06158
0.907113
0.72872
0.532604
0.324303
0.108882
0.227626
0.656953
1.01835
1.28918
1.46434
1.54994
1.55743
1.4997
1.38908
1.23649
1.05124
0.841195
0.61305
0.372588
0.124977
0.293691
0.83967
1.28323
1.59904
1.78857
1.86687
1.85325
1.76633
1.6222
1.43407
1.21257
0.966237
0.702045
0.425835
0.142699
0.388508
1.09351
1.63682
1.99659
2.19002
2.24763
2.19996
2.07267
1.88586
1.65482
1.39114
1.10368
0.799381
0.483889
0.161991
0.533333
1.45963
2.11785
2.50965
2.68577
2.7015
2.60195
2.42034
2.18022
1.89823
1.58621
1.2528
0.904488
0.546389
0.182731
0.775636
2.0119
2.78388
3.17247
3.29288
3.23541
3.06093
2.80862
2.50366
2.16248
1.79613
1.41225
1.01639
0.612746
0.204721
1.23669
2.88657
3.71612
4.02153
4.02349
3.85056
3.57392
3.23345
2.85222
2.4442
2.0182
1.58002
1.13369
0.682143
0.227692
2.26962
4.33091
5.01234
5.0813
4.87553
4.5377
4.13124
3.68655
3.21938
2.7384
2.24872
1.75345
1.2546
0.753553
0.251311
5.02334
6.73345
6.73385
6.33181
5.81924
5.27249
4.71508
4.15526
3.59609
3.03864
2.4831
1.92934
1.37703
0.825788
0.275191
9.90052
9.70257
9.5077
9.31823
9.13694
8.96734
8.81409
8.68363
8.58523
8.53255
8.54604
8.65596
8.90421
9.3359
9.9512
9.91745
9.75358
9.5935
9.44001
9.29638
9.16658
9.05568
8.97028
8.91921
8.9143
8.97109
9.10882
9.34748
9.69753
10.1363
9.93314
9.80081
9.67271
9.55193
9.44197
9.34691
9.27174
9.22257
9.20701
9.2343
9.31516
9.46072
9.67932
9.97035
10.3159
9.94744
9.84378
9.74459
9.65303
9.57262
9.50733
9.46176
9.44124
9.45193
9.50067
9.59451
9.73952
9.93865
10.1886
10.4774
9.96027
9.8823
9.80882
9.74297
9.68814
9.64803
9.62671
9.62868
9.65877
9.72191
9.82264
9.96416
10.1471
10.368
10.6189
9.97162
9.91632
9.8654
9.82188
9.78893
9.7699
9.76834
9.78796
9.83251
9.90553
10.0099
10.1473
10.3175
10.5175
10.7417
9.98152
9.94595
9.91457
9.8902
9.87578
9.87428
9.88877
9.9223
9.97777
10.0577
10.1641
10.2977
10.458
10.6426
10.8475
9.99003
9.9714
9.9567
9.94857
9.94967
9.96265
9.99014
10.0347
10.0985
10.1835
10.291
10.4215
10.5741
10.7472
10.9379
9.99723
9.99291
9.99226
9.99771
10.0117
10.0365
10.0745
10.1277
10.198
10.2868
10.395
10.5229
10.6698
10.8343
11.0143
10.0032
10.0108
10.0217
10.0383
10.0628
10.0972
10.1435
10.2036
10.2789
10.3706
10.4793
10.6052
10.7478
10.9059
11.078
10.008
10.0252
10.0455
10.0711
10.1039
10.1459
10.1988
10.2642
10.3434
10.4372
10.5464
10.6708
10.8102
10.9636
11.1297
10.0118
10.0364
10.064
10.0965
10.1358
10.1837
10.2416
10.311
10.3931
10.4886
10.5981
10.7214
10.8585
11.0084
11.1702
10.0146
10.0447
10.0776
10.1152
10.1592
10.2113
10.2729
10.3452
10.4294
10.5261
10.6357
10.7584
10.8938
11.0413
11.2001
10.0164
10.0501
10.0865
10.1275
10.1745
10.2294
10.2933
10.3676
10.4531
10.5505
10.6603
10.7826
10.9169
11.063
11.2198
10.0173
10.0528
10.0909
10.1335
10.1821
10.2383
10.3034
10.3786
10.4648
10.5626
10.6725
10.7945
10.9284
11.0737
11.2296
10.4858
10.7886
11.3051
11.5711
11.9327
12.1239
12.3794
12.4995
12.6099
12.8238
12.9629
13.1935
13.3425
13.5911
13.7544
14.0378
14.1936
14.4172
14.5447
14.7293
14.8357
14.9875
15.0636
15.1392
15.2891
15.393
15.572
15.6949
15.9086
16.057
16.326
16.4799
16.7125
16.8491
17.0555
17.1766
17.3557
17.4459
17.5382
17.7259
17.8584
18.0923
18.2553
18.5456
18.7489
19.124
19.3389
19.6685
19.8616
20.1578
20.3306
20.5902
20.7188
20.8513
21.1273
21.3196
21.6636
21.8974
22.3149
22.598
23.1161
23.4039
23.8382
24.0849
24.4587
24.6693
24.9827
25.1304
25.2778
25.5912
25.8001
26.1757
26.4201
26.8589
27.1444
27.6723
27.9565
28.3997
28.6444
29.0461
29.2667
29.654
29.7984
29.9642
30.4975
30.5203
30.2881
29.7481
28.5192
25.2903
10.5436
10.8808
11.235
11.5347
11.8196
12.0555
12.2745
12.4537
12.622
12.8063
12.9844
13.1777
13.3638
13.5664
13.7607
13.9702
14.1562
14.3412
14.5034
14.6635
14.8041
14.9418
15.0617
15.1811
15.3171
15.4548
15.6104
15.767
15.9445
16.122
16.3207
16.5036
16.6925
16.8632
17.0373
17.1939
17.3514
17.4911
17.6338
17.8005
17.9728
18.1717
18.3753
18.6101
18.8476
19.1172
19.3663
19.6255
19.8602
20.1007
20.3167
20.5346
20.7263
20.9224
21.1539
21.3922
21.6678
21.9466
22.2663
22.5836
22.9396
23.2599
23.5866
23.8736
24.161
24.41
24.6543
24.8594
25.0619
25.2988
25.5352
25.8053
26.0694
26.3689
26.6557
26.974
27.2469
27.5194
27.7419
27.958
28.119
28.2601
28.313
28.3122
28.2687
27.9692
27.3491
26.2777
24.4788
21.4919
10.6492
10.9482
11.2435
11.5194
11.7772
12.0113
12.2268
12.4236
12.6109
12.7977
12.9836
13.1723
13.3613
13.5535
13.7448
13.9362
14.1202
14.2977
14.4652
14.6254
14.7765
14.9216
15.0605
15.1989
15.3423
15.4907
15.6469
15.8092
15.9801
16.1561
16.3382
16.5186
16.6982
16.8726
17.044
17.2097
17.3726
17.532
17.6945
17.8669
18.0489
18.2441
18.4502
18.6705
18.9
19.1398
19.3788
19.6178
19.8501
20.0789
20.2996
20.5163
20.7274
20.9423
21.1705
21.4106
21.6675
21.9364
22.2211
22.5134
22.8139
23.1067
23.3921
23.6615
23.9184
24.157
24.3823
24.5918
24.7964
25.007
25.2212
25.4435
25.6676
25.8968
26.1213
26.3408
26.5376
26.7108
26.8481
26.9492
26.9996
26.9928
26.9049
26.7214
26.4083
25.8798
25.0597
23.8548
22.149
19.8583
10.7602
11.0211
11.2799
11.53
11.7687
11.9937
12.206
12.4069
12.6005
12.7904
12.9786
13.1664
13.3541
13.5418
13.7284
13.913
14.0933
14.2684
14.4372
14.6002
14.7575
14.9103
15.0599
15.2091
15.3604
15.5152
15.6746
15.8388
16.0081
16.1814
16.3578
16.5348
16.7113
16.886
17.0587
17.2293
17.3987
17.5683
17.7408
17.9195
18.1056
18.3006
18.5045
18.7173
18.9375
19.1634
19.3913
19.6193
19.8451
20.0684
20.2883
20.506
20.7229
20.9428
21.1697
21.4049
21.6497
21.9032
22.1647
22.4311
22.6993
22.9636
23.2207
23.467
23.7017
23.9233
24.1326
24.3309
24.522
24.7099
24.8953
25.0788
25.2582
25.4314
25.5937
25.7401
25.8622
25.9537
26.0064
26.013
25.9624
25.8422
25.6342
25.3168
24.8578
24.21
23.3242
22.1527
20.6615
18.8646
10.866
11.0967
11.3286
11.5572
11.7797
11.9945
12.2013
12.4009
12.5951
12.7856
12.9739
13.1608
13.3466
13.5315
13.7148
13.896
14.0739
14.2479
14.4177
14.5832
14.7448
14.9034
15.0599
15.2161
15.3734
15.5328
15.6953
15.8611
16.0302
16.2021
16.3763
16.5515
16.7269
16.902
17.0764
17.2504
17.4245
17.6
17.7783
17.961
18.1494
18.3443
18.5457
18.7534
18.9666
19.1838
19.4034
19.6237
19.8436
20.0624
20.2799
20.4967
20.7138
20.9332
21.1566
21.3851
21.6191
21.8582
22.1012
22.3461
22.5903
22.8306
23.0644
23.2892
23.5037
23.7069
23.8988
24.0801
24.252
24.416
24.5721
24.7198
24.8573
24.9816
25.0889
25.174
25.2307
25.2522
25.2311
25.1588
25.0251
24.8177
24.521
24.116
23.5791
22.8826
21.9998
20.9111
19.6139
18.1376
10.9628
11.1708
11.382
11.5931
11.8018
12.0066
12.2069
12.4027
12.5948
12.784
12.971
13.1565
13.3405
13.5232
13.7043
13.8834
14.0599
14.2336
14.4041
14.5716
14.7364
14.8991
15.0604
15.2214
15.383
15.546
15.711
15.8783
16.0479
16.2196
16.3931
16.5677
16.743
16.9186
17.0946
17.271
17.4484
17.6274
17.8091
17.9943
18.1839
18.3782
18.5775
18.7815
18.9895
19.2008
19.4142
19.6287
19.8435
20.0581
20.2724
20.4866
20.7014
20.9176
21.136
21.3571
21.5811
21.8073
22.0347
22.2618
22.4866
22.7069
22.9207
23.1261
23.3217
23.5065
23.6802
23.8424
23.9934
24.133
24.2608
24.3755
24.4749
24.5563
24.6157
24.6486
24.6494
24.6119
24.529
24.3928
24.1939
23.9217
23.5634
23.1049
22.5302
21.8234
20.9716
19.9694
18.824
17.5611
11.0493
11.2401
11.4353
11.6324
11.8295
12.0251
12.2187
12.4098
12.5986
12.7853
12.9704
13.154
13.3363
13.5172
13.6966
13.8743
14.05
14.2235
14.3947
14.5638
14.7309
14.8965
15.0613
15.2257
15.3905
15.5562
15.7233
15.8921
16.0625
16.2345
16.408
16.5827
16.7583
16.9347
17.112
17.2901
17.4696
17.6509
17.8345
18.0211
18.2112
18.4049
18.6024
18.8035
19.0077
19.2145
19.4232
19.633
19.8434
20.0541
20.2648
20.4756
20.6867
20.8985
21.1112
21.325
21.5395
21.7544
21.9685
22.1806
22.3891
22.5924
22.7888
22.9768
23.1549
23.3222
23.4777
23.6207
23.7508
23.867
23.9682
24.0527
24.1184
24.1622
24.1806
24.1692
24.1232
24.0367
23.9036
23.7167
23.4682
23.1492
22.7501
22.2608
21.6712
20.9727
20.16
19.2337
18.2031
17.0878
11.1254
11.3031
11.4858
11.6716
11.859
12.0467
12.2339
12.4201
12.6052
12.789
12.9718
13.1534
13.3339
13.5132
13.6913
13.868
14.0431
14.2166
14.3884
14.5586
14.7274
14.8952
15.0624
15.2293
15.3965
15.5643
15.7332
15.9032
16.0745
16.2472
16.4211
16.5962
16.7724
16.9495
17.1278
17.3072
17.4881
17.6708
17.8556
18.0429
18.233
18.426
18.622
18.8208
19.022
19.2254
19.4303
19.6363
19.8429
20.0498
20.2569
20.4639
20.6709
20.8778
21.0848
21.2914
21.4975
21.7023
21.9049
22.1042
22.299
22.4877
22.669
22.8414
23.0036
23.1544
23.2928
23.4177
23.5279
23.6223
23.6993
23.757
23.7931
23.8045
23.7881
23.7397
23.6548
23.5286
23.3554
23.1293
22.8437
22.4918
22.0665
21.5609
20.969
20.2863
19.5116
18.648
17.7041
16.6944
11.191
11.3587
11.5317
11.7086
11.888
12.0689
12.2504
12.432
12.6134
12.7943
12.9746
13.1542
13.333
13.511
13.6879
13.8638
14.0385
14.2119
14.3842
14.5552
14.7254
14.8947
15.0636
15.2324
15.4014
15.5709
15.7411
15.9123
16.0846
16.2579
16.4324
16.6081
16.7848
16.9627
17.1417
17.322
17.5039
17.6874
17.8729
18.0605
18.2504
18.4427
18.6374
18.8343
19.0332
19.2338
19.4356
19.6384
19.8417
20.0453
20.2488
20.452
20.6549
20.8571
21.0585
21.2586
21.4571
21.6531
21.8459
22.0343
22.2173
22.3936
22.5617
22.7205
22.8685
23.0045
23.1272
23.2354
23.3277
23.4025
23.458
23.4923
23.5029
23.487
23.4413
23.3623
23.246
23.0879
22.8833
22.6272
22.3145
21.9399
21.4983
20.9852
20.3972
19.7323
18.9912
18.1778
17.2994
16.3672
11.2465
11.4065
11.5721
11.7419
11.9148
12.09
12.2667
12.4443
12.6223
12.8004
12.9784
13.1561
13.3333
13.51
13.686
13.8612
14.0355
14.2089
14.3815
14.5532
14.7242
14.8947
15.065
15.2351
15.4054
15.5762
15.7476
15.9197
16.0928
16.2669
16.442
16.6182
16.7955
16.9739
17.1536
17.3346
17.517
17.7011
17.8869
18.0746
18.2643
18.4559
18.6495
18.8448
19.0418
19.2401
19.4395
19.6396
19.84
20.0406
20.2408
20.4406
20.6396
20.8374
21.0337
21.2281
21.4199
21.6084
21.7929
21.9721
22.1452
22.3109
22.4678
22.6148
22.7505
22.8735
22.9824
23.0759
23.1524
23.2101
23.2472
23.2615
23.2507
23.212
23.1424
23.0386
22.897
22.7139
22.4851
22.2066
21.8743
21.4843
21.0329
20.5174
19.9358
19.2878
18.5749
17.801
16.9723
16.0973
11.2921
11.4464
11.6062
11.7705
11.9383
12.109
12.2816
12.4557
12.6308
12.8065
12.9824
13.1585
13.3343
13.5099
13.6851
13.8597
14.0337
14.2071
14.3799
14.552
14.7237
14.8951
15.0662
15.2374
15.4087
15.5805
15.7528
15.9257
16.0995
16.2742
16.4498
16.6265
16.8043
16.9832
17.1634
17.3449
17.5277
17.7121
17.8981
18.0857
18.2751
18.4661
18.6587
18.8529
19.0483
19.2448
19.4422
19.64
19.8381
20.036
20.2335
20.4302
20.6257
20.8197
21.0116
21.201
21.3872
21.5695
21.747
21.9187
22.0836
22.2404
22.3881
22.5252
22.6505
22.7624
22.8597
22.9407
23.0038
23.0472
23.0689
23.0668
23.0384
22.9813
22.8925
22.7691
22.6078
22.4053
22.1583
21.8633
21.5171
21.1167
20.6598
20.1444
19.5699
18.9365
18.2464
17.5029
16.7116
15.8791
11.3282
11.4782
11.6337
11.7938
11.9578
12.1249
12.2944
12.4657
12.6384
12.8121
12.9863
13.161
13.3357
13.5104
13.6848
13.859
14.0327
14.206
14.3789
14.5514
14.7236
14.8955
15.0674
15.2393
15.4114
15.5838
15.7568
15.9304
16.1047
16.2799
16.456
16.6332
16.8113
16.9906
17.1712
17.353
17.5361
17.7206
17.9067
18.0942
18.2832
18.4737
18.6656
18.8588
19.0531
19.2482
19.4439
19.64
19.8361
20.0319
20.2271
20.4212
20.6138
20.8046
20.993
21.1784
21.3601
21.5373
21.7092
21.8749
22.0332
22.1831
22.3233
22.4525
22.5693
22.6724
22.7602
22.8311
22.8834
22.9153
22.9247
22.9095
22.8674
22.7959
22.6923
22.5539
22.3777
22.1608
21.9003
21.5934
21.2376
20.8305
20.3705
19.8565
19.2884
18.667
17.9943
17.2738
16.5099
15.7084
11.3549
11.5019
11.6544
11.8116
11.9728
12.1373
12.3044
12.4737
12.6446
12.8167
12.9896
13.1632
13.337
13.511
13.6849
13.8587
14.0322
14.2055
14.3785
14.5511
14.7236
14.896
15.0683
15.2407
15.4133
15.5863
15.7598
15.9338
16.1086
16.2842
16.4606
16.6381
16.8166
16.9962
17.1769
17.3589
17.5422
17.7269
17.9129
18.1003
18.2891
18.4792
18.6706
18.863
19.0564
19.2504
19.445
19.6397
19.8344
20.0285
20.2219
20.4141
20.6045
20.7929
20.9785
21.1608
21.3391
21.5125
21.6803
21.8414
21.9949
22.1395
22.274
22.3973
22.5078
22.6042
22.6848
22.7481
22.7923
22.8155
22.8157
22.7908
22.7386
22.6565
22.5421
22.3928
22.2059
21.9788
21.709
21.394
21.0317
20.6204
20.1588
19.6465
19.0835
18.471
17.8111
17.1069
16.3624
15.5825
11.3727
11.5177
11.6683
11.8236
11.9829
12.1457
12.3113
12.4792
12.6488
12.8199
12.992
13.1648
13.338
13.5115
13.6851
13.8586
14.032
14.2052
14.3782
14.551
14.7237
14.8963
15.0689
15.2417
15.4146
15.5879
15.7617
15.9361
16.1111
16.287
16.4637
16.6413
16.82
16.9998
17.1807
17.3629
17.5463
17.731
17.917
18.1043
18.2929
18.4828
18.6737
18.8657
19.0584
19.2518
19.4456
19.6394
19.8331
20.0262
20.2183
20.4091
20.5981
20.7848
20.9686
21.1488
21.3248
21.4957
21.6607
21.8188
21.969
22.1101
22.2409
22.3602
22.4665
22.5583
22.6341
22.6923
22.7311
22.7485
22.7427
22.7114
22.6524
22.5634
22.442
22.2856
22.0918
21.8582
21.5824
21.2623
20.8961
20.4824
20.0201
19.5091
18.9497
18.3432
17.6916
16.9978
16.2657
15.4995
11.3815
11.5256
11.6752
11.8296
11.988
12.1499
12.3148
12.482
12.6511
12.8216
12.9932
13.1656
13.3386
13.5118
13.6852
13.8586
14.0319
14.2051
14.3781
14.551
14.7238
14.8965
15.0693
15.2421
15.4153
15.5888
15.7627
15.9372
16.1124
16.2884
16.4652
16.643
16.8217
17.0016
17.1826
17.3648
17.5483
17.733
17.919
18.1063
18.2948
18.4845
18.6752
18.867
19.0594
19.2525
19.4458
19.6392
19.8324
20.0249
20.2165
20.4066
20.5948
20.7807
20.9635
21.1427
21.3175
21.4872
21.6508
21.8074
21.956
22.0953
22.2243
22.3415
22.4457
22.5353
22.6087
22.6643
22.7004
22.7149
22.706
22.6715
22.6092
22.5168
22.3919
22.2321
22.0349
21.7981
21.5195
21.197
20.8289
20.414
19.9515
19.4412
18.8836
18.2801
17.6326
16.9439
16.2178
15.4583
14.4206
10.6823
8.93488
7.79177
6.88341
6.08886
5.35911
4.67031
4.00916
3.3674
2.73956
2.1217
1.51089
0.904748
0.301292
16.5525
12.999
10.7317
9.14964
7.93046
6.9146
6.02068
5.20451
4.44033
3.71213
3.00931
2.32449
1.65221
0.988198
0.32889
16.8495
14.0293
11.8431
10.1446
8.77412
7.61832
6.60447
5.68668
4.8355
4.03143
3.26104
2.51473
1.78526
1.06693
0.354956
16.6842
14.4257
12.4667
10.8114
9.40305
8.18005
7.09215
6.10219
5.18352
4.317
3.48867
2.68809
1.90715
1.1393
0.378954
16.3988
14.5222
12.7867
11.231
9.84658
8.60661
7.48181
6.44637
5.47935
4.56435
3.68853
2.84179
2.01594
1.20417
0.400505
16.0928
14.4777
12.9266
11.4793
10.1456
8.91794
7.78207
6.72206
5.72312
4.77246
3.85929
2.97457
2.11065
1.2609
0.419401
15.8
14.3689
12.9626
11.6141
10.3383
9.13745
8.00639
6.93661
5.91858
4.94305
4.00156
3.08651
2.19116
1.30939
0.43559
15.5333
14.2352
12.9408
11.676
10.456
9.28708
8.16939
7.09935
6.07147
5.07957
4.11734
3.17875
2.25806
1.3499
0.449152
15.2977
14.0977
12.8894
11.6931
10.5225
9.3854
8.28467
7.21985
6.18835
5.18636
4.20947
3.25304
2.31242
1.383
0.46026
15.0953
13.9682
12.8259
11.6843
10.5555
9.44725
8.36396
7.30698
6.27567
5.26801
4.28109
3.31151
2.35556
1.4094
0.469145
14.9268
13.854
12.7616
11.6627
10.5677
9.48412
8.41686
7.36838
6.3393
5.32887
4.33535
3.3563
2.38887
1.4299
0.47606
14.7924
13.7591
12.7037
11.637
10.5683
9.50462
8.45092
7.4103
6.38422
5.37278
4.37508
3.38946
2.41371
1.44525
0.481249
14.6917
13.6861
12.6569
11.6134
10.5639
9.51502
8.47181
7.43764
6.41444
5.4029
4.4027
3.41272
2.43124
1.45613
0.484933
14.6247
13.6368
12.6242
11.5957
10.5587
9.51969
8.48359
7.45394
6.43295
5.42164
4.42006
3.42744
2.4424
1.46307
0.487287
14.5913
13.6119
12.6075
11.5862
10.5555
9.52136
8.48885
7.46152
6.44171
5.43061
4.42843
3.43457
2.44781
1.46644
0.488433
)
;

boundaryField
{
    hot
    {
        type            fixedValue;
        value           uniform 10;
    }
    cold
    {
        type            fixedValue;
        value           uniform 0;
    }
    interface_left
    {
        type            fixedValue;
        value           nonuniform List<scalar> 
90
(
0
0
0
0
0
0
0
0
0
0
0
0
0
0
0
0
0
0
0
0
0
0
0
0
0
0
0
0
0
0
0
0
0
0
0
0
0
0
0
0
0
0
0
0
0
0
0
0
0
0
0
0
0
0
0
0
0
0
0
0
0
0
0
0
0
0
0
0
0
0
0
0
0
0
0
0
0
0
0
0
0
0
0
0
0
0
0
10.5886
10.5886
10.5886
)
;
    }
    interface_right
    {
        type            fixedValue;
        value           uniform 0;
    }
    interface_top
    {
        type            fixedValue;
        value           nonuniform List<scalar> 
90
(
10.5886
10.5886
11.5204
11.5204
12.1118
12.1118
12.5293
12.5293
12.5293
12.8863
12.8863
13.2601
13.2601
13.6648
13.6648
14.1635
14.1635
14.5243
14.5243
14.8186
14.8186
15.0648
15.0648
15.0648
15.3081
15.3081
15.5932
15.5932
15.9377
15.9377
16.4113
16.4113
16.7917
16.7917
17.1261
17.1261
17.4217
17.4217
17.4217
17.7282
17.7282
18.1035
18.1035
18.5758
18.5758
19.2426
19.2426
19.788
19.788
20.2751
20.2751
20.7122
20.7122
20.7122
21.1741
21.1741
21.7406
21.7406
22.4358
22.4358
23.3702
23.3702
24.0989
24.0989
24.7249
24.7249
25.2661
25.2661
25.2661
25.8125
25.8125
26.4553
26.4553
27.2142
27.2142
28.1968
28.1968
28.9826
28.9826
29.7204
29.7204
30.5256
30.5256
30.5256
31.9792
31.9792
31.9792
31.9792
31.9792
31.9792
)
;
    }
    interface_bottom
    {
        type            fixedValue;
        value           nonuniform List<scalar> 
90
(
10.5886
10.5886
10.9376
10.9376
11.2464
11.2464
11.4624
11.4624
11.4624
11.6308
11.6308
11.7876
11.7876
11.9334
11.9334
12.0795
12.0795
12.1545
12.1545
12.185
12.185
12.1816
12.1816
12.1816
12.1485
12.1485
12.0799
12.0799
11.9674
11.9674
11.7861
11.7861
11.6235
11.6235
11.463
11.463
11.3035
11.3035
11.3035
11.1176
11.1176
10.8764
10.8764
10.5712
10.5712
10.1642
10.1642
9.84346
9.84346
9.55365
9.55365
9.28329
9.28329
9.28329
8.98564
8.98564
8.61602
8.61602
8.16452
8.16452
7.57794
7.57794
7.12345
7.12345
6.71775
6.71775
6.34417
6.34417
6.34417
5.93869
5.93869
5.4371
5.4371
4.81721
4.81721
3.97261
3.97261
3.28718
3.28718
2.65487
2.65487
2.05281
2.05281
2.05281
1.31986
1.31986
1.31986
0
0
0
)
;
    }
    defaultFaces
    {
        type            empty;
    }
}


// ************************************************************************* //
