/*--------------------------------*- C++ -*----------------------------------*\
| =========                 |                                                 |
| \\      /  F ield         | OpenFOAM: The Open Source CFD Toolbox           |
|  \\    /   O peration     | Version:  5.x                                   |
|   \\  /    A nd           | Web:      www.OpenFOAM.org                      |
|    \\/     M anipulation  |                                                 |
\*---------------------------------------------------------------------------*/
FoamFile
{
    version     2.0;
    format      ascii;
    class       volScalarField;
    location    "1.8";
    object      T;
}
// * * * * * * * * * * * * * * * * * * * * * * * * * * * * * * * * * * * * * //

dimensions      [0 0 0 1 0 0 0];

internalField   nonuniform List<scalar> 
6300
(
11.9517
15.8615
19.7907
23.7512
27.7539
31.8077
35.9189
40.0905
44.3216
48.6064
52.9335
57.2857
61.6395
65.966
70.2313
11.945
15.8417
19.7585
23.7079
27.7014
31.7484
35.8562
40.0284
44.265
48.5607
52.9048
57.2799
61.6624
66.0224
70.3245
11.9314
15.8014
19.6928
23.6194
27.5937
31.6266
35.7267
39.8995
44.1463
48.4635
52.8412
57.2626
61.7033
66.1317
70.5093
11.9104
15.739
19.5912
23.4821
27.4259
31.4358
35.5224
39.6939
43.9544
48.3024
52.7303
57.2219
61.7522
66.2867
70.7824
11.8813
15.6526
19.45
23.2906
27.1908
31.1662
35.2311
39.397
43.6718
48.0584
52.5519
57.1385
61.7925
66.4758
71.1385
11.8434
15.5397
19.2649
23.0382
26.8788
30.8056
34.8366
38.9885
43.2747
47.704
52.277
56.9836
61.7989
66.6807
71.5691
11.7957
15.3975
19.031
22.7176
26.4793
30.3388
34.3192
38.4432
42.7319
47.2026
51.865
56.7161
61.7345
66.874
72.0617
11.7373
15.2233
18.7432
22.3206
25.9805
29.7495
33.6561
37.7307
42.0043
46.5065
51.2607
56.2775
61.5445
67.0145
72.5971
11.6676
15.0146
18.3971
21.8402
25.3714
29.0209
32.8231
36.817
41.0456
45.5552
50.3903
55.585
61.1473
67.0374
73.1453
11.5861
14.7699
17.9896
21.2708
24.6425
28.138
31.7967
35.6661
39.8034
44.2755
49.157
54.521
60.4181
66.838
73.6559
11.4926
14.4891
17.5198
20.6101
23.7887
27.0902
30.5576
34.2454
38.2239
42.5835
47.4379
52.9203
59.1622
66.2358
74.0383
11.3878
14.1735
16.9899
19.8601
22.8107
25.8752
29.0965
32.5319
36.2608
40.3941
45.088
50.5565
57.0706
64.9001
74.1049
11.2729
13.8268
16.4058
19.0286
21.7179
24.5021
27.4194
30.5232
33.8912
37.6417
41.9604
47.1437
53.6601
62.1847
73.3919
11.1497
13.4548
15.7772
18.13
20.5291
22.9948
25.5546
28.2483
31.1369
34.319
37.9656
42.395
48.2377
56.7829
70.4764
11.0208
13.0651
15.1176
17.1845
19.2729
21.3921
23.5543
25.7772
28.0874
30.5295
33.1856
36.2303
40.1099
46.2291
59.9694
74.0509
77.4301
80.694
83.821
86.7916
89.5882
92.1959
94.6028
96.7997
98.7805
100.542
102.083
103.405
104.512
105.41
106.104
106.603
106.916
107.053
107.025
106.843
106.517
106.06
105.482
104.795
104.01
103.139
102.19
101.176
100.104
98.9838
97.8235
96.6302
95.4105
94.1698
92.9131
91.6441
90.3662
89.0819
87.793
86.5008
85.2063
83.9099
82.6118
81.3117
80.0093
78.7039
77.3949
76.0811
74.7617
73.4354
72.1012
70.7577
69.4039
68.0386
66.6609
65.2696
63.8641
62.4435
61.0073
59.555
58.0864
56.601
55.0989
53.58
52.0446
50.493
48.9259
47.3441
45.7488
44.1415
42.5241
40.8989
39.2684
37.6357
36.0042
34.3775
32.7595
31.1544
29.5663
27.9997
26.4587
24.9476
23.4704
22.0309
20.6326
19.2783
17.9705
16.7111
15.5011
74.1792
77.5903
80.8845
84.0397
87.0352
89.8528
92.4775
94.8971
97.1026
99.088
100.85
102.389
103.706
104.805
105.693
106.375
106.861
107.16
107.282
107.238
107.039
106.697
106.224
105.63
104.927
104.127
103.24
102.278
101.25
100.166
99.0342
97.8637
96.6615
95.434
94.1868
92.9247
91.6515
90.3703
89.0836
87.793
86.4999
85.2051
83.9088
82.6111
81.3119
80.0106
78.7067
77.3991
76.0871
74.7695
73.4451
72.1127
70.7711
69.4191
68.0555
66.6792
65.2893
63.8849
62.4652
61.0298
59.5782
58.1099
56.6247
55.1226
53.6035
52.0676
50.5152
48.9469
47.3635
45.766
44.156
42.5354
40.9064
39.2716
37.6341
35.9973
34.365
32.7411
31.1298
29.5356
27.9627
26.4157
24.8988
23.4162
21.9718
20.5692
19.2114
17.901
16.6399
15.4293
74.4363
77.9126
81.2692
84.4817
87.5278
90.3881
93.047
95.492
97.7143
99.7085
101.472
103.006
104.312
105.395
106.261
106.92
107.379
107.648
107.74
107.664
107.433
107.058
106.551
105.925
105.19
104.359
103.442
102.451
101.397
100.288
99.1334
97.9425
96.7224
95.4794
94.2193
92.9465
91.6648
90.3772
89.0859
87.7923
86.4974
85.2019
83.9059
82.6094
81.312
80.013
78.7119
77.4075
76.099
74.7851
73.4645
72.136
70.7981
69.4497
68.0894
66.7161
65.3289
63.9267
62.509
61.0752
59.6247
58.1572
56.6725
55.1705
53.651
52.1142
50.5602
48.9895
47.4028
45.8011
44.1859
42.5588
40.9221
39.2786
37.6314
35.984
34.3403
32.7045
31.0809
29.4741
27.8887
26.3294
24.8007
23.307
21.8526
20.4412
19.0763
17.7606
16.4961
15.2842
74.8227
78.4011
81.855
85.1566
88.2807
91.2063
93.9167
96.3995
98.6462
100.652
102.417
103.941
105.229
106.286
107.121
107.742
108.159
108.384
108.429
108.304
108.024
107.599
107.042
106.366
105.583
104.705
103.743
102.709
101.613
100.467
99.278
98.0564
96.8092
95.5431
94.2636
92.9752
91.6813
90.3845
89.0865
87.7887
86.4916
85.1955
83.9003
82.6057
81.3111
80.0158
78.719
77.4196
76.1165
74.8083
73.4936
72.171
70.839
69.496
68.1409
66.7722
65.3889
63.9903
62.5754
61.1438
59.6951
58.2289
56.745
55.2431
53.7232
52.1852
50.629
49.055
47.4637
45.8558
44.2326
42.5958
40.9477
39.291
37.629
35.9654
34.3044
32.6503
31.0078
29.3818
27.7772
26.199
24.6521
23.1414
21.6714
20.2465
18.8704
17.5463
16.2767
15.0629
75.3395
79.0628
82.6541
86.0803
89.3124
92.3271
95.1067
97.6389
99.9164
101.936
103.699
105.208
106.468
107.489
108.278
108.847
109.207
109.371
109.351
109.16
108.812
108.319
107.696
106.953
106.104
105.162
104.139
103.046
101.896
100.698
99.463
98.1999
96.9166
95.6198
94.3149
93.0061
91.6965
90.3882
89.0824
87.7797
86.4804
85.184
83.8903
82.5986
81.3082
80.0181
78.7274
77.4349
76.1392
74.839
73.5325
72.2181
70.8941
69.5588
68.2106
66.8482
65.4704
64.0763
62.6652
61.2366
59.7902
58.3257
56.8428
55.3415
53.8213
52.282
50.7234
49.1455
47.5483
45.9324
44.2989
42.6492
40.9857
39.3111
37.629
35.9433
34.2585
32.5794
30.911
29.2587
27.6278
26.0236
24.4516
22.9171
21.4254
19.9814
18.5896
17.2538
15.977
14.7606
75.9886
79.9084
83.6848
87.2768
90.6503
93.7792
96.6452
99.237
101.549
103.582
105.338
106.823
108.045
109.015
109.744
110.244
110.529
110.613
110.509
110.233
109.799
109.22
108.51
107.683
106.751
105.728
104.627
103.459
102.238
100.975
99.6811
98.3655
97.0367
95.7017
94.3657
93.0325
91.7046
90.3833
89.0691
87.7617
86.4607
85.1651
83.8741
82.5866
81.3019
80.0187
78.7359
77.4524
76.1666
74.8767
73.5811
72.2776
70.9642
69.6389
68.2999
66.9455
65.5746
64.1861
62.7795
61.3545
59.9108
58.4484
56.9671
55.4666
53.9466
52.4065
50.8456
49.2635
47.6597
46.0345
44.3883
42.7226
41.0396
39.3422
37.6341
35.9199
34.2044
32.493
30.7912
29.1049
27.4398
25.8019
24.1971
22.6313
21.1107
19.6412
18.2282
16.8766
15.59
14.3706
76.7731
80.9546
84.9746
88.7811
92.3333
95.6024
98.5706
101.229
103.577
105.617
107.357
108.806
109.976
110.879
111.529
111.941
112.13
112.113
111.906
111.524
110.984
110.299
109.484
108.554
107.52
106.398
105.2
103.941
102.633
101.289
99.9225
98.5428
97.1592
95.7788
94.4065
93.0457
91.6979
90.3634
89.0413
87.7304
86.4292
85.1359
83.8492
82.5678
81.2904
80.016
78.7434
77.4712
76.1978
74.9213
73.6395
72.35
71.0502
69.7378
68.4103
67.0659
65.7033
64.3214
62.9199
61.4988
60.0581
58.5981
57.1187
55.6198
54.1007
52.5606
50.9983
49.4125
47.8022
46.1666
44.5059
42.821
41.1142
39.3885
37.6482
35.8984
34.1445
32.3928
30.6494
28.9206
27.2129
25.5326
23.8863
22.2807
20.7227
19.2196
17.7784
16.4057
15.1064
13.8834
77.6982
82.2272
86.5654
90.6448
94.4168
97.8512
100.934
103.661
106.039
108.077
109.787
111.183
112.281
113.097
113.646
113.947
114.018
113.878
113.543
113.034
112.365
111.554
110.615
109.562
108.408
107.167
105.854
104.483
103.07
101.629
100.175
98.7185
97.2703
95.8375
94.4248
93.0346
91.6669
90.3205
88.9929
87.6811
86.3823
85.0938
83.8136
82.5401
81.2721
80.0084
78.748
77.4897
76.2316
74.9718
73.7075
72.4358
71.1535
69.8572
68.5442
67.2119
65.859
64.4844
63.0882
61.6708
60.2329
58.7753
57.2983
55.8018
54.2851
52.7467
51.1848
49.597
47.9809
46.3349
44.6582
42.9512
41.2159
39.456
37.6763
35.8826
34.0817
32.2806
30.4864
28.7061
26.9466
25.2146
23.5171
21.8614
20.2556
18.7088
17.2302
15.8292
14.5131
13.286
78.7736
83.7687
88.5223
92.9444
96.9789
100.599
103.8
106.589
108.982
110.998
112.658
113.98
114.983
115.687
116.111
116.275
116.201
115.909
115.423
114.761
113.942
112.983
111.9
110.704
109.41
108.03
106.58
105.077
103.538
101.981
100.422
98.8749
97.3521
95.8606
94.4047
92.9852
91.6001
90.2458
88.9172
87.6091
86.3167
85.0364
83.7653
82.5018
81.2448
79.9937
78.7477
77.5059
76.2665
75.0273
73.785
72.5359
71.2758
70.0001
68.7049
67.3872
66.0452
64.6782
63.2867
61.8721
60.436
58.9802
57.5057
56.0128
54.5005
52.9668
51.4086
49.822
48.2029
46.5477
44.8541
43.122
41.3534
39.5522
37.7244
35.8774
34.0194
32.1587
30.3036
28.4618
26.6406
24.847
23.0877
21.3704
19.7039
18.0996
16.5705
15.1305
13.7914
12.5601
80.0186
85.6517
90.9501
95.795
100.13
103.944
107.25
110.077
112.458
114.425
116.006
117.225
118.106
118.67
118.938
118.935
118.684
118.212
117.543
116.701
115.708
114.581
113.335
111.979
110.524
108.984
107.374
105.713
104.024
102.327
100.643
98.9899
97.3817
95.8263
94.3264
92.8806
91.4841
90.1294
88.8078
87.5105
86.2304
84.9624
83.7033
82.4516
81.2069
79.9694
78.7395
77.5168
76.2998
75.0859
73.8712
72.6511
71.4195
70.1703
68.8975
67.5971
66.2669
64.9068
63.5182
62.104
60.6674
59.2119
57.7398
56.2517
54.7467
53.2221
51.6733
50.094
48.477
46.8157
45.1056
43.3457
41.5378
39.6869
37.8005
35.8882
33.9609
32.0288
30.1017
28.188
26.2952
24.4299
22.5981
20.8061
19.0628
17.3822
15.7827
14.2864
12.9148
11.6796
81.4756
88.0105
94.0242
99.3726
104.025
108.011
111.382
114.2
116.522
118.397
119.863
120.948
121.676
122.067
122.146
121.939
121.475
120.785
119.9
118.849
117.656
116.341
114.916
113.385
111.751
110.027
108.23
106.382
104.511
102.645
100.811
99.0335
97.329
95.7059
94.1644
92.7
91.303
89.9612
88.6595
87.3835
86.1234
84.8725
83.628
82.3889
81.1564
79.9324
78.7195
77.5182
76.3275
75.1444
73.9645
72.7817
71.5882
70.3738
69.1295
67.8495
66.5315
65.1762
63.7866
62.3679
60.926
59.4676
57.9967
56.515
55.0213
53.5125
51.9819
50.4205
48.8152
47.1538
45.4292
43.6386
41.7845
39.8727
37.9139
35.9209
33.9093
31.892
29.8808
27.884
25.9102
23.9645
22.0514
20.1718
18.3314
16.548
14.8464
13.2628
11.8418
10.6052
83.2528
91.1139
98.0496
103.945
108.874
112.953
116.303
119.028
121.22
122.95
124.259
125.176
125.718
125.903
125.755
125.3
124.579
123.627
122.486
121.187
119.768
118.246
116.637
114.926
113.097
111.166
109.147
107.076
104.982
102.909
100.889
98.9647
97.1519
95.4614
93.8855
92.4168
91.0376
89.731
88.4701
87.2301
85.9999
84.7707
83.5427
82.3143
81.0917
79.8777
78.6813
77.5029
76.3434
75.1972
74.0614
72.9272
71.7862
70.6203
69.4123
68.1567
66.8494
65.4952
64.0966
62.6652
61.2083
59.7416
58.2691
56.7959
55.3179
53.8343
52.3351
50.8103
49.2346
47.5831
45.8482
44.023
42.1145
40.1263
38.0769
35.9804
33.8662
31.7466
29.6391
27.5473
25.4848
23.4525
21.4566
19.481
17.5181
15.5963
13.7399
12.0054
10.5033
9.2749
85.6798
95.5436
103.567
109.9
114.942
118.933
122.117
124.615
126.573
128.098
129.209
129.931
130.262
130.209
129.794
129.031
128.003
126.726
125.286
123.686
122.014
120.263
118.492
116.624
114.58
112.42
110.126
107.793
105.413
103.088
100.822
98.7277
96.7922
95.0458
93.4471
91.9998
90.6634
89.4311
88.247
87.0593
85.8722
84.6646
83.4557
82.2297
81.0131
79.7963
78.6162
77.4596
76.3393
75.2346
74.1555
73.0821
72.0199
70.9273
69.7633
68.5385
67.2347
65.8782
64.4542
62.9992
61.5051
60.0242
58.5428
57.0839
55.6228
54.1787
52.7256
51.2738
49.7632
48.133
46.3974
44.5275
42.5596
40.4682
38.308
36.0658
33.8308
31.5843
29.3746
27.1688
25.016
22.8881
20.8326
18.7723
16.6454
14.5506
12.4579
10.4135
8.77052
7.5851
89.9834
102.618
111.511
117.705
122.516
126.068
128.91
130.97
132.539
133.832
134.71
135.236
135.35
135.021
134.322
133.131
131.773
130.048
128.301
126.276
124.36
122.294
120.473
118.563
116.219
113.853
111.151
108.569
105.753
103.175
100.497
98.2554
96.1536
94.4117
92.7853
91.4185
90.1353
89.0581
88.0256
86.8849
85.7716
84.5582
83.3913
82.1301
80.9335
79.661
78.5164
77.3633
76.3123
75.2346
74.2413
73.2208
72.2973
71.3371
70.2022
69.034
67.6963
66.3588
64.8565
63.39
61.783
60.3079
58.7842
57.3754
55.9037
54.5365
53.1143
51.8224
50.4643
48.8348
47.1406
45.1734
43.1828
40.9095
38.6573
36.1411
33.8122
31.369
29.105
26.714
24.5116
22.2197
20.2156
18.1594
15.7268
13.5018
11.1066
8.24352
6.37893
5.35559
101.625
115.072
123.337
127.492
131.895
134.215
136.821
138.023
138.892
140.151
140.709
141.121
141.066
140.351
139.545
137.455
136.058
133.387
131.7
128.693
126.909
123.958
122.569
121.111
117.875
115.758
111.992
109.668
105.742
103.396
99.5347
97.5748
94.9906
93.6057
91.745
90.7125
89.3066
88.6174
87.9573
86.6683
85.8131
84.3832
83.4611
81.9362
80.9622
79.3409
78.4286
77.1195
76.3236
75.1129
74.3666
73.2197
72.6278
71.9988
70.6892
69.774
68.1579
67.0769
65.2077
63.9834
61.8715
60.6622
58.8606
57.7578
56.0346
54.974
53.3158
52.467
51.5564
49.6304
48.2771
45.8536
44.2132
41.3209
39.387
35.9469
33.9584
30.8958
29.0185
25.9877
24.1364
21.137
19.6735
18.0888
14.5092
12.6984
10.4289
4.6358
2.77598
2.26966
14.225
12.9044
11.6534
10.469
9.34735
8.28355
7.27237
6.3082
5.38529
4.49785
3.64015
2.80654
1.99151
1.18966
0.395683
14.1536
12.8347
11.5868
10.4064
9.28948
8.23096
7.22538
6.26697
5.34984
4.46813
3.61606
2.78797
1.97834
1.1818
0.393069
14.0094
12.6943
11.4526
10.2804
9.17323
8.12547
7.13125
6.18446
5.27899
4.4088
3.56801
2.75094
1.95209
1.16614
0.387861
13.7896
12.4806
11.2487
10.0896
8.99756
7.96646
6.9897
6.06067
5.17288
4.32007
3.49624
2.69569
1.91296
1.14279
0.380104
13.4898
12.1897
10.9722
9.83161
8.76102
7.75312
6.80044
5.89565
5.03181
4.20236
3.40121
2.62264
1.86126
1.11198
0.369865
13.1036
11.8164
10.6189
9.50361
8.46181
7.48461
6.5633
5.68971
4.85635
4.05638
3.28362
2.5324
1.79748
1.07399
0.35725
12.6224
11.3535
10.1835
9.10212
8.09804
7.16023
6.27846
5.44357
4.6475
3.88322
3.1445
2.42585
1.72229
1.02924
0.342397
12.0344
10.7917
9.65957
8.62334
7.66802
6.77983
5.94676
5.15862
4.40691
3.68449
2.98533
2.30422
1.63659
0.978299
0.325496
11.3238
10.1193
9.03977
8.06367
7.1709
6.34435
5.57014
4.83726
4.13703
3.46252
2.80811
2.16913
1.54157
0.921869
0.306784
10.4689
9.32202
8.31658
7.4207
6.60759
5.85655
5.1522
4.48327
3.84144
3.22045
2.61547
2.02262
1.43868
0.860833
0.286553
9.4404
8.38327
7.48386
6.69499
5.98223
5.32207
4.69887
4.1022
3.52502
2.96239
2.41071
1.86722
1.32969
0.796236
0.265152
8.19836
7.28685
6.54064
5.8932
5.30429
4.75066
4.21901
3.70167
3.19407
2.6934
2.19777
1.70585
1.21664
0.729269
0.242971
6.69345
6.02517
5.49866
5.03291
4.5911
4.15727
3.72485
3.2914
2.85622
2.41936
1.98111
1.5418
1.10175
0.661229
0.220438
4.88414
4.62175
4.39595
4.14871
3.86994
3.56249
3.23175
2.88286
2.52006
2.14673
1.76551
1.37849
0.98735
0.593457
0.19799
2.82295
3.18175
3.31468
3.29605
3.17749
2.99101
2.75682
2.48824
2.19445
1.882
1.55572
1.21932
0.875699
0.527261
0.176054
10.9001
12.7002
14.4995
16.2973
18.0924
19.8826
21.6642
23.4306
25.1697
26.8581
28.4459
29.812
30.6043
29.5662
21.2748
10.7905
12.3687
13.9383
15.4923
17.0221
18.5157
19.9557
21.3154
22.5515
23.5892
24.2899
24.3743
23.2326
19.4538
9.88734
10.6828
12.0431
13.3876
14.7038
15.9765
17.1854
18.3022
19.2852
20.0702
20.5536
20.5609
19.7871
17.6913
13.3598
5.58853
10.5785
11.7284
12.8563
13.9452
14.9748
15.9186
16.7411
17.3919
17.7975
17.8477
17.3736
16.1173
13.7017
9.65404
3.65463
10.4792
11.4289
12.3518
13.2275
14.0322
14.7357
15.2988
15.6683
15.7712
15.5052
14.7288
13.2518
10.8451
7.30321
2.63022
10.3859
11.1479
11.8798
12.559
13.1596
13.65
13.9903
14.1294
14.0004
13.5169
12.5698
11.0316
8.77639
5.7376
2.01365
10.2995
10.8878
11.4441
11.9448
12.3633
12.6681
12.8213
12.7761
12.4753
11.8499
10.8211
9.30868
7.25157
4.64756
1.60768
10.2202
10.65
11.0469
11.3875
11.6456
11.7912
11.7897
11.6001
11.1753
10.4627
9.40793
7.96371
6.10629
3.86005
1.3235
10.1485
10.4348
10.6887
10.8873
11.0058
11.0164
10.8883
10.587
10.0748
9.31282
8.2649
6.90543
5.23083
3.27401
1.11599
10.0841
10.2421
10.3688
10.4427
10.4406
10.3377
10.1071
9.72017
9.14759
8.36121
7.33799
6.06579
4.5512
2.82758
0.959806
10.0269
10.0709
10.0856
10.0507
9.94536
9.74746
9.43413
8.98205
8.3686
7.57387
6.58377
5.39432
4.01659
2.48117
0.839595
9.97635
9.92003
9.83658
9.70759
9.51421
9.23724
8.85738
8.35581
7.71531
6.92202
5.96784
4.85344
3.59139
2.20841
0.745483
9.93207
9.78798
9.61918
9.40906
9.14098
8.79835
8.36501
7.82589
7.16798
6.38176
5.46303
4.41499
3.25008
1.99112
0.670822
9.89349
9.67306
9.43039
9.15071
8.81942
8.42232
7.94597
7.37834
6.70962
5.93338
5.04792
4.0576
2.974
1.81638
0.610971
9.86006
9.57355
9.26725
8.92812
8.54348
8.10122
7.59022
7.00088
6.32581
5.56076
4.70553
3.76491
2.74928
1.67478
0.562588
9.8312
9.48777
9.12686
8.73708
8.30748
7.82778
7.28879
6.68284
6.00439
5.25067
4.42237
3.52423
2.56539
1.55932
0.523212
9.80641
9.41409
9.00647
8.57365
8.1062
7.59544
7.03378
6.41508
5.73517
4.9923
4.18764
3.32565
2.41426
1.4647
0.490991
9.78516
9.35102
8.90356
8.43422
7.93494
7.3984
6.81831
6.18977
5.5096
4.77677
3.99266
3.16133
2.2896
1.38683
0.464505
9.76702
9.29718
8.81581
8.31555
7.78952
7.23154
6.63643
6.00024
5.32056
4.5968
3.83042
3.02503
2.18647
1.32253
0.442654
9.75155
9.25132
8.74116
8.21475
7.66624
7.09043
6.48304
5.84086
5.16208
4.44639
3.69522
2.91175
2.10093
1.26927
0.424572
9.73841
9.21236
8.67778
8.12928
7.56188
6.97123
6.35375
5.70687
5.02919
4.32059
3.58241
2.81743
2.02983
1.22507
0.409572
9.72725
9.1793
8.62405
8.05691
7.47365
6.87061
6.24485
5.59425
4.91773
4.21531
3.48819
2.73879
1.97064
1.1883
0.397102
9.7178
9.1513
8.57857
7.9957
7.39913
6.78577
6.15316
5.4996
4.82423
4.12715
3.40943
2.67315
1.92129
1.15767
0.386719
9.7098
9.12761
8.54012
7.944
7.33625
6.71426
6.076
5.42006
4.74579
4.0533
3.34355
2.61831
1.8801
1.13212
0.378062
9.70304
9.1076
8.50765
7.90038
7.28323
6.65404
6.01109
5.35325
4.67997
3.99141
3.2884
2.57245
1.84569
1.11079
0.370836
9.69733
9.09071
8.48026
7.8636
7.23857
6.60335
5.95652
5.29713
4.62475
3.93955
3.24223
2.53409
1.81693
1.09297
0.3648
9.69252
9.07647
8.45717
7.83261
7.20097
6.56072
5.91066
5.25001
4.57843
3.89608
3.20357
2.50199
1.79287
1.07807
0.359755
9.68847
9.06447
8.43774
7.80654
7.16935
6.52488
5.87214
5.21046
4.53959
3.85965
3.17119
2.47513
1.77274
1.06561
0.355536
9.68506
9.05439
8.42139
7.78462
7.14278
6.49479
5.8398
5.17729
4.50703
3.82914
3.14409
2.45265
1.75591
1.05519
0.352009
9.68219
9.04591
8.40766
7.76622
7.12048
6.46954
5.81269
5.14949
4.47975
3.8036
3.1214
2.43385
1.74184
1.04648
0.349061
9.67979
9.0388
8.39615
7.75079
7.10179
6.44839
5.78999
5.12622
4.45694
3.78223
3.10244
2.41814
1.73008
1.03921
0.346599
9.67778
9.03285
8.38651
7.73787
7.08615
6.4307
5.77101
5.10678
4.43788
3.76439
3.08662
2.40502
1.72027
1.03314
0.344546
9.6761
9.02789
8.37847
7.7271
7.07311
6.41594
5.75519
5.09057
4.42199
3.74953
3.07344
2.39411
1.7121
1.02809
0.342836
9.6747
9.02375
8.37178
7.71814
7.06226
6.40368
5.74204
5.0771
4.4088
3.7372
3.06249
2.38505
1.70532
1.0239
0.341418
9.67355
9.02034
8.36625
7.71073
7.05329
6.39354
5.73117
5.06598
4.3979
3.727
3.05346
2.37757
1.69973
1.02044
0.340248
9.6726
9.01753
8.3617
7.70464
7.04593
6.38522
5.72225
5.05685
4.38896
3.71865
3.04605
2.37143
1.69514
1.0176
0.339288
9.67183
9.01525
8.35802
7.69971
7.03996
6.37847
5.71501
5.04944
4.38171
3.71187
3.04004
2.36646
1.69143
1.0153
0.338511
9.67121
9.01343
8.35507
7.69577
7.03519
6.37308
5.70924
5.04353
4.37593
3.70646
3.03525
2.36249
1.68846
1.01347
0.33789
9.67073
9.01202
8.35279
7.6927
7.03149
6.3689
5.70475
5.03895
4.37144
3.70226
3.03153
2.35942
1.68616
1.01205
0.337409
9.67038
9.01097
8.35109
7.69043
7.02873
6.36579
5.70142
5.03554
4.3681
3.69915
3.02877
2.35713
1.68445
1.01099
0.337052
9.67014
9.01025
8.34993
7.68887
7.02685
6.36366
5.69914
5.03321
4.36582
3.69701
3.02688
2.35557
1.68328
1.01027
0.336807
9.67
9.00985
8.34927
7.68799
7.02578
6.36245
5.69785
5.03188
4.36452
3.6958
3.0258
2.35468
1.68262
1.00986
0.336668
9.66996
9.00974
8.34909
7.68775
7.0255
6.36213
5.6975
5.03153
4.36417
3.69547
3.02551
2.35444
1.68244
1.00975
0.336631
9.67002
9.00992
8.34939
7.68815
7.02598
6.36267
5.69808
5.03212
4.36476
3.69602
3.026
2.35484
1.68274
1.00993
0.336693
9.67019
9.01041
8.35017
7.6892
7.02725
6.36411
5.69962
5.03369
4.3663
3.69746
3.02727
2.35589
1.68352
1.01042
0.336858
9.67046
9.01121
8.35146
7.69093
7.02934
6.36647
5.70215
5.03629
4.36883
3.69983
3.02937
2.35763
1.68482
1.01122
0.337129
9.67084
9.01234
8.35331
7.6934
7.03233
6.36984
5.70576
5.03998
4.37245
3.7032
3.03236
2.3601
1.68667
1.01236
0.337516
9.67135
9.01386
8.35575
7.69668
7.03629
6.37432
5.71056
5.04488
4.37725
3.70769
3.03633
2.36339
1.68913
1.01388
0.33803
9.67201
9.01579
8.35888
7.70086
7.04135
6.38003
5.71668
5.05115
4.38338
3.71342
3.04141
2.36759
1.69227
1.01583
0.338687
9.67282
9.01819
8.36277
7.70607
7.04766
6.38716
5.72432
5.05896
4.39103
3.72057
3.04775
2.37283
1.69619
1.01825
0.339506
9.67382
9.02115
8.36756
7.71248
7.05541
6.39592
5.73371
5.06857
4.40043
3.72935
3.05553
2.37928
1.70101
1.02123
0.340514
9.67504
9.02474
8.37338
7.72027
7.06483
6.40657
5.74512
5.08025
4.41186
3.74004
3.06501
2.38712
1.70687
1.02485
0.341741
9.6765
9.02908
8.3804
7.72968
7.07622
6.41944
5.75891
5.09436
4.42568
3.75297
3.07646
2.3966
1.71396
1.02924
0.343224
9.67827
9.0343
8.38884
7.74098
7.0899
6.43491
5.77549
5.11133
4.44231
3.76851
3.09025
2.40801
1.72249
1.03451
0.345009
9.68038
9.04054
8.39895
7.75452
7.10629
6.45344
5.79537
5.13168
4.46224
3.78716
3.10678
2.4217
1.73273
1.04085
0.347152
9.6829
9.048
8.41103
7.7707
7.12588
6.4756
5.81913
5.15602
4.4861
3.80947
3.12657
2.4381
1.745
1.04843
0.349719
9.68591
9.0569
8.42544
7.79001
7.14926
6.50204
5.84751
5.18509
4.51459
3.83614
3.15024
2.4577
1.75966
1.0575
0.352789
9.68949
9.06749
8.4426
7.81301
7.17711
6.53357
5.88134
5.21977
4.5486
3.86798
3.1785
2.48112
1.77719
1.06835
0.356459
9.69375
9.08009
8.46301
7.84037
7.21028
6.57111
5.92166
5.26111
4.58916
3.90597
3.21223
2.50908
1.79812
1.0813
0.360843
9.69881
9.09507
8.48728
7.87292
7.24973
6.6158
5.96967
5.31037
4.63751
3.95129
3.25249
2.54247
1.82312
1.09677
0.366082
9.70482
9.11285
8.5161
7.91159
7.29663
6.66895
6.0268
5.36903
4.69514
4.00533
3.30052
2.58233
1.85298
1.11526
0.372341
9.71195
9.13395
8.55031
7.9575
7.35234
6.73214
6.09478
5.43888
4.7638
4.06976
3.35784
2.62992
1.88865
1.13735
0.379821
9.7204
9.15897
8.59088
8.01198
7.4185
6.80722
6.17563
5.52202
4.84561
4.14661
3.42625
2.68676
1.93128
1.16376
0.388768
9.73041
9.1886
8.63895
8.07657
7.49699
6.89639
6.27174
5.62097
4.94309
4.23828
3.50794
2.75469
1.98226
1.19537
0.399474
9.74225
9.22365
8.69586
8.15309
7.59007
7.00224
6.38598
5.73873
5.05925
4.34765
3.60553
2.83593
2.04328
1.23321
0.412299
9.75624
9.26508
8.76315
8.24365
7.70035
7.12782
6.52169
5.87886
5.19768
4.4782
3.72217
2.93315
2.11637
1.27858
0.427679
9.77274
9.31398
8.84264
8.35073
7.8309
7.27671
6.68287
6.04557
5.3627
4.63409
3.8617
3.04962
2.20405
1.33305
0.446151
9.79218
9.37161
8.93639
8.47716
7.98528
7.45308
6.87419
6.24389
5.55943
4.82036
4.02875
3.18932
2.30936
1.39854
0.468374
9.81504
9.43942
9.04677
8.62624
8.16764
7.66185
7.10118
6.47977
5.79404
5.04307
4.22898
3.35712
2.43609
1.47744
0.495167
9.84187
9.51901
9.17651
8.80172
8.38271
7.90867
7.37029
6.76027
6.0739
5.30956
4.46928
3.55904
2.58891
1.57274
0.527551
9.87327
9.61224
9.32864
9.00785
8.63596
8.20013
7.68908
7.09373
6.40783
5.62873
4.75811
3.80252
2.77366
1.68816
0.566813
9.90991
9.72111
9.50656
9.24943
8.93355
8.54374
8.06635
7.49
6.80641
6.01139
5.10588
4.09682
2.9977
1.82846
0.614593
9.95253
9.84785
9.71399
9.53176
9.28242
8.94808
8.51225
7.96065
7.28228
6.47069
5.52548
4.45361
3.27039
1.99971
0.673004
10.0019
9.99481
9.95496
9.86062
9.69023
9.42281
9.03844
8.51923
7.85054
7.0227
6.03296
4.88763
3.60376
2.20983
0.744811
10.0589
10.1645
10.2337
10.2422
10.1653
9.97863
9.65815
9.18149
8.52921
7.687
6.64837
5.41779
4.0135
2.46927
0.83369
10.1242
10.3593
10.5546
10.683
10.7166
10.6272
10.3862
9.96555
9.33962
8.48756
7.39697
6.06845
4.52033
2.79209
0.944638
10.1987
10.5818
10.9219
11.1894
11.3532
11.381
11.2388
10.892
10.3069
9.45359
8.31063
6.8715
5.15214
3.19763
1.08461
10.2831
10.8342
11.3396
11.7676
12.0841
12.2525
12.2332
11.9837
11.4602
10.6206
9.42977
7.869
5.94712
3.71317
1.2636
10.3779
11.1182
11.811
12.4231
12.9177
13.2543
13.3873
13.2655
12.8329
12.0311
10.8056
9.11706
6.95868
4.37834
1.49646
10.4835
11.4349
12.3385
13.1599
13.8607
14.3972
14.718
14.7629
14.4616
13.7356
12.5028
10.6912
8.26309
5.25279
1.80638
10.6
11.7848
12.9229
13.9802
14.9177
15.6897
16.2401
16.5002
16.385
15.7916
14.6016
12.693
9.97157
6.42995
2.23176
10.7271
12.167
13.5633
14.8833
16.0895
17.1356
17.9634
18.4978
18.64
18.2615
17.199
15.2591
12.2493
8.06287
2.84132
10.864
12.5795
14.2564
15.8654
17.372
18.7327
19.8902
20.7672
21.2562
21.206
20.4051
18.5675
15.3438
10.4144
3.77099
11.0096
13.0187
14.9963
16.9184
18.7556
20.4704
22.0112
23.3055
24.2461
24.6712
24.3305
22.838
19.6224
13.9557
5.32459
11.1623
13.4796
15.7746
18.0298
20.2239
22.3283
24.303
26.0887
27.5934
28.6673
29.0551
28.3043
25.6024
19.5552
8.27942
11.3199
13.9559
16.5802
19.1835
21.7541
24.2759
26.7254
29.0663
31.239
33.1392
34.5692
35.1246
33.9048
28.7849
14.9028
11.48
14.4401
17.4
20.3595
23.3176
26.273
29.2224
32.1598
35.0731
37.9363
40.6897
43.1766
44.9143
44.0986
32.5835
11.6402
14.9243
18.2199
21.5359
24.8826
28.2735
31.7269
35.2692
38.9407
42.8085
46.9938
51.7474
57.6953
66.8407
87.5211
11.7976
15.4002
19.0254
22.6905
26.4163
30.2299
34.1689
38.2877
42.6709
47.4587
52.9016
59.4871
68.2538
81.57
104.727
11.9499
15.8603
19.8029
23.8024
27.8882
32.0985
36.4849
41.1213
46.1187
51.6526
58.0142
65.7101
75.6503
89.4624
109.816
1.1579
2.06883
2.46245
2.60607
2.60502
2.51089
2.35298
2.14963
1.91309
1.652
1.3727
1.08002
0.777776
0.46912
0.156775
0.619845
1.41632
1.86133
2.07928
2.14922
2.11872
2.01743
1.86485
1.67436
1.45556
1.21562
0.960029
0.693209
0.418828
0.140084
0.389574
1.00791
1.41788
1.65528
1.7632
1.7757
1.71752
1.6064
1.45528
1.27382
1.0694
0.847841
0.613895
0.371566
0.124385
0.270984
0.744179
1.09428
1.32121
1.44343
1.48178
1.45436
1.37573
1.25729
1.10802
0.935079
0.744259
0.540403
0.327674
0.109788
0.200152
0.565934
0.856226
1.05986
1.18191
1.23353
1.22678
1.1727
1.0807
0.958675
0.813177
0.649733
0.473076
0.287363
0.0963668
0.153295
0.440113
0.678353
0.85516
0.969318
1.02581
1.03208
0.996002
0.92498
0.825627
0.703739
0.564384
0.412037
0.250723
0.0841518
0.120168
0.348029
0.543143
0.69397
0.79677
0.852973
0.866786
0.843574
0.788932
0.708231
0.606433
0.488059
0.357228
0.217735
0.07314
0.0957043
0.278687
0.438689
0.566133
0.656582
0.709575
0.727208
0.712974
0.670983
0.605488
0.520641
0.420385
0.308434
0.18829
0.0632984
0.0770923
0.225305
0.356847
0.463988
0.542408
0.590736
0.609761
0.601653
0.569358
0.516185
0.445549
0.360835
0.26533
0.162213
0.0545716
0.0626279
0.183499
0.291949
0.381791
0.449132
0.492247
0.511158
0.507129
0.482233
0.43901
0.380237
0.308779
0.227512
0.139279
0.0468875
0.0512085
0.150321
0.239976
0.315221
0.37268
0.410569
0.428486
0.427098
0.407836
0.372635
0.323733
0.263537
0.194532
0.119234
0.0401638
0.042084
0.12371
0.198009
0.261003
0.309819
0.342763
0.359221
0.359479
0.34451
0.315776
0.275074
0.224412
0.165922
0.10181
0.0343132
0.034725
0.102188
0.163894
0.216631
0.257982
0.286405
0.301207
0.302437
0.290743
0.267228
0.233332
0.190723
0.141218
0.0867359
0.029247
0.0287458
0.0846645
0.136007
0.180168
0.215122
0.239506
0.25262
0.254372
0.245184
0.225891
0.197643
0.161822
0.119972
0.0737499
0.0248789
0.0238591
0.070319
0.113107
0.1501
0.179605
0.200433
0.211923
0.213905
0.206644
0.190774
0.167213
0.137107
0.101763
0.0626035
0.0211268
0.0198463
0.0585237
0.0942319
0.125233
0.150112
0.167847
0.17783
0.179855
0.174085
0.160996
0.141329
0.11603
0.0862035
0.0530665
0.0179143
0.0165384
0.0487905
0.078626
0.104616
0.125581
0.140645
0.149263
0.15122
0.146607
0.135788
0.119357
0.0980987
0.0729428
0.0449291
0.0151717
0.0138032
0.0407358
0.0656908
0.08749
0.105148
0.117919
0.125323
0.127148
0.12344
0.114476
0.100738
0.0828738
0.061667
0.0380026
0.012836
0.0115358
0.0340544
0.0549473
0.0732399
0.0881087
0.098921
0.105258
0.10692
0.103923
0.0964813
0.0849843
0.0699702
0.0520981
0.0321194
0.0108512
0.00965266
0.028502
0.0460098
0.0613676
0.0738868
0.0830314
0.0884384
0.0899263
0.0874925
0.0813026
0.0716733
0.0590517
0.043992
0.0271319
0.00916792
0.00808616
0.0238812
0.0385656
0.0514668
0.0620085
0.0697374
0.0743411
0.0756567
0.0736708
0.0685125
0.0604404
0.0498263
0.0371365
0.022911
0.00774292
0.00678166
0.0200319
0.0323597
0.0432046
0.0520837
0.0586139
0.0625274
0.0636799
0.0620525
0.0577461
0.0509729
0.0420426
0.0313475
0.0193448
0.00653859
0.00569461
0.0168232
0.0271836
0.0363077
0.0437903
0.0493077
0.0526311
0.0536339
0.0522946
0.0486929
0.0430034
0.0354846
0.0264667
0.0163366
0.00552246
0.00478854
0.0141481
0.0228661
0.0305509
0.0368618
0.0415254
0.0443463
0.0452146
0.044108
0.0410898
0.0363043
0.0299678
0.0223584
0.0138034
0.00466661
0.00403353
0.0119185
0.0192663
0.0257481
0.0310774
0.0350227
0.0374177
0.038167
0.0372488
0.0347142
0.0306825
0.0253351
0.0189066
0.0116744
0.00394717
0.00340497
0.010062
0.0162678
0.0217458
0.0262541
0.0295968
0.031632
0.0322773
0.0315124
0.0293782
0.0259743
0.0214532
0.016013
0.0098891
0.0033438
0.0028826
0.00851894
0.0137748
0.0184168
0.0222403
0.0250789
0.0268115
0.0273671
0.0267268
0.0249241
0.0220422
0.0182096
0.0135944
0.00839645
0.00283927
0.00244972
0.00724006
0.0117083
0.0156563
0.0189106
0.0213292
0.0228086
0.0232874
0.0227486
0.0212195
0.0187702
0.0155095
0.0115804
0.00715329
0.00241902
0.0020926
0.00618492
0.0100029
0.0133777
0.0161611
0.0182317
0.0195005
0.0199144
0.019458
0.018154
0.0160617
0.0132737
0.00991231
0.00612344
0.00207086
0.0018
0.00532031
0.00860524
0.0115099
0.0139067
0.0156911
0.0167863
0.0171458
0.0167561
0.0156361
0.0138362
0.0114362
0.00854106
0.00527675
0.00178459
0.00156273
0.00461917
0.00747171
0.00999473
0.0120775
0.0136292
0.0145828
0.0148976
0.0145614
0.0135902
0.0120276
0.00994249
0.00742622
0.00458829
0.00155181
0.00137339
0.00405963
0.00656702
0.00878529
0.0106172
0.0119828
0.0128229
0.0131016
0.0128077
0.0119551
0.0105818
0.00874825
0.00653476
0.00403773
0.00136564
0.00122608
0.0036243
0.00586311
0.00784418
0.00948071
0.0107013
0.0114529
0.0117032
0.0114421
0.0106816
0.00945556
0.00781787
0.0058402
0.00360875
0.00122058
0.00111624
0.00329968
0.00533819
0.00714234
0.00863311
0.00974542
0.0104309
0.01066
0.0104232
0.00973143
0.00861521
0.00712361
0.00532189
0.00328862
0.00111233
0.00104046
0.00307571
0.00497603
0.00665812
0.00804834
0.00908598
0.00972588
0.00994036
0.0097204
0.00907597
0.00803553
0.00664472
0.00496437
0.0030678
0.00103766
0.000996375
0.00294545
0.00476542
0.00637657
0.00770841
0.00870276
0.00931628
0.00952239
0.00931233
0.00869553
0.00769916
0.0063669
0.004757
0.00293973
0.000994353
0.000982625
0.00290483
0.00469981
0.00628899
0.00760284
0.00858398
0.00918961
0.00939342
0.0091867
0.00857866
0.00759604
0.00628187
0.00469362
0.00290063
0.000981138
0.000998763
0.00295257
0.00477712
0.00639258
0.00772831
0.00872594
0.00934195
0.00954952
0.00933974
0.0087219
0.00772314
0.00638718
0.00477241
0.00294937
0.000997633
0.00104526
0.00309004
0.00499961
0.00669043
0.00808855
0.00913291
0.0097779
0.00999543
0.00977612
0.00912966
0.0080844
0.00668608
0.00499582
0.00308747
0.00104435
0.00112352
0.00332141
0.005374
0.0071915
0.00869445
0.00981717
0.0105107
0.0107447
0.0105091
0.00981432
0.0086908
0.00718768
0.00537068
0.00331916
0.00112273
0.00123591
0.00365368
0.00591161
0.00791097
0.00956434
0.0107995
0.0115624
0.01182
0.0115609
0.0107967
0.00956077
0.00790724
0.00590836
0.00365147
0.00123513
0.00138585
0.00409691
0.00662877
0.00887068
0.0107246
0.0121096
0.0129652
0.013254
0.0129635
0.0121066
0.0107207
0.00886658
0.00662519
0.00409449
0.00138499
0.00157787
0.00466458
0.00754724
0.0100998
0.0122106
0.0137874
0.0147614
0.0150901
0.0147594
0.0137837
0.0122058
0.0100948
0.00754291
0.00466164
0.00157683
0.00181782
0.00537393
0.00869492
0.0116355
0.0140672
0.0158837
0.0170057
0.0173842
0.017003
0.0158789
0.0140611
0.0116291
0.00868932
0.00537012
0.00181648
0.00211299
0.00624651
0.0101067
0.0135247
0.016351
0.0184622
0.0197661
0.0202058
0.0197625
0.0184557
0.0163427
0.013516
0.0100992
0.00624139
0.00211118
0.00247236
0.00730888
0.0118255
0.0158246
0.0191314
0.0216012
0.0231264
0.0236406
0.0231215
0.0215923
0.0191199
0.0158127
0.0118151
0.00730182
0.00246987
0.00290687
0.00859334
0.0139036
0.0186053
0.0224927
0.0253961
0.0271888
0.0277927
0.027182
0.0253837
0.0224768
0.0185886
0.0138891
0.0085835
0.00290339
0.00342974
0.010139
0.0164043
0.0219512
0.0265373
0.0299622
0.0320764
0.0327881
0.0320669
0.0299447
0.026515
0.0219279
0.0163839
0.0101252
0.00342486
0.0040569
0.011993
0.0194036
0.0259644
0.0313882
0.0354382
0.0379378
0.0387785
0.0379244
0.0354137
0.0313568
0.0259315
0.019375
0.0119735
0.00405003
0.00480747
0.0142117
0.022993
0.0307668
0.0371929
0.0419907
0.0449511
0.0459456
0.0449321
0.0419561
0.0371486
0.0307205
0.0229527
0.0141843
0.00479779
0.00570436
0.0168629
0.0272819
0.0365049
0.0441282
0.0498189
0.0533291
0.0545068
0.0533024
0.0497701
0.0440657
0.0364396
0.027225
0.0168243
0.0056907
0.00677496
0.0200275
0.0324013
0.0433537
0.0524054
0.059161
0.0633266
0.064722
0.0632889
0.0590921
0.0523172
0.0432615
0.0323209
0.019973
0.00675568
0.008052
0.0238023
0.0385074
0.0515221
0.0622767
0.0703014
0.0752473
0.0769011
0.0751941
0.0702041
0.0621522
0.051392
0.038394
0.0237254
0.00802479
0.00957461
0.0283029
0.0457871
0.0612598
0.0740433
0.0835793
0.0894537
0.0914137
0.0893786
0.083442
0.0738676
0.0610761
0.0456271
0.0281943
0.00953619
0.0113895
0.0336671
0.0544634
0.0728646
0.0880645
0.0993996
0.106378
0.1087
0.106272
0.0992057
0.0878165
0.0726052
0.0542375
0.0335138
0.0113352
0.0135524
0.0400599
0.0648025
0.0866922
0.104769
0.118245
0.126535
0.129285
0.126385
0.117971
0.104419
0.086326
0.0644836
0.0398435
0.0134758
0.01613
0.047678
0.0771224
0.103167
0.124669
0.14069
0.150538
0.153792
0.150326
0.140304
0.124174
0.10265
0.0766722
0.0473725
0.0160219
0.019202
0.0567568
0.0918028
0.122795
0.148373
0.167422
0.179118
0.182967
0.178819
0.166876
0.147675
0.122065
0.0911673
0.0563254
0.0190494
0.0228635
0.0675773
0.109298
0.146183
0.176612
0.199258
0.213146
0.217692
0.212725
0.198488
0.175626
0.145152
0.108401
0.0669684
0.0226482
0.0272287
0.0804761
0.13015
0.174052
0.210253
0.237175
0.253661
0.259023
0.253066
0.236088
0.208863
0.172598
0.128883
0.0796164
0.0269246
0.0324339
0.095856
0.155009
0.20727
0.250338
0.282337
0.301899
0.308213
0.301059
0.280803
0.248374
0.205216
0.153221
0.0946424
0.0320047
0.038643
0.1142
0.184653
0.246869
0.298107
0.336135
0.359334
0.366755
0.358149
0.33397
0.295335
0.243971
0.182129
0.112487
0.038037
0.0460525
0.136088
0.220015
0.294092
0.355046
0.400229
0.427725
0.436422
0.426051
0.397172
0.351133
0.29
0.216452
0.133669
0.045197
0.0548989
0.162217
0.262217
0.350424
0.422936
0.476604
0.509166
0.51933
0.506804
0.472288
0.417412
0.344648
0.257187
0.158802
0.053691
0.0654672
0.193426
0.312608
0.417654
0.503909
0.567632
0.606159
0.617989
0.602825
0.56154
0.496111
0.409499
0.305506
0.188605
0.0637619
0.0781016
0.230728
0.372812
0.497931
0.600525
0.676155
0.721686
0.735392
0.71698
0.667555
0.589517
0.486418
0.362786
0.223922
0.075694
0.0932191
0.275351
0.444796
0.593847
0.715862
0.805576
0.859311
0.875092
0.852667
0.793436
0.700323
0.577594
0.43064
0.265742
0.0898197
0.111326
0.328783
0.530939
0.708533
0.853626
0.959976
1.02329
1.04132
1.01391
0.942841
0.831691
0.685588
0.510953
0.315215
0.106527
0.133041
0.392837
0.634135
0.845785
1.01829
1.14426
1.21869
1.2391
1.20546
1.12007
0.987326
0.813393
0.605917
0.373679
0.126264
0.159122
0.469734
0.757916
1.01021
1.21526
1.36432
1.45161
1.47441
1.43294
1.33019
1.17156
0.964485
0.718073
0.44268
0.14955
0.190501
0.562205
0.906612
1.20745
1.45111
1.62727
1.72932
1.75433
1.70296
1.5791
1.38942
1.14289
0.85035
0.523996
0.176981
0.228336
0.673627
1.08556
1.44439
1.7338
1.94169
2.0605
2.08728
2.02332
1.87372
1.64674
1.35324
1.0061
0.619655
0.209236
0.274071
0.80821
1.30137
1.72953
2.07311
2.31794
2.45558
2.48322
2.40315
2.22205
1.95024
1.60084
1.18915
0.731956
0.247082
0.32953
0.971246
1.56232
2.07339
2.48099
2.76861
2.92704
2.95395
2.85311
2.63337
2.3076
1.8917
1.40378
0.863474
0.291376
0.397033
1.16944
1.87881
2.4891
2.97216
3.30898
3.48981
3.51337
3.38562
3.11831
2.72753
2.23255
1.65479
1.01706
0.343068
0.479569
1.41142
2.26408
2.99314
3.56487
3.95767
4.16177
4.17784
4.01503
3.68896
3.21981
2.63088
1.94742
1.19584
0.403186
0.581055
1.70837
2.73519
3.60641
4.28181
4.73737
4.96428
4.9665
4.7578
4.35894
3.79524
3.09483
2.28734
1.40313
0.47283
0.706698
2.07511
3.31432
4.35564
5.15138
5.67582
5.92279
5.9016
5.6326
5.14336
4.4656
3.63313
2.68053
1.64241
0.55314
0.863578
2.53155
4.03086
5.27539
6.20933
6.80692
7.0675
7.00874
6.66032
6.05866
5.24335
4.25483
3.13308
1.91719
0.645262
1.06155
3.1051
4.92432
6.41079
7.50081
8.17203
8.43391
8.31701
7.86384
7.12228
6.14137
4.96901
3.651
2.23087
0.750295
1.31477
3.83441
6.04882
7.82146
9.08307
9.82134
10.0633
9.85873
9.26759
8.35208
7.17229
5.78431
4.2398
2.58652
0.869218
1.64428
4.77566
7.48006
9.58695
11.0287
11.8152
12.0027
11.6689
10.8965
9.76535
8.34776
6.70827
4.90412
2.98661
1.00281
2.08295
6.01338
9.32619
11.8143
13.4293
14.225
14.3042
13.7834
12.7746
11.3774
9.67726
7.74654
5.64711
3.43273
1.15155
2.68512
7.67998
11.745
14.6478
16.3988
17.1324
17.0221
16.2366
14.9224
13.1999
11.1668
8.90192
6.4699
3.92521
1.31549
3.54796
9.99225
14.9707
18.2811
20.0748
20.6256
20.2088
19.0571
17.3535
15.238
12.8172
10.1733
7.3709
4.46283
1.49418
4.8633
13.3224
19.3548
22.9676
24.6138
24.7906
23.9057
22.2606
20.0705
17.488
14.6226
11.5547
8.34525
5.04247
1.68657
7.0588
18.3377
25.4189
29.0197
30.173
29.6929
28.1304
25.8425
23.0599
19.9343
16.5684
13.0343
9.38437
5.65897
1.89092
11.2256
26.2679
33.8998
36.7712
36.8663
35.3465
32.8587
29.7678
26.2873
22.5473
18.631
14.5942
10.4759
6.30505
2.10484
20.5373
39.344
45.6865
46.4505
44.6808
41.6721
38.0056
33.9636
29.6947
25.2825
20.7773
16.2106
11.6037
6.9715
2.32532
45.3129
61.0754
61.3468
57.8891
53.3554
48.4542
43.4129
38.3168
33.2014
28.0822
22.966
17.8549
12.7491
7.64761
2.54889
12.1094
16.3414
20.6144
24.9589
29.4116
34.0185
38.8405
43.9612
49.5
55.6317
62.6166
70.8383
80.8258
93.1432
107.722
12.2699
16.8251
21.4274
26.1115
30.9182
35.8967
41.1098
46.6391
52.5933
59.1168
66.3976
74.6634
84.1377
94.8922
106.499
12.415
17.2614
22.1579
27.1409
32.2517
37.5388
43.061
48.8902
55.1151
61.8419
69.1904
77.2763
86.1654
95.7841
105.797
12.5436
17.6472
22.8013
28.0415
33.4077
38.9444
44.7033
50.7436
57.1325
63.9423
71.2425
79.0823
87.4594
96.277
105.31
12.6555
17.9823
23.3577
28.8154
34.3918
40.1264
46.0624
52.2462
58.7264
65.5494
72.7518
80.3473
88.3088
96.5502
104.92
12.7512
18.2686
23.831
29.4696
35.2165
41.1054
47.1716
53.4502
59.975
66.7743
73.8646
81.2423
88.8743
96.6905
104.586
12.8319
18.5093
24.2276
30.0144
35.8977
41.9057
48.0663
54.4057
60.9466
67.7052
74.6866
81.8794
89.2516
96.7475
104.291
12.8989
18.7088
24.555
30.4618
36.453
42.5518
48.7802
55.1572
61.6979
68.4105
75.2937
82.3335
89.5011
96.7522
104.03
12.9536
18.8714
24.8212
30.8237
36.8993
43.0669
49.3434
55.7428
62.2747
68.9423
75.7409
82.6562
89.6629
96.7256
103.801
12.9974
19.0017
25.0337
31.1116
37.2523
43.4713
49.7818
56.1938
62.7131
69.34
76.0682
82.8837
89.7649
96.6825
103.602
13.0318
19.1036
25.1997
31.3356
37.5257
43.7826
50.1167
56.5351
63.0412
69.6335
76.3048
83.0421
89.8265
96.6334
103.434
13.0579
19.1808
25.3252
31.5044
37.7309
44.0151
50.3652
56.7865
63.2807
69.845
76.4722
83.1501
89.8617
96.5861
103.299
13.0766
19.2361
25.4149
31.6249
37.8769
44.1799
50.5406
56.9629
63.4473
69.9907
76.5857
83.2207
89.8805
96.5462
103.197
13.0886
19.2718
25.4727
31.7024
37.9706
44.2853
50.6523
57.0748
63.5525
70.0819
76.6558
83.2631
89.8895
96.5176
103.128
13.0945
19.2893
25.501
31.7402
38.0163
44.3366
50.7067
57.129
63.6033
70.1258
76.6893
83.283
89.893
96.5027
103.093
120.108
126.932
137.885
143.737
151.82
156.195
162.103
164.919
167.525
172.543
175.816
181.218
184.701
190.485
194.261
200.778
204.323
209.354
212.172
216.177
218.424
221.549
223.068
224.509
227.31
229.161
232.246
234.252
237.609
239.813
243.641
245.725
248.698
250.348
252.681
253.969
255.737
256.58
257.357
258.849
259.804
261.357
262.331
263.911
264.906
266.574
267.445
268.627
269.25
270.076
270.504
271.043
271.281
271.469
271.803
271.978
272.217
272.32
272.433
272.451
272.42
272.357
272.216
272.093
271.88
271.719
271.473
271.31
271.131
270.828
270.587
270.233
269.964
269.603
269.336
269.028
268.842
268.829
268.813
269.191
269.399
270.343
270.501
270.951
273.585
273.023
270.618
265.639
254.632
225.973
116.655
124.791
133.019
140.014
146.683
152.267
157.48
161.78
165.821
170.224
174.461
179.034
183.408
188.133
192.628
197.432
201.647
205.782
209.343
212.784
215.73
218.535
220.892
223.145
225.625
228.035
230.654
233.176
235.914
238.528
241.331
243.79
246.201
248.264
250.242
251.915
253.483
254.776
255.982
257.281
258.51
259.811
261.024
262.3
263.475
264.69
265.715
266.674
267.454
268.157
268.711
269.188
269.542
269.827
270.091
270.293
270.459
270.558
270.608
270.594
270.524
270.402
270.225
270.01
269.746
269.457
269.128
268.783
268.401
267.96
267.485
266.957
266.404
265.808
265.197
264.563
263.938
263.332
262.715
262.123
261.448
260.73
259.653
258.279
256.512
252.882
246.718
236.753
220.473
193.769
114.774
122.514
129.92
136.755
143.103
148.865
154.166
159.003
163.591
168.133
172.616
177.127
181.602
186.105
190.539
194.925
199.08
203.026
206.678
210.094
213.232
216.156
218.858
221.448
224.032
226.6
229.196
231.781
234.39
236.963
239.509
241.918
244.198
246.295
248.239
250.004
251.623
253.091
254.467
255.809
257.109
258.387
259.622
260.83
261.98
263.078
264.076
264.978
265.764
266.449
267.026
267.509
267.898
268.212
268.466
268.659
268.793
268.863
268.873
268.818
268.701
268.523
268.286
267.994
267.648
267.251
266.803
266.306
265.753
265.137
264.459
263.714
262.906
262.031
261.091
260.082
259.005
257.846
256.581
255.175
253.554
251.631
249.23
246.171
242.119
236.387
228.289
216.957
201.324
180.614
113.495
120.71
127.636
134.192
140.358
146.119
151.511
156.58
161.418
166.119
170.723
175.265
179.745
184.17
188.51
192.741
196.807
200.683
204.345
207.796
211.036
214.088
216.976
219.749
222.456
225.116
227.746
230.344
232.912
235.428
237.878
240.225
242.451
244.54
246.489
248.296
249.974
251.532
252.997
254.394
255.733
257.021
258.256
259.437
260.557
261.607
262.571
263.443
264.217
264.894
265.474
265.961
266.361
266.681
266.928
267.106
267.215
267.255
267.227
267.129
266.963
266.728
266.425
266.056
265.62
265.118
264.548
263.909
263.195
262.402
261.526
260.561
259.503
258.346
257.082
255.7
254.185
252.514
250.647
248.534
246.094
243.219
239.753
235.492
230.143
223.298
214.515
203.352
189.482
173.007
112.536
119.315
125.881
132.182
138.19
143.896
149.316
154.48
159.438
164.236
168.91
173.483
177.962
182.348
186.63
190.788
194.798
198.642
202.308
205.793
209.102
212.248
215.252
218.14
220.939
223.666
226.334
228.945
231.498
233.984
236.39
238.699
240.898
242.979
244.936
246.772
248.49
250.102
251.62
253.058
254.425
255.725
256.961
258.131
259.23
260.254
261.194
262.047
262.807
263.475
264.051
264.536
264.935
265.251
265.488
265.649
265.734
265.744
265.678
265.538
265.321
265.028
264.658
264.211
263.686
263.08
262.391
261.617
260.75
259.786
258.719
257.54
256.241
254.812
253.24
251.507
249.591
247.459
245.068
242.361
239.258
235.655
231.419
226.378
220.32
212.998
204.168
193.644
181.388
167.644
111.782
118.221
124.503
130.587
136.449
142.079
147.481
152.672
157.678
162.525
167.236
171.827
176.304
180.671
184.919
189.04
193.02
196.85
200.522
204.035
207.393
210.606
213.687
216.651
219.517
222.296
224.996
227.623
230.175
232.647
235.033
237.324
239.51
241.588
243.554
245.409
247.156
248.801
250.353
251.82
253.207
254.519
255.757
256.921
258.009
259.017
259.941
260.779
261.528
262.186
262.754
263.233
263.625
263.932
264.156
264.297
264.358
264.338
264.236
264.053
263.786
263.436
263
262.477
261.864
261.159
260.357
259.454
258.443
257.318
256.07
254.689
253.165
251.483
249.628
247.577
245.304
242.775
239.944
236.756
233.138
229.003
224.241
218.726
212.316
204.866
196.256
186.429
175.437
163.495
111.171
117.347
123.403
129.307
135.038
140.584
145.944
151.125
156.14
161.003
165.729
170.326
174.801
179.154
183.385
187.486
191.452
195.277
198.957
202.493
205.888
209.147
212.28
215.299
218.212
221.03
223.759
226.402
228.959
231.429
233.808
236.091
238.274
240.353
242.326
244.195
245.962
247.63
249.205
250.691
252.093
253.414
254.655
255.817
256.897
257.896
258.809
259.636
260.374
261.023
261.583
262.053
262.435
262.73
262.938
263.06
263.096
263.046
262.91
262.685
262.371
261.965
261.466
260.87
260.175
259.375
258.467
257.444
256.299
255.024
253.609
252.043
250.313
248.403
246.295
243.965
241.385
238.522
235.333
231.767
227.763
223.25
218.146
212.361
205.807
198.402
190.097
180.889
170.852
160.15
110.669
116.64
122.516
128.271
133.886
139.349
144.657
149.81
154.813
159.673
164.398
168.994
173.464
177.809
182.028
186.12
190.079
193.904
197.594
201.148
204.569
207.862
211.033
214.089
217.038
219.886
222.638
225.296
227.862
230.336
232.715
234.997
237.18
239.263
241.243
243.123
244.904
246.588
248.178
249.679
251.092
252.42
253.664
254.824
255.901
256.893
257.798
258.616
259.346
259.986
260.536
260.997
261.368
261.649
261.841
261.943
261.956
261.878
261.707
261.444
261.084
260.626
260.068
259.404
258.632
257.746
256.74
255.608
254.341
252.93
251.364
249.632
247.719
245.608
243.279
240.71
237.873
234.737
231.262
227.407
223.12
218.347
213.028
207.104
200.52
193.235
185.235
176.541
167.223
157.403
110.253
116.065
121.798
127.43
132.946
138.334
143.587
148.704
153.684
158.531
163.248
167.836
172.299
176.637
180.85
184.935
188.893
192.72
196.418
199.986
203.427
206.745
209.943
213.027
216.003
218.874
221.644
224.317
226.892
229.372
231.755
234.04
236.226
238.313
240.3
242.189
243.98
245.675
247.277
248.787
250.208
251.541
252.788
253.948
255.022
256.01
256.909
257.721
258.443
259.074
259.616
260.067
260.426
260.694
260.87
260.954
260.943
260.839
260.637
260.337
259.936
259.431
258.818
258.093
257.252
256.287
255.194
253.963
252.588
251.056
249.358
247.48
245.407
243.123
240.608
237.839
234.791
231.436
227.739
223.666
219.176
214.228
208.781
202.795
196.239
189.097
181.371
173.09
164.315
155.138
109.912
115.599
121.218
126.751
132.184
137.506
142.708
147.788
152.742
157.57
162.274
166.853
171.308
175.639
179.846
183.929
187.885
191.716
195.421
199
202.456
205.792
209.01
212.115
215.11
217.999
220.785
223.47
226.055
228.541
230.929
233.218
235.409
237.5
239.494
241.389
243.188
244.892
246.501
248.019
249.446
250.783
252.032
253.192
254.265
255.249
256.144
256.949
257.665
258.29
258.823
259.264
259.613
259.868
260.029
260.095
260.065
259.936
259.706
259.374
258.936
258.389
257.728
256.948
256.045
255.012
253.842
252.526
251.056
249.421
247.609
245.606
243.399
240.969
238.299
235.367
232.151
228.623
224.757
220.523
215.89
210.827
205.306
199.303
192.802
185.799
178.304
170.349
161.984
153.282
109.635
115.227
120.758
126.212
131.577
136.843
142
147.045
151.974
156.783
161.472
166.041
170.488
174.813
179.016
183.096
187.053
190.886
194.596
198.185
201.652
205.001
208.234
211.354
214.364
217.267
220.065
222.759
225.353
227.845
230.239
232.533
234.728
236.824
238.822
240.724
242.528
244.238
245.853
247.376
248.807
250.148
251.398
252.559
253.63
254.612
255.503
256.304
257.015
257.633
258.159
258.592
258.931
259.175
259.323
259.373
259.325
259.175
258.921
258.561
258.091
257.507
256.805
255.979
255.024
253.933
252.697
251.31
249.76
248.038
246.131
244.026
241.707
239.16
236.366
233.304
229.955
226.296
222.304
217.953
213.22
208.084
202.525
196.528
190.087
183.206
175.899
168.195
160.14
151.788
109.418
114.939
120.402
125.796
131.108
136.329
141.45
146.465
151.371
156.163
160.839
165.397
169.837
174.157
178.356
182.434
186.391
190.227
193.941
197.536
201.012
204.371
207.614
210.745
213.766
216.679
219.486
222.189
224.789
227.287
229.685
231.984
234.183
236.283
238.286
240.191
242
243.715
245.334
246.861
248.295
249.638
250.889
252.05
253.12
254.1
254.989
255.787
256.492
257.106
257.626
258.052
258.382
258.617
258.754
258.791
258.728
258.56
258.287
257.903
257.407
256.794
256.058
255.194
254.196
253.058
251.77
250.324
248.711
246.919
244.937
242.75
240.345
237.705
234.814
231.654
228.205
224.448
220.363
215.93
211.131
205.949
200.371
194.39
188.006
181.224
174.062
166.548
158.72
150.623
109.258
114.727
120.142
125.492
130.765
135.952
141.045
146.038
150.925
155.703
160.368
164.918
169.351
173.667
177.863
181.94
185.897
189.735
193.452
197.051
200.533
203.899
207.15
210.289
213.317
216.237
219.051
221.759
224.365
226.868
229.27
231.571
233.774
235.877
237.883
239.792
241.604
243.322
244.944
246.474
247.91
249.254
250.506
251.667
252.737
253.715
254.602
255.397
256.1
256.709
257.224
257.645
257.969
258.196
258.325
258.352
258.277
258.096
257.807
257.406
256.89
256.253
255.492
254.599
253.57
252.395
251.068
249.579
247.917
246.073
244.034
241.787
239.317
236.61
233.649
230.417
226.897
223.071
218.923
214.434
209.591
204.381
198.797
192.833
186.494
179.787
172.732
165.353
157.684
149.766
109.152
114.588
119.972
125.293
130.54
135.705
140.779
145.757
150.631
155.399
160.056
164.6
169.029
173.342
177.536
181.612
185.569
189.408
193.127
196.729
200.215
203.584
206.84
209.984
213.018
215.942
218.76
221.473
224.082
226.588
228.992
231.296
233.501
235.607
237.615
239.526
241.34
243.059
244.684
246.215
247.653
248.998
250.251
251.412
252.481
253.458
254.344
255.137
255.837
256.444
256.956
257.373
257.693
257.915
258.037
258.058
257.975
257.785
257.485
257.073
256.543
255.891
255.112
254.2
253.149
251.95
250.596
249.078
247.385
245.506
243.429
241.142
238.63
235.878
232.871
229.593
226.027
222.158
217.969
213.446
208.577
203.352
197.766
191.816
185.508
178.852
171.866
164.574
157.007
149.202
109.099
114.519
119.888
125.195
130.429
135.583
140.648
145.617
150.485
155.248
159.901
164.442
168.869
173.18
177.373
181.448
185.406
189.244
192.965
196.569
200.056
203.428
206.686
209.832
212.868
215.795
218.615
221.329
223.94
226.447
228.853
231.159
233.365
235.472
237.481
239.392
241.208
242.928
244.554
246.085
247.524
248.869
250.122
251.284
252.353
253.33
254.215
255.007
255.706
256.311
256.822
257.237
257.555
257.774
257.893
257.911
257.823
257.629
257.324
256.905
256.369
255.709
254.922
254
252.938
251.727
250.36
248.827
247.118
245.221
243.126
240.819
238.285
235.512
232.482
229.181
225.593
221.703
217.494
212.955
208.074
202.843
197.256
191.314
185.022
178.391
171.439
164.19
156.673
148.922
129.753
96.8131
81.4211
71.2932
63.1777
56.0212
49.4025
43.1197
37.0613
31.1596
25.3695
19.6594
14.0056
8.38916
2.79406
149.84
118.251
98.0554
83.9028
72.9334
63.7379
55.6004
48.1343
41.1153
34.4047
27.9113
21.5716
15.3389
9.17667
3.05454
153.594
128.294
108.646
93.3284
80.9147
70.3957
61.1265
52.7013
44.8604
37.4323
30.2991
23.3766
16.6016
9.92397
3.30197
153.171
132.683
114.905
99.8493
87.0005
75.8032
65.808
56.6836
48.1925
40.1646
32.476
25.034
17.7666
10.6156
3.53129
151.595
134.36
118.441
104.163
91.4338
80.0078
69.6182
60.0319
51.0608
42.5572
34.4061
26.5166
18.8151
11.2404
3.73884
149.745
134.72
120.335
106.925
94.5638
83.1753
72.6243
62.7647
53.4612
44.5971
36.0743
27.8107
19.7368
11.792
3.92246
147.919
134.437
121.252
108.639
96.72
85.5044
74.9386
64.9407
55.4216
46.2952
37.483
28.9151
20.529
12.2684
4.08138
146.231
133.858
121.595
109.658
98.1719
87.1829
76.6842
66.6375
56.9888
47.6786
38.6471
29.8373
21.1954
12.671
4.21602
144.729
133.168
121.611
110.226
99.1259
88.3702
77.9771
67.9357
58.2172
48.7828
39.5892
30.5913
21.7443
13.0042
4.32767
143.432
132.471
121.453
110.508
99.7345
89.1943
78.9176
68.9103
59.1608
49.6459
40.3352
31.1942
22.1862
13.2735
4.41814
142.348
131.832
121.22
110.618
100.109
89.754
79.588
69.6265
59.8694
50.3044
40.9112
31.6637
22.5325
13.4855
4.48947
141.481
131.289
120.977
110.632
100.33
90.1239
80.0531
70.1379
60.3852
50.7906
41.341
32.0169
22.7943
13.6463
4.54368
140.831
130.865
120.764
110.604
100.452
90.3583
80.3619
70.4862
60.7425
51.1314
41.6448
32.2681
22.9815
13.7616
4.5826
140.398
130.576
120.61
110.569
100.514
90.4949
80.5492
70.7018
60.9666
51.3471
41.8385
32.4291
23.1018
13.8358
4.60769
140.182
130.429
120.528
110.546
100.539
90.5575
80.6374
70.8048
61.0745
51.4516
41.9327
32.5075
23.1606
13.8722
4.61998
)
;

boundaryField
{
    hot
    {
        type            fixedValue;
        value           uniform 10;
    }
    cold
    {
        type            fixedValue;
        value           uniform 0;
    }
    interface_left
    {
        type            fixedValue;
        value           nonuniform List<scalar> 
90
(
0
0
0
0
0
0
0
0
0
0
0
0
0
0
0
0
0
0
0
0
0
0
0
0
0
0
0
0
0
0
0
0
0
0
0
0
0
0
0
0
0
0
0
0
0
0
0
0
0
0
0
0
0
0
0
0
0
0
0
0
0
0
0
0
0
0
0
0
0
0
0
0
0
0
0
0
0
0
0
0
0
0
0
0
0
0
0
125.026
125.026
125.026
)
;
    }
    interface_right
    {
        type            fixedValue;
        value           uniform 0;
    }
    interface_top
    {
        type            fixedValue;
        value           nonuniform List<scalar> 
90
(
125.026
125.026
143.987
143.987
157.053
157.053
166.636
166.636
166.636
174.955
174.955
183.688
183.688
193.101
193.101
204.586
204.586
212.729
212.729
219.134
219.134
224.208
224.208
224.208
228.832
228.832
233.814
233.814
239.283
239.283
246.048
246.048
250.896
250.896
254.649
254.649
257.526
257.526
257.526
260.017
260.017
262.546
262.546
265.136
265.136
268.086
268.086
270.002
270.002
271.319
271.319
272.185
272.185
272.185
272.773
272.773
273.194
273.194
273.413
273.413
273.389
273.389
273.198
273.198
272.91
272.91
272.585
272.585
272.585
272.218
272.218
271.81
271.81
271.433
271.433
271.17
271.17
271.578
271.578
272.845
272.845
275.713
275.713
275.713
284.42
284.42
284.42
284.42
284.42
284.42
)
;
    }
    interface_bottom
    {
        type            fixedValue;
        value           nonuniform List<scalar> 
90
(
125.026
125.026
132.205
132.205
138.079
138.079
141.783
141.783
141.783
143.809
143.809
144.393
144.393
143.075
143.075
139.11
139.11
134.341
134.341
129.014
129.014
123.658
123.658
123.658
117.89
117.89
111.367
111.367
104.593
104.593
97.6805
97.6805
93.5426
93.5426
90.6264
90.6264
88.3746
88.3746
88.3746
86.2466
86.2466
83.9294
83.9294
81.4422
81.4422
78.6703
78.6703
76.6282
76.6282
74.7178
74.7178
72.8199
72.8199
72.8199
70.649
70.649
68.0037
68.0037
64.9194
64.9194
61.2661
61.2661
58.3959
58.3959
55.6233
55.6233
52.8339
52.8339
52.8339
49.616
49.616
45.63
45.63
40.8366
40.8366
34.8049
34.8049
29.8059
29.8059
24.7755
24.7755
19.4899
19.4899
19.4899
12.627
12.627
12.627
0
0
0
)
;
    }
    defaultFaces
    {
        type            empty;
    }
}


// ************************************************************************* //
