/*--------------------------------*- C++ -*----------------------------------*\
| =========                 |                                                 |
| \\      /  F ield         | OpenFOAM: The Open Source CFD Toolbox           |
|  \\    /   O peration     | Version:  5.x                                   |
|   \\  /    A nd           | Web:      www.OpenFOAM.org                      |
|    \\/     M anipulation  |                                                 |
\*---------------------------------------------------------------------------*/
FoamFile
{
    version     2.0;
    format      ascii;
    class       volScalarField;
    location    "3";
    object      gradTy;
}
// * * * * * * * * * * * * * * * * * * * * * * * * * * * * * * * * * * * * * //

dimensions      [0 -1 0 1 0 0 0];

internalField   nonuniform List<scalar> 
6300
(
1103.43
1310.78
1519.6
1730.85
1945.41
2164.1
2387.62
2616.52
2851.16
3091.68
3337.93
3589.47
3845.52
4105.01
4366.57
-0.740577
-2.20654
-3.62572
-4.96299
-6.17778
-7.22268
-8.04318
-8.57901
-8.7676
-8.55008
-7.87994
-6.73336
-5.11947
-3.08743
-0.726983
-1.25121
-3.72965
-6.13402
-8.40797
-10.4853
-12.2873
-13.7217
-14.6841
-15.0635
-14.7523
-13.6616
-11.7402
-8.99584
-5.50967
-1.44041
-1.78584
-5.32684
-8.7727
-12.0495
-15.0681
-17.7196
-19.8721
-21.372
-22.0498
-21.734
-20.2736
-17.5701
-13.6139
-8.51492
-2.51509
-2.3511
-7.01917
-11.5804
-15.9492
-20.0181
-23.6507
-26.675
-28.882
-30.0299
-29.8603
-28.1287
-24.6529
-19.3747
-12.4212
-4.13805
-2.95049
-8.81823
-14.5806
-20.1486
-25.4044
-30.1899
-34.2951
-37.4508
-39.3273
-39.5484
-37.7278
-33.5379
-26.8109
-17.657
-6.55094
-3.58314
-10.7226
-17.7752
-24.66
-31.2609
-37.4092
-42.8648
-47.2987
-50.28
-51.278
-49.6963
-44.9599
-36.6739
-24.8451
-10.0937
-4.24255
-12.714
-21.1373
-29.4552
-37.57
-45.3208
-52.4558
-58.5991
-63.2158
-65.587
-64.8192
-59.9315
-50.0798
-34.9561
-15.2861
-4.91556
-14.7534
-24.6046
-34.4535
-44.2429
-53.848
-63.0383
-71.4258
-78.3967
-83.0348
-84.0618
-79.8671
-68.7577
-49.6137
-23.0038
-5.5818
-16.7795
-28.0741
-39.5109
-51.0999
-62.7897
-74.4233
-85.6685
-95.9102
-104.093
-108.526
-106.717
-95.4704
-71.7378
-34.9066
-6.21391
-18.7085
-31.4014
-44.4157
-57.8559
-71.7874
-86.1961
-100.914
-115.482
-128.901
-139.231
-143.005
-134.669
-106.961
-54.6412
-6.77917
-20.4393
-34.407
-48.8942
-64.1204
-80.3072
-97.659
-116.31
-136.201
-156.798
-176.493
-191.401
-193.241
-166.796
-91.8451
-7.24261
-21.8623
-36.8928
-52.6336
-69.4239
-87.6615
-107.822
-130.466
-156.214
-185.595
-218.54
-252.867
-280.096
-275.135
-177.805
-7.57153
-22.8743
-38.6682
-55.3231
-73.2794
-93.0928
-115.5
-141.517
-172.593
-210.827
-259.205
-321.427
-399.139
-475.843
-435.663
-7.74072
-23.395
-39.5824
-56.7109
-75.2774
-95.93
-119.567
-147.508
-181.811
-225.915
-286.023
-374.496
-519.188
-793.43
-1429.3
4606.77
4824.36
5040.17
5253.17
5462.39
5666.95
5866.02
6058.91
6244.99
6423.75
6594.75
6757.66
6912.17
7058.08
7195.2
7323.41
7442.63
7552.82
7653.96
7746.08
7829.25
7903.55
7969.09
8026.03
8074.5
8114.7
8146.82
8171.05
8187.6
8196.68
8198.52
8193.31
8181.28
8162.63
8137.55
8106.26
8068.93
8025.75
7976.92
7922.6
7862.97
7798.21
7728.48
7653.95
7574.79
7491.14
7403.17
7311
7214.77
7114.61
7010.63
6902.93
6791.62
6676.79
6558.55
6436.99
6312.21
6184.31
6053.4
5919.6
5783.01
5643.75
5501.94
5357.7
5211.14
5062.4
4911.61
4758.91
4604.47
4448.46
4291.11
4132.65
3973.35
3813.5
3653.45
3493.55
3334.19
3175.77
3018.71
2863.44
2710.38
2559.95
2412.58
2268.65
2128.52
1992.52
1860.93
1733.99
1611.85
1494.62
1.62579
3.8198
5.99005
8.06659
9.99413
11.7349
13.2691
14.5923
15.7121
16.6443
17.4083
18.0246
18.5116
18.8851
19.1576
19.3383
19.4343
19.4511
19.3937
19.2668
19.0759
18.8272
18.5271
18.1829
17.8019
17.3914
16.9586
16.5104
16.0528
15.5916
15.1315
14.6766
14.2299
13.7933
13.3679
12.9536
12.5497
12.155
11.7682
11.388
11.0142
10.6469
10.2874
9.93791
9.60086
9.27898
8.97463
8.68929
8.42327
8.17544
7.94327
7.72304
7.51025
7.30019
7.08857
6.87203
6.64852
6.41738
6.17918
5.93524
5.687
5.43531
5.17965
4.91765
4.64475
4.35422
4.03754
3.68507
3.28697
2.83426
2.31976
1.73901
1.09067
0.376802
-0.397357
-1.22378
-2.09226
-2.99094
-3.90688
-4.8263
-5.73468
-6.61663
-7.45572
-8.23437
-8.93406
-9.53595
-10.0221
-10.3771
-10.5897
-10.6547
2.62105
6.40325
10.1318
13.6809
16.9538
19.8872
22.4513
24.6445
26.4862
28.0087
29.2499
30.2472
31.0337
31.6364
32.0755
32.3655
32.5166
32.5368
32.4331
32.213
31.8853
31.46
30.9485
30.3631
29.7163
29.0207
28.2886
27.5315
26.7599
25.9834
25.2103
24.4473
23.6995
22.9704
22.2613
21.572
20.9008
20.2451
19.602
18.9692
18.3455
17.7314
17.129
16.5424
15.9763
15.4362
14.9265
14.4505
14.0089
13.5999
13.2189
12.859
12.5118
12.1686
11.8212
11.4636
11.0921
10.706
10.307
9.89813
9.48314
9.06449
8.64223
8.21287
7.76878
7.29817
6.78575
6.21398
5.56482
4.8217
3.97138
3.00556
1.92177
0.72365
-0.57938
-1.97305
-3.43937
-4.95785
-6.50642
-8.06199
-9.60054
-11.0967
-12.5233
-13.8506
-15.0467
-16.0785
-16.9133
-17.5226
-17.8856
-17.9918
3.48711
9.06442
14.5323
19.6937
24.4028
28.5719
32.1683
35.2037
37.7208
39.7792
41.4436
42.7742
43.8215
44.6242
45.2091
45.5936
45.7885
45.8018
45.641
45.3152
44.8361
44.2179
43.4775
42.6326
41.7019
40.7037
39.6558
38.5745
37.4752
36.3716
35.2756
34.1971
33.1435
32.1197
31.1273
30.1654
29.2306
28.318
27.4222
26.5385
25.6643
24.8001
23.9493
23.1183
22.3157
21.5506
20.8312
20.1633
19.5488
18.9852
18.4653
17.9778
17.5089
17.044
16.5697
16.0762
15.5579
15.0145
14.4499
13.871
13.2856
12.6999
12.1161
11.5303
10.932
10.3033
9.62038
8.85527
7.97892
6.9644
5.79022
4.44288
2.91834
1.22241
-0.630073
-2.6169
-4.71061
-6.88068
-9.09513
-11.3215
-13.5268
-15.6764
-17.7331
-19.6551
-21.3956
-22.9039
-24.1285
-25.0225
-25.5507
-25.6951
4.179
11.8829
19.3739
26.3575
32.6291
38.0814
42.6932
46.5093
49.6159
52.1174
54.1181
55.7092
56.9619
57.926
58.6317
59.0948
59.3222
59.3179
59.0869
58.6385
57.9872
57.1524
56.157
55.026
53.7849
52.4588
51.0711
49.6438
48.197
46.749
45.3159
43.9112
42.5451
41.2239
39.9496
38.72
37.5289
36.3672
35.2252
34.0942
32.9691
31.8497
30.7411
29.6537
28.6013
27.5994
26.662
25.7994
25.0157
24.3079
23.6651
23.07
22.5005
21.933
21.3463
20.7247
20.0602
19.3537
18.6135
17.8534
17.0888
16.333
15.5929
14.8661
14.1392
13.3868
12.5736
11.657
10.5922
9.33725
7.85868
6.13561
4.16198
1.94688
-0.487025
-3.10652
-5.8716
-8.73926
-11.6664
-14.6111
-17.5327
-20.3896
-23.1365
-25.7205
-28.0786
-30.1377
-31.8194
-33.0489
-33.7679
-33.946
4.66515
15.008
24.9464
34.0466
42.0355
48.8011
54.3641
58.8371
62.3828
65.1773
67.3832
69.1322
70.5188
71.6006
72.4045
72.9363
73.1907
73.1613
72.8467
72.255
71.4038
70.3192
69.0328
67.5788
65.9915
64.3034
62.5445
60.7421
58.9216
57.106
55.3164
53.5708
51.8829
50.2615
48.7087
47.2203
45.7856
44.389
43.0132
41.6425
40.2669
38.8847
37.5035
36.1395
34.8153
33.5563
32.3861
31.3227
30.3744
29.5378
28.7974
28.1264
27.4901
26.8507
26.1742
25.4358
24.624
23.7423
22.8068
21.8432
20.8803
19.9442
19.0512
18.2031
17.3838
16.5587
15.6763
14.673
13.4801
12.0329
10.28
8.18989
5.75408
2.98718
-0.0759919
-3.38576
-6.88414
-10.5115
-14.2115
-17.9333
-21.631
-25.2606
-28.7738
-32.1106
-35.1914
-37.9144
-40.1606
-41.8099
-42.7634
-42.9686
4.9401
18.7151
31.7256
43.3353
53.2026
61.2517
67.6038
72.4996
76.2307
79.0846
81.3059
83.0772
84.5149
85.6754
86.5693
87.1773
87.4685
87.4157
87.0061
86.2455
85.1569
83.777
82.1503
80.324
78.3437
76.2505
74.0807
71.867
69.6393
67.426
65.254
63.1473
61.1254
59.2003
57.3754
55.6436
53.9876
52.3812
50.794
49.1979
47.5742
45.9184
44.2412
42.5682
40.9357
39.3852
37.9566
36.6803
35.5722
34.6294
33.8298
33.1329
32.484
31.8221
31.0913
30.2524
29.2887
28.2082
27.0408
25.8318
24.6332
23.4932
22.445
21.4986
20.6368
19.813
18.9532
17.9622
16.7341
15.1686
13.1869
10.742
7.82297
4.45419
0.690226
-3.39326
-7.71075
-12.179
-16.725
-21.2898
-25.827
-30.2987
-34.6648
-38.8688
-42.8191
-46.3769
-49.3611
-51.572
-52.836
-53.0582
5.05911
23.5222
40.5206
55.1319
66.9863
76.1442
82.9386
87.837
91.3399
93.9009
95.8749
97.5015
98.9086
100.133
101.145
101.874
102.241
102.183
101.671
100.708
99.3293
97.5899
95.555
93.2909
90.8582
88.3074
85.68
83.0117
80.3358
77.6859
75.0967
72.6014
70.2277
67.9943
65.9071
63.9569
62.1171
60.3449
58.5867
56.792
54.927
52.9816
50.972
48.9376
46.9368
45.0376
43.3065
41.7948
40.5307
39.5134
38.713
38.069
37.4954
36.8911
36.163
35.2474
34.1201
32.7981
31.3332
29.804
28.3005
26.9089
25.6905
24.6712
23.8338
23.1176
22.4177
21.5914
20.4725
18.9023
16.7597
13.9756
10.5383
6.48911
1.91548
-3.06477
-8.32119
-13.7353
-19.2122
-24.6865
-30.1181
-35.4892
-40.7893
-45.9925
-51.012
-55.6652
-59.6748
-62.6976
-64.4084
-64.6287
5.22395
30.4368
52.7514
70.8966
84.6513
94.438
101.001
105.181
107.802
109.559
110.941
112.239
113.562
114.896
116.125
117.09
117.623
117.605
116.982
115.768
114.02
111.827
109.289
106.5
103.542
100.473
97.3372
94.1662
90.9933
87.8573
84.8028
81.8788
79.1263
76.576
74.2397
72.1094
70.1474
68.2863
66.4301
64.4853
62.3934
60.1351
57.7362
55.2562
52.7895
50.4455
48.338
46.5504
45.1312
44.0828
43.3685
42.9012
42.5482
42.1361
41.5019
40.5446
39.2292
37.5911
35.7156
33.7363
31.8042
30.0724
28.6466
27.579
26.8534
26.3962
26.0617
25.639
24.8582
23.4577
21.2539
18.1471
14.1325
9.27687
3.72404
-2.3407
-8.70652
-15.2032
-21.7049
-28.146
-34.4978
-40.7829
-47.0546
-53.3814
-59.7332
-65.8808
-71.4098
-75.7127
-78.1269
-78.3
6.03355
41.5231
70.984
92.9813
108.029
117.373
122.494
124.769
125.507
125.757
126.128
126.937
128.201
129.809
131.485
132.929
133.797
133.897
133.146
131.596
129.351
126.563
123.382
119.952
116.383
112.737
109.044
105.323
101.597
97.9109
94.3208
90.9085
87.7332
84.849
82.2749
80.0187
78.0319
76.22
74.4002
72.3896
70.0986
67.4903
64.6162
61.5545
58.4646
55.512
52.9077
50.7744
49.1966
48.1699
47.6673
47.5675
47.6849
47.6996
47.3048
46.3565
44.8015
42.7246
40.2462
37.5992
35.0181
32.7938
31.0858
29.9928
29.4851
29.4968
29.8314
30.2012
30.1346
29.1688
27.0469
23.6247
18.9365
13.0676
6.26876
-1.18398
-8.90424
-16.6645
-24.2852
-31.7349
-38.974
-46.0961
-53.2406
-60.7344
-68.7483
-76.9871
-84.9098
-91.4471
-95.0721
-95.0637
9.33111
61.2895
99.9622
125.072
139.616
146.389
148.086
146.569
143.918
141.781
140.687
140.984
142.343
144.629
147.18
149.601
151.079
151.418
150.462
148.426
145.467
141.868
137.836
133.605
129.339
125.072
120.792
116.49
112.146
107.828
103.585
99.5991
95.923
92.6775
89.8543
87.5423
85.6666
84.1673
82.6469
80.7001
78.263
75.2303
71.7686
67.8958
63.9439
60.0791
56.8015
54.2005
52.4708
51.5044
51.3882
51.9235
52.9718
53.855
53.9072
53.044
51.1279
48.4385
45.0217
41.3696
37.7206
34.7738
32.6415
31.5661
31.3707
32.1345
33.5523
35.3938
36.7079
36.5467
34.7144
30.9273
25.4428
18.1994
9.75727
0.360125
-9.04222
-18.3245
-27.1098
-35.6247
-43.6166
-51.375
-58.9212
-67.3364
-77.4372
-88.5464
-100.403
-111.373
-117.247
-116.614
21.5528
100.186
148.471
172.374
182.393
182.708
178.303
169.998
161.586
156.301
153.238
153.5
155.147
159.067
163.059
167.627
170.002
170.802
169.335
166.583
162.502
157.796
152.578
147.308
142.296
137.423
132.572
127.718
122.658
117.634
112.477
107.843
103.491
99.8965
96.6961
94.4359
92.7575
92.1433
91.5058
89.7147
87.2832
83.586
79.511
74.3489
69.296
63.7985
59.7186
56.37
54.6434
53.6123
54.1686
55.5385
58.494
61.2048
61.8253
61.2453
58.5653
55.1975
50.1335
45.1332
39.4093
35.5783
32.6726
31.8698
31.8726
33.8279
36.6603
41.3433
45.4031
46.3285
45.1941
40.6718
34.4793
25.0552
14.6188
1.90965
-9.35499
-20.7021
-30.3251
-40.2689
-48.5965
-56.9605
-63.3512
-71.5116
-84.6742
-99.0302
-117.17
-138.638
-148.792
-146.004
68.9881
182.782
232.089
239.666
239.143
225.82
214.135
193.581
174.746
167.62
161.001
164.02
164.679
173.401
178.109
188.812
191.194
193.448
190.061
186.655
180.439
174.462
167.394
160.642
155.053
149.741
144.357
139.242
133.117
127.633
120.616
115.68
109.969
106.547
102.184
100.492
98.3157
100.152
102.026
99.6514
98.1255
92.4856
88.8183
80.6443
75.2877
65.4759
61.5823
56.2029
55.8142
53.4334
55.7767
56.8695
64.3679
71.5637
71.4712
72.4699
66.9923
64.398
55.153
49.9376
38.3712
35.0496
29.6744
31.0125
29.5616
34.2575
37.1021
48.1892
58.6108
59.075
60.5515
52.8204
48.1683
33.3678
22.752
1.3784
-9.54973
-25.5626
-33.0791
-47.2407
-53.5243
-65.3872
-65.233
-68.4835
-90.1922
-104.064
-129.145
-182.195
-198.971
-188.846
275.632
358.234
375.789
318.619
314.319
266.571
262.734
214.687
171.045
178.21
154.883
177.94
162.6
193.514
184.529
221.982
212.569
224.221
210.814
210.774
198.035
192.701
181.754
172.304
167.413
162.165
155.757
152.221
142.652
139.843
125.756
124.633
113.153
114.554
103.826
107.244
98.0955
108.109
118.663
108.366
114.892
98.545
104.615
82.8831
87.6951
58.631
65.5857
48.849
59.8536
46.4517
59.1857
48.9762
70.6775
92.4178
79.5456
93.0205
71.2675
83.1752
54.37
63.8874
25.4605
37.4778
17.0088
34.1709
18.399
37.3527
25.6745
55.9932
86.1567
70.3633
89.1671
60.5351
76.4705
35.6541
46.3766
-14.1942
-2.42216
-42.6578
-26.2633
-65.5564
-50.417
-91.1176
-62.211
-38.8744
-106.994
-92.9568
-100.842
-277.982
-287.884
-255.313
1294.47
627.348
627.087
321.433
452.054
244.084
374.993
229.442
94.1772
232.702
81.9722
247.146
93.9135
271.079
124.076
322.638
203.612
291.08
212.319
253.179
204.966
219.023
193.959
177.399
180.285
176.261
163.02
173.888
142.452
168.292
112.228
148.497
97.7851
140.026
85.0948
132.09
70.2795
115.288
165.32
92.8552
164.595
72.3209
160.445
46.896
148.882
-0.0834688
103.702
1.54519
99.0353
1.83174
95.6307
-4.87131
76.9282
163.111
49.6773
164.297
27.0684
160.576
-1.60036
146.874
-60.0926
86.683
-49.8483
84.7514
-42.7716
84.5546
-46.2317
64.0173
179.877
31.8287
186.087
4.06977
186.492
-36.2783
172.661
-133.943
79.5941
-141.302
60.7407
-162.256
33.0989
-217.083
-51.1689
122.43
-242.1
-50.2806
171.186
-614.59
-437.956
-365.535
1371.09
1243.39
1122.54
1008.22
900.031
797.487
700.063
607.202
518.339
432.907
350.347
270.113
191.67
114.497
38.0817
-10.565
-10.2687
-9.799
-9.18837
-8.47212
-7.68415
-6.85411
-6.00579
-5.15667
-4.31824
-3.49682
-2.69447
-1.91
-1.13985
-0.378896
-17.8286
-17.3069
-16.4881
-15.4313
-14.2
-12.8538
-11.444
-10.0107
-8.5827
-7.1783
-5.80694
-4.47098
-3.16745
-1.88955
-0.627987
-25.4354
-24.6421
-23.4148
-21.8486
-20.0425
-18.087
-16.0573
-14.0102
-11.985
-10.0052
-8.08158
-6.21502
-4.39924
-2.62291
-0.871476
-33.5519
-32.4111
-30.6801
-28.5056
-26.0342
-23.3943
-20.6877
-17.9877
-15.3419
-12.7759
-10.2991
-7.90821
-5.59152
-3.33137
-1.10647
-42.3789
-40.7697
-38.3884
-35.4593
-32.1941
-28.768
-25.3112
-21.911
-18.6186
-15.4574
-12.4305
-9.52714
-6.7272
-4.00454
-1.32949
-52.1711
-49.8998
-46.6442
-42.7485
-38.5144
-34.172
-29.8779
-25.7263
-21.764
-18.0043
-14.4382
-11.0426
-7.78552
-4.63005
-1.53643
-63.2663
-60.0138
-55.5396
-50.3757
-44.9425
-39.5272
-34.3017
-29.352
-24.7065
-20.3574
-16.2754
-12.4194
-8.74217
-5.19366
-1.72261
-76.1275
-71.3491
-65.1243
-58.2716
-51.3522
-44.6923
-38.4493
-32.6732
-27.3524
-22.4431
-17.8863
-13.6172
-9.57004
-5.67976
-1.88292
-91.3965
-84.1304
-75.3365
-66.234
-57.5018
-49.4402
-42.1297
-35.5386
-29.5864
-24.1761
-19.2094
-14.5931
-10.2409
-6.07238
-2.0122
-109.929
-98.4379
-85.8562
-73.8252
-62.9802
-53.4366
-45.09
-37.7647
-31.2784
-25.4653
-20.1818
-15.3048
-10.7278
-6.35663
-2.10569
-132.66
-113.835
-95.8241
-80.2298
-67.1563
-56.2355
-47.0287
-39.1515
-32.2967
-26.2245
-20.7475
-15.7164
-11.0088
-6.52057
-2.15962
-159.659
-128.416
-103.375
-84.1126
-69.179
-57.3198
-47.6371
-39.5156
-32.532
-26.3882
-20.8671
-15.8043
-11.0702
-6.55718
-2.17182
-186.058
-136.795
-105.144
-83.6664
-68.1266
-56.2269
-46.6838
-38.7413
-31.9272
-25.9289
-20.5281
-15.5635
-10.9103
-6.46609
-2.14225
-186.166
-127.562
-96.7382
-77.2814
-63.4334
-52.7767
-44.1294
-36.8383
-30.5062
-24.872
-19.7524
-15.0112
-10.5414
-6.25453
-2.07331
-7.75079
-23.4248
-39.631
-56.7768
-75.3598
-96.0303
-119.692
-147.68
-182.091
-226.46
-287.274
-377.719
-528.027
-816.99
-1474.97
-7.62797
-23.0445
-38.9557
-55.7362
-73.8358
-93.8293
-116.49
-142.908
-174.69
-214.273
-265.406
-333.519
-423.812
-524.024
-499.247
-7.39357
-22.3206
-37.6767
-53.7791
-70.9964
-89.7756
-110.677
-134.412
-161.87
-194.063
-231.745
-273.915
-312.707
-317.851
-199.718
-7.06195
-21.2988
-35.8791
-51.0477
-67.072
-84.2479
-102.895
-123.329
-145.761
-170.04
-194.964
-216.656
-224.969
-197.284
-95.5376
-6.65189
-20.0382
-33.6728
-47.7217
-62.3477
-77.6979
-93.8727
-110.857
-128.371
-145.567
-160.428
-168.684
-162.227
-128.15
-53.3898
-6.18446
-18.6052
-31.1786
-43.9947
-57.1202
-70.5749
-84.2877
-98.0159
-111.2
-122.716
-130.479
-130.928
-118.666
-87.266
-33.4776
-5.68097
-17.0662
-28.5157
-40.0525
-51.6637
-63.2723
-74.6916
-85.5522
-95.1875
-102.47
-105.608
-102
-88.3939
-61.9295
-22.7087
-5.1613
-15.4824
-25.7921
-36.0586
-46.2089
-56.1008
-65.4832
-73.939
-80.8084
-85.1001
-85.4218
-80.0133
-67.0507
-45.4512
-16.2428
-4.64266
-13.9064
-23.0983
-32.1453
-40.9333
-49.2829
-56.918
-63.4271
-68.2188
-70.487
-69.2144
-63.2725
-51.705
-34.2567
-12.0527
-4.13897
-12.3803
-20.5049
-28.4116
-35.9619
-42.9608
-49.1347
-54.1075
-57.3812
-58.3325
-56.249
-50.438
-40.4429
-26.3646
-9.18287
-3.6607
-10.9351
-18.0627
-24.9253
-31.3732
-37.2115
-42.1853
-45.9677
-48.1562
-48.2853
-45.8718
-40.5088
-32.0162
-20.6274
-7.13527
-3.21502
-9.59191
-15.8045
-21.7267
-27.2078
-32.0625
-36.0629
-38.9346
-40.3612
-40.0035
-37.5427
-32.7529
-25.6006
-16.3507
-5.62818
-2.80621
-8.36275
-13.7478
-18.8344
-23.4772
-27.5064
-30.7241
-32.9049
-33.805
-33.182
-30.8308
-26.6373
-20.6415
-13.0967
-4.49177
-2.43621
-7.25262
-11.8982
-16.2501
-20.1726
-23.5138
-26.1051
-27.7645
-28.3065
-27.5603
-25.3983
-21.7731
-16.7581
-10.5788
-3.61827
-2.10508
-6.26106
-10.2526
-13.964
-17.2715
-20.0418
-22.133
-23.3998
-23.7023
-22.9217
-20.9817
-17.8739
-13.6831
-8.60342
-2.93639
-1.81158
-5.38367
-8.80142
-11.9583
-14.7434
-17.0411
-18.7334
-19.7047
-19.8502
-19.0882
-17.3759
-14.7266
-11.2252
-7.03588
-2.3974
-1.55352
-4.61342
-7.53131
-10.2108
-12.5537
-14.4608
-15.8344
-16.583
-16.6282
-15.9145
-14.4207
-12.1711
-9.24505
-5.78019
-1.96694
-1.32819
-3.94175
-6.42672
-8.69699
-10.6666
-12.2509
-13.3693
-13.9495
-13.933
-13.2825
-11.9902
-10.0852
-7.63902
-4.76642
-1.62025
-1.13258
-3.35938
-5.47118
-7.39192
-9.04691
-10.3644
-11.278
-11.7305
-11.678
-11.0961
-9.98508
-8.37508
-6.32909
-3.9426
-1.33907
-0.963619
-2.85683
-4.64829
-6.27136
-7.66159
-8.7583
-9.5069
-9.86191
-9.7906
-9.27711
-8.32645
-6.96769
-5.25556
-3.26948
-1.10968
-0.818278
-2.42493
-3.94231
-5.31247
-6.48004
-7.39389
-8.00907
-8.28937
-8.21021
-7.76165
-6.95116
-5.80567
-4.37226
-2.71699
-0.921634
-0.693698
-2.05501
-3.33855
-4.49422
-5.47467
-6.23685
-6.74373
-6.96641
-6.88632
-6.49749
-5.80847
-4.84356
-3.643
-2.26176
-0.766858
-0.587231
-1.73907
-2.82358
-3.79762
-4.62085
-5.25706
-5.67573
-5.85366
-5.77678
-5.44176
-4.85734
-4.04506
-3.03918
-1.88547
-0.639027
-0.496469
-1.4699
-2.3853
-3.20572
-3.89687
-4.42832
-4.77486
-4.91783
-4.84647
-4.55919
-4.06441
-3.381
-2.53799
-1.57356
-0.533145
-0.419253
-1.241
-2.01297
-2.70359
-3.28377
-3.72798
-4.01535
-4.1308
-4.06609
-3.82069
-3.40245
-2.82774
-2.12111
-1.31442
-0.445225
-0.35367
-1.04668
-1.69712
-2.27812
-2.76507
-3.13652
-3.3752
-3.46887
-3.41115
-3.20221
-2.84915
-2.36607
-1.77372
-1.09867
-0.372064
-0.298041
-0.881898
-1.42949
-1.91797
-2.32655
-2.63725
-2.83574
-2.91204
-2.86121
-2.68379
-2.38611
-1.98027
-1.48374
-0.918726
-0.311068
-0.250899
-0.742302
-1.20289
-1.6133
-1.95599
-2.2159
-2.38111
-2.44349
-2.39915
-2.24886
-1.99818
-1.65743
-1.24131
-0.768387
-0.260126
-0.210973
-0.624106
-1.01112
-1.35565
-1.64291
-1.86029
-1.99789
-2.04903
-2.01067
-1.88364
-1.6728
-1.38691
-1.03834
-0.642582
-0.217508
-0.177166
-0.524045
-0.848844
-1.13776
-1.37836
-1.56007
-1.67468
-1.71671
-1.68374
-1.57662
-1.39953
-1.1599
-0.868124
-0.537132
-0.181795
-0.148534
-0.439316
-0.711483
-0.95342
-1.15469
-1.30645
-1.40188
-1.43647
-1.40829
-1.31817
-1.16968
-0.969101
-0.725139
-0.448585
-0.151812
-0.124265
-0.367512
-0.595112
-0.797317
-0.965385
-1.09194
-1.17132
-1.1998
-1.17586
-1.10024
-0.976005
-0.808423
-0.604783
-0.374076
-0.126587
-0.103666
-0.306571
-0.496372
-0.664916
-0.804903
-0.910196
-0.97609
-0.999537
-0.979306
-0.916072
-0.812423
-0.67278
-0.50322
-0.311219
-0.10531
-0.0861394
-0.254727
-0.412392
-0.552343
-0.66851
-0.755803
-0.810333
-0.829598
-0.81261
-0.759962
-0.673833
-0.55791
-0.41724
-0.258018
-0.0873032
-0.0711756
-0.210468
-0.340711
-0.456283
-0.552165
-0.624158
-0.669062
-0.684832
-0.670673
-0.6271
-0.555931
-0.460221
-0.34414
-0.212796
-0.0719988
-0.0583351
-0.172493
-0.279217
-0.373893
-0.452407
-0.51132
-0.548021
-0.560844
-0.549158
-0.513399
-0.455067
-0.376675
-0.281639
-0.174137
-0.0589166
-0.0472391
-0.139679
-0.226088
-0.302726
-0.366259
-0.413905
-0.443557
-0.453875
-0.444358
-0.415369
-0.368132
-0.304685
-0.227794
-0.140837
-0.0476487
-0.0375583
-0.111052
-0.179744
-0.240657
-0.29114
-0.328984
-0.352516
-0.360678
-0.353078
-0.33001
-0.292453
-0.242029
-0.180939
-0.111863
-0.0378452
-0.0290045
-0.0857585
-0.138801
-0.18583
-0.224798
-0.254
-0.272148
-0.278426
-0.272536
-0.254711
-0.225707
-0.18678
-0.139628
-0.0863202
-0.0292032
-0.021322
-0.0630427
-0.102032
-0.136599
-0.165237
-0.186692
-0.20002
-0.204623
-0.200283
-0.187172
-0.165851
-0.137241
-0.102592
-0.0634223
-0.0214563
-0.0142805
-0.0422229
-0.0683356
-0.0914848
-0.110662
-0.125028
-0.13395
-0.137029
-0.134118
-0.125336
-0.111056
-0.0918963
-0.0686939
-0.0424661
-0.0143665
-0.00766858
-0.0226737
-0.0366966
-0.0491285
-0.0594282
-0.0671447
-0.0719378
-0.073593
-0.0720319
-0.0673166
-0.0596481
-0.0493586
-0.0368969
-0.0228096
-0.00771667
-0.00128725
-0.0038065
-0.00616229
-0.00825302
-0.00998797
-0.0112911
-0.0121044
-0.0123908
-0.0121356
-0.0113481
-0.0100609
-0.00832925
-0.00622866
-0.00385155
-0.00130318
0.00505569
0.014947
0.0241878
0.0323752
0.0391521
0.044222
0.0473626
0.048435
0.0473906
0.0442732
0.0392175
0.0324436
0.0242473
0.0149875
0.00507001
0.0115514
0.0341522
0.0552689
0.0739824
0.0894768
0.101074
0.108265
0.11073
0.108356
0.10124
0.0896884
0.0742037
0.0554616
0.034283
0.0115976
0.0183954
0.0543877
0.0880182
0.117824
0.142507
0.160986
0.172448
0.176385
0.172612
0.161285
0.14289
0.118225
0.0883671
0.0546245
0.0184792
0.0257939
0.0762628
0.123422
0.165223
0.199843
0.225768
0.241856
0.247391
0.242113
0.226238
0.200444
0.165851
0.12397
0.0766341
0.0259252
0.0339691
0.100435
0.162547
0.217607
0.263217
0.29738
0.318591
0.325903
0.318972
0.298075
0.264107
0.218538
0.163358
0.100986
0.0341638
0.0431663
0.12763
0.206568
0.276552
0.334536
0.377983
0.404975
0.414303
0.405525
0.378989
0.335823
0.277898
0.20774
0.128426
0.0434477
0.0536608
0.158663
0.256803
0.343828
0.415949
0.47001
0.503622
0.515275
0.504408
0.471446
0.417787
0.34575
0.258477
0.159799
0.0540627
0.0657655
0.194459
0.314757
0.42145
0.5099
0.576233
0.617514
0.63188
0.61863
0.578273
0.51251
0.42418
0.317133
0.196072
0.0663361
0.0798404
0.236083
0.382154
0.511739
0.619206
0.699849
0.750092
0.767657
0.751673
0.702736
0.622901
0.515603
0.385519
0.238367
0.0806483
0.096302
0.28477
0.460998
0.617383
0.747135
0.84457
0.905358
0.926725
0.907592
0.848652
0.752359
0.622845
0.465755
0.287999
0.0974441
0.115635
0.341954
0.553618
0.741516
0.897499
1.01473
1.08799
1.11391
1.09115
1.0205
0.90488
0.749233
0.560339
0.346516
0.117249
0.138406
0.409312
0.662739
0.887805
1.07477
1.21543
1.30349
1.33489
1.30795
1.22357
1.08519
0.898704
0.67223
0.415754
0.140684
0.165275
0.488806
0.791549
1.06055
1.28418
1.45263
1.55834
1.59637
1.56464
1.46413
1.29889
1.07594
0.80495
0.497902
0.168493
0.197019
0.582731
0.943786
1.26479
1.5319
1.73339
1.86018
1.90627
1.86907
1.74963
1.55268
1.28652
0.962706
0.595573
0.201561
0.234542
0.693776
1.12383
1.50645
1.82518
2.06602
2.21806
2.274
2.2306
2.08893
1.85451
1.53712
1.15054
0.711906
0.240955
0.278902
0.825081
1.3368
1.79246
2.17253
2.46029
2.64264
2.7107
2.66035
2.49264
2.21393
1.83576
1.37451
0.850677
0.287956
0.331333
0.98031
1.58869
2.13096
2.58395
2.92776
3.14658
3.2296
3.17158
2.97342
2.6424
2.19209
1.64193
1.01645
0.344116
0.393268
1.16373
1.88647
2.53143
3.07119
3.48198
3.74482
3.84641
3.7801
3.54645
3.1537
2.61773
1.96163
1.21475
0.411317
0.466366
1.38027
2.23825
3.00496
3.64795
4.13893
4.45499
4.57981
4.50478
4.22992
3.76443
3.12679
2.34437
1.4523
0.491849
0.552537
1.63563
2.6534
3.56437
4.33024
4.91732
5.29792
5.45194
5.36821
5.04576
4.49467
3.73636
2.80322
1.73734
0.588519
0.653968
1.93635
3.14269
4.22451
5.13667
5.83904
6.29818
6.48914
6.39737
6.02033
5.36877
4.46732
3.35423
2.07996
0.704778
0.773142
2.28984
3.71844
5.00242
6.08875
6.92964
7.4846
7.72262
7.62458
7.18549
6.41635
5.34522
4.01713
2.49266
0.8449
0.912852
2.7045
4.3946
5.91755
7.21121
8.21876
8.89106
9.18942
9.08857
8.5798
7.67361
6.40151
4.81637
2.99095
1.01421
1.0762
3.18966
5.1868
6.99187
8.5323
9.74061
10.5571
10.9334
10.8358
10.25
9.18491
7.67512
5.78245
3.5943
1.2194
1.26659
3.75558
6.11232
8.24992
10.0839
11.5345
12.5289
13.0063
12.9219
12.2531
11.0049
9.21457
6.95366
4.32732
1.46896
1.48767
4.41332
7.18998
9.71871
11.9019
13.6449
14.8597
15.4692
15.4137
14.6584
13.2014
11.0807
8.37858
5.22142
1.77378
1.74323
5.17447
8.43975
11.4274
14.0253
16.1221
17.6107
18.3937
18.3913
17.5508
15.8587
13.3506
10.1194
6.31719
2.14795
2.03711
6.05085
9.88222
13.4067
16.4966
19.0214
20.8515
21.8637
21.9507
21.0346
19.0825
16.1224
12.2568
7.66778
2.61008
2.37297
7.05383
11.5377
15.6878
19.3601
22.4031
24.6603
25.9758
26.2065
25.2378
23.0061
19.5229
14.8964
9.34379
3.18501
2.75401
8.19355
13.4249
18.3005
22.6604
26.3304
29.1226
30.8412
31.2949
30.3178
27.7987
23.7172
18.1791
11.4407
3.9066
3.18257
9.47776
15.5591
21.2711
26.4397
30.8671
34.3303
36.5847
37.3767
36.4684
33.676
28.9228
22.2953
14.09
4.822
3.65968
10.9104
17.9497
24.619
30.7334
36.0732
40.3772
43.3435
44.6391
43.9269
40.9149
35.4297
27.5071
17.4771
5.99852
4.18446
12.4897
20.5971
28.3519
35.5649
41.9981
47.3528
51.2622
53.2954
52.9823
49.8711
43.6288
34.1823
21.87
7.53505
4.75342
14.2063
23.4891
32.4609
40.9376
48.6717
55.3318
60.4834
63.5807
63.9803
61.0013
54.0529
42.8473
27.6672
9.58211
5.35983
16.0409
26.597
36.9136
46.8255
56.0907
64.3578
71.1309
75.7388
77.3242
74.8874
67.4331
54.2721
35.4817
12.3785
5.99301
17.9621
29.871
41.6468
53.1623
64.2025
74.4207
83.2815
89.9953
93.4607
92.2575
84.7759
69.6056
46.2911
16.3231
6.63791
19.925
33.2371
46.5606
59.8288
72.8847
85.4257
96.9225
106.507
112.839
113.987
107.457
90.5944
61.7206
22.1273
7.27497
21.8702
36.595
51.5125
66.6422
81.9238
97.1552
111.891
125.277
135.815
141.048
137.314
119.923
84.5939
31.1684
7.88052
23.7253
39.8189
56.3166
73.3497
90.9972
109.228
127.794
146.025
162.474
174.334
176.653
161.709
120.033
46.3978
8.42781
25.4075
42.7619
60.7484
79.63
99.6644
121.068
143.93
168.01
192.318
214.246
227.978
222.057
177.666
74.9324
8.88889
26.8292
45.2657
64.558
85.109
107.38
131.895
159.219
189.836
223.812
259.849
292.95
309.117
275.813
136.197
9.23703
27.9061
47.1748
67.4931
89.3931
113.536
140.772
172.218
209.328
253.872
307.49
369.679
430.531
447.787
289.666
9.44966
28.5664
48.3547
69.3294
92.1191
117.542
146.723
181.283
223.656
277.628
349.175
447.334
582.216
741.548
735.641
9.51119
28.7602
48.7103
69.9045
93.0157
118.938
148.939
184.92
229.927
289.178
372.378
499.482
716.917
1150.05
2199.23
9.41528
28.4668
48.2016
69.148
91.9592
117.502
146.999
182.288
226.305
284.094
365.089
488.898
701.822
1130.74
2183.74
9.16588
27.6986
46.8511
67.0958
89.0052
113.317
141.036
173.593
213.118
262.891
328.065
416.426
536.722
678.039
670.3
8.77684
26.4998
44.7417
63.8871
84.382
106.766
131.712
160.058
192.811
230.991
274.937
321.773
357.021
328.842
82.4538
-118.171
-95.9554
-79.3975
-66.6429
-56.4056
-47.8999
-40.6325
-34.2781
-28.6107
-23.4663
-18.7205
-14.2748
-10.0482
-5.97103
-1.98082
-44.2695
-61.1787
-60.2777
-54.8987
-48.6316
-42.4895
-36.739
-31.4153
-26.4812
-21.8795
-17.5501
-13.436
-9.48446
-5.64615
-1.87469
-20.1105
-38.7698
-44.2673
-43.7709
-40.7704
-36.8069
-32.5488
-28.2817
-24.1208
-20.1033
-16.23
-12.4843
-8.84196
-5.27481
-1.7532
-10.9249
-25.5005
-32.419
-34.3817
-33.5775
-31.3287
-28.3646
-25.0742
-21.6607
-18.227
-14.821
-11.4608
-8.14717
-4.87182
-1.62112
-6.79054
-17.5486
-24.0118
-26.9138
-27.3877
-26.3469
-24.4068
-21.9519
-19.2145
-16.3311
-13.3803
-10.4047
-7.42576
-4.45168
-1.48314
-4.61658
-12.5791
-18.0775
-21.1318
-22.2494
-21.9896
-20.8062
-19.0258
-16.8694
-14.4821
-11.9565
-9.35093
-6.70091
-4.02765
-1.34359
-3.32495
-9.3208
-13.8405
-16.6944
-18.0675
-18.2734
-17.6201
-16.3605
-14.6846
-12.7289
-10.5883
-8.32794
-5.99214
-3.6111
-1.20618
-2.48748
-7.08747
-10.7601
-13.2853
-14.6961
-15.1537
-14.855
-13.9841
-12.6941
-11.104
-9.3031
-7.3573
-5.31473
-3.21111
-1.07393
-1.91041
-5.49808
-8.47654
-10.6499
-11.9866
-12.5591
-12.487
-11.8988
-10.9119
-9.62531
-8.11851
-6.4538
-4.67969
-2.8344
-0.949096
-1.49521
-4.33171
-6.75196
-8.59554
-9.80769
-10.4121
-10.4774
-10.0901
-9.3377
-8.2995
-7.04351
-5.62623
-4.09405
-2.48544
-0.833204
-1.1869
-3.45437
-5.42778
-6.97957
-8.05072
-8.6394
-8.78197
-8.53499
-7.96191
-7.12487
-6.08048
-4.87839
-3.56145
-2.16676
-0.727148
-0.952426
-2.78121
-4.39637
-5.69733
-6.62873
-7.17642
-7.357
-7.20625
-6.76937
-6.09417
-5.2269
-4.21027
-3.08282
-1.87926
-0.631282
-0.770772
-2.25637
-3.58311
-4.67168
-5.47315
-5.96832
-6.16207
-6.07615
-5.74228
-5.1968
-4.47702
-3.61909
-2.65703
-1.62258
-0.545544
-0.627966
-1.84182
-2.93523
-3.84536
-4.53025
-4.96948
-5.1613
-5.11819
-4.86209
-4.42043
-3.82303
-3.10018
-2.28148
-1.39547
-0.469558
-0.514377
-1.5109
-2.4146
-3.17542
-3.75792
-4.14241
-4.32365
-4.30808
-4.11074
-3.75217
-3.25614
-2.6478
-1.95268
-1.19604
-0.40274
-0.423163
-1.24443
-1.99319
-2.62929
-3.12306
-3.45647
-3.62262
-3.62419
-3.4713
-3.17936
-2.7672
-2.25567
-1.66657
-1.02207
-0.344375
-0.349347
-1.02832
-1.64998
-2.18198
-2.59955
-2.88664
-3.03585
-3.04754
-2.92841
-2.68999
-2.34726
-1.91739
-1.41893
-0.871146
-0.293684
-0.289224
-0.851985
-1.36903
-1.81412
-2.16663
-2.41253
-2.54456
-2.5617
-2.46832
-2.27306
-1.9878
-1.62672
-1.20551
-0.740828
-0.249871
-0.239994
-0.707397
-1.13803
-1.51053
-1.80772
-2.01749
-2.13304
-2.15261
-2.07896
-1.9186
-1.68099
-1.3778
-1.02229
-0.628747
-0.212156
-0.199501
-0.588335
-0.947404
-1.25922
-1.5095
-1.68787
-1.78814
-1.80822
-1.7498
-1.61777
-1.41971
-1.16521
-0.865455
-0.532668
-0.179801
-0.166067
-0.489939
-0.789581
-1.05064
-1.26122
-1.41248
-1.49891
-1.51835
-1.47174
-1.3628
-1.19759
-0.984051
-0.731553
-0.45053
-0.152123
-0.13837
-0.408364
-0.658547
-0.877097
-1.05411
-1.18209
-1.2562
-1.27433
-1.23694
-1.14689
-1.00904
-0.829932
-0.617453
-0.380461
-0.128498
-0.115358
-0.340544
-0.549475
-0.732393
-0.881052
-0.989109
-1.05236
-1.06884
-1.03872
-0.964165
-0.849117
-0.698985
-0.520371
-0.320785
-0.108368
-0.0961855
-0.284011
-0.458462
-0.611475
-0.736179
-0.827227
-0.881004
-0.895708
-0.871333
-0.809555
-0.713556
-0.58781
-0.437849
-0.270017
-0.091235
-0.0801686
-0.236762
-0.382334
-0.510211
-0.614673
-0.691223
-0.736769
-0.749705
-0.729917
-0.678703
-0.598646
-0.493448
-0.367734
-0.226851
-0.0766626
-0.0667506
-0.197166
-0.318491
-0.425203
-0.512544
-0.576744
-0.615173
-0.626423
-0.610319
-0.567875
-0.501191
-0.413329
-0.30815
-0.190147
-0.0642675
-0.0554749
-0.163882
-0.264793
-0.353643
-0.426482
-0.480158
-0.512448
-0.522131
-0.509009
-0.473875
-0.41844
-0.345233
-0.257469
-0.15891
-0.0537162
-0.0459647
-0.135802
-0.219469
-0.2932
-0.353725
-0.39842
-0.425417
-0.433671
-0.422981
-0.393969
-0.348029
-0.287243
-0.214281
-0.13228
-0.044719
-0.0379069
-0.112005
-0.181043
-0.241926
-0.291958
-0.328968
-0.351399
-0.358364
-0.349673
-0.325816
-0.287923
-0.237706
-0.177369
-0.109511
-0.0370247
-0.0310401
-0.0917223
-0.148279
-0.198184
-0.239232
-0.269638
-0.288117
-0.293928
-0.286895
-0.267406
-0.236375
-0.195196
-0.145677
-0.0899562
-0.0304154
-0.0251439
-0.0743036
-0.120133
-0.160592
-0.193894
-0.21859
-0.233631
-0.238408
-0.232766
-0.217009
-0.191871
-0.158477
-0.118291
-0.0730532
-0.0247016
-0.0200309
-0.0591966
-0.095717
-0.127969
-0.15453
-0.174245
-0.186272
-0.19012
-0.18566
-0.173126
-0.153099
-0.126472
-0.0944135
-0.0583119
-0.0197179
-0.01554
-0.0459262
-0.0742642
-0.0992964
-0.11992
-0.135237
-0.144592
-0.147601
-0.14416
-0.134446
-0.118908
-0.0982384
-0.0733429
-0.0453008
-0.0153188
-0.0115307
-0.0340778
-0.0551068
-0.0736849
-0.0889941
-0.100368
-0.107319
-0.10956
-0.107014
-0.0998101
-0.0882805
-0.0729387
-0.054457
-0.0336368
-0.0113747
-0.00787835
-0.0232836
-0.037651
-0.0503431
-0.060801
-0.0685691
-0.0733152
-0.0748435
-0.0731009
-0.0681776
-0.0602999
-0.0498192
-0.0371947
-0.0229739
-0.0077688
-0.00447009
-0.0132099
-0.0213584
-0.0285527
-0.0344755
-0.0388689
-0.0415461
-0.0423979
-0.0413969
-0.0385965
-0.0341268
-0.0281881
-0.0210409
-0.0129944
-0.00439386
-0.00120096
-0.00354701
-0.00572844
-0.00764541
-0.00921207
-0.0103607
-0.0110445
-0.0112392
-0.0109427
-0.0101746
-0.00897385
-0.0073963
-0.00551151
-0.00339977
-0.00114888
0.00202933
0.00600151
0.00971769
0.0130184
0.0157608
0.0178244
0.0191169
0.0195782
0.0191838
0.0179466
0.0159171
0.0131819
0.00986005
0.00609814
0.00206351
0.00531959
0.0157276
0.025452
0.0340695
0.0412044
0.0465444
0.049855
0.0509891
0.0498948
0.0466173
0.0412976
0.034167
0.0255369
0.0157852
0.00533997
0.00877028
0.0259281
0.0419544
0.0561496
0.0678936
0.0766729
0.0821033
0.0839466
0.082121
0.0767051
0.0679348
0.0561927
0.041992
0.0259536
0.0087793
0.0124866
0.036914
0.0597278
0.079931
0.0966403
0.109126
0.116841
0.11945
0.116839
0.109121
0.0966346
0.0799249
0.0597226
0.0369104
0.0124853
0.0165817
0.0490198
0.0793133
0.106137
0.128319
0.144889
0.155124
0.158578
0.155101
0.144847
0.128266
0.106081
0.0792646
0.0489868
0.0165701
0.0211804
0.0626141
0.101307
0.135566
0.163893
0.18505
0.198114
0.202516
0.198068
0.184966
0.163785
0.135453
0.101209
0.0625477
0.0211569
0.0264227
0.078111
0.126378
0.169112
0.204443
0.230828
0.247115
0.252598
0.24704
0.230691
0.204268
0.16893
0.126219
0.078003
0.0263846
0.0324683
0.0959823
0.155291
0.207797
0.251204
0.283614
0.303617
0.310342
0.303504
0.283409
0.250941
0.207522
0.155052
0.0958199
0.0324109
0.0395015
0.116773
0.188925
0.252798
0.305596
0.345014
0.369334
0.377502
0.369171
0.344716
0.305214
0.252398
0.188577
0.116536
0.0394179
0.0477368
0.141116
0.228306
0.305486
0.369277
0.416894
0.446263
0.456113
0.446029
0.416466
0.36873
0.304913
0.227808
0.140778
0.047617
0.0574256
0.169756
0.274636
0.367467
0.444186
0.501441
0.536741
0.548562
0.536408
0.500832
0.443407
0.366653
0.273927
0.169275
0.0572553
0.0688643
0.203568
0.32933
0.440633
0.532605
0.601227
0.643517
0.657652
0.643045
0.600364
0.531501
0.439479
0.328324
0.202885
0.068623
0.082403
0.243585
0.394059
0.527219
0.63723
0.719291
0.769837
0.786694
0.769169
0.718071
0.635669
0.525586
0.392638
0.24262
0.0820617
0.0984569
0.291036
0.470808
0.629872
0.761258
0.859231
0.919541
0.939601
0.918597
0.857507
0.759052
0.627565
0.468799
0.289673
0.0979747
0.11752
0.347378
0.56193
0.751738
0.90848
1.02532
1.09718
1.12101
1.09585
1.02288
0.905364
0.748479
0.559092
0.345452
0.116838
0.140178
0.414346
0.670227
0.896556
1.0834
1.22261
1.30817
1.33643
1.30629
1.21918
1.079
0.891954
0.66622
0.411626
0.139216
0.167133
0.494006
0.799038
1.06878
1.29139
1.45716
1.55893
1.59239
1.55627
1.4523
1.28518
1.06228
0.793381
0.490166
0.165775
0.19922
0.588827
0.952345
1.27372
1.53883
1.73612
1.85709
1.89666
1.85334
1.72927
1.53006
1.26455
0.944358
0.583406
0.197302
0.237437
0.701757
1.13491
1.51772
1.83336
2.06806
2.21177
2.25847
2.20647
2.05839
1.82097
1.50477
1.12363
0.694104
0.23473
0.282981
0.836324
1.35241
1.80834
2.18405
2.46318
2.63377
2.68878
2.6263
2.44952
2.16657
1.79006
1.33649
0.82552
0.279159
0.337284
0.996755
1.61166
2.15466
2.6018
2.93363
3.13601
3.20066
3.12545
2.91435
2.57712
2.12885
1.58919
0.981502
0.331888
0.402065
1.18812
1.92083
2.5675
3.09959
3.49394
3.73384
3.80962
3.71894
3.46672
3.06475
2.53107
1.8891
1.16659
0.394449
0.479394
1.41652
2.28972
3.0599
3.69298
4.16146
4.4456
4.53413
4.42456
4.12303
3.64379
3.00847
2.24493
1.38612
0.468641
0.571762
1.68928
2.73013
3.64746
4.40062
4.95693
5.29313
5.39616
5.26344
4.90268
4.33119
3.57486
2.6669
1.64637
0.556581
0.682177
2.01528
3.25626
4.34899
5.2449
5.9052
6.30252
6.42182
6.26061
5.82862
5.14689
4.24649
3.167
1.95469
0.660745
0.814285
2.40523
3.8853
5.18715
6.25273
7.03602
7.5049
7.64218
7.44574
6.92792
6.11437
5.04245
3.75928
2.31969
0.784027
0.972514
2.87213
4.63805
6.18931
7.45651
8.38507
8.93746
9.09421
8.85395
8.23248
7.2612
5.98504
4.46014
2.75137
0.929793
1.16226
3.43185
5.53981
7.38867
8.89536
9.99525
10.6446
10.8218
10.5268
9.77986
8.61965
7.10029
5.28864
3.26134
1.10194
1.39014
4.10377
6.62144
8.82553
10.6166
11.9181
12.6796
12.8772
12.5132
11.6141
10.2274
8.41842
6.26681
3.86302
1.30497
1.6643
4.91171
7.92074
10.5491
12.6776
14.216
15.106
15.3224
14.8712
13.7868
12.1282
9.97437
7.42004
4.57176
1.54403
1.9948
5.88512
9.48428
12.6197
15.1483
16.9638
18
18.231
17.6686
16.3582
14.3728
11.8083
8.7773
5.40507
1.82496
2.39424
7.06066
11.3698
15.1114
18.114
20.2526
21.4529
21.6903
20.9854
19.398
17.0195
13.9659
10.3714
6.38266
2.15433
2.87839
8.48426
13.6491
18.1163
21.6794
24.1926
25.5742
25.8036
24.9147
22.9869
20.1347
16.4991
12.2392
7.52651
2.53945
3.4673
10.214
16.4128
21.7487
25.9736
28.9183
30.4953
30.6931
29.5652
27.2173
23.7936
19.4654
14.4214
8.86076
2.98831
4.18667
12.3241
19.7755
26.1524
31.1564
34.5933
36.3739
36.5028
35.0626
32.1945
28.0804
22.9286
16.9622
10.4114
3.50949
5.06984
14.9104
23.8841
31.5092
37.427
41.4182
43.3988
43.4017
41.5512
38.0363
33.0874
26.9573
19.9085
12.2057
4.11191
6.16069
18.0983
28.929
38.0512
45.0349
49.6387
51.7966
51.5871
49.195
44.8736
38.9143
31.6235
23.3088
14.2714
4.80458
7.51793
22.0548
35.16
46.0776
54.2951
59.5572
61.8376
61.2875
58.1778
52.8477
45.6652
37.0004
27.2105
16.635
5.59605
9.22157
27.0053
42.9097
55.9785
65.6069
71.5455
73.8435
72.7645
68.7017
62.1075
53.445
43.1579
31.6575
19.3203
6.49376
11.383
33.2606
52.628
68.2677
79.4802
86.0611
88.1936
86.3128
80.9825
72.8028
62.3521
50.1575
36.6852
22.3452
7.50313
14.1612
41.2587
64.9342
83.6306
96.5689
103.665
105.329
102.255
95.2409
85.074
72.4695
58.0436
42.315
25.7184
8.62642
17.7897
51.6326
80.6974
102.991
117.714
125.039
125.755
120.933
111.687
99.037
83.8506
66.8337
48.5468
29.4352
9.8613
22.6241
65.324
101.162
127.609
143.994
151
150.025
142.682
130.496
114.76
96.5019
76.5046
55.3508
33.4726
11.1993
29.2278
83.78
128.146
159.211
176.787
182.502
178.715
167.793
151.769
132.233
110.36
86.9777
62.6571
37.784
12.6241
38.5417
109.308
164.366
200.179
217.814
220.602
212.357
196.445
175.478
151.328
125.263
98.1013
70.3463
42.294
14.1101
52.2419
145.744
213.949
253.769
269.147
266.361
251.321
228.605
201.395
171.752
140.928
109.636
78.2409
46.8948
15.6213
73.5674
199.747
283.24
324.329
333.092
320.625
295.611
263.882
229.001
192.994
156.916
121.239
86.1009
51.4445
17.1106
109.444
283.389
381.976
417.332
411.777
383.598
344.562
301.343
257.386
214.283
172.622
132.468
93.6251
55.7694
18.5216
176.532
419.359
524.618
538.74
506.168
454.105
396.413
339.313
285.175
234.568
187.28
142.786
100.462
59.6716
19.7902
320.169
650.856
730.545
692.565
614.087
528.516
447.849
375.222
310.506
252.546
199.995
151.594
106.234
62.9416
20.8495
678.84
1056.65
1018.18
874.507
726.923
599.515
493.694
405.634
331.143
266.763
209.825
158.289
110.567
65.3776
21.6356
1717.97
1751.52
1378.85
1059.16
825.736
655.516
527.2
426.615
344.755
275.809
215.901
162.334
113.14
66.8076
22.0944
5119.84
2728.45
1702.73
1183.88
880.651
682.406
541.441
434.589
349.393
278.575
217.571
163.338
113.726
67.1121
22.1886
8.20797
24.7492
41.6701
59.2365
77.7299
97.4433
118.658
141.57
166.099
191.406
214.723
228.562
214.377
129.663
-112.236
7.47461
22.4977
37.7394
53.333
69.3851
85.9438
102.935
120.036
136.425
150.307
158.033
152.65
122.115
49.6445
-72.8789
6.66727
20.0274
33.4562
46.9702
60.5328
74.0107
87.101
99.2106
109.256
115.362
114.45
101.885
71.7859
19.6776
-49.388
5.83426
17.488
29.0871
40.5582
51.7645
62.4638
72.2465
80.4474
86.0263
87.4329
82.5165
68.6531
43.4618
6.6652
-36.7875
5.0159
15.0031
24.8457
34.4102
43.5022
51.8325
58.9728
64.3046
66.9664
65.8251
59.5294
46.7486
26.7404
0.307929
-29.2165
4.24205
12.6624
20.8818
28.734
36.0011
42.3902
47.5067
50.8309
51.7077
49.369
43.025
32.0715
16.4424
-2.95859
-24.0101
3.53188
10.5223
17.2849
23.642
29.3773
34.2198
37.8321
39.8042
39.6638
36.9158
31.1262
22.0672
9.91309
-4.57878
-20.041
2.89501
8.60973
14.0929
19.1714
23.6453
27.2788
29.797
30.8894
30.2277
27.5041
22.4957
15.1565
5.72021
-5.23018
-16.7887
2.33337
6.92855
11.3051
15.305
18.7528
21.4521
23.1867
23.728
22.8534
20.3771
16.1957
10.3429
3.04142
-5.27328
-13.9858
1.84326
5.46578
8.89386
11.9903
14.608
16.5892
17.7685
17.9815
17.0797
14.9545
11.5664
6.97724
1.37541
-4.91893
-11.4808
1.41713
4.19734
6.81401
9.154
11.0992
12.5274
13.3157
13.3484
12.5283
10.7938
8.13711
4.62311
0.400737
-4.29835
-9.17947
1.04503
3.09233
5.01071
6.71225
8.10714
9.10493
9.61793
9.56702
8.89032
7.55396
5.56391
2.97604
-0.0986769
-3.49734
-7.01878
0.715659
2.1162
3.42414
4.577
5.51194
6.16699
6.48361
6.41091
5.91123
4.96699
3.58758
1.81473
-0.275325
-2.57487
-4.95344
0.417053
1.23264
1.99257
2.65956
3.1965
3.56727
3.73837
3.68141
3.37623
2.81466
2.00406
0.969944
-0.243285
-1.57426
-2.94957
-1135.3
-1406.18
-1677.88
-1950.91
-2225.71
-2502.64
-2781.94
-3063.73
-3347.96
-3634.43
-3922.76
-4212.4
-4502.64
-4792.67
-5081.59
-393.867
-57.6114
-412.455
-147.135
-359.686
-162.68
-302.826
-167.46
-45.1676
-160.849
-31.8158
-136.276
-8.45297
-116.584
15.0655
-145.104
-18.7961
-123.297
-13.6382
-96.6214
-1.53965
-69.5776
7.27774
83.6558
20.2478
113.872
41.4433
151.556
55.0577
190.03
5.86343
156.709
3.20392
154.418
7.8682
156.421
13.8151
146.449
287.932
135.015
331.057
123.97
376.287
73.4433
396.127
-142.912
211.408
-214.036
119.769
-257.099
44.1459
-289.345
-50.1787
188.472
-144.383
154.839
-221.136
111.27
-318.945
39.5663
-539.455
-207.103
-562.43
-302.495
-557.783
-363.298
-549.761
-422.902
-311.971
-477.323
-364.65
-520.819
-422.701
-572.973
-493.286
-657.289
-606.126
-717.756
-700.784
-813.649
-825.962
-995.58
-1050.18
-1122.21
-1613.18
-1822.79
-2197.4
-2833
-3985.94
-6322.34
-170.649
-151.694
-216.365
-190.468
-218.135
-185.903
-191.011
-148.721
-107.433
-108.474
-80.9888
-85.5576
-61.1694
-69.594
-50.3209
-72.2644
-54.491
-63.8896
-43.287
-46.2739
-24.2615
-20.9295
7.79512
36.8622
41.8437
65.3125
65.8552
88.5861
81.7681
100.179
72.314
89.5453
69.2024
90.6039
74.7794
100.146
92.1846
133.261
175.711
167.713
199.44
173.476
200.792
146.396
159.36
46.9309
55.7736
-30.3757
-11.4314
-80.6381
-54.9561
-102.548
-50.2999
1.66897
-46.5455
-22.3971
-93.4286
-77.7541
-169.223
-167.6
-296.267
-295.241
-371.573
-359.249
-408.257
-393.7
-423.369
-400.635
-380.939
-412.151
-412.964
-452.748
-462.354
-507.892
-527.482
-583.035
-611.786
-663.792
-704.134
-768.998
-832.106
-929.367
-1025.48
-1156.36
-1381.69
-1585.57
-1821.96
-2088.38
-2282.1
-1944.86
-102.718
-125.355
-150.693
-156.671
-162.838
-155.359
-147.451
-128.544
-108.749
-97.1835
-84.0092
-76.5434
-66.6422
-62.4951
-56.3629
-56.6236
-51.0656
-47.6917
-38.9746
-31.9334
-20.0924
-8.85595
7.80837
24.7392
36.8046
49.7516
58.3018
68.1516
72.1354
76.9505
73.817
76.479
75.0838
80.3902
82.374
91.8598
99.9412
118.093
136.131
143.203
150.9
146.261
142.97
122.365
103.176
62.169
36.9576
1.98746
-15.6563
-40.7748
-48.5021
-59.477
-49.9763
-40.8286
-52.8687
-62.5332
-90.5368
-112.452
-153.519
-187.111
-239.808
-271.959
-308.359
-327.664
-350.249
-360.403
-372.424
-373.981
-376.584
-390.741
-405.147
-428.127
-450.256
-480.172
-509.887
-547.377
-583.96
-626.628
-672.174
-726.879
-789.069
-864.806
-950.716
-1054.48
-1181.07
-1301.5
-1403.28
-1448.41
-1342.81
-907.792
-72.009
-95.1302
-112.902
-122.607
-127.193
-125.438
-119.733
-109.65
-98.2209
-88.216
-78.817
-71.0445
-63.8378
-58.2639
-53.2089
-49.3715
-44.5055
-39.1986
-32.26
-24.5162
-15.0654
-4.6117
7.42325
19.6063
30.4787
40.5037
48.8582
56.1439
61.2862
65.1484
66.9569
69.2374
71.2999
74.9461
79.1524
85.5827
93.1832
103.075
112.326
117.779
120.107
117.095
110.067
96.288
78.4073
54.6651
32.2006
9.412
-9.10434
-25.9387
-37.3547
-45.8728
-49.1263
-52.7975
-62.5941
-76.2419
-96.394
-119.55
-148.564
-179.093
-212.925
-242.548
-269.754
-291.352
-310.138
-324.414
-336.548
-345.821
-355.589
-368.971
-384.982
-404.734
-426.945
-452.744
-481.102
-513.034
-547.381
-585.327
-627.035
-673.989
-726.531
-785.603
-850.243
-919.734
-989.34
-1044.27
-1066.18
-1025.46
-877.869
-579.786
-54.1135
-72.6092
-86.7272
-95.9156
-100.679
-101.205
-98.323
-92.6958
-85.6446
-78.3791
-71.2857
-64.7346
-58.6863
-53.2895
-48.3062
-43.6052
-38.5852
-33.0601
-26.7101
-19.5626
-11.4881
-2.65083
6.81822
16.3533
25.366
33.654
40.9466
47.2155
52.2747
56.2986
59.4138
62.3075
65.2349
68.6962
72.731
77.6243
83.1306
88.9854
93.9978
96.8628
97.0157
93.7265
86.9004
76.1394
62.1033
45.35
27.9421
10.7197
-4.93726
-18.8656
-30.3398
-39.8083
-47.6334
-55.9048
-66.7332
-80.544
-97.8865
-118.174
-141.392
-166.287
-192.07
-216.588
-239.198
-259.065
-276.501
-291.491
-304.771
-316.931
-329.371
-343.403
-359.414
-377.788
-398.458
-421.621
-447.161
-475.207
-505.612
-538.606
-574.335
-613.046
-654.584
-698.377
-742.777
-784.812
-818.73
-834.583
-819.258
-756.397
-629.629
-433.907
-42.1774
-56.3928
-67.6518
-75.5968
-80.2712
-81.8792
-80.8684
-77.7945
-73.3796
-68.2972
-62.9767
-57.704
-52.6004
-47.7236
-43.001
-38.3028
-33.3967
-28.1145
-22.3136
-15.9498
-9.01535
-1.60595
6.11161
13.8459
21.2899
28.2311
34.503
40.0238
44.749
48.7535
52.1866
55.3273
58.4003
61.6205
65.0741
68.7853
72.5793
76.114
78.7678
79.8608
78.8916
75.4648
69.4165
60.7258
49.7336
37.0021
23.4431
9.8021
-3.22871
-15.2948
-26.1797
-36.0767
-45.4633
-55.2955
-66.5436
-79.7275
-95.1062
-112.547
-131.778
-152.174
-173.012
-193.35
-212.572
-230.257
-246.365
-261.014
-274.591
-287.623
-300.848
-314.971
-330.433
-347.525
-366.374
-387.068
-409.607
-433.979
-460.109
-487.94
-517.338
-548.026
-579.385
-610.271
-638.708
-661.572
-674.122
-669.786
-640.783
-579.363
-480.683
-347.948
-33.559
-44.4388
-53.3539
-59.9935
-64.2846
-66.3308
-66.3916
-64.8311
-62.0835
-58.5664
-54.6076
-50.4393
-46.1979
-41.946
-37.6719
-33.3114
-28.7618
-23.9285
-18.7408
-13.1725
-7.24102
-1.02015
5.36464
11.7392
17.9197
23.7522
29.1204
33.9562
38.2388
42.0082
45.3569
48.4211
51.33
54.185
57.0221
59.8022
62.3765
64.485
65.7587
65.8013
64.2786
60.95
55.7104
48.5998
39.8431
29.8213
19.0396
7.98466
-2.92898
-13.4429
-23.4594
-33.0958
-42.6667
-52.6616
-63.5797
-75.7626
-89.3692
-104.351
-120.499
-137.434
-154.684
-171.733
-188.171
-203.733
-218.347
-232.093
-245.21
-258.05
-271.047
-284.627
-299.117
-314.746
-331.645
-349.874
-369.425
-390.234
-412.17
-435.033
-458.5
-482.056
-504.879
-525.705
-542.675
-553.192
-553.837
-540.507
-508.986
-455.981
-380.778
-287.222
-26.9718
-35.3155
-42.3347
-47.7739
-51.5325
-53.6436
-54.2515
-53.5799
-51.8978
-49.4748
-46.5436
-43.2832
-39.8146
-36.2046
-32.4715
-28.597
-24.5402
-20.2583
-15.7213
-10.9235
-5.88913
-0.676133
4.62646
9.90613
15.0445
19.9359
24.498
28.6793
32.4617
35.8631
38.9315
41.7338
44.3335
46.7724
49.0506
51.1144
52.8449
54.0591
54.5248
53.9988
52.2702
49.192
44.705
38.8518
31.784
23.7461
15.0427
5.97851
-3.1885
-12.2899
-21.2679
-30.1904
-39.2398
-48.6785
-58.7747
-69.728
-81.6319
-94.4584
-108.068
-122.224
-136.631
-150.981
-165.015
-178.564
-191.565
-204.068
-216.219
-228.24
-240.4
-252.963
-266.154
-280.133
-294.995
-310.772
-327.428
-344.861
-362.894
-381.252
-399.529
-417.14
-433.246
-446.692
-455.936
-459.03
-453.674
-437.422
-408.121
-364.56
-307.296
-239.352
-21.6995
-28.0988
-33.59
-37.9739
-41.1522
-43.1206
-43.9534
-43.7838
-42.779
-41.1151
-38.9534
-36.4273
-33.6353
-30.6407
-27.4752
-24.1456
-20.6434
-16.9563
-13.078
-9.01571
-4.79506
-0.461562
3.92111
8.27671
12.5257
16.5951
20.4261
23.9793
27.2369
30.202
32.895
35.3447
37.5766
39.6003
41.3985
42.9191
44.0708
44.727
44.7371
43.948
42.228
39.4872
35.6939
30.8822
25.153
18.6626
11.6005
4.15741
-3.504
-11.275
-19.1159
-27.0613
-35.2114
-43.7076
-52.6953
-62.2851
-72.5274
-83.4007
-94.8134
-106.616
-118.625
-130.651
-142.53
-154.152
-165.475
-176.524
-187.389
-198.209
-209.15
-220.378
-232.036
-244.23
-257.013
-270.388
-284.296
-298.613
-313.136
-327.573
-341.507
-354.376
-365.433
-373.716
-378.041
-377.029
-369.193
-353.126
-327.784
-292.866
-249.189
-198.916
-17.3102
-22.1901
-26.4403
-29.9102
-32.5149
-34.2334
-35.0999
-35.1911
-34.6107
-33.4733
-31.8894
-29.9558
-27.7493
-25.3249
-22.7172
-19.9447
-17.015
-13.932
-10.702
-7.33868
-3.86627
-0.320651
3.25188
6.79806
10.2629
13.5952
16.7524
19.704
22.4324
24.9327
27.2094
29.2706
31.1213
32.7555
34.1499
35.2593
36.0159
36.3319
36.1085
35.2477
33.6669
31.3114
28.1641
24.2503
19.6365
14.4227
8.72818
2.67357
-3.63772
-10.1346
-16.7876
-23.6114
-30.658
-38.0027
-45.7228
-53.877
-62.4894
-71.5418
-80.9738
-90.6903
-100.575
-110.511
-120.394
-130.154
-139.76
-149.228
-158.61
-167.991
-177.473
-187.16
-197.137
-207.466
-218.17
-229.228
-240.568
-252.058
-263.499
-274.609
-285.012
-294.216
-301.605
-306.43
-307.824
-304.846
-296.561
-282.179
-261.234
-233.783
-200.579
-163.128
-13.5266
-17.1899
-20.4161
-23.0942
-25.1558
-26.5753
-27.3651
-27.568
-27.2475
-26.4772
-25.3322
-23.8807
-22.1806
-20.2765
-18.2005
-15.9741
-13.6115
-11.1238
-8.52273
-5.8237
-3.04812
-0.223989
2.61483
5.43062
8.1848
10.8412
13.3687
15.7437
17.9502
19.9797
21.8283
23.4942
24.9724
26.2509
27.3066
28.103
28.5907
28.7095
28.3939
27.5811
26.219
24.2742
21.7375
18.6267
14.9852
10.8769
6.37741
1.56307
-3.49979
-8.76415
-14.2078
-19.8343
-25.6691
-31.7505
-38.1184
-44.8021
-51.8111
-59.1301
-66.7186
-74.5156
-82.4482
-90.4419
-98.4318
-106.372
-114.243
-122.052
-129.828
-137.625
-145.502
-153.52
-161.73
-170.162
-178.818
-187.663
-196.624
-205.575
-214.337
-222.666
-230.242
-236.67
-241.469
-244.084
-243.903
-240.301
-232.706
-220.684
-204.052
-182.985
-158.084
-130.387
-10.1607
-12.8213
-15.1836
-17.1684
-18.7241
-19.8269
-20.4786
-20.702
-20.5352
-20.0248
-19.2201
-18.168
-16.9101
-15.4804
-13.9053
-12.2047
-10.3936
-8.48468
-6.49041
-4.42515
-2.3064
-0.155306
2.00378
4.14441
6.23975
8.26445
10.1963
12.0174
13.7143
15.2779
16.7014
17.9788
19.1019
20.0577
20.8268
21.3815
21.6868
21.7023
21.3851
20.6952
19.6
18.0791
16.1277
13.7577
10.9969
7.88556
4.47125
0.802043
-3.07983
-7.14339
-11.3722
-15.7647
-20.332
-25.0926
-30.0659
-35.2654
-40.6931
-46.3368
-52.1695
-58.1525
-64.2398
-70.3851
-76.5477
-82.6987
-88.8244
-94.9276
-101.026
-107.15
-113.334
-119.612
-126.012
-132.544
-139.199
-145.94
-152.7
-159.372
-165.808
-171.812
-177.135
-181.477
-184.486
-185.769
-184.912
-181.513
-175.229
-165.829
-153.262
-137.71
-119.619
-99.6882
-7.07841
-8.88394
-10.4962
-11.8624
-12.9466
-13.7301
-14.2109
-14.4004
-14.3203
-13.9989
-13.4669
-12.7547
-11.8901
-10.8968
-9.79428
-8.59793
-7.32031
-5.97227
-4.56432
-3.1078
-1.61564
-0.102673
1.41456
2.91844
4.39123
5.81606
7.1779
8.46411
9.66465
10.7717
11.7787
12.6794
13.4658
14.1273
14.6492
15.0125
15.1938
15.1674
14.9064
14.3861
13.5871
12.4972
11.1138
9.44464
7.50658
5.3241
2.92591
0.34119
-2.40411
-5.2904
-8.30625
-11.4487
-14.7216
-18.1334
-21.6926
-25.4046
-29.2687
-33.2757
-37.4085
-41.6434
-45.9524
-50.3077
-54.6848
-59.0658
-63.4422
-67.8146
-72.1927
-76.5928
-81.0341
-85.5346
-90.1068
-94.7525
-99.4592
-104.195
-108.907
-113.514
-117.906
-121.942
-125.446
-128.209
-129.992
-130.539
-129.584
-126.884
-122.24
-115.536
-106.772
-96.0944
-83.8051
-70.3528
-4.17929
-5.22635
-6.16472
-6.96416
-7.6035
-8.07113
-8.36449
-8.48875
-8.45502
-8.27827
-7.97535
-7.56327
-7.05792
-6.47327
-5.8211
-5.11112
-4.35146
-3.54928
-2.71146
-1.84519
-0.958383
-0.059871
0.840724
1.73328
2.60762
3.45408
4.26391
5.02958
5.74487
6.40463
7.00434
7.53942
8.00449
8.39264
8.6949
8.90004
8.99486
8.96484
8.79535
8.47305
7.98743
7.33217
6.506
5.5131
4.36263
3.06768
1.64361
0.1061
-1.53079
-3.25618
-5.06335
-6.94981
-8.91659
-10.9669
-13.1041
-15.3299
-17.6431
-20.0381
-22.5054
-25.0321
-27.6032
-30.2038
-32.8208
-35.4446
-38.0703
-40.698
-43.3323
-45.9811
-48.6537
-51.3585
-54.1004
-56.8781
-59.6818
-62.4903
-65.2693
-67.9689
-70.5222
-72.8434
-74.8283
-76.3544
-77.2848
-77.4735
-76.7752
-75.0583
-72.2215
-68.2115
-63.0411
-56.8015
-49.6673
-41.889
-5344.56
-5581.62
-5816.19
-6047.83
-6276.16
-6500.88
-6721.77
-6938.69
-7151.58
-7360.44
-7565.37
-7766.49
-7964
-8158.12
-8349.12
-8537.3
-8722.98
-8906.51
-9088.25
-9268.59
-9447.92
-9626.64
-9805.16
-9983.9
-10163.3
-10343.6
-10525.4
-10708.9
-10894.6
-11082.7
-11273.5
-11467.3
-11664.3
-11864.8
-12068.9
-12276.8
-12488.4
-12703.9
-12923.3
-13146.4
-13373.1
-13603.1
-13836.2
-14071.9
-14309.8
-14549.3
-14789.9
-15030.7
-15271.3
-15510.6
-15748.1
-15982.7
-16213.7
-16440.1
-16661
-16875.4
-17082.2
-17280.4
-17468.8
-17646.4
-17811.9
-17964.2
-18102.1
-18224.3
-18329.7
-18417
-18485
-18532.5
-18558.4
-18561.3
-18540
-18493.3
-18419.9
-18318.5
-18187.7
-18026.4
-17833.3
-17607.2
-17346.9
-17051.7
-16720.8
-16353.7
-15950.3
-15511.1
-15036.7
-14528.5
-13988.3
-13418.7
-12822.4
-12202.9
4704.4
2528
1608.68
1134.67
851.546
663.467
528.304
425.103
342.386
273.355
213.708
160.557
111.847
66.025
21.8327
977.834
1305.1
1129.57
913.736
734.878
595.065
484.985
396.123
322.273
259.102
203.565
153.465
107.158
63.3499
20.9628
112.376
584.964
690.737
655.806
579.15
496.918
420.438
352.124
291.475
237.208
187.979
142.579
99.969
59.252
19.631
-112.768
231.628
392.595
439.588
428.985
393.011
347.717
300.454
254.287
210.274
168.56
128.899
90.8849
54.0568
17.94
-172.839
61.7123
208.415
280.957
304.184
298.413
276.958
247.68
214.941
181.034
147.085
113.57
80.6131
48.1491
16.0118
-182.665
-20.3595
98.3898
171.633
208.374
219.494
214.015
198.362
176.757
151.834
125.172
97.679
69.847
41.9136
13.9698
-174.487
-58.8772
33.8667
98.8069
138.179
157.168
161.24
154.992
141.888
124.368
104.086
82.1257
59.1809
35.6877
11.923
-158.936
-74.5303
-2.85574
51.5445
88.363
109.753
118.779
118.476
111.429
99.661
84.6759
67.5551
49.0615
29.7324
9.95738
-140.065
-77.4539
-22.3072
21.8599
53.9709
74.6981
85.6418
88.6994
85.6877
78.1682
67.3992
54.3554
39.7761
24.2222
8.13111
-119.606
-72.915
-30.782
4.22793
30.959
49.4231
60.3878
64.9891
64.4515
59.9226
52.3955
42.6896
31.4643
19.2484
6.47583
-98.3613
-63.8197
-32.1359
-5.12764
16.2114
31.6449
41.4947
46.4154
47.2049
44.6736
39.5691
32.5421
24.1425
14.8308
4.99975
-76.7239
-51.8693
-28.8169
-8.81644
7.36692
19.448
27.5286
31.9709
33.2771
31.9964
28.6637
23.7663
17.7322
10.9321
3.6919
-54.8905
-38.1183
-22.4478
-8.68993
2.62304
11.25
17.1994
20.6611
21.9348
21.37
19.3222
16.1267
12.0871
7.47331
2.5273
-32.9621
-23.2664
-14.1669
-6.11955
0.564185
5.72858
9.35689
11.5383
12.4305
12.2262
11.1277
9.3307
7.01589
4.34664
1.47136
-11499.9
-10710.7
-9905.8
-9091.39
-8272.85
-7454.67
-6640.33
-5832.24
-5031.86
-4239.79
-3455.88
-2679.39
-1909.13
-1143.54
-380.854
)
;

boundaryField
{
    hot
    {
        type            calculated;
        value           nonuniform List<scalar> 
120
(
1103.43
-0.740577
-1.25121
-1.78584
-2.3511
-2.95049
-3.58314
-4.24255
-4.91556
-5.5818
-6.21391
-6.77917
-7.24261
-7.57153
-7.74072
-7.75079
-7.62797
-7.39357
-7.06195
-6.65189
-6.18446
-5.68097
-5.1613
-4.64266
-4.13897
-3.6607
-3.21502
-2.80621
-2.43621
-2.10508
-1.81158
-1.55352
-1.32819
-1.13258
-0.963619
-0.818278
-0.693698
-0.587231
-0.496469
-0.419253
-0.35367
-0.298041
-0.250899
-0.210973
-0.177166
-0.148534
-0.124265
-0.103666
-0.0861394
-0.0711756
-0.0583351
-0.0472391
-0.0375583
-0.0290045
-0.021322
-0.0142805
-0.00766858
-0.00128725
0.00505569
0.0115514
0.0183954
0.0257939
0.0339691
0.0431663
0.0536608
0.0657655
0.0798404
0.096302
0.115635
0.138406
0.165275
0.197019
0.234542
0.278902
0.331333
0.393268
0.466366
0.552537
0.653968
0.773142
0.912852
1.0762
1.26659
1.48767
1.74323
2.03711
2.37297
2.75401
3.18257
3.65968
4.18446
4.75342
5.35983
5.99301
6.63791
7.27497
7.88052
8.42781
8.88889
9.23703
9.44966
9.51119
9.41528
9.16588
8.77684
8.20797
7.47461
6.66727
5.83426
5.0159
4.24205
3.53188
2.89501
2.33337
1.84326
1.41713
1.04503
0.715659
0.417053
-1135.3
)
;
    }
    cold
    {
        type            calculated;
        value           nonuniform List<scalar> 
120
(
38.0817
-0.378896
-0.627987
-0.871476
-1.10647
-1.32949
-1.53643
-1.72261
-1.88292
-2.0122
-2.10569
-2.15962
-2.17182
-2.14225
-2.07331
-1.98082
-1.87469
-1.7532
-1.62112
-1.48314
-1.34359
-1.20618
-1.07393
-0.949096
-0.833204
-0.727148
-0.631282
-0.545544
-0.469558
-0.40274
-0.344375
-0.293684
-0.249871
-0.212156
-0.179801
-0.152123
-0.128498
-0.108368
-0.091235
-0.0766626
-0.0642675
-0.0537162
-0.044719
-0.0370247
-0.0304154
-0.0247016
-0.0197179
-0.0153188
-0.0113747
-0.0077688
-0.00439386
-0.00114888
0.00206351
0.00533997
0.0087793
0.0124853
0.0165701
0.0211569
0.0263846
0.0324109
0.0394179
0.047617
0.0572553
0.068623
0.0820617
0.0979747
0.116838
0.139216
0.165775
0.197302
0.23473
0.279159
0.331888
0.394449
0.468641
0.556581
0.660745
0.784027
0.929793
1.10194
1.30497
1.54403
1.82496
2.15433
2.53945
2.98831
3.50949
4.11191
4.80458
5.59605
6.49376
7.50313
8.62642
9.8613
11.1993
12.6241
14.1101
15.6213
17.1106
18.5216
19.7902
20.8495
21.6356
22.0944
22.1886
21.8327
20.9628
19.631
17.94
16.0118
13.9698
11.923
9.95738
8.13111
6.47583
4.99975
3.6919
2.5273
1.47136
-380.854
)
;
    }
    interface_left
    {
        type            calculated;
        value           nonuniform List<scalar> 
90
(
-1474.97
-499.247
-199.718
-95.5376
-53.3898
-33.4776
-22.7087
-16.2428
-12.0527
-9.18287
-7.13527
-5.62818
-4.49177
-3.61827
-2.93639
-2.3974
-1.96694
-1.62025
-1.33907
-1.10968
-0.921634
-0.766858
-0.639027
-0.533145
-0.445225
-0.372064
-0.311068
-0.260126
-0.217508
-0.181795
-0.151812
-0.126587
-0.10531
-0.0873032
-0.0719988
-0.0589166
-0.0476487
-0.0378452
-0.0292032
-0.0214563
-0.0143665
-0.00771667
-0.00130318
0.00507001
0.0115976
0.0184792
0.0259252
0.0341638
0.0434477
0.0540627
0.0663361
0.0806483
0.0974441
0.117249
0.140684
0.168493
0.201561
0.240955
0.287956
0.344116
0.411317
0.491849
0.588519
0.704778
0.8449
1.01421
1.2194
1.46896
1.77378
2.14795
2.61008
3.18501
3.9066
4.822
5.99852
7.53505
9.58211
12.3785
16.3231
22.1273
31.1684
46.3978
74.9324
136.197
289.666
735.641
2199.23
2183.74
670.3
82.4538
)
;
    }
    interface_right
    {
        type            calculated;
        value           nonuniform List<scalar> 
90
(
-118.171
-44.2695
-20.1105
-10.9249
-6.79054
-4.61658
-3.32495
-2.48748
-1.91041
-1.49521
-1.1869
-0.952426
-0.770772
-0.627966
-0.514377
-0.423163
-0.349347
-0.289224
-0.239994
-0.199501
-0.166067
-0.13837
-0.115358
-0.0961855
-0.0801686
-0.0667506
-0.0554749
-0.0459647
-0.0379069
-0.0310401
-0.0251439
-0.0200309
-0.01554
-0.0115307
-0.00787835
-0.00447009
-0.00120096
0.00202933
0.00531959
0.00877028
0.0124866
0.0165817
0.0211804
0.0264227
0.0324683
0.0395015
0.0477368
0.0574256
0.0688643
0.082403
0.0984569
0.11752
0.140178
0.167133
0.19922
0.237437
0.282981
0.337284
0.402065
0.479394
0.571762
0.682177
0.814285
0.972514
1.16226
1.39014
1.6643
1.9948
2.39424
2.87839
3.4673
4.18667
5.06984
6.16069
7.51793
9.22157
11.383
14.1612
17.7897
22.6241
29.2278
38.5417
52.2419
73.5674
109.444
176.532
320.169
678.84
1717.97
5119.84
)
;
    }
    interface_top
    {
        type            calculated;
        value           nonuniform List<scalar> 
90
(
-568.974
45.7146
-565.447
-88.9074
-466.553
-125.339
-386.951
-175.92
11.4903
-206.14
12.5976
-180.571
38.2278
-158.423
73.5379
-206.525
16.9306
-171.561
16.7139
-137.155
22.4477
-109.108
6.88947
121.582
-2.92691
152.26
14.5421
201.1
24.6134
263.611
-56.0558
214.606
-55.8841
210.602
-50.995
207.041
-54.7887
152.145
374.288
91.6536
431.91
63.2619
513.548
-8.94446
592.084
-314.857
350.95
-371.33
243.024
-403.836
142.985
-442.779
-50.0197
341.955
-242.21
301.895
-342.093
272.038
-455.056
225.14
-742
-111.274
-712.144
-233.296
-671.504
-318.391
-644.664
-432.367
-247.295
-530.931
-316.92
-575.122
-381.054
-623.158
-454.351
-712.27
-589.441
-753.711
-685.694
-840.084
-804.779
-1033.77
-1046.86
-1051.29
-1744.03
-1916.04
-2347.61
-3196.94
-5057.76
-9896.36
)
;
    }
    interface_bottom
    {
        type            calculated;
        value           nonuniform List<scalar> 
90
(
2144.51
777.541
787.739
284.391
546.787
203.854
458.164
234.672
25.7833
281.252
17.3895
307.203
30.9052
335.778
64.2985
401.862
184.516
339.552
203.914
282.078
203.476
235.648
199.193
177.332
187.096
184.08
164.772
188.461
137.926
189.646
97.3653
167.25
82.1161
160.706
67.0191
152.988
44.8873
118.523
201.22
73.8384
203.585
44.5753
205.713
11.704
200.991
-51.8615
138.508
-39.2684
134.577
-36.6562
129.175
-51.0351
79.9117
219.231
17.0161
221.665
-17.0209
224.682
-54.4164
218.812
-134.274
132.886
-106.569
131.537
-94.8924
128.554
-107.561
67.9035
254.24
-10.8466
263.658
-53.5233
276.617
-106.091
280.603
-239.344
154.524
-226.25
139.892
-245.019
111.182
-322.789
-43.2455
258.34
-362.841
-19.0636
411.448
-882.953
-530.474
-434.984
)
;
    }
    defaultFaces
    {
        type            empty;
    }
}


// ************************************************************************* //
