/*--------------------------------*- C++ -*----------------------------------*\
| =========                 |                                                 |
| \\      /  F ield         | OpenFOAM: The Open Source CFD Toolbox           |
|  \\    /   O peration     | Version:  5.x                                   |
|   \\  /    A nd           | Web:      www.OpenFOAM.org                      |
|    \\/     M anipulation  |                                                 |
\*---------------------------------------------------------------------------*/
FoamFile
{
    version     2.0;
    format      ascii;
    class       volScalarField;
    location    "2";
    object      gradTy;
}
// * * * * * * * * * * * * * * * * * * * * * * * * * * * * * * * * * * * * * //

dimensions      [0 -1 0 1 0 0 0];

internalField   nonuniform List<scalar> 
3200
(
-0.00163576
0.000542236
-0.00287723
0.00252557
-0.00200151
0.00229423
-0.00133325
0.00163338
-0.00106421
0.000415942
0.00104371
-0.000447819
0.000622266
-0.000371133
0.00045625
-0.000283813
0.000343833
-0.000216495
0.000261178
-0.000165295
0.000199081
-0.000126175
0.000151921
-9.61885e-05
0.000115888
-7.31717e-05
8.82707e-05
-5.55065e-05
6.70814e-05
-4.19634e-05
5.08283e-05
-3.15992e-05
3.83769e-05
-2.36865e-05
2.88563e-05
-1.7662e-05
2.15945e-05
-1.30897e-05
1.60714e-05
-9.63191e-06
1.18844e-05
-7.02769e-06
8.72226e-06
-5.07576e-06
6.34408e-06
-3.62189e-06
4.5617e-06
-2.55917e-06
3.18211e-06
-2.01889e-06
8.96373e-07
1.95644e-06
-6.87781e-07
1.06339e-06
-4.92755e-07
6.80808e-07
-3.07243e-07
4.30281e-07
-1.83508e-07
2.63701e-07
-1.05893e-07
1.56435e-07
-5.92058e-08
8.99234e-08
-3.21359e-08
5.01764e-08
-1.69187e-08
2.72001e-08
-8.56726e-09
1.42877e-08
-4.04756e-09
7.24477e-09
-1.33748e-09
3.13362e-09
4.47002e-11
7.67459e-10
1.57965e-10
3.66396e-11
8.73062e-12
2.48526e-12
-0.00119931
0.000241705
-0.00194836
0.00164009
-0.00127202
0.00152802
-0.000824527
0.00108691
-0.000688891
0.000296846
0.000738689
-0.000263832
0.000418113
-0.000229655
0.000304463
-0.000176504
0.000229201
-0.000134814
0.000174042
-0.000102985
0.000132645
-7.86232e-05
0.000101224
-5.99306e-05
7.72235e-05
-4.55762e-05
5.88307e-05
-3.45579e-05
4.47186e-05
-2.61114e-05
3.38931e-05
-1.96492e-05
2.55985e-05
-1.47172e-05
1.92551e-05
-1.09639e-05
1.44156e-05
-8.11683e-06
1.07339e-05
-5.96507e-06
7.94209e-06
-4.34561e-06
5.83285e-06
-3.13279e-06
4.24589e-06
-2.23055e-06
3.05522e-06
-1.5755e-06
2.12074e-06
-1.30092e-06
6.38817e-07
1.39297e-06
-3.8983e-07
7.21646e-07
-2.94894e-07
4.60062e-07
-1.83261e-07
2.91232e-07
-1.08494e-07
1.78863e-07
-6.19779e-08
1.06329e-07
-3.42855e-08
6.12419e-08
-1.84051e-08
3.42375e-08
-9.57372e-09
1.85972e-08
-4.77393e-09
9.79467e-09
-2.19292e-09
4.99897e-09
-6.20434e-10
2.19645e-09
1.55872e-10
5.57003e-10
1.38427e-10
3.2903e-11
7.86917e-12
2.24199e-12
-0.000820867
8.59311e-05
-0.00125109
0.00101421
-0.000771395
0.000967595
-0.000486647
0.000687693
-0.000424233
0.000199332
0.000491297
-0.000147345
0.000267045
-0.000135543
0.0001932
-0.000104729
0.000145298
-8.00988e-05
0.000110296
-6.12208e-05
8.4052e-05
-4.67451e-05
6.41422e-05
-3.56273e-05
4.89382e-05
-2.70858e-05
3.7288e-05
-2.05286e-05
2.83491e-05
-1.55023e-05
2.14916e-05
-1.16577e-05
1.62366e-05
-8.72467e-06
1.22171e-05
-6.49356e-06
9.14998e-06
-4.80206e-06
6.81609e-06
-3.52445e-06
5.04585e-06
-2.56357e-06
3.70803e-06
-1.84458e-06
2.70109e-06
-1.31039e-06
1.94484e-06
-9.25367e-07
1.3437e-06
-7.97708e-07
4.28446e-07
9.30786e-07
-2.07793e-07
4.64913e-07
-1.67977e-07
2.95182e-07
-1.04042e-07
1.87114e-07
-6.09937e-08
1.15131e-07
-3.44454e-08
6.8567e-08
-1.88203e-08
3.95604e-08
-9.97092e-09
2.21529e-08
-5.11071e-09
1.2054e-08
-2.49948e-09
6.36306e-09
-1.10604e-09
3.26526e-09
-2.41057e-10
1.45345e-09
1.69311e-10
3.79306e-10
1.06358e-10
2.59476e-11
6.2367e-12
1.77935e-12
-0.000479049
1.94942e-05
-0.000698296
0.000550024
-0.00041206
0.000534627
-0.000254146
0.000379727
-0.000229166
0.00011494
0.000281008
-7.30816e-05
0.000148568
-7.07585e-05
0.00010694
-5.49282e-05
8.03633e-05
-4.20584e-05
6.09887e-05
-3.21605e-05
4.64729e-05
-2.45591e-05
3.54648e-05
-1.87162e-05
2.70602e-05
-1.42255e-05
2.06206e-05
-1.07775e-05
1.56797e-05
-8.13484e-06
1.1889e-05
-6.11389e-06
8.98393e-06
-4.57255e-06
6.76157e-06
-3.40054e-06
5.06549e-06
-2.51239e-06
3.77468e-06
-1.84191e-06
2.79542e-06
-1.33796e-06
2.05519e-06
-9.61132e-07
1.49789e-06
-6.81464e-07
1.079e-06
-4.81196e-07
7.42771e-07
-4.2945e-07
2.4683e-07
5.34091e-07
-9.83242e-08
2.60313e-07
-8.49717e-08
1.64743e-07
-5.24802e-08
1.04533e-07
-3.04869e-08
6.44078e-08
-1.70304e-08
3.84105e-08
-9.19369e-09
2.21897e-08
-4.80717e-09
1.24409e-08
-2.42698e-09
6.77814e-09
-1.16272e-09
3.58401e-09
-4.93228e-10
1.84635e-09
-6.98873e-11
8.29501e-10
1.22935e-10
2.20906e-10
6.65811e-11
1.65658e-11
3.99885e-12
1.14274e-12
-0.000157426
1.43567e-06
-0.000224398
0.000174021
-0.000129278
0.000170902
-7.87008e-05
0.000121342
-7.23286e-05
3.75763e-05
9.14483e-05
-2.19134e-05
4.76742e-05
-2.19038e-05
3.42204e-05
-1.70507e-05
2.57051e-05
-1.30645e-05
1.95053e-05
-9.99257e-06
1.48622e-05
-7.63129e-06
1.13418e-05
-5.81541e-06
8.65423e-06
-4.41943e-06
6.59515e-06
-3.34754e-06
5.01529e-06
-2.52601e-06
3.80317e-06
-1.89784e-06
2.87419e-06
-1.41883e-06
2.16348e-06
-1.05468e-06
1.62103e-06
-7.78799e-07
1.20816e-06
-5.70592e-07
8.94912e-07
-4.14151e-07
6.58097e-07
-2.97224e-07
4.79777e-07
-2.10499e-07
3.45689e-07
-1.48637e-07
2.37487e-07
-1.3529e-07
8.06496e-08
1.74086e-07
-2.85711e-08
8.38134e-08
-2.58101e-08
5.29477e-08
-1.59137e-08
3.36141e-08
-9.19208e-09
2.07264e-08
-5.09932e-09
1.23694e-08
-2.7314e-09
7.1506e-09
-1.41581e-09
4.01166e-09
-7.07505e-10
2.18714e-09
-3.34101e-10
1.15749e-09
-1.37374e-10
5.9751e-10
-1.14467e-11
2.69732e-10
4.43495e-11
7.25858e-11
2.26296e-11
5.68768e-12
1.3759e-12
3.94445e-13
0.000157721
-1.33651e-06
0.000224441
-0.000173991
0.000129296
-0.000170891
7.87073e-05
-0.000121338
7.23297e-05
-3.75763e-05
-9.14481e-05
2.19147e-05
-4.7672e-05
2.19064e-05
-3.42177e-05
1.70532e-05
-2.57029e-05
1.30664e-05
-1.95036e-05
9.99405e-06
-1.48609e-05
7.63238e-06
-1.13408e-05
5.81619e-06
-8.65358e-06
4.41998e-06
-6.59469e-06
3.34792e-06
-5.01498e-06
2.52627e-06
-3.80296e-06
1.89801e-06
-2.87405e-06
1.41894e-06
-2.1634e-06
1.05474e-06
-1.62099e-06
7.7883e-07
-1.20814e-06
5.70604e-07
-8.94907e-07
4.14151e-07
-6.58102e-07
2.97216e-07
-4.79787e-07
2.10488e-07
-3.45702e-07
1.48623e-07
-2.37504e-07
1.3527e-07
-8.06694e-08
-1.74104e-07
2.85574e-08
-8.38235e-08
2.58026e-08
-5.29535e-08
1.5909e-08
-3.36179e-08
9.18898e-09
-2.07289e-08
5.09728e-09
-1.2371e-08
2.73011e-09
-7.15162e-09
1.41502e-09
-4.01228e-09
7.07031e-10
-2.1875e-09
3.33823e-10
-1.1577e-09
1.37215e-10
-5.97626e-10
1.13634e-11
-2.69788e-10
-4.4386e-11
-7.26077e-11
-2.2642e-11
-5.69437e-12
-1.3788e-12
-3.92521e-13
0.000479256
-1.94217e-05
0.00069833
-0.000549998
0.000412077
-0.000534616
0.000254153
-0.000379721
0.00022917
-0.000114938
-0.000281006
7.30839e-05
-0.000148565
7.07614e-05
-0.000106937
5.49307e-05
-8.03611e-05
4.20603e-05
-6.0987e-05
3.2162e-05
-4.64717e-05
2.45602e-05
-3.54639e-05
1.8717e-05
-2.70595e-05
1.4226e-05
-2.06201e-05
1.07779e-05
-1.56794e-05
8.13512e-06
-1.18888e-05
6.11409e-06
-8.98377e-06
4.57268e-06
-6.76146e-06
3.40063e-06
-5.06542e-06
2.51245e-06
-3.77464e-06
1.84194e-06
-2.79539e-06
1.33797e-06
-2.05518e-06
9.61138e-07
-1.49788e-06
6.81464e-07
-1.079e-06
4.81191e-07
-7.42778e-07
4.2944e-07
-2.4684e-07
-5.34101e-07
9.83164e-08
-2.60319e-07
8.49676e-08
-1.64746e-07
5.24776e-08
-1.04535e-07
3.04851e-08
-6.44092e-08
1.70292e-08
-3.84115e-08
9.19291e-09
-2.21903e-08
4.80669e-09
-1.24413e-08
2.42669e-09
-6.77837e-09
1.16254e-09
-3.58414e-09
4.93126e-10
-1.84643e-09
6.98329e-11
-8.29539e-10
-1.22959e-10
-2.2092e-10
-6.65895e-11
-1.65704e-11
-4.0009e-12
-1.14142e-12
0.000820908
-8.59125e-05
0.0012511
-0.0010142
0.000771404
-0.000967587
0.000486654
-0.000687688
0.000424238
-0.000199329
-0.000491294
0.000147347
-0.000267042
0.000135545
-0.000193199
0.00010473
-0.000145297
8.01001e-05
-0.000110295
6.12217e-05
-8.40512e-05
4.67458e-05
-6.41416e-05
3.56279e-05
-4.89377e-05
2.70862e-05
-3.72876e-05
2.05288e-05
-2.83489e-05
1.55025e-05
-2.14914e-05
1.16579e-05
-1.62365e-05
8.72478e-06
-1.2217e-05
6.49364e-06
-9.14991e-06
4.80212e-06
-6.81604e-06
3.52449e-06
-5.04582e-06
2.5636e-06
-3.70801e-06
1.8446e-06
-2.70108e-06
1.3104e-06
-1.94483e-06
9.25375e-07
-1.3437e-06
7.97712e-07
-4.28443e-07
-9.30784e-07
2.07794e-07
-4.64911e-07
1.67978e-07
-2.95181e-07
1.04043e-07
-1.87113e-07
6.09939e-08
-1.15131e-07
3.44455e-08
-6.85669e-08
1.88204e-08
-3.95604e-08
9.97094e-09
-2.21529e-08
5.11071e-09
-1.20541e-08
2.49948e-09
-6.36307e-09
1.10603e-09
-3.26526e-09
2.41053e-10
-1.45346e-09
-1.69313e-10
-3.79308e-10
-1.06359e-10
-2.59483e-11
-6.23712e-12
-1.77913e-12
0.00119913
-0.000241761
0.00194834
-0.00164011
0.00127202
-0.00152802
0.000824525
-0.00108691
0.000688892
-0.000296844
-0.000738688
0.000263832
-0.000418114
0.000229654
-0.000304463
0.000176503
-0.000229201
0.000134813
-0.000174042
0.000102985
-0.000132646
7.86228e-05
-0.000101225
5.99303e-05
-7.72237e-05
4.5576e-05
-5.88308e-05
3.45578e-05
-4.47187e-05
2.61114e-05
-3.38931e-05
1.96492e-05
-2.55985e-05
1.47172e-05
-1.92551e-05
1.09639e-05
-1.44156e-05
8.11683e-06
-1.07339e-05
5.96508e-06
-7.94208e-06
4.34562e-06
-5.83284e-06
3.1328e-06
-4.24588e-06
2.23056e-06
-3.05521e-06
1.57551e-06
-2.12072e-06
1.30094e-06
-6.38803e-07
-1.39295e-06
3.8984e-07
-7.21639e-07
2.94899e-07
-4.60058e-07
1.83264e-07
-2.9123e-07
1.08496e-07
-1.78862e-07
6.19793e-08
-1.06328e-07
3.42863e-08
-6.12412e-08
1.84056e-08
-3.42371e-08
9.57403e-09
-1.85969e-08
4.77411e-09
-9.79454e-09
2.19302e-09
-4.9989e-09
6.20486e-10
-2.19642e-09
-1.55849e-10
-5.56989e-10
-1.38419e-10
-3.28989e-11
-7.86745e-12
-2.24316e-12
0.00163539
-0.00054237
0.00287716
-0.00252563
0.00200147
-0.00229425
0.00133323
-0.00163339
0.0010642
-0.000415949
-0.00104372
0.000447813
-0.000622273
0.000371126
-0.000456257
0.000283808
-0.000343838
0.000216491
-0.000261182
0.000165292
-0.000199084
0.000126173
-0.000151923
9.61867e-05
-0.000115889
7.31704e-05
-8.82718e-05
5.55055e-05
-6.70822e-05
4.19627e-05
-5.08288e-05
3.15988e-05
-3.83773e-05
2.36861e-05
-2.88566e-05
1.76618e-05
-2.15946e-05
1.30895e-05
-1.60715e-05
9.63181e-06
-1.18845e-05
7.02764e-06
-8.7223e-06
5.07572e-06
-6.3441e-06
3.62187e-06
-4.56171e-06
2.55917e-06
-3.1821e-06
2.0189e-06
-8.96359e-07
-1.95642e-06
6.87792e-07
-1.06338e-06
4.92761e-07
-6.80804e-07
3.07247e-07
-4.30278e-07
1.8351e-07
-2.63699e-07
1.05895e-07
-1.56433e-07
5.92069e-08
-8.99225e-08
3.21366e-08
-5.01759e-08
1.69191e-08
-2.71998e-08
8.56754e-09
-1.42874e-08
4.04772e-09
-7.24465e-09
1.33757e-09
-3.13356e-09
-4.46595e-11
-7.67434e-10
-1.5795e-10
-3.66316e-11
-8.72698e-12
-2.48754e-12
-0.0480178
0.0377235
0.00531721
0.00356352
-0.000563826
0.00126518
-0.00101489
0.00105167
-0.00113931
0.000130136
0.00113109
-0.000713043
0.000842892
-0.000644297
0.000721224
-0.000543993
0.000612544
-0.000452487
0.000513402
-0.000372974
0.000425772
-0.000305348
0.000350229
-0.000248669
0.000286279
-0.00020167
0.000232855
-0.000163009
0.000188661
-0.000131397
0.00015237
-0.00010567
0.000122738
-8.48102e-05
9.86477e-05
-6.79473e-05
7.91318e-05
-5.43505e-05
6.33673e-05
-4.34129e-05
5.0665e-05
-3.46341e-05
4.04536e-05
-2.76048e-05
3.2262e-05
-2.19968e-05
2.5681e-05
-1.76433e-05
1.99517e-05
-1.62819e-05
4.26385e-06
1.59963e-05
-8.26796e-06
1.05776e-05
-7.17767e-06
8.3756e-06
-5.86157e-06
6.76202e-06
-4.81564e-06
5.51193e-06
-4.00978e-06
4.54579e-06
-3.39421e-06
3.80586e-06
-2.92005e-06
3.25435e-06
-2.48322e-06
2.80478e-06
-1.97171e-06
2.31269e-06
-1.43163e-06
1.75629e-06
-1.00266e-06
1.37265e-06
-2.52392e-07
6.18692e-07
1.25313e-07
2.90446e-08
6.98513e-09
2.04459e-09
-0.0342985
0.0252992
0.00499748
0.00275085
-0.000230612
0.000857159
-0.000647492
0.000679959
-0.000769237
9.30998e-05
0.000783285
-0.00044295
0.000558052
-0.000408616
0.000476279
-0.000344678
0.000404904
-0.000286177
0.000339686
-0.000235535
0.00028191
-0.000192602
0.000232022
-0.000156706
0.000189738
-0.000126995
0.000154383
-0.000102588
0.000125117
-8.26533e-05
0.000101073
-6.64432e-05
8.14322e-05
-5.33081e-05
6.54602e-05
-4.26955e-05
5.25177e-05
-3.41424e-05
4.20608e-05
-2.72648e-05
3.36334e-05
-2.17467e-05
2.68573e-05
-1.73301e-05
2.14199e-05
-1.38098e-05
1.70443e-05
-1.11091e-05
1.3124e-05
-1.0764e-05
3.04201e-06
1.12107e-05
-5.01216e-06
7.05627e-06
-4.50291e-06
5.5561e-06
-3.68961e-06
4.4805e-06
-3.03662e-06
3.64816e-06
-2.53379e-06
3.00456e-06
-2.15012e-06
2.51169e-06
-1.85374e-06
2.14738e-06
-1.57457e-06
1.85688e-06
-1.24049e-06
1.53965e-06
-8.89575e-07
1.1745e-06
-6.13301e-07
9.37763e-07
-1.16414e-07
4.3738e-07
1.09414e-07
2.60687e-08
6.29593e-09
1.84399e-09
-0.0229638
0.0160701
0.00395492
0.00196705
-6.06281e-05
0.00055242
-0.000393756
0.000418971
-0.000491943
6.26637e-05
0.000511876
-0.00026218
0.000351708
-0.000247189
0.000299393
-0.000208342
0.000254747
-0.000172675
0.000213895
-0.00014191
0.000177631
-0.000115908
0.00014627
-9.42195e-05
0.000119661
-7.63002e-05
9.73938e-05
-6.16003e-05
7.89507e-05
-4.96063e-05
6.37916e-05
-3.98612e-05
5.14046e-05
-3.197e-05
4.13284e-05
-2.55976e-05
3.31616e-05
-2.0464e-05
2.65619e-05
-1.63377e-05
2.12421e-05
-1.30284e-05
1.69639e-05
-1.03807e-05
1.35302e-05
-8.2723e-06
1.07623e-05
-6.67521e-06
8.21684e-06
-6.75769e-06
2.04229e-06
7.3978e-06
-2.8906e-06
4.4778e-06
-2.6949e-06
3.507e-06
-2.21588e-06
2.82506e-06
-1.82695e-06
2.29795e-06
-1.52759e-06
1.89019e-06
-1.29944e-06
1.57795e-06
-1.12267e-06
1.34884e-06
-9.52474e-07
1.1698e-06
-7.44651e-07
9.74757e-07
-5.27424e-07
7.46653e-07
-3.57586e-07
6.07028e-07
-4.47937e-08
2.91316e-07
8.37184e-08
2.05431e-08
4.98985e-09
1.46275e-09
-0.0131909
0.00888637
0.00250675
0.00118439
3.3382e-06
0.000309702
-0.000210693
0.000226639
-0.000273536
3.62024e-05
0.000289181
-0.000137125
0.000193697
-0.000131744
0.000164533
-0.000110974
0.000140089
-9.18421e-05
0.0001177
-7.53875e-05
9.77937e-05
-6.15157e-05
8.05592e-05
-4.99671e-05
6.59237e-05
-4.04397e-05
5.36691e-05
-3.26328e-05
4.35143e-05
-2.62685e-05
3.51648e-05
-2.1101e-05
2.83403e-05
-1.69187e-05
2.27877e-05
-1.3543e-05
1.82866e-05
-1.08245e-05
1.46486e-05
-8.64009e-06
1.17157e-05
-6.88873e-06
9.35678e-06
-5.48802e-06
7.46306e-06
-4.37352e-06
5.93465e-06
-3.53867e-06
4.50066e-06
-3.70563e-06
1.1775e-06
4.2082e-06
-1.47749e-06
2.47906e-06
-1.42356e-06
1.93337e-06
-1.17405e-06
1.55613e-06
-9.69412e-07
1.26481e-06
-8.11968e-07
1.03938e-06
-6.92085e-07
8.66767e-07
-5.98958e-07
7.40812e-07
-5.07661e-07
6.43896e-07
-3.94396e-07
5.3855e-07
-2.76462e-07
4.13837e-07
-1.84698e-07
3.40902e-07
-1.27206e-08
1.66983e-07
5.22362e-08
1.31073e-08
3.19946e-09
9.38531e-10
-0.00430154
0.00284051
0.000855945
0.000395793
7.55664e-06
9.9828e-05
-6.61454e-05
7.16182e-05
-8.76977e-05
1.18549e-05
9.35147e-05
-4.24831e-05
6.18198e-05
-4.12727e-05
5.2448e-05
-3.47551e-05
4.46714e-05
-2.87396e-05
3.75451e-05
-2.35744e-05
3.12037e-05
-1.9226e-05
2.57099e-05
-1.56099e-05
2.10425e-05
-1.26292e-05
1.7133e-05
-1.01883e-05
1.38927e-05
-8.19938e-06
1.12279e-05
-6.58515e-06
9.04952e-06
-5.27909e-06
7.27695e-06
-4.22513e-06
5.83989e-06
-3.37658e-06
4.67831e-06
-2.69486e-06
3.74181e-06
-2.14839e-06
2.98851e-06
-1.71142e-06
2.38371e-06
-1.36389e-06
1.89522e-06
-1.10531e-06
1.43193e-06
-1.17924e-06
3.84975e-07
1.36565e-06
-4.51467e-07
7.93442e-07
-4.43712e-07
6.1734e-07
-3.66587e-07
4.96656e-07
-3.02953e-07
4.03509e-07
-2.54005e-07
3.31414e-07
-2.16756e-07
2.76211e-07
-1.87776e-07
2.36049e-07
-1.59069e-07
2.05408e-07
-1.23137e-07
1.72147e-07
-8.58014e-08
1.3251e-07
-5.68205e-08
1.09916e-07
-1.99869e-09
5.44173e-08
1.77236e-08
4.49948e-09
1.10121e-09
3.22794e-10
0.00430197
-0.00284043
-0.000855944
-0.000395779
-7.53186e-06
-9.97952e-05
6.618e-05
-7.15862e-05
8.77251e-05
-1.18318e-05
-9.34944e-05
4.25018e-05
-6.18024e-05
4.12887e-05
-5.24335e-05
3.47681e-05
-4.46598e-05
2.875e-05
-3.75359e-05
2.35825e-05
-3.11964e-05
1.92325e-05
-2.57041e-05
1.5615e-05
-2.10379e-05
1.26332e-05
-1.71294e-05
1.01915e-05
-1.38898e-05
8.20193e-06
-1.12256e-05
6.58717e-06
-9.04772e-06
5.28069e-06
-7.27553e-06
4.2264e-06
-5.83876e-06
3.37758e-06
-4.67741e-06
2.69567e-06
-3.74109e-06
2.14903e-06
-2.98794e-06
1.71192e-06
-2.38325e-06
1.36429e-06
-1.89487e-06
1.10561e-06
-1.43169e-06
1.17942e-06
-3.84833e-07
-1.36553e-06
4.5159e-07
-7.93318e-07
4.43831e-07
-6.1723e-07
3.66684e-07
-4.96571e-07
3.03026e-07
-4.03447e-07
2.54056e-07
-3.31373e-07
2.16786e-07
-2.7619e-07
1.87788e-07
-2.36045e-07
1.59066e-07
-2.05418e-07
1.23122e-07
-1.72164e-07
8.5782e-08
-1.3253e-07
5.68014e-08
-1.09933e-07
1.9855e-09
-5.44264e-08
-1.77291e-08
-4.50215e-09
-1.10239e-09
-3.24274e-10
0.0131912
-0.00888631
-0.00250674
-0.00118437
-3.31588e-06
-0.000309674
0.000210721
-0.000226613
0.000273558
-3.61833e-05
-0.000289164
0.00013714
-0.000193683
0.000131757
-0.000164521
0.000110985
-0.000140079
9.18507e-05
-0.000117692
7.53944e-05
-9.77876e-05
6.15211e-05
-8.05544e-05
4.99715e-05
-6.59199e-05
4.04432e-05
-5.36661e-05
3.26355e-05
-4.35119e-05
2.62706e-05
-3.51629e-05
2.11027e-05
-2.83387e-05
1.69201e-05
-2.27865e-05
1.3544e-05
-1.82856e-05
1.08253e-05
-1.46478e-05
8.64078e-06
-1.17151e-05
6.88928e-06
-9.35629e-06
5.48846e-06
-7.46267e-06
4.37386e-06
-5.93435e-06
3.53893e-06
-4.50045e-06
3.7058e-06
-1.17736e-06
-4.20808e-06
1.4776e-06
-2.47895e-06
1.42367e-06
-1.93327e-06
1.17413e-06
-1.55605e-06
9.69477e-07
-1.26476e-06
8.12015e-07
-1.03934e-06
6.92115e-07
-8.66745e-07
5.98972e-07
-7.40804e-07
5.07664e-07
-6.43898e-07
3.94389e-07
-5.3856e-07
2.76451e-07
-4.13849e-07
1.84686e-07
-3.40913e-07
1.2712e-08
-1.66989e-07
-5.22398e-08
-1.31091e-08
-3.20023e-09
-9.39534e-10
0.0229638
-0.0160701
-0.00395491
-0.00196704
6.06401e-05
-0.000552408
0.000393767
-0.000418961
0.000491953
-6.26554e-05
-0.000511869
0.000262187
-0.000351702
0.000247194
-0.000299388
0.000208347
-0.000254742
0.000172679
-0.000213892
0.000141913
-0.000177628
0.000115911
-0.000146268
9.42214e-05
-0.000119659
7.63018e-05
-9.73924e-05
6.16015e-05
-7.89496e-05
4.96073e-05
-6.37907e-05
3.98621e-05
-5.14038e-05
3.19706e-05
-4.13278e-05
2.55981e-05
-3.31611e-05
2.04644e-05
-2.65615e-05
1.63381e-05
-2.12418e-05
1.30286e-05
-1.69637e-05
1.03809e-05
-1.353e-05
8.27247e-06
-1.07622e-05
6.67534e-06
-8.21673e-06
6.75778e-06
-2.0422e-06
-7.39773e-06
2.89067e-06
-4.47774e-06
2.69495e-06
-3.50695e-06
2.21592e-06
-2.82502e-06
1.82698e-06
-2.29792e-06
1.52762e-06
-1.89017e-06
1.29946e-06
-1.57793e-06
1.12268e-06
-1.34883e-06
9.52482e-07
-1.16979e-06
7.44655e-07
-9.74755e-07
5.27425e-07
-7.46652e-07
3.57586e-07
-6.07029e-07
4.47931e-08
-2.91317e-07
-8.37188e-08
-2.05433e-08
-4.98989e-09
-1.4629e-09
0.0342983
-0.0252992
-0.00499748
-0.00275086
0.000230601
-0.000857175
0.000647474
-0.000679975
0.000769223
-9.31112e-05
-0.000783295
0.000442941
-0.000558061
0.000408608
-0.000476286
0.000344671
-0.00040491
0.000286172
-0.00033969
0.000235531
-0.000281914
0.000192599
-0.000232024
0.000156703
-0.00018974
0.000126993
-0.000154385
0.000102587
-0.000125118
8.26521e-05
-0.000101074
6.64422e-05
-8.1433e-05
5.33073e-05
-6.54609e-05
4.26949e-05
-5.25183e-05
3.41419e-05
-4.20612e-05
2.72644e-05
-3.36337e-05
2.17464e-05
-2.68575e-05
1.73299e-05
-2.14202e-05
1.38096e-05
-1.70444e-05
1.11089e-05
-1.31241e-05
1.07639e-05
-3.04207e-06
-1.12107e-05
5.01211e-06
-7.05632e-06
4.50286e-06
-5.55615e-06
3.68956e-06
-4.48054e-06
3.03659e-06
-3.64819e-06
2.53376e-06
-3.00458e-06
2.1501e-06
-2.5117e-06
1.85374e-06
-2.14738e-06
1.57458e-06
-1.85687e-06
1.2405e-06
-1.53963e-06
8.89588e-07
-1.17448e-06
6.13313e-07
-9.37752e-07
1.16423e-07
-4.37375e-07
-1.09411e-07
-2.6067e-08
-6.29518e-09
-1.84309e-09
0.0480173
-0.0377237
-0.00531724
-0.00356356
0.000563778
-0.00126524
0.00101483
-0.00105172
0.00113926
-0.000130176
-0.00113113
0.000713012
-0.000842921
0.00064427
-0.000721249
0.000543971
-0.000612563
0.000452469
-0.000513418
0.00037296
-0.000425784
0.000305337
-0.000350239
0.00024866
-0.000286287
0.000201663
-0.000232862
0.000163003
-0.000188666
0.000131392
-0.000152375
0.000105667
-0.000122741
8.48074e-05
-9.86503e-05
6.7945e-05
-7.91338e-05
5.43487e-05
-6.33689e-05
4.34114e-05
-5.06662e-05
3.46329e-05
-4.04546e-05
2.76038e-05
-3.22628e-05
2.19961e-05
-2.56816e-05
1.76428e-05
-1.99521e-05
1.62815e-05
-4.26416e-06
-1.59965e-05
8.26771e-06
-1.05778e-05
7.17745e-06
-8.37581e-06
5.86139e-06
-6.76218e-06
4.8155e-06
-5.51204e-06
4.00968e-06
-4.54587e-06
3.39415e-06
-3.80592e-06
2.92001e-06
-3.25437e-06
2.48321e-06
-2.80478e-06
1.97171e-06
-2.31267e-06
1.43165e-06
-1.75627e-06
1.00268e-06
-1.37263e-06
2.52406e-07
-6.18682e-07
-1.25307e-07
-2.90418e-08
-6.9839e-09
-2.04287e-09
-0.0480275
0.0377332
0.00532669
0.0035584
-0.000555174
0.00125736
-0.0010063
0.00104353
-0.00112966
0.000129446
0.0011215
-0.000706566
0.000835451
-0.000638269
0.000714628
-0.000538735
0.000606749
-0.000447974
0.000508386
-0.000369143
0.000421483
-0.000302124
0.000346599
-0.000245977
0.000283232
-0.000199436
0.000230316
-0.000161165
0.000186557
-0.000129884
0.000150638
-0.000104433
0.000121317
-8.38039e-05
9.74885e-05
-6.71316e-05
7.81898e-05
-5.36919e-05
6.26047e-05
-4.28829e-05
5.00499e-05
-3.42089e-05
3.99592e-05
-2.72646e-05
3.18658e-05
-2.17252e-05
2.53645e-05
-1.74253e-05
1.97054e-05
-1.60809e-05
4.211e-06
1.5799e-05
-8.16641e-06
1.04474e-05
-7.0899e-06
8.27291e-06
-5.79037e-06
6.67955e-06
-4.75774e-06
5.44522e-06
-3.96233e-06
4.49141e-06
-3.35506e-06
3.76117e-06
-2.88775e-06
3.21724e-06
-2.45773e-06
2.7747e-06
-1.95306e-06
2.28976e-06
-1.41882e-06
1.73974e-06
-9.94861e-07
1.36126e-06
-2.50434e-07
6.13698e-07
1.243e-07
2.88101e-08
6.92873e-09
2.02809e-09
-0.0343054
0.025306
0.00500434
0.0027478
-0.000224861
0.000852133
-0.000641884
0.000674754
-0.000762685
9.26054e-05
0.000776669
-0.000438896
0.000553143
-0.000404773
0.000471936
-0.00034133
0.000401084
-0.000283309
0.000336376
-0.000233105
0.000279078
-0.00019056
0.000229622
-0.000155002
0.000187723
-0.000125583
0.000152703
-0.000101424
0.000123724
-8.16983e-05
9.99251e-05
-6.56633e-05
8.0491e-05
-5.2674e-05
6.46919e-05
-4.2182e-05
5.18931e-05
-3.3728e-05
4.1555e-05
-2.69314e-05
3.32254e-05
-2.14794e-05
2.65292e-05
-1.71164e-05
2.1157e-05
-1.36392e-05
1.68343e-05
-1.09718e-05
1.29621e-05
-1.06311e-05
3.00432e-06
1.10724e-05
-4.95063e-06
6.96942e-06
-4.44788e-06
5.48796e-06
-3.64483e-06
4.42583e-06
-3.00016e-06
3.60397e-06
-2.50387e-06
2.96856e-06
-2.1254e-06
2.48211e-06
-1.83335e-06
2.12278e-06
-1.55857e-06
1.83685e-06
-1.2289e-06
1.52431e-06
-8.81715e-07
1.16336e-06
-6.08642e-07
9.29959e-07
-1.15542e-07
4.33847e-07
1.0853e-07
2.58582e-08
6.2451e-09
1.82911e-09
-0.0229683
0.0160746
0.00395956
0.00196532
-5.69923e-05
0.000549343
-0.000390267
0.000415797
-0.000487732
6.23305e-05
0.000507567
-0.000259762
0.000348624
-0.000244853
0.000296671
-0.000206309
0.00025235
-0.000170936
0.000211816
-0.000140439
0.00017585
-0.000114674
0.000144761
-9.31911e-05
0.000118392
-7.54486e-05
9.63356e-05
-6.08988e-05
7.80734e-05
-4.90314e-05
6.30683e-05
-3.93921e-05
5.08112e-05
-3.15888e-05
4.08439e-05
-2.5289e-05
3.27676e-05
-2.02152e-05
2.62427e-05
-1.61377e-05
2.09846e-05
-1.28681e-05
1.67568e-05
-1.02526e-05
1.33641e-05
-8.17005e-06
1.06298e-05
-6.59268e-06
8.11545e-06
-6.67426e-06
2.01698e-06
7.30653e-06
-2.85514e-06
4.42267e-06
-2.66198e-06
3.46397e-06
-2.18901e-06
2.79056e-06
-1.80504e-06
2.27009e-06
-1.50959e-06
1.86751e-06
-1.28455e-06
1.55932e-06
-1.11039e-06
1.33332e-06
-9.42884e-07
1.15711e-06
-7.37782e-07
9.65004e-07
-5.22823e-07
7.39531e-07
-3.54938e-07
6.01962e-07
-4.44828e-08
2.88961e-07
8.30421e-08
2.03772e-08
4.94956e-09
1.45095e-09
-0.0131935
0.00888894
0.00250943
0.00118352
5.34496e-06
0.000308046
-0.000208791
0.000224937
-0.000271185
3.60097e-05
0.000286752
-0.000135852
0.000192003
-0.000130494
0.00016304
-0.000109887
0.000138773
-9.0914e-05
0.000116558
-7.46033e-05
9.68152e-05
-6.08583e-05
7.97294e-05
-4.942e-05
6.5226e-05
-3.9987e-05
5.30868e-05
-3.22601e-05
4.30314e-05
-2.59632e-05
3.47665e-05
-2.08521e-05
2.80134e-05
-1.67166e-05
2.25208e-05
-1.33794e-05
1.80694e-05
-1.06927e-05
1.44727e-05
-8.53419e-06
1.15737e-05
-6.8039e-06
9.24257e-06
-5.42025e-06
7.37149e-06
-4.31943e-06
5.86157e-06
-3.4949e-06
4.44513e-06
-3.65988e-06
1.16291e-06
4.15628e-06
-1.45937e-06
2.44853e-06
-1.40618e-06
1.90964e-06
-1.15982e-06
1.53712e-06
-9.578e-07
1.24947e-06
-8.02417e-07
1.02689e-06
-6.8418e-07
8.56513e-07
-5.92438e-07
7.32259e-07
-5.0259e-07
6.36885e-07
-3.90796e-07
5.33144e-07
-2.74078e-07
4.09873e-07
-1.83361e-07
3.38051e-07
-1.26494e-08
1.65632e-07
5.18142e-08
1.30014e-08
3.17363e-09
9.30956e-10
-0.00430238
0.00284135
0.000856824
0.000395531
8.19763e-06
9.93062e-05
-6.55419e-05
7.10829e-05
-8.69425e-05
1.17917e-05
9.27303e-05
-4.20872e-05
6.12797e-05
-4.08802e-05
5.19728e-05
-3.44139e-05
4.42525e-05
-2.84486e-05
3.71813e-05
-2.33286e-05
3.08917e-05
-1.90202e-05
2.54453e-05
-1.54386e-05
2.08199e-05
-1.24875e-05
1.69473e-05
-1.00717e-05
1.37386e-05
-8.10396e-06
1.11008e-05
-6.50736e-06
8.94521e-06
-5.21594e-06
7.19174e-06
-4.17406e-06
5.77057e-06
-3.33542e-06
4.62215e-06
-2.66181e-06
3.69647e-06
-2.12192e-06
2.95204e-06
-1.69027e-06
2.35446e-06
-1.34702e-06
1.87189e-06
-1.09164e-06
1.41426e-06
-1.16468e-06
3.80207e-07
1.3488e-06
-4.45932e-07
7.83672e-07
-4.38296e-07
6.09763e-07
-3.62146e-07
4.90588e-07
-2.99326e-07
3.98611e-07
-2.5102e-07
3.27429e-07
-2.14284e-07
2.72939e-07
-1.85738e-07
2.33318e-07
-1.57488e-07
2.03167e-07
-1.22019e-07
1.70415e-07
-8.50663e-08
1.31238e-07
-5.6415e-08
1.08995e-07
-1.99321e-09
5.39769e-08
1.75804e-08
4.46314e-09
1.09232e-09
3.20189e-10
0.00430281
-0.00284126
-0.000856823
-0.000395518
-8.17334e-06
-9.92738e-05
6.55761e-05
-7.10512e-05
8.69697e-05
-1.17688e-05
-9.27102e-05
4.21057e-05
-6.12625e-05
4.08961e-05
-5.19584e-05
3.44267e-05
-4.4241e-05
2.84588e-05
-3.71722e-05
2.33367e-05
-3.08846e-05
1.90266e-05
-2.54396e-05
1.54437e-05
-2.08154e-05
1.24915e-05
-1.69437e-05
1.00749e-05
-1.37358e-05
8.10648e-06
-1.10986e-05
6.50936e-06
-8.94344e-06
5.21752e-06
-7.19033e-06
4.17532e-06
-5.76945e-06
3.33642e-06
-4.62126e-06
2.6626e-06
-3.69576e-06
2.12255e-06
-2.95147e-06
1.69077e-06
-2.35401e-06
1.34742e-06
-1.87154e-06
1.09193e-06
-1.41402e-06
1.16486e-06
-3.80067e-07
-1.34868e-06
4.46054e-07
-7.8355e-07
4.38413e-07
-6.09654e-07
3.62243e-07
-4.90504e-07
2.99399e-07
-3.9855e-07
2.5107e-07
-3.2739e-07
2.14314e-07
-2.72919e-07
1.8575e-07
-2.33315e-07
1.57484e-07
-2.03176e-07
1.22005e-07
-1.70433e-07
8.5047e-08
-1.31258e-07
5.6396e-08
-1.09012e-07
1.98012e-09
-5.39859e-08
-1.75858e-08
-4.46579e-09
-1.09349e-09
-3.21657e-10
0.0131938
-0.00888887
-0.00250942
-0.00118351
-5.32302e-06
-0.000308019
0.000208819
-0.000224911
0.000271207
-3.59907e-05
-0.000286735
0.000135867
-0.000191988
0.000130507
-0.000163028
0.000109897
-0.000138764
9.09225e-05
-0.00011655
7.461e-05
-9.68091e-05
6.08637e-05
-7.97246e-05
4.94242e-05
-6.52222e-05
3.99904e-05
-5.30838e-05
3.22628e-05
-4.3029e-05
2.59654e-05
-3.47646e-05
2.08538e-05
-2.80119e-05
1.6718e-05
-2.25196e-05
1.33805e-05
-1.80685e-05
1.06935e-05
-1.44719e-05
8.53487e-06
-1.15731e-05
6.80445e-06
-9.24209e-06
5.42068e-06
-7.3711e-06
4.31977e-06
-5.86127e-06
3.49516e-06
-4.44492e-06
3.66004e-06
-1.16278e-06
-4.15616e-06
1.45948e-06
-2.44842e-06
1.40629e-06
-1.90955e-06
1.1599e-06
-1.53705e-06
9.57864e-07
-1.24941e-06
8.02463e-07
-1.02686e-06
6.84209e-07
-8.56491e-07
5.92453e-07
-7.32251e-07
5.02593e-07
-6.36888e-07
3.90789e-07
-5.33153e-07
2.74067e-07
-4.09885e-07
1.83349e-07
-3.38062e-07
1.26409e-08
-1.65638e-07
-5.18177e-08
-1.30032e-08
-3.17439e-09
-9.31952e-10
0.0229684
-0.0160746
-0.00395955
-0.00196531
5.70042e-05
-0.000549331
0.000390278
-0.000415787
0.000487741
-6.23223e-05
-0.00050756
0.000259769
-0.000348618
0.000244859
-0.000296666
0.000206314
-0.000252346
0.00017094
-0.000211813
0.000140442
-0.000175848
0.000114676
-0.000144759
9.3193e-05
-0.000118391
7.54502e-05
-9.63342e-05
6.09001e-05
-7.80723e-05
4.90324e-05
-6.30674e-05
3.93929e-05
-5.08105e-05
3.15894e-05
-4.08433e-05
2.52895e-05
-3.27671e-05
2.02156e-05
-2.62424e-05
1.6138e-05
-2.09843e-05
1.28684e-05
-1.67566e-05
1.02528e-05
-1.33639e-05
8.17021e-06
-1.06296e-05
6.59281e-06
-8.11533e-06
6.67435e-06
-2.0169e-06
-7.30646e-06
2.8552e-06
-4.42261e-06
2.66203e-06
-3.46392e-06
2.18905e-06
-2.79052e-06
1.80508e-06
-2.27006e-06
1.50962e-06
-1.86748e-06
1.28457e-06
-1.5593e-06
1.1104e-06
-1.33331e-06
9.42892e-07
-1.1571e-06
7.37786e-07
-9.65002e-07
5.22825e-07
-7.39531e-07
3.54938e-07
-6.01963e-07
4.44822e-08
-2.88961e-07
-8.30425e-08
-2.03773e-08
-4.9496e-09
-1.45109e-09
0.0343051
-0.025306
-0.00500434
-0.00274781
0.00022485
-0.000852149
0.000641867
-0.00067477
0.000762671
-9.26167e-05
-0.000776678
0.000438887
-0.000553152
0.000404765
-0.000471943
0.000341324
-0.00040109
0.000283304
-0.000336381
0.000233101
-0.000279081
0.000190557
-0.000229625
0.000155
-0.000187725
0.000125581
-0.000152704
0.000101422
-0.000123726
8.16971e-05
-9.99261e-05
6.56624e-05
-8.04919e-05
5.26732e-05
-6.46926e-05
4.21814e-05
-5.18937e-05
3.37275e-05
-4.15555e-05
2.69311e-05
-3.32257e-05
2.14792e-05
-2.65295e-05
1.71162e-05
-2.11572e-05
1.3639e-05
-1.68345e-05
1.09716e-05
-1.29622e-05
1.0631e-05
-3.00437e-06
-1.10724e-05
4.95058e-06
-6.96947e-06
4.44782e-06
-5.48801e-06
3.64479e-06
-4.42587e-06
3.00013e-06
-3.60399e-06
2.50384e-06
-2.96858e-06
2.12539e-06
-2.48212e-06
1.83335e-06
-2.12277e-06
1.55857e-06
-1.83684e-06
1.22891e-06
-1.5243e-06
8.81728e-07
-1.16335e-06
6.08654e-07
-9.29948e-07
1.1555e-07
-4.33841e-07
-1.08527e-07
-2.58565e-08
-6.24435e-09
-1.82821e-09
0.048027
-0.0377333
-0.00532671
-0.00355844
0.000555126
-0.00125741
0.00100624
-0.00104358
0.00112961
-0.000129485
-0.00112153
0.000706535
-0.00083548
0.000638242
-0.000714652
0.000538713
-0.000606768
0.000447957
-0.000508402
0.000369129
-0.000421495
0.000302113
-0.000346609
0.000245968
-0.00028324
0.000199429
-0.000230322
0.00016116
-0.000186562
0.000129879
-0.000150642
0.00010443
-0.000121321
8.3801e-05
-9.74911e-05
6.71294e-05
-7.81918e-05
5.36901e-05
-6.26063e-05
4.28815e-05
-5.00512e-05
3.42078e-05
-3.99602e-05
2.72637e-05
-3.18666e-05
2.17245e-05
-2.53652e-05
1.74248e-05
-1.97059e-05
1.60805e-05
-4.2113e-06
-1.57992e-05
8.16616e-06
-1.04476e-05
7.08968e-06
-8.27311e-06
5.7902e-06
-6.67971e-06
4.7576e-06
-5.44534e-06
3.96223e-06
-4.49149e-06
3.355e-06
-3.76122e-06
2.88771e-06
-3.21727e-06
2.45771e-06
-2.7747e-06
1.95307e-06
-2.28975e-06
1.41884e-06
-1.73973e-06
9.9488e-07
-1.36124e-06
2.50448e-07
-6.13688e-07
-1.24295e-07
-2.88072e-08
-6.92751e-09
-2.02639e-09
-0.00163082
0.000541679
-0.00286412
0.00251473
-0.00199151
0.00228334
-0.00132599
0.00162499
-0.001058
0.000413957
0.00103763
-0.000444933
0.000618434
-0.000368694
0.000453329
-0.0002819
0.000341562
-0.000215002
0.000259408
-0.000164132
0.000197701
-0.000125271
0.000150847
-9.54879e-05
0.000115054
-7.26306e-05
8.76252e-05
-5.50901e-05
6.65834e-05
-4.16443e-05
5.04456e-05
-3.13559e-05
3.80841e-05
-2.35018e-05
2.86333e-05
-1.75226e-05
2.14255e-05
-1.29852e-05
1.59442e-05
-9.55418e-06
1.17893e-05
-6.97039e-06
8.65169e-06
-5.03396e-06
6.29222e-06
-3.59179e-06
4.52406e-06
-2.53772e-06
3.15563e-06
-2.00183e-06
8.88964e-07
1.93991e-06
-6.81861e-07
1.05433e-06
-4.8848e-07
6.74951e-07
-3.04541e-07
4.26537e-07
-1.81866e-07
2.61373e-07
-1.04927e-07
1.55029e-07
-5.8655e-08
8.91005e-08
-3.18318e-08
4.97092e-08
-1.67562e-08
2.69427e-08
-8.48428e-09
1.41507e-08
-4.00884e-09
7.17537e-09
-1.32484e-09
3.10383e-09
4.45019e-11
7.59923e-10
1.56415e-10
3.62801e-11
8.64477e-12
2.46066e-12
-0.00119564
0.000241877
-0.0019394
0.00163312
-0.00126559
0.00152082
-0.000819971
0.00108137
-0.000684817
0.00029543
0.000734408
-0.000262103
0.000415548
-0.000228135
0.000302518
-0.000175308
0.00022769
-0.00013388
0.000172864
-0.000102258
0.000131728
-7.80579e-05
0.00010051
-5.94927e-05
7.66686e-05
-4.52382e-05
5.8401e-05
-3.42979e-05
4.4387e-05
-2.59124e-05
3.36382e-05
-1.94975e-05
2.54034e-05
-1.46022e-05
1.91065e-05
-1.08772e-05
1.43029e-05
-8.0519e-06
1.0649e-05
-5.91682e-06
7.87858e-06
-4.3101e-06
5.7857e-06
-3.10694e-06
4.21122e-06
-2.21198e-06
3.03003e-06
-1.56227e-06
2.1031e-06
-1.28991e-06
6.33538e-07
1.38121e-06
-3.86461e-07
7.155e-07
-2.92328e-07
4.56107e-07
-1.81644e-07
2.887e-07
-1.07519e-07
1.77286e-07
-6.14092e-08
1.05375e-07
-3.39645e-08
6.06822e-08
-1.82297e-08
3.3919e-08
-9.48117e-09
1.84213e-08
-4.72745e-09
9.7008e-09
-2.17195e-09
4.95108e-09
-6.14602e-10
2.17557e-09
1.54543e-10
5.51543e-10
1.37069e-10
3.25801e-11
7.79179e-12
2.2198e-12
-0.000818334
8.63429e-05
-0.00124529
0.00100995
-0.00076745
0.000963061
-0.000483918
0.000684208
-0.000421695
0.000198383
0.000488462
-0.000146362
0.000265412
-0.000134639
0.00019197
-0.000104015
0.000144343
-7.95414e-05
0.000109551
-6.07866e-05
8.34713e-05
-4.64078e-05
6.36901e-05
-3.53662e-05
4.8587e-05
-2.68843e-05
3.70159e-05
-2.03737e-05
2.81392e-05
-1.53838e-05
2.13301e-05
-1.15675e-05
1.6113e-05
-8.6563e-06
1.21229e-05
-6.44208e-06
9.07854e-06
-4.76356e-06
6.76224e-06
-3.49588e-06
5.00554e-06
-2.54258e-06
3.67808e-06
-1.82933e-06
2.67905e-06
-1.29945e-06
1.92881e-06
-9.17582e-07
1.33254e-06
-7.90946e-07
4.24906e-07
9.22934e-07
-2.05988e-07
4.60956e-07
-1.66511e-07
2.92646e-07
-1.03121e-07
1.85488e-07
-6.04428e-08
1.14116e-07
-3.41273e-08
6.79523e-08
-1.86428e-08
3.91992e-08
-9.87519e-09
2.19471e-08
-5.06091e-09
1.19402e-08
-2.47499e-09
6.30209e-09
-1.09547e-09
3.23397e-09
-2.38818e-10
1.43964e-09
1.67799e-10
3.75593e-10
1.05315e-10
2.5693e-11
6.17537e-12
1.76174e-12
-0.00047756
1.98474e-05
-0.000695043
0.000547727
-0.000409934
0.000532133
-0.000252702
0.000377812
-0.000227783
0.000114392
0.000279391
-7.25852e-05
0.000147662
-7.02837e-05
0.00010626
-5.45521e-05
7.98356e-05
-4.17646e-05
6.05774e-05
-3.19316e-05
4.61523e-05
-2.43813e-05
3.52151e-05
-1.85786e-05
2.68662e-05
-1.41194e-05
2.04703e-05
-1.0696e-05
1.55637e-05
-8.07252e-06
1.17998e-05
-6.06646e-06
8.91558e-06
-4.53664e-06
6.70946e-06
-3.37353e-06
5.02597e-06
-2.49221e-06
3.74487e-06
-1.82695e-06
2.77309e-06
-1.32698e-06
2.0386e-06
-9.5317e-07
1.48567e-06
-6.75768e-07
1.07012e-06
-4.77141e-07
7.36602e-07
-4.25804e-07
2.4479e-07
5.29587e-07
-9.74654e-08
2.58098e-07
-8.42282e-08
1.63329e-07
-5.20138e-08
1.03626e-07
-3.02102e-08
6.38407e-08
-1.68721e-08
3.80665e-08
-9.10633e-09
2.19872e-08
-4.76065e-09
1.23254e-08
-2.40314e-09
6.71413e-09
-1.15124e-09
3.54968e-09
-4.88519e-10
1.82866e-09
-6.92563e-11
8.21618e-10
1.2182e-10
2.18746e-10
6.59285e-11
1.64033e-11
3.95953e-12
1.13143e-12
-0.000156935
1.57003e-06
-0.00022335
0.000173298
-0.000128608
0.000170107
-7.82505e-05
0.000120731
-7.18897e-05
3.73974e-05
9.09229e-05
-2.17629e-05
4.73838e-05
-2.17563e-05
3.4003e-05
-1.69336e-05
2.55365e-05
-1.2973e-05
1.93739e-05
-9.92132e-06
1.47597e-05
-7.57597e-06
1.12619e-05
-5.77259e-06
8.59222e-06
-4.38642e-06
6.5471e-06
-3.32219e-06
4.97819e-06
-2.50663e-06
3.77463e-06
-1.8831e-06
2.85233e-06
-1.40768e-06
2.14681e-06
-1.04629e-06
1.60839e-06
-7.72534e-07
1.19863e-06
-5.65953e-07
8.87768e-07
-4.10749e-07
6.52786e-07
-2.94759e-07
4.75865e-07
-2.08738e-07
3.42843e-07
-1.47383e-07
2.35516e-07
-1.34141e-07
7.99833e-08
1.72619e-07
-2.83206e-08
8.31006e-08
-2.55839e-08
5.24932e-08
-1.5772e-08
3.33224e-08
-9.10842e-09
2.05439e-08
-5.05175e-09
1.22586e-08
-2.70532e-09
7.08539e-09
-1.40204e-09
3.97442e-09
-7.00515e-10
2.16649e-09
-3.30787e-10
1.1464e-09
-1.36063e-10
5.91784e-10
-1.13493e-11
2.67168e-10
4.39452e-11
7.18765e-11
2.24078e-11
5.63188e-12
1.36237e-12
3.90546e-13
0.000157229
-1.47135e-06
0.000223392
-0.000173268
0.000128625
-0.000170096
7.82569e-05
-0.000120728
7.18908e-05
-3.73975e-05
-9.09227e-05
2.17642e-05
-4.73816e-05
2.17589e-05
-3.40003e-05
1.69361e-05
-2.55342e-05
1.29749e-05
-1.93722e-05
9.92279e-06
-1.47584e-05
7.57705e-06
-1.1261e-05
5.77337e-06
-8.59157e-06
4.38696e-06
-6.54665e-06
3.32257e-06
-4.97788e-06
2.50689e-06
-3.77443e-06
1.88327e-06
-2.85219e-06
1.40778e-06
-2.14673e-06
1.04635e-06
-1.60834e-06
7.72566e-07
-1.19861e-06
5.65965e-07
-8.87763e-07
4.10749e-07
-6.5279e-07
2.94752e-07
-4.75874e-07
2.08727e-07
-3.42855e-07
1.47369e-07
-2.35532e-07
1.34121e-07
-8.0003e-08
-1.72636e-07
2.8307e-08
-8.31106e-08
2.55764e-08
-5.2499e-08
1.57673e-08
-3.33261e-08
9.10534e-09
-2.05464e-08
5.04972e-09
-1.22602e-08
2.70404e-09
-7.0864e-09
1.40125e-09
-3.97503e-09
7.00044e-10
-2.16685e-09
3.30511e-10
-1.14661e-09
1.35906e-10
-5.919e-10
1.12668e-11
-2.67224e-10
-4.39814e-11
-7.18982e-11
-2.24201e-11
-5.63851e-12
-1.36525e-12
-3.88631e-13
0.000477766
-1.97753e-05
0.000695077
-0.000547701
0.00040995
-0.000532122
0.00025271
-0.000377807
0.000227786
-0.00011439
-0.000279389
7.25874e-05
-0.000147659
7.02865e-05
-0.000106257
5.45546e-05
-7.98333e-05
4.17665e-05
-6.05757e-05
3.19331e-05
-4.6151e-05
2.43824e-05
-3.52142e-05
1.85794e-05
-2.68655e-05
1.41199e-05
-2.04698e-05
1.06964e-05
-1.55634e-05
8.0728e-06
-1.17995e-05
6.06666e-06
-8.91542e-06
4.53677e-06
-6.70935e-06
3.37361e-06
-5.0259e-06
2.49226e-06
-3.74483e-06
1.82698e-06
-2.77307e-06
1.32699e-06
-2.03859e-06
9.53176e-07
-1.48567e-06
6.75769e-07
-1.07012e-06
4.77136e-07
-7.36609e-07
4.25795e-07
-2.44801e-07
-5.29597e-07
9.74577e-08
-2.58104e-07
8.42241e-08
-1.63332e-07
5.20112e-08
-1.03628e-07
3.02085e-08
-6.38421e-08
1.68709e-08
-3.80675e-08
9.10556e-09
-2.19878e-08
4.76017e-09
-1.23258e-08
2.40284e-09
-6.71436e-09
1.15107e-09
-3.54981e-09
4.88418e-10
-1.82874e-09
6.92024e-11
-8.21655e-10
-1.21844e-10
-2.1876e-10
-6.59368e-11
-1.64078e-11
-3.96156e-12
-1.13012e-12
0.000818374
-8.63244e-05
0.00124531
-0.00100993
0.000767459
-0.000963053
0.000483924
-0.000684203
0.0004217
-0.000198379
-0.000488459
0.000146364
-0.000265409
0.000134641
-0.000191968
0.000104016
-0.000144341
7.95426e-05
-0.00010955
6.07875e-05
-8.34705e-05
4.64085e-05
-6.36895e-05
3.53667e-05
-4.85865e-05
2.68847e-05
-3.70156e-05
2.0374e-05
-2.81389e-05
1.5384e-05
-2.13299e-05
1.15677e-05
-1.61128e-05
8.65641e-06
-1.21228e-05
6.44216e-06
-9.07847e-06
4.76361e-06
-6.76219e-06
3.49592e-06
-5.0055e-06
2.54261e-06
-3.67805e-06
1.82935e-06
-2.67903e-06
1.29947e-06
-1.9288e-06
9.1759e-07
-1.33253e-06
7.9095e-07
-4.24903e-07
-9.22932e-07
2.05989e-07
-4.60954e-07
1.66512e-07
-2.92645e-07
1.03121e-07
-1.85488e-07
6.0443e-08
-1.14116e-07
3.41274e-08
-6.79523e-08
1.86429e-08
-3.91992e-08
9.87521e-09
-2.19471e-08
5.06091e-09
-1.19402e-08
2.47498e-09
-6.3021e-09
1.09546e-09
-3.23398e-09
2.38814e-10
-1.43964e-09
-1.67801e-10
-3.75595e-10
-1.05316e-10
-2.56938e-11
-6.17578e-12
-1.76153e-12
0.00119547
-0.000241933
0.00193938
-0.00163314
0.00126558
-0.00152082
0.00081997
-0.00108137
0.000684818
-0.000295429
-0.000734407
0.000262104
-0.000415548
0.000228134
-0.000302519
0.000175307
-0.000227691
0.000133879
-0.000172865
0.000102257
-0.000131728
7.80575e-05
-0.00010051
5.94924e-05
-7.66688e-05
4.5238e-05
-5.84012e-05
3.42978e-05
-4.43871e-05
2.59123e-05
-3.36382e-05
1.94974e-05
-2.54034e-05
1.46022e-05
-1.91065e-05
1.08772e-05
-1.43029e-05
8.0519e-06
-1.0649e-05
5.91684e-06
-7.87857e-06
4.31011e-06
-5.78569e-06
3.10695e-06
-4.21121e-06
2.21199e-06
-3.03002e-06
1.56228e-06
-2.10309e-06
1.28992e-06
-6.33524e-07
-1.3812e-06
3.86471e-07
-7.15493e-07
2.92334e-07
-4.56103e-07
1.81647e-07
-2.88698e-07
1.07521e-07
-1.77284e-07
6.14106e-08
-1.05374e-07
3.39653e-08
-6.06815e-08
1.82302e-08
-3.39186e-08
9.48147e-09
-1.84211e-08
4.72763e-09
-9.70066e-09
2.17205e-09
-4.95101e-09
6.14654e-10
-2.17554e-09
-1.5452e-10
-5.5153e-10
-1.37062e-10
-3.25761e-11
-7.79008e-12
-2.22096e-12
0.00163046
-0.000541812
0.00286405
-0.00251479
0.00199147
-0.00228337
0.00132597
-0.001625
0.00105799
-0.000413964
-0.00103764
0.000444927
-0.000618441
0.000368687
-0.000453335
0.000281895
-0.000341567
0.000214998
-0.000259412
0.000164129
-0.000197704
0.000125269
-0.000150849
9.54861e-05
-0.000115055
7.26292e-05
-8.76263e-05
5.50891e-05
-6.65842e-05
4.16436e-05
-5.04462e-05
3.13554e-05
-3.80845e-05
2.35014e-05
-2.86336e-05
1.75224e-05
-2.14257e-05
1.2985e-05
-1.59443e-05
9.55409e-06
-1.17894e-05
6.97033e-06
-8.65173e-06
5.03393e-06
-6.29225e-06
3.59178e-06
-4.52407e-06
2.53772e-06
-3.15562e-06
2.00185e-06
-8.88951e-07
-1.9399e-06
6.81871e-07
-1.05432e-06
4.88485e-07
-6.74947e-07
3.04545e-07
-4.26534e-07
1.81868e-07
-2.61371e-07
1.04929e-07
-1.55028e-07
5.86561e-08
-8.90996e-08
3.18325e-08
-4.97086e-08
1.67566e-08
-2.69424e-08
8.48456e-09
-1.41505e-08
4.00901e-09
-7.17525e-09
1.32493e-09
-3.10377e-09
-4.44616e-11
-7.59899e-10
-1.56401e-10
-3.62722e-11
-8.64116e-12
-2.46293e-12
)
;

boundaryField
{
    F1_1
    {
        type            calculated;
        value           nonuniform List<scalar> 
80
(
-0.00187155
0.000736755
-0.00341215
0.00304738
-0.00243621
0.00274014
-0.00163985
0.00195155
-0.00128544
0.000482132
0.00121352
-0.000560329
0.000740607
-0.000456332
0.000544536
-0.000348323
0.000410544
-0.000265573
0.000311897
-0.000202726
0.000237753
-0.00015474
0.000181431
-0.000117969
0.000138392
-8.97509e-05
0.000105405
-6.80945e-05
8.00948e-05
-5.14909e-05
6.06818e-05
-3.87836e-05
4.58105e-05
-2.90804e-05
3.44404e-05
-2.16916e-05
2.57687e-05
-1.60826e-05
1.91741e-05
-1.18399e-05
1.41754e-05
-8.64371e-06
1.04007e-05
-6.24728e-06
7.56233e-06
-4.46151e-06
5.43602e-06
-3.15296e-06
3.79959e-06
-2.44303e-06
1.03965e-06
2.26852e-06
-8.71974e-07
1.26032e-06
-6.1335e-07
8.08269e-07
-3.82913e-07
5.10489e-07
-2.29423e-07
3.12576e-07
-1.32859e-07
1.85264e-07
-7.4556e-08
1.06406e-07
-4.06203e-08
5.93257e-08
-2.14721e-08
3.21322e-08
-1.09282e-08
1.68592e-08
-5.20956e-09
8.52449e-09
-1.79929e-09
3.66174e-09
-4.08732e-11
8.82897e-10
1.63895e-10
3.76159e-11
8.95195e-12
2.54761e-12
)
;
    }
    F1_2
    {
        type            calculated;
        value           nonuniform List<scalar> 
80
(
0.0555869
-0.0448973
-0.00524775
-0.00398229
0.00077919
-0.0015012
0.00123315
-0.00127138
0.0013523
-0.000150748
-0.00132807
0.000875228
-0.00100937
0.000784769
-0.000864534
0.000662854
-0.00073396
0.000551746
-0.000614931
0.000455055
-0.000509819
0.000372716
-0.000419268
0.000303641
-0.00034265
0.000246323
-0.000278667
0.000199146
-0.000225752
0.000160557
-0.00018231
0.000129141
-0.000146843
0.000103662
-0.000118013
8.30603e-05
-9.46603e-05
6.64464e-05
-7.57981e-05
5.30796e-05
-6.0601e-05
4.23495e-05
-4.83852e-05
3.37564e-05
-3.85867e-05
2.68985e-05
-3.07199e-05
2.15515e-05
-2.39521e-05
1.94979e-05
-4.94359e-06
-1.8682e-05
1.02404e-05
-1.26272e-05
8.77935e-06
-1.00212e-05
7.16055e-06
-8.09439e-06
5.87885e-06
-6.60096e-06
4.89113e-06
-5.44699e-06
4.13633e-06
-4.5632e-06
3.55553e-06
-3.90214e-06
3.02503e-06
-3.35843e-06
2.40921e-06
-2.76279e-06
1.75764e-06
-2.09423e-06
1.23815e-06
-1.62184e-06
3.40108e-07
-7.20119e-07
-1.30205e-07
-2.98207e-08
-7.1609e-09
-2.09404e-09
)
;
    }
    F1_3
    {
        type            calculated;
        value           nonuniform List<scalar> 
80
(
-0.0555989
0.0449084
0.0052586
0.00397585
-0.000768918
0.00149163
-0.00122288
0.00126143
-0.00134094
0.000149895
0.00131674
-0.000867344
0.00100041
-0.000777478
0.000856583
-0.000656489
0.000726981
-0.000546277
0.000608895
-0.000450408
0.00050466
-0.000368804
0.000414904
-0.000300371
0.000338989
-0.000243608
0.000275617
-0.000196905
0.000223226
-0.000158716
0.000180229
-0.000127636
0.000145138
-0.000102437
0.000116622
-8.20673e-05
9.35301e-05
-6.56443e-05
7.48833e-05
-5.2434e-05
5.98633e-05
-4.18315e-05
4.77922e-05
-3.3342e-05
3.81115e-05
-2.65675e-05
3.03405e-05
-2.12861e-05
2.36558e-05
-1.92578e-05
4.88185e-06
1.84512e-05
-1.0115e-05
1.24715e-05
-8.67229e-06
9.89803e-06
-7.07381e-06
7.99547e-06
-5.80833e-06
6.52093e-06
-4.83334e-06
5.38176e-06
-4.08866e-06
4.50959e-06
-3.51617e-06
3.8577e-06
-2.99388e-06
3.32248e-06
-2.38632e-06
2.73547e-06
-1.74182e-06
2.07457e-06
-1.22841e-06
1.60842e-06
-3.37431e-07
7.1432e-07
1.2916e-07
2.9583e-08
7.1044e-09
2.07912e-09
)
;
    }
    F1_4
    {
        type            calculated;
        value           nonuniform List<scalar> 
80
(
0.0018655
-0.000735853
0.00339656
-0.00303432
0.00242403
-0.00272715
0.00163094
-0.00194152
0.00127795
-0.000479843
-0.00120644
0.000556728
-0.00073605
0.000453331
-0.000541054
0.000345971
-0.000407837
0.000263738
-0.000309787
0.000201297
-0.000236108
0.000153629
-0.000180151
0.000117108
-0.000137398
8.90858e-05
-0.000104635
6.75827e-05
-7.95012e-05
5.10987e-05
-6.02256e-05
3.84843e-05
-4.54614e-05
2.88533e-05
-3.41746e-05
2.15202e-05
-2.55674e-05
1.59541e-05
-1.90225e-05
1.17443e-05
-1.4062e-05
8.57318e-06
-1.03166e-05
6.19581e-06
-7.50055e-06
4.42443e-06
-5.39117e-06
3.12654e-06
-3.76796e-06
2.42241e-06
-1.03105e-06
-2.24934e-06
8.64486e-07
-1.24957e-06
6.08037e-07
-8.0131e-07
3.79553e-07
-5.06042e-07
2.27376e-07
-3.09813e-07
1.3165e-07
-1.83598e-07
7.3865e-08
-1.05431e-07
4.02375e-08
-5.87724e-08
2.12667e-08
-3.18276e-08
1.08229e-08
-1.66973e-08
5.15989e-09
-8.4427e-09
1.78235e-09
-3.62685e-09
4.02609e-11
-8.74192e-10
-1.62271e-10
-3.72374e-11
-8.85956e-12
-2.52503e-12
)
;
    }
    F2_1
    {
        type            calculated;
        value           nonuniform List<scalar> 
80
(
0.00187111
-0.000736926
0.00341205
-0.00304745
0.00243615
-0.00274018
0.00163982
-0.00195157
0.00128542
-0.000482145
-0.00121353
0.000560318
-0.000740618
0.000456321
-0.000544546
0.000348314
-0.000410551
0.000265566
-0.000311903
0.000202721
-0.000237757
0.000154736
-0.000181434
0.000117967
-0.000138395
8.97488e-05
-0.000105407
6.8093e-05
-8.00961e-05
5.14898e-05
-6.06827e-05
3.87828e-05
-4.58111e-05
2.90799e-05
-3.44409e-05
2.16912e-05
-2.57691e-05
1.60824e-05
-1.91743e-05
1.18398e-05
-1.41756e-05
8.6436e-06
-1.04008e-05
6.24721e-06
-7.56239e-06
4.46147e-06
-5.43604e-06
3.15294e-06
-3.7996e-06
2.44304e-06
-1.03964e-06
-2.26851e-06
8.71982e-07
-1.26032e-06
6.13354e-07
-8.08266e-07
3.82916e-07
-5.10486e-07
2.29425e-07
-3.12574e-07
1.3286e-07
-1.85263e-07
7.45571e-08
-1.06405e-07
4.06211e-08
-5.93251e-08
2.14725e-08
-3.21318e-08
1.09285e-08
-1.68589e-08
5.20973e-09
-8.52435e-09
1.79939e-09
-3.66167e-09
4.09192e-11
-8.82868e-10
-1.63878e-10
-3.76064e-11
-8.94755e-12
-2.55027e-12
)
;
    }
    F2_2
    {
        type            calculated;
        value           nonuniform List<scalar> 
80
(
-0.0555876
0.0448971
0.0052477
0.00398223
-0.000779261
0.00150112
-0.00123322
0.0012713
-0.00135236
0.000150694
0.00132802
-0.000875273
0.00100933
-0.000784807
0.0008645
-0.000662885
0.000733933
-0.00055177
0.000614909
-0.000455075
0.000509801
-0.000372732
0.000419254
-0.000303654
0.000342639
-0.000246333
0.000278658
-0.000199154
0.000225745
-0.000160563
0.000182304
-0.000129146
0.000146838
-0.000103666
0.00011801
-8.30636e-05
9.46574e-05
-6.6449e-05
7.57957e-05
-5.30816e-05
6.05992e-05
-4.23511e-05
4.83837e-05
-3.37577e-05
3.85855e-05
-2.68996e-05
3.0719e-05
-2.15523e-05
2.39514e-05
-1.94985e-05
4.94313e-06
1.86816e-05
-1.02408e-05
1.26269e-05
-8.77967e-06
1.00209e-05
-7.16081e-06
8.09416e-06
-5.87905e-06
6.60078e-06
-4.89127e-06
5.44687e-06
-4.13643e-06
4.56311e-06
-3.55559e-06
3.9021e-06
-3.02506e-06
3.35841e-06
-2.40921e-06
2.7628e-06
-1.75762e-06
2.09425e-06
-1.23813e-06
1.62186e-06
-3.40092e-07
7.2013e-07
1.30211e-07
2.98239e-08
7.16223e-09
2.09604e-09
)
;
    }
    F2_3
    {
        type            calculated;
        value           nonuniform List<scalar> 
80
(
0.0555982
-0.0449085
-0.00525865
-0.00397591
0.000768848
-0.00149171
0.00122281
-0.0012615
0.00134088
-0.000149949
-0.00131679
0.0008673
-0.00100045
0.000777441
-0.000856616
0.000656459
-0.000727009
0.000546252
-0.000608916
0.000450389
-0.000504678
0.000368788
-0.000414918
0.000300359
-0.000339
0.000243598
-0.000275626
0.000196897
-0.000223233
0.00015871
-0.000180235
0.000127631
-0.000145142
0.000102433
-0.000116626
8.20641e-05
-9.3533e-05
6.56418e-05
-7.48856e-05
5.2432e-05
-5.98651e-05
4.18299e-05
-4.77937e-05
3.33407e-05
-3.81127e-05
2.65665e-05
-3.03414e-05
2.12853e-05
-2.36564e-05
1.92572e-05
-4.88231e-06
-1.84516e-05
1.01147e-05
-1.24719e-05
8.67197e-06
-9.89832e-06
7.07355e-06
-7.99569e-06
5.80813e-06
-6.5211e-06
4.8332e-06
-5.38188e-06
4.08856e-06
-4.50967e-06
3.51611e-06
-3.85774e-06
2.99386e-06
-3.32249e-06
2.38631e-06
-2.73546e-06
1.74184e-06
-2.07456e-06
1.22843e-06
-1.6084e-06
3.37447e-07
-7.14309e-07
-1.29153e-07
-2.95799e-08
-7.10308e-09
-2.07714e-09
)
;
    }
    F2_4
    {
        type            calculated;
        value           nonuniform List<scalar> 
80
(
-0.00186594
0.000735683
-0.00339665
0.00303424
-0.00242409
0.00272711
-0.00163097
0.00194149
-0.00127797
0.00047983
0.00120643
-0.000556739
0.000736039
-0.000453341
0.000541045
-0.000345979
0.00040783
-0.000263745
0.000309781
-0.000201302
0.000236104
-0.000153633
0.000180148
-0.000117111
0.000137396
-8.90878e-05
0.000104634
-6.75842e-05
7.95e-05
-5.10998e-05
6.02247e-05
-3.84851e-05
4.54608e-05
-2.88539e-05
3.41742e-05
-2.15205e-05
2.55671e-05
-1.59544e-05
1.90223e-05
-1.17445e-05
1.40619e-05
-8.57329e-06
1.03165e-05
-6.19588e-06
7.5005e-06
-4.42446e-06
5.39114e-06
-3.12655e-06
3.76796e-06
-2.4224e-06
1.03106e-06
2.24935e-06
-8.64478e-07
1.24958e-06
-6.08033e-07
8.01313e-07
-3.7955e-07
5.06044e-07
-2.27374e-07
3.09815e-07
-1.31649e-07
1.83599e-07
-7.38639e-08
1.05432e-07
-4.02368e-08
5.8773e-08
-2.12663e-08
3.1828e-08
-1.08226e-08
1.66975e-08
-5.15972e-09
8.44284e-09
-1.78225e-09
3.62692e-09
-4.02153e-11
8.7422e-10
1.62287e-10
3.72468e-11
8.86392e-12
2.52239e-12
)
;
    }
    defaultFaces
    {
        type            empty;
    }
}


// ************************************************************************* //
