/*--------------------------------*- C++ -*----------------------------------*\
| =========                 |                                                 |
| \\      /  F ield         | OpenFOAM: The Open Source CFD Toolbox           |
|  \\    /   O peration     | Version:  5.x                                   |
|   \\  /    A nd           | Web:      www.OpenFOAM.org                      |
|    \\/     M anipulation  |                                                 |
\*---------------------------------------------------------------------------*/
FoamFile
{
    version     2.0;
    format      ascii;
    class       volScalarField;
    location    "11.7";
    object      gradTx;
}
// * * * * * * * * * * * * * * * * * * * * * * * * * * * * * * * * * * * * * //

dimensions      [0 -1 0 1 0 0 0];

internalField   nonuniform List<scalar> 
6300
(
24.3809
24.7281
25.4164
26.4337
27.7601
29.3673
31.2171
33.2595
35.4325
37.6618
39.8624
41.9421
43.8066
45.3663
46.5446
24.0328
24.3859
25.0866
26.1235
27.4782
29.1239
31.0234
33.1278
35.3751
37.6893
39.9823
42.1563
44.1101
45.7466
46.9819
23.3307
23.6951
24.4196
25.4946
26.9045
28.6255
30.6237
32.8523
35.2496
37.7371
40.22
42.5897
44.7299
46.5268
47.8808
22.2632
22.6434
23.401
24.5298
26.0186
27.849
29.9926
32.4072
35.0328
37.7884
40.5698
43.2513
45.6919
47.7487
49.2942
20.8145
21.2133
22.0103
23.2041
24.7901
26.7583
29.0895
31.7499
34.685
37.8128
41.0185
44.1526
47.0367
49.4807
51.3099
18.9662
19.3839
20.222
21.4852
23.1783
25.3036
27.8562
30.8169
34.1433
37.7583
41.5378
45.3027
48.8205
51.8262
54.0653
16.6993
17.1333
18.0078
19.3354
21.1334
23.4208
26.2137
29.5171
33.3121
37.5381
42.0706
46.6986
51.1153
54.9372
57.7713
13.9975
14.4412
15.3395
16.7144
18.5981
21.0315
24.0598
27.7246
32.0487
37.0105
42.5066
48.3048
54.0038
59.0346
62.7567
10.8513
11.2935
12.1936
13.5836
15.5123
18.0464
21.2684
25.272
30.1466
35.9476
42.6394
50.0091
57.559
64.4396
69.551
7.26196
7.68711
8.55718
9.9132
11.8204
14.3723
17.6946
21.9472
27.3173
33.9926
42.0932
51.5319
61.7824
71.6123
79.0524
3.2467
3.63501
4.43397
5.6908
7.48298
9.92685
13.1896
17.504
23.1817
30.6113
40.2079
52.2416
66.4248
81.1732
92.8943
-1.15762
-0.828494
-0.147886
0.932262
2.4931
4.66173
7.63204
11.6967
17.2934
25.0619
35.8841
50.8003
70.5004
93.7598
114.341
-5.89178
-5.64419
-5.12999
-4.30768
-3.10532
-1.40581
0.979356
4.35651
9.23224
16.4578
27.4653
44.5738
71.0149
109.022
150.785
-10.8742
-10.7272
-10.4209
-9.92834
-9.20157
-8.1597
-6.66604
-4.48305
-1.17955
4.07061
12.9443
29.0133
59.9616
120.528
221.884
-16.0042
-15.97
-15.8986
-15.7838
-15.6135
-15.366
-15.0014
-14.4438
-13.5388
-11.9409
-8.77313
-1.42745
19.2885
91.2429
391.03
47.2582
47.5485
47.5065
47.1382
46.4603
45.4975
44.2797
42.8398
41.211
39.4249
37.5109
35.4949
33.3994
31.2435
29.0434
26.8127
24.5627
22.3033
20.0428
17.7884
15.5466
13.323
11.1226
8.94946
6.80748
4.69976
2.62887
0.596884
-1.39465
-3.34467
-5.25256
-7.11809
-8.94135
-10.7226
-12.4624
-14.161
-15.8188
-17.4358
-19.0121
-20.5473
-22.041
-23.4929
-24.9027
-26.2705
-27.5967
-28.8824
-30.1288
-31.3378
-32.5116
-33.6521
-34.7614
-35.8408
-36.8914
-37.9133
-38.906
-39.8686
-40.7994
-41.6967
-42.5586
-43.3834
-44.1696
-44.9161
-45.6217
-46.2852
-46.9052
-47.4793
-48.0045
-48.4761
-48.8885
-49.2345
-49.506
-49.6939
-49.7891
-49.7823
-49.6651
-49.4302
-49.0721
-48.5868
-47.9727
-47.2302
-46.3618
-45.3725
-44.2692
-43.0612
-41.76
-40.3793
-38.9349
-37.4441
-35.9258
-34.3994
47.7271
48.026
47.9752
47.583
46.8696
45.8635
44.5986
43.111
41.4364
39.6083
37.657
35.6086
33.4856
31.3065
29.0869
26.8397
24.5758
22.3044
20.0334
17.7699
15.5201
13.2895
11.0828
8.90443
6.75797
4.64656
2.57274
0.538566
-1.45446
-3.40534
-5.31352
-7.17889
-9.00167
-10.7823
-12.5215
-14.2196
-15.8771
-17.4943
-19.0709
-20.6067
-22.1009
-23.5531
-24.9629
-26.33
-27.6548
-28.9383
-30.1821
-31.3882
-32.5589
-33.6967
-34.8037
-35.8818
-36.932
-37.9546
-38.949
-39.9138
-40.8472
-41.7471
-42.6114
-43.4383
-44.2263
-44.9743
-45.6816
-46.3473
-46.9705
-47.5493
-48.0808
-48.5608
-48.9833
-49.3411
-49.6256
-49.8269
-49.9352
-49.9405
-49.8338
-49.6071
-49.2545
-48.7717
-48.157
-47.4107
-46.5354
-45.536
-44.4193
-43.1948
-41.874
-40.4707
-39.001
-37.4832
-35.9369
-34.3827
48.691
49.006
48.9341
48.4893
47.6993
46.6012
45.2372
43.6504
41.8818
39.9683
37.9419
35.8291
33.6517
31.4271
29.1695
26.8903
24.5992
22.3043
20.0128
17.7313
15.4656
13.221
11.0021
8.81318
6.65781
4.53906
2.45943
0.420928
-1.57501
-3.52747
-5.43607
-7.30092
-9.12253
-10.9017
-12.6394
-14.3364
-15.9935
-17.6108
-19.1884
-20.7254
-22.221
-23.6742
-25.0839
-26.4498
-27.7719
-29.0511
-30.2893
-31.489
-32.6531
-33.7849
-34.8872
-35.9625
-37.012
-38.036
-39.0338
-40.0035
-40.9425
-41.848
-42.7174
-43.5485
-44.3398
-45.0905
-45.8005
-46.4701
-47.099
-47.6866
-48.2307
-48.7273
-49.1707
-49.5528
-49.864
-50.0932
-50.2289
-50.2595
-50.1745
-49.9648
-49.6235
-49.146
-48.5302
-47.7764
-46.8872
-45.8675
-44.7242
-43.4666
-42.1061
-40.6569
-39.136
-37.5628
-35.959
-34.3473
50.2064
50.542
50.4291
49.8917
48.9715
47.7208
46.1957
44.4507
42.5349
40.4901
38.3503
36.1418
33.8849
31.5946
29.2825
26.9576
24.6275
22.2987
19.9775
17.6696
15.3804
13.115
10.878
8.67339
6.50474
4.37506
2.2868
0.241926
-1.75819
-3.71275
-5.62159
-7.48514
-9.30438
-11.0807
-12.8156
-14.5105
-16.1667
-17.7845
-19.3638
-20.9035
-22.402
-23.8574
-25.2679
-26.6322
-27.9502
-29.2225
-30.4515
-31.6404
-32.7934
-33.915
-35.0092
-36.0796
-37.1279
-38.1547
-39.1586
-40.1367
-41.0853
-42.0004
-42.878
-43.7155
-44.511
-45.2646
-45.9772
-46.6506
-47.2865
-47.8859
-48.4481
-48.97
-49.4456
-49.866
-50.2198
-50.4936
-50.6732
-50.7443
-50.694
-50.5113
-50.188
-49.7188
-49.1014
-48.3363
-47.4263
-46.3764
-45.1932
-43.8858
-42.4653
-40.946
-39.3458
-37.6861
-35.9918
-34.2897
52.3679
52.7227
52.5341
51.8442
50.7187
49.2346
47.4699
45.4959
43.3728
41.1479
38.8566
36.5235
34.1654
31.7929
29.4133
27.0319
24.6532
22.2818
19.9225
17.5804
15.2606
12.9679
10.7069
8.48159
6.29539
4.15124
2.05161
-0.00159399
-2.00699
-3.96386
-5.87227
-7.73309
-9.54795
-11.3191
-13.0491
-14.7404
-16.3949
-18.0135
-19.5959
-21.1405
-22.6446
-24.1048
-25.5178
-26.8811
-28.1936
-29.4559
-30.6709
-31.8431
-32.9785
-34.0838
-35.1652
-36.2277
-37.2744
-38.3059
-39.3198
-40.3118
-41.2759
-42.2059
-43.096
-43.942
-44.7421
-45.4971
-46.2096
-46.8843
-47.5258
-48.1382
-48.723
-49.2787
-49.7992
-50.2743
-50.69
-51.029
-51.2729
-51.4033
-51.4034
-51.2596
-50.9618
-50.5042
-49.8847
-49.1042
-48.1664
-47.0764
-45.8407
-44.4672
-42.9661
-41.3511
-39.6406
-37.8588
-36.0353
-34.2036
55.3233
55.6851
55.3598
54.4229
52.9811
51.1514
49.0446
46.755
44.3562
41.9006
39.4221
36.9407
34.4657
32.0007
29.5461
27.1016
24.6678
22.2469
19.8424
17.4588
15.1013
12.7749
10.4843
8.23324
6.02528
3.86321
1.74945
-0.314014
-2.32567
-4.28475
-6.19145
-8.04712
-9.85434
-11.6166
-13.3382
-15.023
-16.6744
-18.2943
-19.8822
-21.4356
-22.95
-24.4198
-25.839
-27.2028
-28.5088
-29.7571
-30.9514
-32.0982
-33.2066
-34.2865
-35.3477
-36.3981
-37.4425
-38.4816
-39.512
-40.5263
-41.5152
-42.4683
-43.3767
-44.234
-45.0378
-45.7898
-46.4961
-47.1651
-47.8066
-48.4294
-49.0393
-49.6372
-50.2174
-50.7678
-51.2698
-51.7007
-52.0354
-52.2491
-52.3195
-52.2289
-51.9652
-51.5222
-50.8989
-50.0981
-49.125
-47.9856
-46.6859
-45.2318
-43.6306
-41.8932
-40.0375
-38.0909
-36.0903
-34.0797
59.3014
59.6357
59.0652
57.7276
55.8011
53.4663
50.8815
48.1707
45.4207
42.6852
39.9913
37.3476
34.7511
32.193
29.6637
27.1552
24.6635
22.1879
19.7316
17.2993
14.897
12.5303
10.2042
7.92268
5.68892
3.5055
1.37476
-0.701078
-2.72008
-4.68104
-6.58402
-8.43085
-10.2253
-11.9728
-13.6799
-15.3535
-16.9992
-18.6207
-20.2178
-21.7866
-23.3195
-24.8071
-26.2393
-27.6076
-28.9066
-30.1357
-31.2997
-32.4083
-33.4751
-34.5156
-35.5452
-36.5765
-37.6175
-38.6695
-39.7266
-40.7771
-41.8053
-42.7946
-43.7303
-44.6024
-45.4071
-46.148
-46.8355
-47.4848
-48.1135
-48.7385
-49.3724
-50.0204
-50.6781
-51.3301
-51.9515
-52.5104
-52.9716
-53.3006
-53.4667
-53.4468
-53.2261
-52.7993
-52.1682
-51.3396
-50.3225
-49.125
-47.7528
-46.2078
-44.4905
-42.605
-40.565
-38.4003
-36.1591
-33.9035
64.6614
64.888
63.874
61.8793
59.2078
56.1401
52.8992
49.6419
46.4635
43.409
40.4875
37.686
34.9803
32.3432
29.7505
27.1844
24.6351
22.1009
19.5856
17.0963
14.641
12.2269
9.85964
7.54317
5.27994
3.07182
0.92094
-1.17002
-3.19807
-5.16077
-7.05739
-8.88994
-10.6637
-12.3868
-14.0697
-15.7237
-17.3589
-18.982
-20.5939
-22.1887
-23.754
-25.2739
-26.7314
-28.1115
-29.4045
-30.6077
-31.7274
-32.7781
-33.7809
-34.76
-35.7396
-36.7405
-37.7762
-38.8493
-39.9503
-41.0594
-42.1507
-43.1973
-44.1751
-45.0673
-45.8678
-46.5826
-47.2292
-47.8334
-48.4253
-49.0342
-49.6843
-50.389
-51.1462
-51.9358
-52.7224
-53.4599
-54.0976
-54.5857
-54.8814
-54.9529
-54.7832
-54.3698
-53.7211
-52.8519
-51.7789
-50.5156
-49.0679
-47.4312
-45.5923
-43.5387
-41.2714
-38.8195
-36.2482
-33.6527
71.9877
71.9255
70.0937
67.0043
63.1838
59.0619
54.9393
50.9986
47.327
43.9404
40.8102
37.8858
35.1099
32.4289
29.7985
27.1886
24.5846
21.9862
19.4018
16.844
14.3253
11.8557
9.44176
7.08681
4.79143
2.55562
0.38077
-1.72958
-3.77015
-5.73562
-7.62293
-9.43362
-11.1748
-12.8585
-14.5011
-16.1208
-17.7356
-19.3589
-20.9945
-22.6329
-24.2536
-25.8301
-27.3343
-28.7406
-30.0312
-31.1994
-32.2537
-33.2165
-34.1204
-35.003
-35.9027
-36.8539
-37.8804
-38.9884
-40.1616
-41.3665
-42.5602
-43.6985
-44.7423
-45.6635
-46.4511
-47.1146
-47.6832
-48.1992
-48.7117
-49.2699
-49.917
-50.6815
-51.5668
-52.5452
-53.5633
-54.5525
-55.4381
-56.1475
-56.618
-56.8055
-56.6907
-56.2785
-55.5906
-54.657
-53.5087
-52.171
-50.6545
-48.9451
-47.0028
-44.7793
-42.2433
-39.41
-36.3719
-33.2889
82.2855
81.5097
78.1231
73.1805
67.5927
61.9831
56.716
51.9667
47.7791
44.1017
40.8359
37.8708
35.1022
32.4408
29.8165
27.1837
24.5257
21.8506
19.1792
16.5352
13.9386
11.4039
8.93874
6.54449
4.21697
1.95152
-0.252341
-2.38963
-4.45034
-6.42295
-8.29872
-10.0773
-11.7683
-13.3894
-14.9651
-16.5246
-18.0996
-19.7179
-21.3908
-23.102
-24.8165
-26.4901
-28.0774
-29.5361
-30.8335
-31.9547
-32.9111
-33.7392
-34.4899
-35.2208
-35.9912
-36.8581
-37.8667
-39.0329
-40.3269
-41.6891
-43.0486
-44.3351
-45.4853
-46.4516
-47.2124
-47.7827
-48.2121
-48.5694
-48.9316
-49.3769
-49.98
-50.7992
-51.8527
-53.0966
-54.4452
-55.7935
-57.0317
-58.0524
-58.7615
-59.0927
-59.0256
-58.5835
-57.8133
-56.7705
-55.5106
-54.0833
-52.518
-50.7939
-48.8177
-46.4693
-43.6426
-40.2949
-36.5598
-32.7404
97.4161
94.8517
88.3918
80.2846
72.0319
64.4101
57.7457
52.1248
47.4952
43.6696
40.4278
37.5719
34.9395
32.3986
29.846
27.2146
24.4906
21.7091
18.9167
16.1576
13.4624
10.8516
8.33341
5.90588
3.553
1.25866
-0.981371
-3.15994
-5.25735
-7.24966
-9.11432
-10.847
-12.4621
-13.9857
-15.4522
-16.9057
-18.4011
-19.998
-21.7314
-23.5661
-25.4377
-27.2739
-29.0054
-30.5633
-31.8891
-32.9469
-33.7529
-34.3726
-34.8874
-35.3813
-35.9402
-36.6575
-37.6255
-38.8929
-40.3931
-42.0149
-43.6416
-45.1673
-46.4924
-47.5351
-48.2473
-48.6529
-48.8439
-48.932
-49.0311
-49.2561
-49.7311
-50.5788
-51.8638
-53.4966
-55.3268
-57.1922
-58.9376
-60.4053
-61.4483
-61.9528
-61.8999
-61.36
-60.4278
-59.196
-57.7527
-56.1936
-54.6094
-53.005
-51.1678
-48.8473
-45.7916
-41.737
-36.8685
-31.8532
121.175
113.801
101.031
87.5969
75.562
65.4578
57.272
50.8545
46.0527
42.3961
39.463
36.9507
34.6444
32.3725
29.9883
27.3785
24.5378
21.583
18.606
15.6878
12.8643
10.1658
7.59736
5.15964
2.80466
0.487537
-1.79891
-4.04709
-6.21564
-8.26006
-10.1198
-11.7861
-13.2872
-14.6639
-15.9578
-17.2263
-18.5562
-20.0813
-21.9258
-23.9767
-26.1096
-28.208
-30.1828
-31.9241
-33.3301
-34.301
-34.8622
-35.1569
-35.3143
-35.4477
-35.6605
-36.0952
-36.9527
-38.4172
-40.2836
-42.333
-44.3795
-46.2876
-47.9053
-49.094
-49.723
-49.8314
-49.6235
-49.2779
-48.9489
-48.7744
-48.9448
-49.7282
-51.3733
-53.6117
-56.1569
-58.763
-61.2429
-63.3688
-64.9097
-65.6149
-65.4746
-64.7005
-63.4729
-61.9255
-60.1609
-58.3393
-56.7295
-55.5504
-54.2134
-52.2835
-49.3785
-44.3507
-37.3879
-30.2546
162.25
140.521
114.623
92.8923
76.31
63.7413
54.2508
47.2564
42.9601
40.0798
37.8915
36.0322
34.299
32.5073
30.4549
27.8742
24.7489
21.4882
18.21
15.0815
12.0856
9.29238
6.67288
4.29409
2.00169
-0.327815
-2.67158
-5.04885
-7.35259
-9.53632
-11.4037
-12.9626
-14.2915
-15.4611
-16.4999
-17.458
-18.4297
-19.7043
-21.8227
-24.2687
-26.8307
-29.3197
-31.6961
-33.767
-35.3971
-36.2447
-36.3546
-36.1381
-35.7753
-35.3991
-35.0606
-34.9236
-35.405
-37.3623
-39.9098
-42.6546
-45.3161
-47.8252
-49.9353
-51.4584
-51.9473
-51.4647
-50.6007
-49.5991
-48.6436
-47.7954
-47.275
-47.6361
-50.0277
-53.2842
-56.8985
-60.515
-64.0569
-67.1741
-69.5734
-70.4938
-69.9612
-68.6933
-66.9776
-64.9667
-62.6506
-60.179
-58.2284
-58.3227
-58.1118
-57.123
-56.0216
-49.7503
-38.1524
-26.9484
243.137
173.245
122.21
90.7736
71.2774
57.5913
47.6342
39.7721
37.8278
36.7664
35.8453
34.9315
34.0371
33.0168
31.6816
29.1534
25.1546
21.4179
17.5982
14.2837
11.015
8.16857
5.40163
3.30403
1.25209
-1.12266
-3.49597
-6.15643
-8.66227
-11.268
-13.1313
-14.4704
-15.5248
-16.4463
-17.158
-17.6699
-17.8665
-18.1122
-21.2473
-24.3933
-27.6562
-30.5932
-33.6487
-36.2441
-38.5902
-39.2504
-38.3162
-37.3295
-36.2548
-35.2959
-34.1701
-32.8609
-31.7316
-35.4567
-39.2514
-43.0955
-46.4717
-49.9365
-52.8101
-55.311
-55.57
-53.6466
-51.7751
-49.8535
-48.1832
-46.3437
-44.335
-42.6198
-47.4359
-52.4407
-57.6364
-62.3735
-67.4815
-72.0125
-76.3661
-77.4639
-75.5059
-73.3301
-70.9068
-68.4466
-65.3634
-61.2677
-56.7821
-61.5337
-63.1299
-62.1239
-70.1085
-62.8195
-38.3494
-19.1357
428.63
178.809
101.574
71.4594
57.8771
46.0704
37.9997
23.7656
31.4235
33.2501
33.7879
33.8019
33.9561
33.9787
34.6256
32.5498
25.1821
21.4668
16.2587
13.4195
9.33597
6.9301
3.16639
2.24811
0.967274
-1.91957
-3.90685
-7.48656
-9.82793
-14.0686
-15.6137
-16.3881
-16.9491
-17.7334
-18.1033
-18.3354
-17.2323
-12.359
-20.6557
-24.3494
-28.9505
-31.6954
-36.2631
-39.0796
-44.2105
-44.5511
-40.3526
-38.6472
-36.5672
-35.4321
-33.5432
-30.5385
-21.0673
-33.4504
-38.5213
-44.2093
-47.4988
-52.8984
-56.2206
-62.3912
-62.3346
-55.753
-53.0207
-49.7452
-47.9657
-45.1349
-40.9717
-28.1977
-44.5717
-51.3215
-59.034
-63.6971
-71.7359
-77.1055
-87.8459
-88.8335
-81.3631
-78.3224
-74.8879
-72.8229
-69.5335
-62.917
-42.0335
-69.2874
-71.8945
-54.1775
-106.188
-100.629
-30.9767
0.772132
-32.7351
-30.9625
-29.264
-27.6635
-26.1796
-24.8255
-23.6092
-22.535
-21.6036
-20.8137
-20.1627
-19.6472
-19.2639
-19.0102
-18.8838
-32.6893
-30.888
-29.1656
-27.5466
-26.0495
-24.6872
-23.4669
-22.3918
-21.4618
-20.6747
-20.0269
-19.5147
-19.1342
-18.8825
-18.7572
-32.5941
-30.7343
-28.9634
-27.3072
-25.7844
-24.4065
-23.1791
-22.1033
-21.1769
-20.3959
-19.7553
-19.2501
-18.8756
-18.6281
-18.5051
-32.4424
-30.4914
-28.646
-26.9342
-25.374
-23.975
-22.7395
-21.665
-20.7463
-19.9764
-19.3481
-18.8544
-18.4897
-18.2491
-18.1297
-32.2221
-30.1425
-28.1947
-26.4091
-24.8022
-23.3796
-22.1384
-21.0708
-20.1667
-19.4151
-18.8059
-18.3297
-17.9793
-17.7488
-17.6345
-31.914
-29.6615
-27.5809
-25.7047
-24.0459
-22.6025
-21.3633
-20.3128
-19.4341
-18.7113
-18.1302
-17.6791
-17.3487
-17.1321
-17.0249
-31.4883
-29.0084
-26.7622
-24.7828
-23.0739
-21.6208
-20.3993
-19.3827
-18.5455
-17.8656
-17.3244
-16.9076
-16.604
-16.4057
-16.3079
-30.8974
-28.121
-25.6764
-23.5899
-21.846
-20.4073
-19.2302
-18.2729
-17.4994
-16.8807
-16.3941
-16.0225
-15.7536
-15.5788
-15.4927
-30.0615
-26.9015
-24.2321
-22.0543
-20.3124
-18.9319
-17.841
-16.979
-16.2984
-15.7636
-15.3485
-15.0347
-14.809
-14.663
-14.5913
-28.8391
-25.1911
-22.2959
-20.0823
-18.417
-17.1668
-16.2228
-15.5035
-14.9513
-14.5264
-14.2015
-13.9583
-13.7847
-13.6728
-13.6179
-26.963
-22.7276
-19.6777
-17.5618
-16.1063
-15.0954
-14.3795
-13.8607
-13.4769
-13.189
-12.9726
-12.8122
-12.6984
-12.6253
-12.5894
-23.8964
-19.0782
-16.1254
-14.3808
-13.3507
-12.7288
-12.3388
-12.0827
-11.9063
-11.78
-11.6874
-11.6195
-11.5713
-11.5403
-11.525
-18.5101
-13.5632
-11.3646
-10.4849
-10.1869
-10.1301
-10.1642
-10.2247
-10.2856
-10.3372
-10.3774
-10.4068
-10.4269
-10.4393
-10.4452
-8.3808
-5.29985
-5.28494
-6.00697
-6.78176
-7.44049
-7.96289
-8.36633
-8.67383
-8.90573
-9.07816
-9.20331
-9.2901
-9.34473
-9.37109
11.6451
6.02965
1.53176
-1.47624
-3.49258
-4.88708
-5.88048
-6.60377
-7.13759
-7.53359
-7.82603
-8.03804
-8.18533
-8.27828
-8.32325
-20.7387
-20.8104
-20.9603
-21.2027
-21.5625
-22.0796
-22.8195
-23.8936
-25.5037
-28.0578
-32.5111
-41.5883
-64.9649
-144.451
-488.856
-24.9934
-25.1567
-25.4978
-26.0479
-26.8616
-28.0284
-29.6953
-32.1123
-35.7259
-41.3911
-50.8803
-68.168
-102.595
-174.745
-308.102
-29.1349
-29.38
-29.8904
-30.7104
-31.9159
-33.6301
-36.0505
-39.5002
-44.5236
-52.069
-63.834
-82.8452
-114.027
-162.534
-219.955
-33.1066
-33.4192
-34.0683
-35.1053
-36.6173
-38.7416
-41.6911
-45.7957
-51.57
-59.8169
-71.7558
-89.0707
-113.428
-144.131
-171.682
-36.8615
-37.2251
-37.9771
-39.1707
-40.8936
-43.2803
-46.5298
-50.9317
-56.8996
-65.0008
-75.9442
-90.4059
-108.421
-127.916
-142.542
-40.3641
-40.7613
-41.5796
-42.8686
-44.7091
-47.2199
-50.5684
-54.9806
-60.7477
-68.211
-77.6889
-89.2731
-102.387
-115.083
-123.558
-43.5911
-44.0055
-44.8553
-46.1838
-48.0592
-50.5781
-53.8683
-58.0886
-63.4181
-70.0221
-77.9708
-87.0778
-96.6434
-105.18
-110.458
-46.5304
-46.9474
-47.7987
-49.1192
-50.9625
-53.4007
-56.5224
-60.4264
-65.2034
-70.8995
-77.448
-84.5638
-91.6135
-97.5414
-101.023
-49.1804
-49.588
-50.4164
-51.6918
-53.4529
-55.7485
-58.6334
-62.1581
-66.3507
-71.1848
-76.5313
-82.0955
-87.3626
-91.6011
-94.0045
-51.5474
-51.9364
-52.7238
-53.9273
-55.5722
-57.6873
-60.3001
-63.4259
-67.0523
-71.1144
-75.4633
-79.8336
-83.8258
-86.935
-88.6553
-53.6444
-54.0084
-54.7422
-55.8565
-57.3649
-59.2806
-61.6104
-64.3462
-67.4514
-70.8447
-74.3804
-77.834
-80.902
-83.2333
-84.5005
-55.4887
-55.8237
-56.4966
-57.5121
-58.8749
-60.5863
-62.639
-65.0099
-67.6505
-70.476
-73.3545
-76.1021
-78.4898
-80.2703
-81.2257
-57.1004
-57.4044
-58.0131
-58.9266
-60.1429
-61.655
-63.4465
-65.4862
-67.7213
-70.0705
-72.4194
-74.6199
-76.4992
-77.8803
-78.6141
-58.501
-58.7737
-59.318
-60.1308
-61.2055
-62.5297
-64.0818
-65.8269
-67.7127
-69.6652
-71.5874
-73.3609
-74.8545
-75.9397
-76.512
-59.7123
-59.9545
-60.4365
-61.1532
-62.0949
-63.2462
-64.5831
-66.07
-67.6577
-69.281
-70.8586
-72.2961
-73.4932
-74.3553
-74.8073
-60.7555
-60.9687
-61.3922
-62.0193
-62.8389
-63.834
-64.98
-66.2431
-67.5781
-68.9285
-70.227
-71.3981
-72.3647
-73.0557
-73.4163
-61.6506
-61.8371
-62.2065
-62.7517
-63.4609
-64.3169
-65.2958
-66.3661
-67.4877
-68.6122
-69.6837
-70.6421
-71.4274
-71.9855
-72.2757
-62.4163
-62.5783
-62.8988
-63.3703
-63.9811
-64.7145
-65.5482
-66.4535
-67.3954
-68.3325
-69.219
-70.0064
-70.6477
-71.1014
-71.3366
-63.0696
-63.2096
-63.4862
-63.8921
-64.4161
-65.0425
-65.7508
-66.5155
-67.3062
-68.0881
-68.823
-69.4722
-69.9982
-70.369
-70.5607
-63.6256
-63.7461
-63.9839
-64.332
-64.78
-65.3136
-65.9142
-66.5595
-67.2233
-67.8761
-68.4867
-69.0234
-69.4566
-69.7609
-69.918
-64.0979
-64.2013
-64.4049
-64.7026
-65.0846
-65.538
-66.0466
-66.5907
-67.148
-67.6936
-68.2016
-68.6465
-69.0043
-69.2551
-69.3843
-64.4984
-64.5868
-64.7607
-65.0145
-65.3395
-65.7243
-66.1543
-66.6129
-67.0807
-67.537
-67.9604
-68.33
-68.6264
-68.8337
-68.9404
-64.8375
-64.9129
-65.0611
-65.2771
-65.553
-65.879
-66.2423
-66.6286
-67.0214
-67.4033
-67.7567
-68.0642
-68.3103
-68.4822
-68.5705
-65.1243
-65.1884
-65.3145
-65.4979
-65.7319
-66.0077
-66.3144
-66.6397
-66.9696
-67.2895
-67.5847
-67.8411
-68.0459
-68.1886
-68.2619
-65.3665
-65.421
-65.528
-65.6836
-65.8817
-66.1149
-66.3737
-66.6475
-66.9247
-67.1928
-67.4397
-67.6538
-67.8244
-67.9433
-68.0043
-65.5709
-65.6172
-65.7079
-65.8396
-66.0073
-66.2043
-66.4226
-66.6531
-66.886
-67.1109
-67.3176
-67.4965
-67.639
-67.7381
-67.7889
-65.7432
-65.7824
-65.8593
-65.9708
-66.1126
-66.2789
-66.463
-66.6571
-66.8528
-67.0416
-67.2148
-67.3646
-67.4837
-67.5665
-67.6089
-65.8883
-65.9215
-65.9866
-66.0809
-66.2007
-66.3412
-66.4964
-66.6599
-66.8245
-66.9831
-67.1284
-67.2539
-67.3536
-67.4228
-67.4583
-66.0104
-66.0385
-66.0935
-66.1733
-66.2746
-66.3932
-66.5241
-66.6618
-66.8004
-66.9337
-67.0558
-67.161
-67.2446
-67.3026
-67.3323
-66.113
-66.1368
-66.1833
-66.2508
-66.3364
-66.4366
-66.5471
-66.6633
-66.78
-66.8922
-66.9948
-67.0832
-67.1534
-67.2021
-67.227
-66.199
-66.2192
-66.2586
-66.3157
-66.3882
-66.4729
-66.5662
-66.6642
-66.7627
-66.8572
-66.9437
-67.0181
-67.0771
-67.1181
-67.139
-66.2711
-66.2882
-66.3216
-66.37
-66.4314
-66.5031
-66.5821
-66.665
-66.7481
-66.828
-66.9009
-66.9636
-67.0134
-67.0479
-67.0655
-66.3314
-66.3459
-66.3743
-66.4154
-66.4674
-66.5282
-66.5952
-66.6655
-66.7359
-66.8035
-66.8652
-66.9182
-66.9603
-66.9894
-67.0043
-66.3815
-66.3939
-66.4181
-66.4531
-66.4974
-66.5491
-66.6061
-66.6658
-66.7257
-66.783
-66.8354
-66.8804
-66.9161
-66.9408
-66.9535
-66.4231
-66.4337
-66.4544
-66.4843
-66.5222
-66.5664
-66.6151
-66.6661
-66.7171
-66.7661
-66.8108
-66.8492
-66.8796
-66.9006
-66.9114
-66.4574
-66.4665
-66.4843
-66.51
-66.5426
-66.5806
-66.6224
-66.6662
-66.7101
-66.7521
-66.7905
-66.8234
-66.8495
-66.8676
-66.8768
-66.4853
-66.4932
-66.5086
-66.531
-66.5592
-66.5922
-66.6284
-66.6664
-66.7044
-66.7408
-66.7739
-66.8024
-66.825
-66.8406
-66.8486
-66.5078
-66.5147
-66.5282
-66.5478
-66.5726
-66.6014
-66.6332
-66.6664
-66.6997
-66.7316
-66.7606
-66.7856
-66.8053
-66.819
-66.826
-66.5254
-66.5316
-66.5436
-66.561
-66.5831
-66.6087
-66.637
-66.6665
-66.6961
-66.7244
-66.7502
-66.7723
-66.7899
-66.802
-66.8082
-66.5388
-66.5444
-66.5553
-66.5711
-66.591
-66.6143
-66.6398
-66.6665
-66.6933
-66.7189
-66.7423
-66.7623
-66.7781
-66.7891
-66.7947
-66.5483
-66.5535
-66.5636
-66.5782
-66.5967
-66.6182
-66.6418
-66.6666
-66.6913
-66.715
-66.7366
-66.7552
-66.7698
-66.78
-66.7852
-66.5543
-66.5592
-66.5688
-66.5826
-66.6002
-66.6206
-66.6431
-66.6666
-66.6901
-66.7126
-66.7331
-66.7507
-66.7646
-66.7743
-66.7792
-66.5568
-66.5616
-66.571
-66.5845
-66.6017
-66.6217
-66.6436
-66.6666
-66.6896
-66.7116
-66.7316
-66.7488
-66.7624
-66.7718
-66.7766
-66.556
-66.5609
-66.5703
-66.584
-66.6012
-66.6213
-66.6435
-66.6666
-66.6898
-66.7119
-66.7321
-66.7494
-66.7631
-66.7726
-66.7774
-66.5519
-66.5569
-66.5667
-66.5809
-66.5988
-66.6196
-66.6426
-66.6666
-66.6906
-66.7136
-66.7345
-66.7525
-66.7667
-66.7766
-66.7816
-66.5443
-66.5496
-66.56
-66.5751
-66.5942
-66.6165
-66.641
-66.6666
-66.6922
-66.7167
-66.739
-66.7582
-66.7734
-66.7839
-66.7892
-66.5329
-66.5388
-66.5502
-66.5667
-66.5875
-66.6119
-66.6386
-66.6666
-66.6945
-66.7213
-66.7457
-66.7667
-66.7833
-66.7947
-66.8006
-66.5176
-66.5241
-66.5368
-66.5552
-66.5784
-66.6055
-66.6353
-66.6665
-66.6977
-66.7276
-66.7548
-66.7782
-66.7967
-66.8095
-66.8161
-66.4977
-66.505
-66.5194
-66.5403
-66.5666
-66.5973
-66.6311
-66.6665
-66.7018
-66.7357
-66.7666
-66.7931
-66.8141
-66.8286
-66.8361
-66.4727
-66.4811
-66.4976
-66.5215
-66.5518
-66.587
-66.6258
-66.6664
-66.707
-66.7459
-66.7814
-66.8119
-66.836
-66.8527
-66.8612
-66.4418
-66.4516
-66.4707
-66.4984
-66.5334
-66.5743
-66.6192
-66.6663
-66.7134
-66.7585
-66.7997
-66.835
-66.863
-66.8824
-66.8923
-66.4042
-66.4156
-66.4379
-66.4702
-66.511
-66.5587
-66.6111
-66.6661
-66.7211
-66.7739
-66.8219
-66.8633
-66.896
-66.9187
-66.9303
-66.3586
-66.372
-66.3982
-66.436
-66.4839
-66.5398
-66.6014
-66.6658
-66.7305
-66.7924
-66.8489
-66.8975
-66.936
-66.9627
-66.9763
-66.3038
-66.3195
-66.3503
-66.3948
-66.4512
-66.517
-66.5895
-66.6655
-66.7417
-66.8147
-66.8814
-66.9388
-66.9842
-67.0157
-67.0318
-66.2381
-66.2566
-66.2929
-66.3454
-66.4119
-66.4896
-66.5752
-66.665
-66.7551
-66.8415
-66.9204
-66.9883
-67.0421
-67.0794
-67.0984
-66.1595
-66.1814
-66.2242
-66.2862
-66.3649
-66.4568
-66.5581
-66.6644
-66.7711
-66.8735
-66.967
-67.0476
-67.1114
-67.1557
-67.1784
-66.0657
-66.0915
-66.1422
-66.2156
-66.3086
-66.4174
-66.5374
-66.6634
-66.79
-66.9116
-67.0227
-67.1184
-67.1944
-67.247
-67.274
-65.9539
-65.9845
-66.0444
-66.1313
-66.2414
-66.3703
-66.5126
-66.6621
-66.8124
-66.9569
-67.0891
-67.203
-67.2935
-67.3562
-67.3884
-65.821
-65.8571
-65.928
-66.0307
-66.1612
-66.314
-66.4827
-66.6602
-66.8388
-67.0107
-67.1682
-67.3039
-67.4118
-67.4867
-67.525
-65.6629
-65.7056
-65.7894
-65.911
-66.0654
-66.2465
-66.4467
-66.6575
-66.87
-67.0746
-67.2622
-67.4242
-67.553
-67.6425
-67.6883
-65.4751
-65.5256
-65.6247
-65.7684
-65.9512
-66.1658
-66.4033
-66.6538
-66.9065
-67.1503
-67.3741
-67.5676
-67.7216
-67.8286
-67.8834
-65.2523
-65.3119
-65.4289
-65.5987
-65.815
-66.0691
-66.3508
-66.6485
-66.9492
-67.2399
-67.5071
-67.7384
-67.9227
-68.0509
-68.1166
-64.9881
-65.0584
-65.1963
-65.3969
-65.6525
-65.9533
-66.2874
-66.641
-66.999
-67.3457
-67.665
-67.9418
-68.1627
-68.3166
-68.3955
-64.6752
-64.7578
-64.9203
-65.1567
-65.4585
-65.8144
-66.2103
-66.6304
-67.0567
-67.4704
-67.8523
-68.1841
-68.4493
-68.6342
-68.7292
-64.3048
-64.4019
-64.5929
-64.8712
-65.2271
-65.6476
-66.1166
-66.6155
-67.1232
-67.6172
-68.0745
-68.4727
-68.7916
-69.0143
-69.1288
-63.867
-63.9809
-64.2049
-64.5319
-64.9508
-65.447
-66.0022
-66.5944
-67.1991
-67.7895
-68.3377
-68.8164
-69.2007
-69.4695
-69.6079
-63.3502
-63.4833
-63.7454
-64.1287
-64.6209
-65.2056
-65.8619
-66.5647
-67.2851
-67.9911
-68.6491
-69.2257
-69.6898
-70.0153
-70.183
-62.741
-62.8961
-63.2019
-63.6499
-64.2268
-64.9145
-65.6894
-66.5228
-67.381
-68.226
-69.017
-69.7131
-70.2753
-70.6706
-70.8747
-62.0242
-62.2042
-62.5596
-63.0816
-63.7559
-64.5628
-65.4762
-66.4637
-67.4861
-68.4982
-69.4509
-70.2933
-70.9766
-71.4586
-71.708
-61.1825
-61.3904
-61.8018
-62.4075
-63.1929
-64.137
-65.2117
-66.3804
-67.5982
-68.8118
-69.9614
-70.984
-71.8178
-72.4082
-72.7144
-60.1965
-60.4354
-60.9091
-61.6086
-62.5196
-63.6207
-64.8818
-66.2631
-67.7132
-69.1697
-70.5602
-71.8058
-72.8278
-73.555
-73.9334
-59.0446
-59.3174
-59.8595
-60.663
-61.7145
-62.9932
-64.4686
-66.0979
-67.8238
-69.5735
-71.2594
-72.7829
-74.0425
-74.9442
-75.415
-57.7033
-58.0125
-58.6284
-59.5451
-60.7515
-62.2291
-63.9485
-65.8656
-67.9179
-70.0216
-72.0713
-73.9433
-75.5056
-76.6324
-77.2236
-56.1473
-56.4947
-57.1886
-58.2261
-59.6003
-61.2972
-63.2912
-65.5395
-67.9763
-70.5073
-73.0064
-75.3188
-77.2711
-78.6924
-79.4427
-54.3502
-54.7364
-55.5103
-56.6733
-58.2251
-60.1591
-62.4573
-65.0824
-67.9693
-71.0149
-74.0712
-76.9442
-79.4052
-81.2182
-82.1829
-52.285
-52.7091
-53.5617
-54.8507
-56.5844
-58.7681
-61.3962
-64.4437
-67.8521
-71.5151
-75.2632
-78.8557
-81.9893
-84.3329
-85.5928
-49.9254
-50.3842
-51.3103
-52.7192
-54.6315
-57.0684
-60.0441
-63.5542
-67.5581
-71.9562
-76.5631
-81.0858
-85.1219
-88.2
-89.8774
-47.2473
-47.7351
-48.7237
-50.2382
-52.3144
-54.9947
-58.321
-62.3218
-66.9904
-72.2523
-77.9215
-83.6536
-88.9195
-93.0398
-95.3268
-44.2306
-44.7384
-45.772
-47.3674
-49.5779
-52.4724
-56.1296
-60.6256
-66.0106
-72.2655
-79.236
-86.5452
-93.5125
-99.1525
-102.364
-40.8614
-41.3767
-42.4303
-44.0695
-46.3666
-49.4207
-53.3556
-58.3122
-64.4266
-71.7816
-80.3154
-89.674
-99.0269
-106.951
-111.631
-37.1346
-37.6413
-38.6822
-40.3148
-42.6298
-45.7574
-49.8722
-55.1948
-61.9811
-70.4791
-80.8218
-92.8065
-105.533
-117.003
-124.148
-33.0562
-33.5351
-34.5236
-36.0863
-38.3289
-41.4088
-45.5501
-51.0611
-58.347
-67.8956
-80.1878
-95.4236
-112.911
-130.059
-141.626
-28.6456
-29.0754
-29.9664
-31.386
-33.4469
-36.3232
-40.2769
-45.6951
-53.1415
-63.407
-77.5094
-96.4769
-120.525
-146.989
-167.136
-23.9368
-24.2956
-25.0425
-26.2407
-27.9987
-30.4897
-33.9868
-38.9208
-45.9783
-56.254
-71.4523
-94.0018
-126.462
-168.304
-206.636
-18.9792
-19.2467
-19.8054
-20.707
-22.0417
-23.9579
-26.699
-30.6721
-36.5806
-45.6825
-60.2904
-84.6441
-125.882
-192.057
-272.754
-13.8361
-13.9959
-14.3306
-14.8729
-15.6813
-16.8537
-18.556
-21.0798
-24.9654
-31.2878
-42.3606
-63.5612
-107.983
-205.725
-394.91
-8.58254
-8.62426
-8.71184
-8.85444
-9.06841
-9.38168
-9.84301
-10.5421
-11.6585
-13.5945
-17.398
-26.3523
-53.0569
-155.89
-648.441
-3.30044
-3.22118
-3.05537
-2.78686
-2.38701
-1.80734
-0.965364
0.284748
2.21704
5.39521
11.1412
23.1831
54.7366
164.583
664.665
1.92612
2.1213
2.52931
3.18903
4.16905
5.58432
7.62828
10.6372
15.2267
22.6011
35.3077
59.1679
108.159
214.056
416.378
7.0166
7.31546
7.93867
8.94197
10.4223
12.5388
15.5511
19.8914
26.3015
36.1033
51.7281
77.6994
122.062
196.565
308.606
37.7473
15.3905
6.41467
1.76792
-1.04749
-2.91406
-4.21913
-5.16171
-5.8556
-6.37064
-6.75187
-7.0291
-7.22232
-7.34459
-7.40385
23.8602
14.6078
7.84733
3.44539
0.516414
-1.51033
-2.96048
-4.02341
-4.8143
-5.4063
-5.8475
-6.17018
-6.39606
-6.53948
-6.60912
16.3981
12.0946
7.64201
4.09992
1.45377
-0.506984
-1.97072
-3.074
-3.91106
-4.54663
-5.0254
-5.37841
-5.62702
-5.78553
-5.86269
11.9244
9.68484
6.80433
4.13224
1.91513
0.151219
-1.23127
-2.30943
-3.14772
-3.79579
-4.29059
-4.65909
-4.92051
-5.08801
-5.16979
9.00594
7.72005
5.82184
3.84857
2.06176
0.544544
-0.703146
-1.71142
-2.51645
-3.15136
-3.64345
-4.01408
-4.27917
-4.44997
-4.53364
6.98034
6.1804
4.89141
3.43537
2.02114
0.750697
-0.341277
-1.25453
-2.00331
-2.60606
-3.08063
-3.44233
-3.70328
-3.87241
-3.95554
5.51019
4.98033
4.07695
2.99312
1.88065
0.832906
-0.103518
-0.91184
-1.59156
-2.14976
-2.59618
-2.9405
-3.19111
-3.35453
-3.43514
4.40794
4.03959
3.38777
2.57073
1.69518
0.837807
0.0452807
-0.658454
-1.26417
-1.77108
-2.18259
-2.50371
-2.73947
-2.89413
-2.97068
3.56145
3.29566
2.81331
2.18895
1.49707
0.797667
0.132418
-0.473132
-1.00539
-1.45862
-1.83177
-2.12618
-2.34414
-2.48794
-2.55936
2.89951
2.70209
2.33743
1.85403
1.30418
0.733802
0.178097
-0.338704
-0.801472
-1.20176
-1.53561
-1.80172
-2.00027
-2.13198
-2.19762
2.37465
2.22463
1.94399
1.56524
1.12552
0.659743
0.196756
-0.241797
-0.640934
-0.991045
-1.28646
-1.52416
-1.7028
-1.8219
-1.88143
1.95394
1.83786
1.61867
1.31877
0.964947
0.583741
0.198446
-0.17226
-0.514436
-0.818301
-1.07738
-1.28762
-1.44665
-1.55318
-1.60657
1.61381
1.52269
1.34938
1.10975
0.82338
0.510573
0.190003
-0.122533
-0.414538
-0.676652
-0.902198
-1.08662
-1.22694
-1.32134
-1.36877
1.33695
1.26457
1.12615
0.933157
0.700166
0.44279
0.175979
-0.0870634
-0.335393
-0.560393
-0.755571
-0.916232
-1.03912
-1.1221
-1.16389
1.11035
1.05229
0.940804
0.784335
0.593881
0.381555
0.159337
-0.0618101
-0.272447
-0.464837
-0.632906
-0.772068
-0.879008
-0.951459
-0.988018
0.924046
0.877117
0.786686
0.659105
0.50278
0.327186
0.14195
-0.0438553
-0.222169
-0.386167
-0.530308
-0.650273
-0.742837
-0.805733
-0.837527
0.770326
0.732141
0.658361
0.55383
0.425055
0.279509
0.124958
-0.0311023
-0.181832
-0.321283
-0.444496
-0.5475
-0.627261
-0.681597
-0.709108
0.643116
0.611876
0.551384
0.465385
0.358972
0.238085
0.109012
-0.0220507
-0.149325
-0.267672
-0.372713
-0.460864
-0.529334
-0.576085
-0.599787
0.537595
0.51192
0.462116
0.391113
0.302936
0.202343
0.0944454
-0.0156298
-0.123015
-0.2233
-0.312654
-0.387891
-0.446486
-0.486572
-0.50692
0.449899
0.428715
0.387564
0.328763
0.255521
0.171672
0.0813905
-0.0110766
-0.101635
-0.186516
-0.262397
-0.326471
-0.376488
-0.410763
-0.428179
0.376909
0.359373
0.325266
0.276439
0.215469
0.145467
0.0698526
-0.00784891
-0.0841966
-0.155981
-0.220336
-0.27481
-0.317417
-0.346657
-0.361528
0.316094
0.301533
0.273188
0.232544
0.181689
0.123157
0.0597637
-0.00556125
-0.0699263
-0.130605
-0.185133
-0.231387
-0.267626
-0.292527
-0.305201
0.265387
0.253265
0.229647
0.195738
0.153237
0.104221
0.0510158
-0.0039401
-0.0582156
-0.109497
-0.155676
-0.194917
-0.225707
-0.246886
-0.257672
0.223096
0.212978
0.19325
0.164897
0.129308
0.0881948
0.0434829
-0.0027914
-0.0485835
-0.0919319
-0.131035
-0.164315
-0.190459
-0.208459
-0.217631
0.187829
0.179361
0.162842
0.139078
0.109215
0.0746665
0.0370345
-0.00197754
-0.0406478
-0.0773137
-0.110438
-0.138666
-0.160864
-0.17616
-0.183959
0.158441
0.151334
0.137463
0.117494
0.0923745
0.0632788
0.031544
-0.00140094
-0.0341038
-0.065154
-0.0932408
-0.117202
-0.136062
-0.149067
-0.1557
0.133987
0.128003
0.116318
0.0994858
0.0782941
0.0537234
0.0268936
-0.000992467
-0.028707
-0.0550517
-0.0789078
-0.0992786
-0.115326
-0.126397
-0.132045
0.113688
0.108629
0.0987468
0.0845039
0.0665595
0.0457361
0.0229765
-0.000703107
-0.0242612
-0.0466772
-0.0669942
-0.0843571
-0.0980437
-0.107491
-0.112312
0.0969014
0.0926022
0.0842031
0.0720917
0.0568236
0.0390931
0.0196982
-0.000498142
-0.0206083
-0.0397598
-0.0571316
-0.0719877
-0.083705
-0.0917961
-0.0959267
0.0830993
0.0794221
0.0722365
0.0618711
0.0487972
0.0336054
0.0169762
-0.000352974
-0.0176211
-0.0340778
-0.0490154
-0.0617973
-0.0718836
-0.078851
-0.0824087
0.0718499
0.0686777
0.0624776
0.0535306
0.0422411
0.0291158
0.01474
-0.000250178
-0.0151971
-0.0294506
-0.0423957
-0.0534784
-0.0622274
-0.0682729
-0.0713605
0.0628029
0.0600354
0.0546254
0.0468166
0.0369594
0.0254942
0.0129304
-0.000177416
-0.0132546
-0.0257317
-0.037069
-0.0467795
-0.054448
-0.0597483
-0.0624558
0.0556771
0.0532277
0.0484387
0.0415245
0.032794
0.0226354
0.0114985
-0.000125952
-0.0117286
-0.0228039
-0.0328718
-0.0414982
-0.0483127
-0.0530239
-0.0554307
0.0502517
0.0480441
0.0437272
0.0374935
0.02962
0.0204556
0.0104051
-8.961e-05
-0.0105688
-0.0205756
-0.0296754
-0.0374748
-0.0436376
-0.0478991
-0.0500764
0.046359
0.0443248
0.0403466
0.0346009
0.0273422
0.0188911
0.00961996
-6.40257e-05
-0.00973694
-0.0189768
-0.0273818
-0.0345875
-0.0402826
-0.0442212
-0.0462338
0.0438786
0.041955
0.038193
0.0327587
0.0258922
0.0178959
0.00912147
-4.61282e-05
-0.00920575
-0.0179576
-0.0259207
-0.0327491
-0.0381468
-0.0418804
-0.0437883
0.0427335
0.0408616
0.0372002
0.0319109
0.0252264
0.0174408
0.00889593
-3.37687e-05
-0.00895763
-0.017486
-0.0252473
-0.0319038
-0.0371665
-0.0408069
-0.0426674
0.042888
0.0410104
0.0373377
0.0320316
0.0253252
0.0175129
0.00893754
-2.54636e-05
-0.00898406
-0.017547
-0.0253409
-0.0320262
-0.0373123
-0.0409692
-0.0428382
0.044346
0.0424054
0.0386092
0.0331244
0.0261916
0.0181149
0.00924823
-2.0216e-05
-0.00928517
-0.0181419
-0.0262041
-0.0331201
-0.038589
-0.0423726
-0.0443065
0.0471514
0.0450884
0.0410531
0.0352224
0.0278521
0.0192652
0.00983786
-1.7396e-05
-0.00986965
-0.0192885
-0.0278628
-0.0352188
-0.0410357
-0.0450603
-0.0471174
0.0513889
0.0491408
0.0447433
0.0383893
0.0303572
0.020999
0.0107246
-1.66653e-05
-0.010755
-0.0210213
-0.0303675
-0.0383858
-0.0447267
-0.0491139
-0.0513563
0.0571871
0.0546854
0.0497919
0.0427211
0.0337829
0.023369
0.0119353
-1.79362e-05
-0.0119681
-0.023393
-0.033794
-0.0427174
-0.049774
-0.0546564
-0.057152
0.0647219
0.0618906
0.0563521
0.0483493
0.0382332
0.0264469
0.0135067
-2.13619e-05
-0.0135457
-0.0264755
-0.0382464
-0.0483448
-0.0563307
-0.061856
-0.0646802
0.0742225
0.0709751
0.064623
0.0554447
0.0438429
0.030326
0.0154861
-2.73537e-05
-0.0155361
-0.0303626
-0.0438598
-0.055439
-0.0645956
-0.0709309
-0.074169
0.0859774
0.0822151
0.0748559
0.0642226
0.0507821
0.0351236
0.0179332
-3.66314e-05
-0.0180001
-0.0351726
-0.0508047
-0.064215
-0.0748192
-0.0821559
-0.0859058
0.100344
0.0959523
0.0873616
0.0749495
0.0592611
0.0409847
0.0209214
-5.03094e-05
-0.0210133
-0.041052
-0.0592922
-0.074939
-0.0873113
-0.095871
-0.100246
0.11776
0.112605
0.10252
0.0879509
0.0695367
0.0480862
0.0245402
-7.00303e-05
-0.0246682
-0.0481799
-0.06958
-0.0879363
-0.10245
-0.112491
-0.117623
0.138755
0.132678
0.120793
0.103622
0.0819203
0.0566426
0.0288979
-9.81625e-05
-0.0290773
-0.056774
-0.0819809
-0.103601
-0.120695
-0.13252
-0.138563
0.163969
0.156785
0.142735
0.122437
0.0967866
0.0669117
0.0341243
-0.000138084
-0.0343766
-0.0670964
-0.0968719
-0.122408
-0.142597
-0.156562
-0.163699
0.19417
0.185659
0.169014
0.144969
0.114586
0.0792026
0.0403748
-0.00019459
-0.0407303
-0.079463
-0.114706
-0.144928
-0.168819
-0.185344
-0.193789
0.230279
0.22018
0.200429
0.171901
0.135856
0.0938849
0.0478343
-0.000274464
-0.0483357
-0.0942522
-0.136026
-0.171844
-0.200155
-0.219736
-0.229742
0.2734
0.261402
0.237939
0.204051
0.161241
0.111399
0.0567226
-0.000387299
-0.0574302
-0.111918
-0.16148
-0.20397
-0.237551
-0.260775
-0.272642
0.32485
0.310583
0.282685
0.242396
0.191507
0.13227
0.0673001
-0.000546642
-0.0682988
-0.133002
-0.191845
-0.242282
-0.282138
-0.309698
-0.323781
0.386205
0.369228
0.336032
0.288101
0.227568
0.157121
0.0798746
-0.000771627
-0.0812844
-0.158154
-0.228045
-0.28794
-0.335261
-0.367979
-0.384695
0.459346
0.439131
0.39961
0.342554
0.270513
0.186693
0.0948091
-0.00108927
-0.0967993
-0.188151
-0.271186
-0.342327
-0.398521
-0.437369
-0.457215
0.54652
0.522438
0.475362
0.407411
0.321634
0.221863
0.112531
-0.00153771
-0.11534
-0.223921
-0.322584
-0.407089
-0.473824
-0.51995
-0.543512
0.650413
0.621709
0.565606
0.484642
0.38247
0.263672
0.13354
-0.00217078
-0.137506
-0.266577
-0.383812
-0.484189
-0.563435
-0.618197
-0.646166
0.774232
0.740003
0.673108
0.576598
0.454849
0.313348
0.158421
-0.0030645
-0.16402
-0.317449
-0.456743
-0.575957
-0.670044
-0.735044
-0.768237
0.921815
0.880973
0.801171
0.686075
0.54094
0.372344
0.187857
-0.00432615
-0.195761
-0.378134
-0.543614
-0.685171
-0.796845
-0.873973
-0.913352
1.09775
1.04899
0.953737
0.816406
0.643319
0.442373
0.222634
-0.00610721
-0.233792
-0.450547
-0.647094
-0.81513
-0.94763
-1.03911
-1.0858
1.30754
1.24929
1.13551
0.97156
0.76504
0.525449
0.26366
-0.00862146
-0.279413
-0.536988
-0.770369
-0.969758
-1.12689
-1.23533
-1.29067
1.55778
1.48812
1.35213
1.15626
0.909718
0.623935
0.311971
-0.0121707
-0.334208
-0.640225
-0.917243
-1.15372
-1.33996
-1.46843
-1.53396
1.85637
1.77301
1.61032
1.37615
1.08164
0.740598
0.368735
-0.0171808
-0.400127
-0.763594
-1.09226
-1.37256
-1.59314
-1.7452
-1.82275
2.21284
2.11296
1.91814
1.63792
1.28586
0.878659
0.435254
-0.0242531
-0.479568
-0.911123
-1.30086
-1.63286
-1.89389
-2.07371
-2.16537
2.63864
2.51883
2.28525
1.94958
1.52835
1.04186
0.512951
-0.0342358
-0.575507
-1.08769
-1.54953
-1.94244
-2.25101
-2.46341
-2.57163
3.14763
3.00367
2.72322
2.32064
1.81615
1.2345
0.603338
-0.0483261
-0.691642
-1.2992
-1.84606
-2.31056
-2.6749
-2.92544
-3.05302
3.75655
3.58328
3.24599
2.76244
2.15752
1.46151
0.707959
-0.068213
-0.832606
-1.55284
-2.19976
-2.74823
-3.17778
-3.47284
-3.62298
4.48577
4.27677
3.8703
3.28849
2.56215
1.72845
0.828285
-0.0962786
-1.00423
-1.8574
-2.6218
-3.26847
-3.77402
-4.12084
-4.29718
5.36009
5.10733
4.61635
3.91487
3.0413
2.04154
0.965547
-0.135882
-1.21388
-2.22358
-3.12556
-3.88668
-4.48047
-4.88719
-5.09379
6.40989
6.10328
5.50854
4.66073
3.60806
2.40754
1.12047
-0.191757
-1.47094
-2.66454
-3.72712
-4.62107
-5.31678
-5.79246
-6.03383
7.67256
7.29926
6.57641
5.5488
4.27745
2.83364
1.29284
-0.270573
-1.78743
-3.19647
-4.44574
-5.49308
-6.30584
-6.8604
-7.14143
9.1944
8.73792
7.85587
6.6061
5.06657
3.32705
1.4809
-0.381714
-2.17878
-3.83932
-5.30456
-6.52793
-7.47417
-8.11822
-8.44412
11.0331
10.472
9.39061
7.86454
5.99454
3.89448
1.68039
-0.538373
-2.66492
-4.61774
-6.33131
-7.75518
-8.85227
-9.5969
-9.97305
13.2614
12.5674
11.234
9.36177
7.0822
4.54106
1.88312
-0.759064
-3.27169
-5.56228
-7.55917
-9.20928
-10.475
-11.3314
-11.7631
15.9716
15.1067
13.4515
11.1418
8.35145
5.26872
2.07487
-1.06972
-4.03262
-6.71071
-9.02779
-10.9302
-12.3821
-13.3606
-13.8529
19.2822
18.1946
16.1236
13.2553
9.82368
6.0735
2.23239
-1.50653
-4.99129
-8.10979
-10.7843
-12.9639
-14.6176
-15.7275
-16.2843
23.3479
21.9654
19.349
15.7601
11.517
6.94135
2.31894
-2.11985
-6.20426
-9.81714
-12.8843
-15.3628
-17.2307
-18.4782
-19.1024
28.3735
26.5927
23.2496
18.7189
13.4412
7.84159
2.27794
-2.97926
-7.74462
-11.9034
-15.3929
-18.1856
-20.2743
-21.6618
-22.3536
34.6354
32.3048
27.9748
22.1964
15.5889
8.71677
2.02409
-4.1802
-9.70618
-14.4542
-18.3854
-21.4972
-23.8047
-25.3282
-26.0851
42.5155
39.4051
33.7055
26.2494
17.9202
9.46724
1.43107
-5.85218
-12.2079
-17.5721
-21.9468
-25.3671
-27.8793
-29.5268
-30.3419
52.5552
48.3032
40.6556
30.9086
20.3373
9.92819
0.315155
-8.16821
-15.3982
-21.3771
-26.1707
-29.8674
-32.5541
-34.303
-35.1646
65.5473
59.5589
49.0634
36.1399
22.6414
9.83626
-1.58524
-11.3546
-19.4572
-26.0051
-31.156
-35.0687
-37.88
-39.6952
-40.5852
82.6973
73.9442
59.1567
41.7704
24.4639
8.78337
-4.63292
-15.6983
-24.5958
-31.6029
-37.0011
-41.0346
-43.8971
-45.7296
-46.6235
105.925
92.5194
71.0542
47.3449
25.1571
6.15796
-9.31302
-21.5475
-31.0468
-38.3179
-43.7935
-47.8135
-50.6291
-52.4153
-53.2821
138.462
116.691
84.5094
51.8626
23.6357
1.08233
-16.2406
-29.2957
-39.0451
-46.2794
-51.5966
-55.4282
-58.0754
-59.7392
-60.5421
186.115
148.09
98.287
53.3107
18.1742
-7.62574
-26.1316
-39.3393
-48.7895
-55.572
-60.4309
-63.865
-66.2043
-67.6603
-68.3591
260.174
187.668
108.712
47.925
6.22893
-21.3992
-39.7016
-51.992
-60.3859
-66.2001
-70.2541
-73.0616
-74.9458
-76.1068
-76.6607
384.582
231.724
106.517
29.2817
-15.4856
-41.6489
-57.4463
-67.35
-73.7732
-78.05
-80.9423
-82.8988
-84.189
-84.9743
-85.3462
615.137
256.575
71.0084
-11.9095
-50.1193
-69.0967
-79.2832
-85.1243
-88.6504
-90.8606
-92.2797
-93.198
-93.7821
-94.1281
-94.2892
1094.69
161.289
-35.7849
-84.148
-98.1085
-102.649
-104.137
-104.505
-104.441
-104.22
-103.964
-103.729
-103.54
-103.409
-103.343
12.3872
12.7806
13.598
14.9052
16.8143
19.5037
23.251
28.4888
35.8921
46.5068
61.886
84.0336
114.33
148.647
160.364
17.8517
18.3178
19.2812
20.8077
23.0063
26.0428
30.1593
35.7009
43.1419
53.0903
66.1973
82.7933
101.871
118.969
124.139
22.8491
23.3569
24.4003
26.0371
28.3595
31.5007
35.6413
41.0122
47.8833
56.514
67.018
79.069
91.3914
101.216
104.76
27.3376
27.8594
28.9251
30.5798
32.8929
35.9581
39.8916
44.8219
50.8639
58.0632
66.2898
75.0717
83.4083
89.74
92.4782
31.3034
31.817
32.8598
34.4633
36.6729
39.5459
43.1437
47.5183
52.6862
58.584
65.0043
71.5175
77.4286
81.8559
84.0437
34.7545
35.2441
36.2329
37.7395
39.7887
42.4077
45.6175
49.42
53.7771
58.5818
63.6245
68.5636
72.9314
76.21
77.9963
37.715
38.1709
39.0872
40.4719
42.3337
44.6774
47.4972
50.7654
54.4186
58.3406
62.3472
66.1795
69.5217
72.0548
73.5427
40.2183
40.636
41.4721
42.7263
44.3956
46.4701
48.9272
51.7242
54.7895
58.0133
61.2428
64.284
66.9196
68.9432
70.206
42.3026
42.6817
43.4375
44.5644
46.0513
47.879
50.016
52.4135
55.0003
57.679
60.3251
62.7928
64.928
66.5908
67.6815
44.0067
44.3495
45.0308
46.0412
47.365
48.9776
50.8433
52.9123
55.118
57.3757
59.5846
61.6327
63.4073
64.8091
65.7674
45.3666
45.6775
46.2937
47.2036
48.3886
49.8218
51.4662
53.2733
55.1823
57.12
59.0035
60.7448
62.2582
63.4698
64.3265
46.4145
46.6989
47.2615
48.0895
49.1628
50.4537
51.9252
53.5313
55.2166
56.9172
58.5633
60.0835
61.4097
62.4839
63.2644
47.1768
47.441
47.9628
48.7287
49.7183
50.9035
52.2483
53.7089
55.2343
56.7675
58.2479
59.6149
60.8118
61.7906
62.5164
47.6736
47.9242
48.4185
49.1431
50.077
51.1924
52.4542
53.8203
55.2429
56.6693
58.0447
59.3151
60.4305
61.3491
62.0395
47.9186
48.1623
48.6429
49.3467
50.2529
51.3337
52.5544
53.8741
55.2463
56.6207
57.9452
59.1688
60.245
61.1342
61.8073
123.484
119
111.48
90.8696
80.5323
65.6849
55.3993
34.1851
47.6638
51.591
53.4622
54.5184
56.4913
58.2216
62.8029
61.4912
52.6109
48.4372
42.8039
39.7113
34.9803
30.7428
20.3146
29.74
33.2293
36.5972
38.8065
42.95
46.0956
53.0662
53.7984
49.3724
47.1986
43.8376
41.8145
38.2224
34.2411
23.1355
35.3458
40.3594
46.0865
49.8978
57.0356
62.1587
72.9783
74.4847
68.8196
66.0455
61.7058
59.0181
54.1558
48.4166
32.1606
50.0327
57.0373
64.5162
68.974
76.7661
81.8393
92.1561
91.9065
80.9249
75.4349
67.2864
62.4761
54.5851
47.2652
29.234
44.5042
49.5078
53.3737
55.2037
58.2377
60.0297
64.3352
62.6464
53.6061
49.1973
44.3323
41.6356
40.0906
33.9776
17.8449
48.549
34.3176
-33.0641
-89.9471
-198.405
-495.48
-1453.78
114.599
107.474
99.3931
88.4645
78.741
68.8799
60.329
52.5972
52.9525
53.9405
54.7542
55.4291
56.2417
56.9774
57.5712
56.0492
52.2197
48.5781
44.8226
41.5627
38.2259
35.1387
32.3541
34.1314
36.2261
38.4499
40.6243
43.1857
45.6777
48.292
48.9328
47.6686
46.1001
44.16
42.2765
40.0775
37.833
35.8311
39.1307
42.7807
46.7456
50.6302
55.1295
59.394
63.7831
65.218
63.8748
61.9702
59.4643
56.9111
53.8076
50.4712
47.3367
51.7909
56.4718
61.2264
65.4479
69.9384
73.6919
76.9824
76.4723
72.1475
67.4141
61.9671
56.7796
51.0234
45.3108
39.7475
41.5146
43.3798
44.8602
45.6848
46.2879
46.2558
45.6244
42.5122
36.7893
30.8892
24.5378
17.912
10.216
-0.272185
-13.9104
-25.668
-56.5324
-114.31
-195.573
-323.602
-534.274
-831.449
101.957
97.3242
91.4044
84.3227
77.1465
70.1869
64.0783
59.3631
57.3291
56.5401
56.245
56.1408
56.102
55.9366
55.3855
53.9292
51.5571
48.8823
46.127
43.5243
41.1116
39.0984
37.8241
38.0652
39.0366
40.373
41.8843
43.5209
45.083
46.359
46.8098
46.4025
45.5363
44.4003
43.1921
41.9978
41.0749
40.8921
42.4107
44.7481
47.5199
50.4768
53.5608
56.4492
58.8412
59.9507
59.7378
58.7599
57.29
55.5957
53.794
52.2345
51.5847
53.2217
55.7996
58.7034
61.5336
64.1711
66.2103
67.2806
66.5304
63.9574
60.4198
56.2735
51.9012
47.3982
43.1408
39.7049
38.3831
37.8056
37.2907
36.4842
35.2524
33.3443
30.4857
26.1371
20.2276
13.231
5.13829
-4.2703
-15.6377
-29.9857
-48.3734
-72.3706
-108.627
-161.734
-233.852
-329.791
-448.496
-561.391
91.7209
89.0248
85.0875
80.3153
75.2388
70.2673
65.8198
62.2672
59.9118
58.4278
57.4599
56.7575
56.1437
55.4505
54.5023
53.1273
51.3296
49.3015
47.211
45.2116
43.4215
41.9934
41.1114
40.9466
41.3212
42.0436
42.9632
43.963
44.8997
45.6136
45.922
45.7968
45.3601
44.744
44.0874
43.5265
43.2505
43.5026
44.5112
46.0895
48.027
50.1396
52.2731
54.2185
55.7452
56.5871
56.7016
56.2573
55.4382
54.4343
53.4311
52.6871
52.539
53.2968
54.6573
56.2856
57.8961
59.2643
60.1229
60.1995
59.2122
57.1557
54.3013
50.9044
47.2104
43.4188
39.7871
36.6177
34.1796
32.1407
30.1406
27.8958
25.1905
21.8013
17.4922
12.0096
5.23144
-2.84867
-12.3662
-23.6316
-37.1989
-53.8812
-74.7578
-101.419
-136.455
-181.781
-237.829
-303.191
-371.079
-424.353
84.0316
82.511
79.9716
76.7445
73.1786
69.5918
66.2716
63.4462
61.2385
59.5714
58.2915
57.2456
56.2991
55.3304
54.233
52.9333
51.4331
49.8097
48.1631
46.5969
45.2096
44.1015
43.3652
43.0509
43.1043
43.4296
43.9259
44.4954
45.0368
45.4513
45.658
45.639
45.4419
45.1452
44.8444
44.6446
44.6649
45.0232
45.7906
46.9129
48.2814
49.7718
51.2554
52.5902
53.6344
54.2704
54.4691
54.2939
53.8516
53.271
52.6941
52.2808
52.1883
52.5032
53.1288
53.8925
54.6068
55.0905
55.1607
54.6496
53.433
51.5023
48.9632
45.9627
42.6596
39.2085
35.7674
32.4768
29.4006
26.4197
23.3426
19.9702
16.1133
11.5828
6.18871
-0.252428
-7.88978
-16.8582
-27.3535
-39.6779
-54.2739
-71.7361
-92.8114
-118.404
-149.465
-186.383
-228.39
-272.948
-314.703
-345.129
78.2897
77.4627
75.8445
73.6603
71.1473
68.5311
66.0099
63.7345
61.7857
60.1565
58.7853
57.5898
56.4854
55.3946
54.2544
53.027
51.7132
50.3508
48.9986
47.724
46.5947
45.6737
45.0105
44.6252
44.4951
44.569
44.7826
45.0676
45.3562
45.5875
45.7183
45.7371
45.6663
45.552
45.4554
45.4452
45.5919
45.9541
46.5587
47.381
48.3596
49.4133
50.4513
51.3795
52.1111
52.5825
52.7744
52.7145
52.4634
52.1019
51.7209
51.4121
51.25
51.2617
51.4007
51.5699
51.649
51.5115
51.0351
50.1147
48.6815
46.7243
44.2889
41.456
38.3216
34.9832
31.5305
28.027
24.4842
20.8371
16.9697
12.7422
8.00604
2.60796
-3.60697
-10.7917
-19.0939
-28.6689
-39.7062
-52.4522
-67.2208
-84.3872
-104.359
-127.513
-154.039
-183.655
-215.276
-246.738
-274.636
-294.753
73.966
73.5523
72.531
71.0481
69.2633
67.3323
65.3931
63.5516
61.8714
60.3689
59.0254
57.8016
56.6512
55.5293
54.4003
53.2443
52.0625
50.8764
49.7216
48.6412
47.679
46.8742
46.2549
45.8313
45.5917
45.5066
45.5357
45.6341
45.7576
45.8679
45.9392
45.9637
45.9526
45.9328
45.9412
46.0195
46.2078
46.5355
47.0127
47.6234
48.3292
49.0767
49.8048
50.4514
50.9615
51.2964
51.4418
51.4097
51.2334
50.9602
50.643
50.3316
50.0606
49.8363
49.6284
49.3765
49.0021
48.42
47.5481
46.3178
44.6841
42.6341
40.1866
37.383
34.2766
30.9224
27.3662
23.6337
19.7178
15.5716
11.1151
6.24667
0.851974
-5.1905
-12.006
-19.7213
-28.4651
-38.3732
-49.5977
-62.3133
-76.7139
-92.9965
-111.324
-131.761
-154.164
-178.038
-202.39
-225.655
-245.772
-260.557
70.6798
70.5156
69.8808
68.8695
67.5882
66.1442
64.6342
63.1356
61.6999
60.3515
59.0918
57.9069
56.775
55.6734
54.5841
53.4978
52.4171
51.3559
50.3369
49.3875
48.536
47.8067
47.2167
46.7718
46.4652
46.2791
46.1884
46.1639
46.1772
46.2037
46.2269
46.2409
46.251
46.2722
46.3256
46.4351
46.6221
46.901
47.2738
47.7282
48.238
48.7673
49.2749
49.7191
50.0637
50.2825
50.364
50.3118
50.1424
49.8811
49.5562
49.1922
48.8033
48.3865
47.9188
47.3589
46.6537
45.745
44.5766
43.101
41.2854
39.1159
36.5965
33.7453
30.5884
27.1519
23.4554
19.5041
15.2828
10.7528
5.8537
0.508977
-5.36919
-11.8756
-19.1089
-27.1696
-36.1592
-46.1811
-57.3415
-69.747
-83.4959
-98.6596
-115.251
-133.175
-152.169
-171.729
-191.065
-209.101
-224.583
-236.309
68.1677
68.155
67.7716
67.0782
66.1463
65.05
63.8579
62.6277
61.4015
60.2052
59.0496
57.9348
56.854
55.7989
54.7625
53.7425
52.7429
51.7739
50.851
49.9923
49.2161
48.5381
47.969
47.5124
47.1643
46.9138
46.7448
46.6388
46.577
46.5436
46.5272
46.5231
46.533
46.5644
46.6287
46.7383
46.9036
47.1305
47.417
47.7525
48.1181
48.4886
48.8354
49.1298
49.3462
49.4659
49.4782
49.3818
49.183
48.8931
48.5248
48.088
47.5854
47.0096
46.3412
45.5498
44.5977
43.4435
42.0469
40.3731
38.3961
36.101
33.4836
30.5478
27.3023
23.7556
19.9112
15.7632
11.2925
6.46529
1.23403
-4.46044
-10.6855
-17.5137
-25.02
-33.2797
-42.3661
-52.349
-63.2916
-75.2454
-88.2397
-102.266
-117.255
-133.046
-149.355
-165.742
-181.609
-196.224
-208.8
-218.635
66.2476
66.3269
66.1075
65.6291
64.9402
64.0923
63.1353
62.1128
61.0593
59.9993
58.9479
57.9124
56.8953
55.8966
54.9165
53.957
53.0236
52.1248
51.2718
50.4774
49.754
49.112
48.5585
48.096
47.7222
47.4303
47.21
47.0492
46.9355
46.8582
46.8093
46.7844
46.7833
46.8088
46.866
46.9604
47.096
47.2736
47.489
47.7328
47.9905
48.2435
48.4709
48.6519
48.7676
48.803
48.7483
48.5987
48.3542
48.0175
47.5917
47.0778
46.4725
45.7656
44.9399
43.9717
42.8322
41.4904
39.9158
38.0812
35.9644
33.55
30.8287
27.7958
24.4496
20.7877
16.8041
12.4868
7.8153
2.75974
-2.71854
-8.66564
-15.133
-22.1748
-29.8459
-38.1988
-47.2815
-57.134
-67.7848
-79.2443
-91.4961
-104.486
-118.104
-132.172
-146.424
-160.501
-173.955
-186.279
-196.962
-205.568
64.7929
64.9275
64.8151
64.482
63.9616
63.2907
62.5061
61.6414
60.7252
59.78
58.8221
57.8627
56.9092
55.9667
55.0397
54.1332
53.2537
52.4088
51.6076
50.8596
50.1738
49.5577
49.0162
48.5512
48.1617
47.8431
47.5889
47.391
47.241
47.1314
47.056
47.011
46.9946
47.0069
47.0492
47.1227
47.2275
47.3615
47.5194
47.6926
47.8692
48.0345
48.1727
48.2675
48.304
48.2695
48.1543
47.9517
47.6576
47.2695
46.7846
46.1989
45.5051
44.6919
43.7435
42.6397
41.3575
39.8721
38.1588
36.1951
33.961
31.4407
28.6219
25.4949
22.0514
18.2827
14.1775
9.72051
4.89114
-0.337036
-5.99585
-12.1215
-18.7528
-25.9295
-33.6894
-42.0663
-51.0873
-60.7687
-71.1125
-82.1009
-93.6892
-105.798
-118.304
-131.031
-143.745
-156.156
-167.926
-178.694
-188.113
-195.896
63.7152
63.8825
63.8393
63.6034
63.1985
62.6517
61.9909
61.243
60.4318
59.5778
58.6975
57.8036
56.9063
56.0135
55.1324
54.2699
53.4329
52.629
51.866
51.1515
50.4927
49.8951
49.3628
48.8973
48.4981
48.1625
47.886
47.6631
47.4878
47.3546
47.2585
47.1957
47.1638
47.1612
47.1868
47.2392
47.3163
47.4143
47.5272
47.647
47.7634
47.8641
47.9362
47.9663
47.9419
47.8515
47.6854
47.4358
47.096
46.6601
46.1223
45.475
44.7092
43.8125
42.7701
41.5642
40.1749
38.5812
36.7622
34.6977
32.3694
29.761
26.8586
23.6493
20.1213
16.262
12.0573
7.49041
2.54129
-2.81359
-8.60076
-14.8488
-21.5871
-28.8437
-36.6436
-45.0059
-53.9412
-63.4484
-73.511
-84.0924
-95.1316
-106.537
-118.183
-129.906
-141.501
-152.732
-163.336
-173.048
-181.619
-188.846
62.9532
63.1393
63.1396
62.9669
62.6387
62.1757
61.6002
60.9344
60.199
59.4126
58.5912
57.7485
56.8957
56.0426
55.1976
54.3688
53.5636
52.7894
52.0536
51.3626
50.7225
50.138
49.6123
49.1471
48.7423
48.396
48.1052
47.8658
47.6735
47.5236
47.4121
47.3354
47.2903
47.2743
47.285
47.3195
47.3744
47.4448
47.5246
47.6059
47.6793
47.7343
47.7595
47.7432
47.6742
47.5418
47.3364
47.0491
46.6719
46.1972
45.6167
44.9215
44.1009
43.1425
42.0317
40.7522
39.2861
37.6145
35.7186
33.5797
31.1805
28.5046
25.5367
22.2625
18.668
14.7385
10.4586
5.81073
0.775753
-4.66754
-10.5418
-16.87
-23.6746
-30.9753
-38.7875
-47.1196
-55.9707
-65.3274
-75.161
-85.4235
-96.0448
-106.929
-117.952
-128.962
-139.78
-150.207
-160.031
-169.044
-177.056
-183.916
62.4661
62.6622
62.688
62.5531
62.2716
61.8604
61.3384
60.7249
60.0385
59.2966
58.5148
57.7068
56.8847
56.0589
55.2387
54.4327
53.6486
52.894
52.1756
51.4996
50.8714
50.2952
49.774
49.3094
48.9014
48.5489
48.2496
48.0002
47.7973
47.6368
47.5151
47.4287
47.3741
47.3484
47.3482
47.3699
47.4094
47.4612
47.5191
47.5753
47.6212
47.6468
47.6417
47.5954
47.4972
47.3368
47.1045
46.7912
46.3879
45.8858
45.2758
44.5478
43.6905
42.6912
41.5358
40.2085
38.6926
36.9704
35.0242
32.8364
30.3898
27.6681
24.6555
21.3368
17.6967
13.7197
9.38946
4.6885
-0.40174
-5.90083
-11.8287
-18.205
-25.0472
-32.3699
-40.182
-48.4852
-57.2711
-66.5188
-76.1922
-86.2369
-96.578
-107.118
-117.737
-128.293
-138.621
-148.548
-157.892
-166.478
-174.151
-180.787
62.2285
62.4289
62.4665
62.3494
62.0899
61.7035
61.2072
60.6191
59.9568
59.2369
58.4749
57.6845
56.878
56.0661
55.2585
54.4639
53.6905
52.9455
52.2357
51.567
50.9446
50.3725
49.8535
49.3892
48.9799
48.6245
48.3212
48.0672
47.8591
47.6935
47.5667
47.4753
47.4159
47.385
47.3791
47.3942
47.4258
47.4683
47.5153
47.5592
47.5915
47.6027
47.5829
47.5217
47.409
47.2346
46.9887
46.6621
46.2454
45.7294
45.1043
44.3596
43.4839
42.4643
41.2868
39.936
38.3955
36.6484
34.6774
32.4652
29.9949
27.2502
24.215
20.8736
17.2105
13.2095
8.85408
4.12684
-0.990432
-6.51647
-12.4699
-18.8685
-25.7277
-33.0591
-40.8687
-49.1549
-57.9056
-67.0964
-76.6876
-86.6219
-96.8229
-107.193
-117.614
-127.947
-138.039
-147.726
-156.841
-165.225
-172.738
-179.267
-1440.19
-505.998
-266.856
-189.889
-158.092
-141.886
-132.331
-126.154
-121.928
-118.941
-116.8
-115.276
-114.227
-113.569
-113.251
-827.69
-538.891
-356.753
-260.072
-207.936
-178.036
-159.709
-147.819
-139.765
-134.152
-130.186
-127.395
-125.495
-124.31
-123.741
-567.019
-465.116
-361.188
-285.707
-235.543
-202.61
-180.647
-165.644
-155.161
-147.715
-142.393
-138.624
-136.046
-134.434
-133.659
-432.86
-393.361
-337.171
-286.023
-245.913
-216.213
-194.622
-178.948
-167.518
-159.152
-153.047
-148.659
-145.628
-143.721
-142.8
-353.944
-338.29
-308.109
-275.297
-245.871
-221.702
-202.677
-188.005
-176.807
-168.328
-161.981
-157.335
-154.083
-152.02
-151.018
-303.145
-297.74
-281.676
-261.18
-240.57
-222.045
-206.378
-193.586
-183.376
-175.369
-169.213
-164.614
-161.348
-159.255
-158.234
-268.4
-267.847
-259.669
-247.174
-233.179
-219.528
-207.2
-196.584
-187.737
-180.558
-174.886
-170.559
-167.439
-165.418
-164.425
-243.651
-245.577
-241.975
-234.666
-225.441
-215.686
-206.307
-197.81
-190.43
-184.237
-179.211
-175.296
-172.427
-170.549
-169.621
-225.565
-228.831
-227.985
-224.07
-218.231
-211.467
-204.528
-197.916
-191.935
-186.746
-182.422
-178.983
-176.424
-174.73
-173.887
-212.17
-216.193
-217.06
-215.395
-211.944
-207.42
-202.419
-197.389
-192.644
-188.388
-184.746
-181.788
-179.553
-178.056
-177.307
-202.245
-206.71
-208.666
-208.504
-206.726
-203.848
-200.335
-196.575
-192.862
-189.414
-186.383
-183.869
-181.94
-180.634
-179.976
-195.007
-199.732
-202.386
-203.228
-202.606
-200.906
-198.498
-195.71
-192.813
-190.022
-187.5
-185.364
-183.7
-182.562
-181.985
-189.943
-194.822
-197.917
-199.411
-199.562
-198.67
-197.039
-194.951
-192.655
-190.359
-188.227
-186.386
-184.931
-183.927
-183.415
-186.728
-191.692
-195.048
-196.934
-197.559
-197.171
-196.033
-194.397
-192.496
-190.529
-188.66
-187.02
-185.709
-184.797
-184.33
-185.167
-190.169
-193.645
-195.716
-196.566
-196.42
-195.521
-194.107
-192.401
-190.598
-188.861
-187.322
-186.084
-185.22
-184.776
)
;

boundaryField
{
    hot
    {
        type            calculated;
        value           nonuniform List<scalar> 
120
(
24.2938
23.9442
23.2393
22.168
20.7148
18.862
16.5912
13.8873
10.7417
7.15688
3.15098
-1.23856
-5.95254
-10.9102
-16.0126
-20.7212
-24.9534
-29.0749
-33.0299
-36.7721
-40.2662
-43.4887
-46.4272
-49.0793
-51.4507
-53.5537
-55.4051
-57.0244
-58.4328
-59.6516
-60.702
-61.6038
-62.3756
-63.0343
-63.5952
-64.0718
-64.4761
-64.8185
-65.1081
-65.3528
-65.5593
-65.7333
-65.88
-66.0033
-66.107
-66.194
-66.2668
-66.3277
-66.3784
-66.4205
-66.4551
-66.4833
-66.506
-66.5239
-66.5374
-66.547
-66.553
-66.5556
-66.5548
-66.5506
-66.5429
-66.5315
-66.5159
-66.4958
-66.4706
-66.4394
-66.4013
-66.3553
-66.2998
-66.2334
-66.1539
-66.0592
-65.9462
-65.8118
-65.6521
-65.4624
-65.2373
-64.9704
-64.6543
-64.2803
-63.8384
-63.3167
-62.702
-61.979
-61.1303
-60.1365
-58.9762
-57.6258
-56.0605
-54.2538
-52.1793
-49.8112
-47.1261
-44.1047
-40.734
-37.0096
-32.9384
-28.54
-23.8488
-18.9137
-13.7971
-8.57235
-3.31982
1.87838
6.94341
12.2907
17.737
22.7238
27.2086
31.176
34.6328
37.6013
40.1139
42.2077
43.9207
45.2886
46.343
47.1103
47.6105
47.8572
)
;
    }
    cold
    {
        type            calculated;
        value           nonuniform List<scalar> 
120
(
-18.8523
-18.726
-18.4744
-18.0999
-17.6061
-16.9982
-16.2835
-15.4714
-14.5735
-13.6043
-12.5806
-11.5212
-10.4466
-9.37757
-8.33431
-7.41844
-6.62628
-5.88173
-5.19
-4.55434
-3.97615
-3.45515
-2.98972
-2.57716
-2.214
-1.89631
-1.61993
-1.38065
-1.17437
-0.997198
-0.845518
-0.716028
-0.605753
-0.512045
-0.432568
-0.365277
-0.308397
-0.260393
-0.219946
-0.185927
-0.157374
-0.133472
-0.11353
-0.0969701
-0.0833074
-0.0721406
-0.0631399
-0.0560388
-0.0506267
-0.0467424
-0.0442705
-0.0431377
-0.0433106
-0.0447953
-0.0476373
-0.0519231
-0.0577827
-0.065394
-0.0749874
-0.0868535
-0.101352
-0.11892
-0.140091
-0.165502
-0.195923
-0.232271
-0.275641
-0.327339
-0.388919
-0.462229
-0.549465
-0.653232
-0.776623
-0.923299
-1.0976
-1.30465
-1.55051
-1.84233
-2.18851
-2.59894
-3.08521
-3.66085
-4.34163
-5.14584
-6.09461
-7.21215
-8.52607
-10.0676
-11.8715
-13.9763
-16.4238
-19.2584
-22.5263
-26.2737
-30.5446
-35.3784
-40.8055
-46.8442
-53.4955
-60.7393
-68.5302
-76.7959
-85.4367
-94.3281
-103.327
-113.173
-123.601
-133.469
-142.574
-150.772
-157.981
-164.179
-169.39
-173.677
-177.12
-179.811
-181.84
-183.286
-184.212
-184.664
)
;
    }
    interface_left
    {
        type            calculated;
        value           nonuniform List<scalar> 
90
(
-770.947
-392.45
-248.25
-182.648
-147.504
-126.144
-111.966
-101.979
-94.6491
-89.1095
-84.8316
-81.4734
-78.8034
-76.659
-74.923
-73.5084
-72.3497
-71.3965
-70.6095
-69.9579
-69.4171
-68.9674
-68.5929
-68.2805
-68.0197
-67.8018
-67.6196
-67.4673
-67.3399
-67.2333
-67.1443
-67.07
-67.0081
-66.9567
-66.9141
-66.8791
-66.8506
-66.8278
-66.8098
-66.7962
-66.7865
-66.7804
-66.7779
-66.7787
-66.7829
-66.7906
-66.8021
-66.8177
-66.8379
-66.8634
-66.8948
-66.9332
-66.9797
-67.0359
-67.1033
-67.1841
-67.2808
-67.3965
-67.5347
-67.6999
-67.8973
-68.1333
-68.4155
-68.7532
-69.1578
-69.643
-70.2256
-70.9265
-71.7714
-72.7923
-74.0299
-75.5354
-77.3751
-79.6357
-82.4319
-85.9199
-90.3163
-95.9318
-103.228
-112.922
-126.201
-145.184
-174.05
-222.123
-313.215
-516.696
-1058.47
1078.16
546.057
374.199
)
;
    }
    interface_right
    {
        type            calculated;
        value           nonuniform List<scalar> 
90
(
54.0653
29.0122
18.2697
12.7261
9.40902
7.21155
5.65627
4.50672
3.63154
2.95101
2.41349
1.98383
1.63719
1.35547
1.12516
0.936001
0.78004
0.651054
0.544113
0.455273
0.381355
0.319783
0.268457
0.225658
0.189973
0.16024
0.135502
0.114968
0.0979888
0.0840292
0.0726521
0.0635027
0.0562964
0.0508099
0.0468733
0.0443648
0.0432067
0.0433627
0.0448366
0.0476728
0.0519571
0.0578194
0.0654376
0.0750433
0.0869284
0.101454
0.119063
0.140291
0.165785
0.196321
0.232832
0.276433
0.328457
0.390497
0.464456
0.552609
0.657671
0.782889
0.932145
1.11009
1.32228
1.5754
1.87747
2.23812
2.66898
3.18409
3.80046
4.53876
5.42421
6.48773
7.76742
9.31051
11.1761
13.4385
16.1927
19.561
23.7035
28.8335
35.2409
43.33
53.6811
67.1592
85.1144
109.783
145.167
199.176
289.462
461.102
845.296
1868.81
)
;
    }
    interface_top
    {
        type            calculated;
        value           nonuniform List<scalar> 
90
(
123.484
119
111.48
90.8696
80.5323
65.6849
55.3993
34.1851
47.6638
51.591
53.4622
54.5184
56.4913
58.2216
62.8029
61.4912
52.6109
48.4372
42.8039
39.7113
34.9803
30.7428
20.3146
29.74
33.2293
36.5972
38.8065
42.95
46.0956
53.0662
53.7984
49.3724
47.1986
43.8376
41.8145
38.2224
34.2411
23.1355
35.3458
40.3594
46.0865
49.8978
57.0356
62.1587
72.9783
74.4847
68.8196
66.0455
61.7058
59.0181
54.1558
48.4166
32.1606
50.0327
57.0373
64.5162
68.974
76.7661
81.8393
92.1561
91.9065
80.9249
75.4349
67.2864
62.4761
54.5851
47.2652
29.234
44.5042
49.5078
53.3737
55.2037
58.2377
60.0297
64.3352
62.6464
53.6061
49.1973
44.3323
41.6356
40.0906
33.9776
17.8449
48.549
34.3176
-33.0641
-89.9471
-198.405
-495.48
-1453.78
)
;
    }
    interface_bottom
    {
        type            calculated;
        value           nonuniform List<scalar> 
90
(
428.63
178.809
101.574
71.4594
57.8771
46.0704
37.9997
23.7656
31.4235
33.2501
33.7879
33.8019
33.9561
33.9787
34.6256
32.5498
25.1821
21.4668
16.2587
13.4195
9.33597
6.9301
3.16639
2.24811
0.967274
-1.91957
-3.90685
-7.48656
-9.82793
-14.0686
-15.6137
-16.3881
-16.9491
-17.7334
-18.1033
-18.3354
-17.2323
-12.359
-20.6557
-24.3494
-28.9505
-31.6954
-36.2631
-39.0796
-44.2105
-44.5511
-40.3526
-38.6472
-36.5672
-35.4321
-33.5432
-30.5385
-21.0673
-33.4504
-38.5213
-44.2093
-47.4988
-52.8984
-56.2206
-62.3912
-62.3346
-55.753
-53.0207
-49.7452
-47.9657
-45.1349
-40.9717
-28.1977
-44.5717
-51.3215
-59.034
-63.6971
-71.7359
-77.1055
-87.8459
-88.8335
-81.3631
-78.3224
-74.8879
-72.8229
-69.5335
-62.917
-42.0335
-69.2874
-71.8945
-54.1775
-106.188
-100.629
-30.9767
0.772132
)
;
    }
    defaultFaces
    {
        type            empty;
    }
}


// ************************************************************************* //
