/*--------------------------------*- C++ -*----------------------------------*\
| =========                 |                                                 |
| \\      /  F ield         | OpenFOAM: The Open Source CFD Toolbox           |
|  \\    /   O peration     | Version:  5.x                                   |
|   \\  /    A nd           | Web:      www.OpenFOAM.org                      |
|    \\/     M anipulation  |                                                 |
\*---------------------------------------------------------------------------*/
FoamFile
{
    version     2.0;
    format      ascii;
    class       volScalarField;
    location    "19.4";
    object      gradTy;
}
// * * * * * * * * * * * * * * * * * * * * * * * * * * * * * * * * * * * * * //

dimensions      [0 -1 0 1 0 0 0];

internalField   nonuniform List<scalar> 
6300
(
992.645
978.047
963.78
950.062
937.103
925.103
914.25
904.711
896.626
890.103
885.212
881.976
880.366
880.303
881.659
-0.166166
-0.496763
-0.821947
-1.13742
-1.43787
-1.71674
-1.96603
-2.17645
-2.33779
-2.43976
-2.47327
-2.43199
-2.31406
-2.12344
-1.87039
-0.278879
-0.833978
-1.38074
-1.91241
-2.42047
-2.89412
-3.31993
-3.68194
-3.96221
-4.14223
-4.20505
-4.13827
-3.93732
-3.60829
-3.16912
-0.394242
-1.17952
-1.95463
-2.71102
-3.43749
-4.11933
-4.73763
-5.26915
-5.6869
-5.96191
-6.06644
-5.97871
-5.68866
-5.20327
-4.5495
-0.512812
-1.53522
-2.54724
-3.53953
-4.49913
-5.40805
-6.24209
-6.97011
-7.5543
-7.95203
-8.12004
-8.02146
-7.63531
-6.96657
-6.05294
-0.634606
-1.9013
-3.15956
-4.40072
-5.61143
-6.77165
-7.85256
-8.81489
-9.60815
-10.1719
-10.4402
-10.3518
-9.86454
-8.97475
-7.73226
-0.758907
-2.27582
-3.78897
-5.29233
-6.77421
-8.21452
-9.58157
-10.8287
-11.8915
-12.687
-13.1172
-13.0808
-12.4963
-11.3356
-9.65936
-0.88411
-2.65407
-4.42817
-6.20539
-7.97853
-9.73063
-11.4304
-13.0268
-14.4421
-15.5673
-16.2606
-16.358
-15.7041
-14.2118
-11.9401
-1.00757
-3.02818
-5.06423
-7.12252
-9.20385
-11.299
-13.3828
-15.4058
-17.2828
-18.8795
-20
-20.3863
-19.7504
-17.8673
-14.7447
-1.12555
-3.38683
-5.67802
-8.01658
-10.4153
-12.8786
-15.3959
-17.9307
-20.4038
-22.6679
-24.4733
-25.4368
-25.0437
-22.7623
-18.3782
-1.23332
-3.71556
-6.24443
-8.85041
-11.5622
-14.4043
-17.3913
-20.517
-23.7339
-26.9148
-29.7886
-31.8437
-32.2254
-29.7598
-23.4735
-1.32551
-3.99764
-6.73372
-9.57835
-12.5788
-15.7851
-19.2479
-23.0122
-27.0998
-31.4686
-35.9224
-39.9237
-42.2543
-40.578
-31.6102
-1.39659
-4.21576
-7.1144
-10.1504
-13.3895
-16.9092
-20.8029
-25.184
-30.1843
-35.9374
-42.5086
-49.6743
-56.2901
-58.6878
-47.6747
-1.44165
-4.3544
-7.35769
-10.5193
-13.9196
-17.6592
-21.8706
-26.7363
-32.5158
-39.5878
-48.5001
-59.9747
-74.5436
-90.2083
-90.1986
-1.45724
-4.40249
-7.44259
-10.6495
-14.1103
-17.9372
-22.284
-27.3745
-33.5549
-41.3976
-51.9292
-67.1804
-91.7009
-137.403
-241.779
884.046
886.953
890.473
894.473
898.826
903.406
908.1
912.803
917.423
921.881
926.109
930.049
933.657
936.892
939.726
942.134
944.097
945.602
946.638
947.198
947.278
946.875
945.988
944.62
942.772
940.449
937.654
934.394
930.675
926.503
921.884
916.827
911.337
905.421
899.086
892.338
885.182
877.624
869.669
861.323
852.592
843.481
833.998
824.148
813.938
803.374
792.465
781.215
769.63
757.717
745.479
732.922
720.05
706.868
693.38
679.593
665.513
651.146
636.503
621.593
606.426
591.013
575.366
559.499
543.423
527.154
510.706
494.095
477.339
460.461
443.481
426.429
409.333
392.227
375.149
358.138
341.236
324.487
307.936
291.628
275.608
259.917
244.598
229.687
215.218
201.22
187.719
174.73
162.268
150.335
-1.59563
-1.32562
-1.04691
-0.770314
-0.505049
-0.258175
-0.0344171
0.16371
0.335559
0.481907
0.604506
0.705676
0.787977
0.853973
0.906079
0.94647
0.977043
0.999415
1.01494
1.02473
1.02971
1.03061
1.02806
1.02255
1.01452
1.00439
0.992543
0.979365
0.965252
0.950599
0.93578
0.921129
0.906903
0.893266
0.880268
0.867841
0.855817
0.843955
0.831987
0.819669
0.806829
0.793404
0.77946
0.765191
0.750883
0.736875
0.723489
0.710973
0.699439
0.688828
0.678899
0.669243
0.659333
0.648591
0.636463
0.622496
0.606395
0.588051
0.567536
0.545058
0.520892
0.495288
0.468377
0.440094
0.410118
0.377864
0.342509
0.303063
0.258482
0.207796
0.150234
0.0853445
0.0130678
-0.0662241
-0.151741
-0.242329
-0.336548
-0.432775
-0.529292
-0.624358
-0.716257
-0.803308
-0.883862
-0.956293
-1.019
-1.07044
-1.10923
-1.13427
-1.14486
-1.14084
-2.69172
-2.22334
-1.74158
-1.26588
-0.812493
-0.39348
-0.0165074
0.314768
0.599967
0.841107
1.04175
1.20629
1.33937
1.44551
1.52888
1.59316
1.64153
1.67664
1.70073
1.71559
1.72269
1.72322
1.71814
1.70825
1.69423
1.67672
1.65635
1.63375
1.6096
1.58458
1.55936
1.53453
1.51056
1.48775
1.46619
1.44575
1.42609
1.40675
1.38719
1.36693
1.34563
1.32315
1.29961
1.27537
1.25099
1.22713
1.20443
1.18339
1.16426
1.14696
1.13106
1.11581
1.10022
1.08319
1.0637
1.04089
1.01423
0.983547
0.949028
0.911132
0.870461
0.827582
0.782842
0.736215
0.687192
0.634749
0.577396
0.513315
0.44056
0.357306
0.26209
0.154032
0.0329776
-0.100435
-0.244806
-0.398078
-0.557701
-0.720823
-0.884463
-1.04565
-1.2015
-1.34922
-1.48608
-1.60936
-1.71631
-1.80426
-1.87068
-1.91351
-1.93141
-1.92401
-3.83736
-3.14043
-2.42759
-1.72941
-1.07054
-0.468346
0.0670993
0.532064
0.9277
1.25849
1.53087
1.75207
1.92941
2.06969
2.17901
2.26262
2.32494
2.36962
2.39965
2.41746
2.42498
2.42375
2.415
2.39973
2.3788
2.35302
2.3232
2.29022
2.25505
2.21871
2.18222
2.14652
2.11238
2.08028
2.05036
2.02238
1.99576
1.9697
1.94325
1.91555
1.88599
1.85428
1.82062
1.7856
1.7502
1.71557
1.68284
1.65292
1.62632
1.60295
1.58217
1.56274
1.54303
1.52123
1.49559
1.46472
1.42774
1.38446
1.33527
1.2811
1.22311
1.16245
1.09993
1.03569
0.969101
0.898615
0.821887
0.735975
0.637682
0.523966
0.392368
0.241366
0.0706211
-0.118926
-0.325109
-0.544733
-0.773865
-1.00817
-1.24321
-1.47467
-1.69849
-1.91081
-2.10789
-2.28595
-2.44104
-2.56908
-2.6661
-2.72866
-2.75439
-2.74253
-5.05424
-4.08033
-3.09239
-2.13621
-1.24685
-0.446981
0.252318
0.849316
1.34893
1.76012
2.09377
2.36116
2.57292
2.73858
2.8663
2.96287
3.03387
3.08381
3.11631
3.13429
3.14
3.13524
3.12138
3.0995
3.0705
3.03527
2.99474
2.95
2.90234
2.85319
2.80407
2.75642
2.71142
2.66983
2.63188
2.59718
2.56479
2.53334
2.50124
2.46702
2.42956
2.38837
2.3437
2.29653
2.24845
2.2014
2.15733
2.11783
2.08383
2.05536
2.03145
2.01019
1.98899
1.96491
1.93514
1.89744
1.85047
1.79398
1.72881
1.65666
1.5797
1.50013
1.41957
1.33866
1.25671
1.17156
1.07969
0.976552
0.857093
0.716457
0.550667
0.357207
0.135414
-0.113387
-0.385986
-0.677628
-0.982517
-1.29439
-1.60703
-1.91464
-2.21198
-2.49429
-2.75704
-2.99556
-3.20465
-3.37853
-3.51112
-3.5968
-3.63147
-3.61355
-6.36614
-5.04044
-3.71144
-2.44679
-1.29429
-0.280752
0.584895
1.30685
1.89754
2.37345
2.75216
3.05037
3.28287
3.46216
3.59847
3.69998
3.77317
3.82315
3.85396
3.86881
3.87017
3.8599
3.83938
3.80957
3.77126
3.72522
3.6724
3.61405
3.55182
3.4877
3.42389
3.36257
3.30561
3.25421
3.20878
3.16873
3.13255
3.09798
3.06238
3.02322
2.97858
2.92756
2.87047
2.80886
2.74531
2.68302
2.6253
2.57488
2.53347
2.50129
2.47698
2.45764
2.43916
2.41686
2.38619
2.34358
2.28696
2.21607
2.13248
2.0392
1.94014
1.83928
1.73977
1.64319
1.54899
1.45424
1.35379
1.24069
1.10706
0.945231
0.748867
0.513907
0.239156
-0.0735216
-0.419384
-0.79139
-1.18106
-1.57945
-1.97805
-2.36935
-2.74705
-3.10587
-3.44105
-3.7475
-4.01892
-4.24738
-4.42363
-4.53835
-4.58422
-4.55803
-7.7986
-6.00523
-4.2377
-2.59579
-1.14147
0.098597
1.12457
1.95363
2.61163
3.12698
3.52671
3.83443
4.06966
4.24788
4.38101
4.47814
4.54614
4.59033
4.61487
4.62304
4.61735
4.59962
4.57101
4.53216
4.48343
4.42524
4.35832
4.284
4.20433
4.12205
4.04041
3.96277
3.89207
3.83032
3.77824
3.73502
3.69829
3.66441
3.62895
3.58761
3.5371
3.47578
3.40404
3.32427
3.24062
3.15838
3.08303
3.01926
2.97008
2.93616
2.91564
2.9041
2.89512
2.8811
2.8547
2.81015
2.74423
2.65671
2.55033
2.4303
2.30342
2.17671
2.05598
1.94452
1.84225
1.74535
1.6463
1.53456
1.39782
1.22392
1.00282
0.728079
0.397677
0.0142938
-0.414977
-0.879568
-1.36688
-1.86406
-2.35945
-2.84352
-3.30917
-3.75138
-4.16634
-4.54976
-4.89495
-5.19133
-5.42465
-5.57897
-5.64067
-5.60315
-9.37753
-6.93273
-4.58302
-2.47456
-0.680062
0.786344
1.94794
2.84689
3.53134
4.04722
4.43396
4.72312
4.93881
5.09875
5.21565
5.29848
5.35367
5.38609
5.39963
5.39748
5.38215
5.3553
5.3177
5.26928
5.20955
5.13812
5.0552
4.96198
4.86091
4.7558
4.6515
4.55331
4.46596
4.39283
4.33526
4.29227
4.26028
4.23344
4.20431
4.16553
4.11149
4.03934
3.94949
3.84558
3.73425
3.62412
3.5244
3.44296
3.38501
3.35206
3.34165
3.34721
3.35861
3.36347
3.34962
3.30778
3.23289
3.1248
2.98808
2.83154
2.66669
2.5058
2.3591
2.23286
2.12802
2.03977
1.95732
1.86466
1.7423
1.57076
1.33423
1.0226
0.632683
0.168376
-0.359523
-0.934847
-1.53831
-2.15108
-2.75697
-3.34408
-3.90486
-4.436
-4.93687
-5.40696
-5.84115
-6.22596
-6.53929
-6.75288
-6.83988
-6.78658
-11.1223
-7.72328
-4.58095
-1.90129
0.253686
1.91289
3.1494
4.04895
4.69372
5.15341
5.48167
5.71761
5.88821
6.01161
6.09932
6.15861
6.19399
6.20903
6.20697
6.19092
6.16353
6.12647
6.07997
6.0227
5.95251
5.86758
5.76693
5.65129
5.52335
5.38841
5.2538
5.12826
5.01942
4.93297
4.87134
4.8337
4.8149
4.8058
4.79361
4.76545
4.71203
4.62844
4.51521
4.37762
4.22622
4.07491
3.93948
3.83291
3.76401
3.73554
3.74471
3.78194
3.83161
3.87281
3.88489
3.85305
3.7694
3.63416
3.45444
3.24479
3.02429
2.81452
2.63282
2.49044
2.38995
2.32589
2.28309
2.2376
2.15765
2.01125
1.77383
1.42988
0.974861
0.414081
-0.235725
-0.949543
-1.6963
-2.44793
-3.18146
-3.88247
-4.54316
-5.16411
-5.75165
-6.31574
-6.85838
-7.36342
-7.79746
-8.10901
-8.24101
-8.16438
-13.0197
-8.14432
-3.91275
-0.572653
1.90101
3.64764
4.83555
5.61734
6.12208
6.44832
6.66181
6.80567
6.90505
6.97532
7.0234
7.05261
7.06305
7.05604
7.03388
7.00009
6.95826
6.91062
6.85717
6.79411
6.71612
6.61907
6.49964
6.35772
6.19526
6.01994
5.84247
5.67858
5.54005
5.43678
5.37231
5.3474
5.35498
5.38203
5.40534
5.4012
5.35543
5.25965
5.11548
4.92901
4.71752
4.50229
4.31249
4.1681
4.08428
4.06434
4.1069
4.1983
4.31632
4.42363
4.48296
4.4725
4.37973
4.20715
3.96348
3.67323
3.36605
3.08245
2.84953
2.68734
2.59905
2.58107
2.61242
2.65981
2.6684
2.58249
2.36657
1.9968
1.46906
0.787721
-0.0199925
-0.91703
-1.84748
-2.771
-3.65296
-4.47904
-5.2388
-5.94042
-6.60027
-7.25548
-7.92979
-8.60315
-9.23202
-9.72366
-9.94255
-9.82618
-14.923
-7.63852
-1.96111
2.00347
4.59503
6.18651
7.10597
7.58405
7.8068
7.90486
7.94148
7.95705
7.96309
7.97023
7.97392
7.97285
7.95648
7.92409
7.87674
7.82005
7.76054
7.70233
7.64735
7.58621
7.50633
7.40194
7.26391
7.09289
6.88484
6.65373
6.41074
6.19156
6.00905
5.88388
5.81547
5.8135
5.8662
5.9628
6.05577
6.0961
6.07003
5.95975
5.77587
5.51564
5.21343
4.89229
4.61936
4.41532
4.31182
4.30241
4.39804
4.57563
4.81575
5.04288
5.18085
5.20979
5.10437
4.88188
4.53899
4.12542
3.67325
3.27681
2.96382
2.77728
2.70638
2.7647
2.91816
3.13739
3.31477
3.34048
3.18038
2.79079
2.18404
1.34295
0.323994
-0.836752
-2.00896
-3.15424
-4.20518
-5.17138
-6.01837
-6.77705
-7.45574
-8.16784
-9.00265
-9.90701
-10.8643
-11.7311
-12.1269
-11.9254
-16.1226
-4.8189
2.45661
6.55666
8.72936
9.69351
10.0124
9.91891
9.67152
9.45037
9.25197
9.12262
9.02007
8.97059
8.93181
8.91569
8.87351
8.81424
8.73365
8.64466
8.56158
8.49002
8.44706
8.40595
8.33252
8.23394
8.07637
7.88205
7.60832
7.30531
6.94543
6.65244
6.3962
6.24996
6.16366
6.20157
6.31492
6.54953
6.78271
6.88732
6.90659
6.76655
6.54691
6.16342
5.73733
5.21356
4.82775
4.51844
4.40457
4.38992
4.5718
4.86356
5.33453
5.79114
6.03637
6.14115
5.99818
5.7306
5.21686
4.63381
3.90081
3.35155
2.8966
2.70126
2.62814
2.81185
3.12966
3.67569
4.18
4.36649
4.32508
3.89792
3.23691
2.15472
0.872586
-0.739548
-2.2088
-3.67291
-4.87905
-6.03502
-6.92475
-7.72856
-8.26277
-8.90321
-9.9751
-11.1344
-12.6264
-14.4165
-15.171
-14.7399
-13.3247
3.8014
11.4468
13.8848
14.6036
14.1294
13.5124
12.4752
11.4983
10.9629
10.4629
10.2494
10.0005
9.95544
9.8569
9.8959
9.81502
9.73493
9.6025
9.46061
9.3459
9.2364
9.24395
9.27209
9.19479
9.15075
8.94165
8.78544
8.37386
8.03869
7.38369
7.06031
6.62483
6.52964
6.33287
6.48095
6.58892
7.13823
7.69471
7.80135
7.97246
7.68791
7.55382
6.87247
6.40181
5.33614
4.92592
4.34008
4.3544
4.19437
4.5873
4.89338
5.87393
6.84376
7.09408
7.42924
7.0714
6.93373
5.99451
5.35808
3.86378
3.29048
2.4555
2.44922
2.18008
2.66589
3.01251
4.27406
5.50285
5.72068
6.02524
5.34177
4.89627
3.2544
1.89639
-0.848082
-2.416
-4.56301
-5.62511
-7.28198
-7.95476
-9.0682
-8.91673
-9.01718
-10.8215
-11.8827
-13.9592
-18.593
-19.9224
-18.7874
9.77873
26.0741
27.9358
23.6882
22.1955
18.7703
17.6172
14.944
12.6888
12.4243
11.2605
11.427
10.6867
11.0169
10.5835
11.0483
10.7549
10.7305
10.4845
10.2369
10.1222
9.81368
10.0107
10.2896
10.0087
10.3047
9.73025
10.0561
9.02885
9.23211
7.34391
7.62909
6.36296
6.9551
6.00501
6.8176
6.22688
7.71614
9.25396
8.62208
9.694
8.3921
9.34832
7.27767
7.92263
4.51443
5.27653
3.29707
4.55489
3.20214
4.72746
3.95156
6.42838
8.93206
8.0292
9.71488
7.82717
9.29073
6.33575
7.31733
2.50014
3.60589
0.820766
2.57541
0.644565
2.72007
1.57755
4.91934
8.28118
6.94968
9.14787
6.44269
8.27812
3.94508
4.91648
-2.65107
-1.78947
-7.01557
-5.51481
-9.94614
-8.35029
-12.2294
-9.20795
-6.67756
-12.7382
-11.1687
-11.6094
-27.5279
-28.2221
-25.0319
140.296
69.1306
53.2216
29.5246
32.5699
20.1392
23.911
16.8111
11.0128
15.1807
10.1426
13.9107
9.83148
13.1781
10.0167
13.2926
11.3075
12.0454
11.3689
10.822
11.1779
9.66313
10.6598
12.1133
9.99187
12.7126
9.22261
13.2753
7.91216
13.4374
4.17469
10.432
3.42543
9.60162
3.13911
9.17529
2.86991
8.22437
13.9378
6.98957
14.834
5.84487
15.5017
3.77265
15.2802
-2.31224
9.57529
-2.40736
8.51488
-1.93422
8.18164
-1.6739
6.94437
15.926
5.23705
17.1464
3.75732
18.0106
1.0086
17.627
-7.39226
9.52442
-7.35099
8.00895
-6.65984
7.4084
-6.31457
5.53594
17.8181
3.09609
19.3315
1.00527
20.5427
-3.00249
20.2328
-16.5918
7.60354
-19.1546
3.13791
-21.2892
-0.861683
-25.327
-8.79191
8.03333
-25.6421
-7.56004
13.0289
-58.3857
-42.1149
-35.4916
137.792
124.855
112.639
101.106
90.2093
79.8956
70.1085
60.7895
51.8794
43.3193
35.0518
27.0209
19.172
11.4519
3.8088
-1.12082
-1.08018
-1.02346
-0.954017
-0.87533
-0.790688
-0.702909
-0.614212
-0.526187
-0.439836
-0.35566
-0.273753
-0.193898
-0.115655
-0.0384348
-1.88888
-1.81811
-1.71991
-1.60029
-1.4655
-1.32131
-1.17255
-1.02295
-0.875126
-0.730651
-0.590253
-0.45398
-0.321376
-0.191623
-0.0636697
-2.68936
-2.58348
-2.43775
-2.26173
-2.06508
-1.85648
-1.64301
-1.42992
-1.22071
-1.01739
-0.820715
-0.630535
-0.445999
-0.26579
-0.0882899
-3.5377
-3.38867
-3.18585
-2.94376
-2.67658
-2.39652
-2.11308
-1.83298
-1.5604
-1.29745
-1.04468
-0.801439
-0.56629
-0.337247
-0.111989
-4.45229
-4.24762
-3.97319
-3.65087
-3.30094
-2.9399
-2.5798
-2.2285
-1.89043
-1.56734
-1.2591
-0.964245
-0.680469
-0.404915
-0.134406
-5.45614
-5.17627
-4.80837
-4.38556
-3.93638
-3.48232
-3.03768
-2.61079
-2.20547
-1.82238
-1.46012
-1.11596
-0.78642
-0.467536
-0.155123
-6.57941
-6.19286
-5.6984
-5.14654
-4.57667
-4.01528
-3.47778
-2.97148
-2.49824
-2.05657
-1.64301
-1.25306
-0.881704
-0.523682
-0.17367
-7.86313
-7.31729
-6.64577
-5.92547
-5.20844
-4.5243
-3.88666
-3.29908
-2.75943
-2.26262
-1.80228
-1.37157
-0.963644
-0.571811
-0.189546
-9.364
-8.56735
-7.64184
-6.70107
-5.80725
-4.98677
-4.24544
-3.57873
-2.97774
-2.43219
-1.93189
-1.46727
-1.02948
-0.610367
-0.202246
-11.1573
-9.94625
-8.65312
-7.42968
-6.33265
-5.37004
-4.52954
-3.79264
-3.14058
-2.55648
-2.02581
-1.53611
-1.07665
-0.637923
-0.211313
-13.3235
-11.4071
-9.59461
-8.03182
-6.72358
-5.63113
-4.71001
-3.92167
-3.23541
-2.62733
-2.07873
-1.57472
-1.10306
-0.653358
-0.216394
-15.8608
-12.764
-10.2863
-8.3793
-6.89866
-5.72085
-4.75765
-3.94858
-3.25204
-2.63867
-2.08705
-1.58095
-1.1075
-0.656049
-0.217298
-18.3023
-13.5015
-10.4072
-8.30037
-6.77083
-5.59591
-4.65109
-3.86293
-3.18548
-2.58823
-2.04984
-1.55451
-1.08994
-0.646033
-0.214046
-18.2031
-12.5323
-9.54055
-7.64407
-6.28832
-5.2408
-4.38783
-3.66655
-3.03866
-2.47892
-1.96955
-1.49729
-1.0517
-0.624094
-0.206896
-1.44566
-4.36688
-7.38024
-10.5557
-13.9778
-17.7557
-22.0392
-27.0469
-33.1181
-40.819
-51.1778
-66.265
-90.7875
-136.923
-240.037
-1.41222
-4.26391
-7.19933
-10.2813
-13.5845
-17.2028
-21.2609
-25.9318
-31.4666
-38.2404
-46.8184
-57.9927
-72.4249
-87.7863
-81.8058
-1.35987
-4.10278
-6.91661
-9.85331
-12.9723
-16.3445
-20.0568
-24.2169
-28.9547
-34.4086
-40.6559
-47.4575
-53.4164
-53.4708
-33.0406
-1.2914
-3.89239
-6.54855
-9.29867
-12.1843
-15.2499
-18.5416
-22.1006
-25.9454
-30.0258
-34.1083
-37.5076
-38.5077
-33.3803
-15.9773
-1.2103
-3.64367
-6.11521
-8.6499
-11.2712
-13.9983
-16.8408
-19.7857
-22.7724
-25.6413
-28.0351
-29.2237
-27.8542
-21.8143
-9.01946
-1.12035
-3.36842
-5.63801
-7.94097
-10.2845
-12.6667
-15.0688
-17.4417
-19.681
-21.5867
-22.7988
-22.7161
-20.4442
-14.9391
-5.70327
-1.02525
-3.07823
-5.13759
-7.20386
-9.27091
-11.321
-13.3171
-15.1904
-16.8214
-18.0136
-18.4614
-17.7286
-15.2794
-10.6545
-3.8945
-0.928433
-2.78359
-4.63237
-6.46618
-8.26906
-10.0129
-11.6507
-13.1073
-14.2664
-14.9573
-14.944
-13.9329
-11.6254
-7.85275
-2.80025
-0.832801
-2.49336
-4.13752
-5.74996
-7.30817
-8.77834
-10.1102
-11.2306
-12.0366
-12.39
-12.1194
-11.0374
-8.98895
-5.93968
-2.08656
-0.740668
-2.21451
-3.66469
-5.07139
-6.40837
-7.63979
-8.7165
-9.57229
-10.1209
-10.2562
-9.85825
-8.81286
-7.0475
-4.58482
-1.59509
-0.653736
-1.95208
-3.22203
-4.4412
-5.58187
-6.60864
-7.47616
-8.12722
-8.49239
-8.49251
-8.0467
-7.08833
-5.59029
-3.59595
-1.2428
-0.573137
-1.70937
-2.81463
-3.86551
-4.83443
-5.68807
-6.3861
-6.88066
-7.1173
-7.0385
-6.59108
-5.73853
-4.4777
-2.85623
-0.982498
-0.499511
-1.48815
-2.44499
-3.34673
-4.16703
-4.87552
-5.43731
-5.81318
-5.96124
-5.84043
-5.41677
-4.67224
-3.61555
-2.2917
-0.785563
-0.433097
-1.289
-2.11359
-2.88449
-3.57725
-4.16484
-4.6176
-4.90388
-4.99186
-4.85267
-4.46526
-3.82271
-2.93891
-1.85373
-0.63376
-0.373825
-1.1116
-1.81947
-2.4765
-3.0605
-3.54779
-3.91347
-4.13228
-4.18022
-4.03725
-3.69093
-3.1407
-2.4021
-1.50936
-0.514977
-0.321407
-0.954976
-1.56063
-2.11922
-2.61089
-3.01516
-3.31133
-3.47931
-3.50113
-3.36304
-3.05817
-2.5895
-1.97233
-1.23557
-0.420891
-0.275407
-0.817727
-1.33448
-1.80839
-2.22195
-2.5576
-2.7982
-2.92784
-2.93309
-2.80462
-2.53916
-2.14141
-1.62559
-1.0159
-0.345623
-0.235304
-0.698228
-1.13808
-1.53948
-1.88711
-2.16604
-2.36211
-2.46274
-2.45788
-2.34132
-2.112
-1.77531
-1.34402
-0.838305
-0.284912
-0.200538
-0.594745
-0.968385
-1.30789
-1.59999
-1.832
-1.99229
-2.07087
-2.06025
-1.95632
-1.75938
-1.47491
-1.11412
-0.693816
-0.235612
-0.17054
-0.505544
-0.82239
-1.10921
-1.35458
-1.54777
-1.6792
-1.74095
-1.7274
-1.63591
-1.46753
-1.22751
-0.925553
-0.575643
-0.195351
-0.14476
-0.428952
-0.697241
-0.939326
-1.14539
-1.30641
-1.41449
-1.46332
-1.44867
-1.3689
-1.22543
-1.02311
-0.770281
-0.478566
-0.162318
-0.12268
-0.3634
-0.590288
-0.794446
-0.967491
-1.10182
-1.19093
-1.22977
-1.21515
-1.1461
-1.0242
-0.853794
-0.642008
-0.398524
-0.135109
-0.103824
-0.307452
-0.499117
-0.67117
-0.816469
-0.928623
-1.00227
-1.03334
-1.01943
-0.960001
-0.856646
-0.713208
-0.535743
-0.332321
-0.112623
-0.0877575
-0.259809
-0.421564
-0.566471
-0.688461
-0.782168
-0.843154
-0.868157
-0.85532
-0.804401
-0.716924
-0.596247
-0.447504
-0.27742
-0.093988
-0.0740961
-0.219317
-0.35571
-0.477683
-0.580093
-0.658432
-0.709029
-0.729244
-0.717649
-0.674184
-0.600257
-0.498775
-0.374082
-0.231789
-0.0785084
-0.0624981
-0.184954
-0.299867
-0.40248
-0.488437
-0.553959
-0.596001
-0.612419
-0.602108
-0.565118
-0.502721
-0.41742
-0.31288
-0.193787
-0.0656229
-0.0526642
-0.155827
-0.252566
-0.338841
-0.410972
-0.465788
-0.500764
-0.514152
-0.505091
-0.473694
-0.421091
-0.349424
-0.261783
-0.162084
-0.0548773
-0.0443338
-0.131161
-0.212532
-0.285022
-0.345529
-0.391394
-0.420518
-0.431473
-0.423583
-0.396994
-0.352697
-0.292518
-0.21906
-0.135592
-0.0459013
-0.0372813
-0.110284
-0.178663
-0.239524
-0.290253
-0.328623
-0.352889
-0.361878
-0.35506
-0.33259
-0.295331
-0.244834
-0.183287
-0.113422
-0.0383915
-0.031312
-0.0926168
-0.150014
-0.201061
-0.24356
-0.275645
-0.295866
-0.30326
-0.297404
-0.278455
-0.247156
-0.204822
-0.153289
-0.0948399
-0.0320984
-0.0262587
-0.0776634
-0.125773
-0.168533
-0.204097
-0.230905
-0.247751
-0.253841
-0.24884
-0.232896
-0.206645
-0.171197
-0.128093
-0.079238
-0.0268156
-0.0219778
-0.0649978
-0.105248
-0.141002
-0.170715
-0.193082
-0.207103
-0.212123
-0.207874
-0.194492
-0.172519
-0.142889
-0.106891
-0.066113
-0.0223723
-0.0183466
-0.0542556
-0.0878437
-0.117667
-0.142432
-0.161055
-0.172704
-0.176841
-0.173251
-0.162054
-0.14371
-0.119003
-0.0890071
-0.0550453
-0.0186259
-0.0152598
-0.0451251
-0.0730538
-0.0978423
-0.118415
-0.133871
-0.143522
-0.146926
-0.143909
-0.134578
-0.11932
-0.0987881
-0.0738774
-0.0456841
-0.0154575
-0.0126274
-0.0373392
-0.0604444
-0.0809451
-0.097951
-0.110717
-0.118677
-0.121468
-0.118951
-0.111217
-0.0985909
-0.0816142
-0.061027
-0.0377347
-0.0127673
-0.010372
-0.0306689
-0.0496433
-0.0664745
-0.0804308
-0.0909009
-0.0974212
-0.0996964
-0.0976145
-0.0912542
-0.0808829
-0.0669473
-0.050055
-0.0309483
-0.0104708
-0.00842691
-0.0249169
-0.0403305
-0.0540001
-0.065331
-0.0738272
-0.079113
-0.08095
-0.0792492
-0.0740762
-0.0656497
-0.0543333
-0.0406207
-0.0251138
-0.00849657
-0.0067345
-0.0199123
-0.0322287
-0.0431496
-0.0521997
-0.0589828
-0.0631994
-0.0646601
-0.0632949
-0.0591574
-0.0524231
-0.0433832
-0.0324321
-0.0200504
-0.00678334
-0.00524427
-0.0155058
-0.0250958
-0.033598
-0.0406423
-0.0459204
-0.0491993
-0.0503323
-0.0492656
-0.0460415
-0.0407974
-0.0337602
-0.025237
-0.0156016
-0.00527817
-0.00391169
-0.0115656
-0.0187182
-0.0250589
-0.0303115
-0.0342461
-0.0366893
-0.037532
-0.0367343
-0.0343284
-0.0304168
-0.025169
-0.0188141
-0.0116307
-0.00393471
-0.00269678
-0.00797344
-0.0129043
-0.0172752
-0.0208957
-0.0236074
-0.0252907
-0.0258706
-0.0253198
-0.0236606
-0.0209639
-0.0173465
-0.0129664
-0.00801558
-0.00271169
-0.00156305
-0.00462139
-0.00747931
-0.0100126
-0.012111
-0.0136826
-0.0146582
-0.0149943
-0.014675
-0.0137133
-0.0121503
-0.0100537
-0.00751506
-0.00464565
-0.00157163
-0.000476369
-0.0014085
-0.00227967
-0.00305209
-0.00369213
-0.00417178
-0.00446987
-0.00457302
-0.00447631
-0.00418355
-0.00370719
-0.00306783
-0.00229338
-0.0014178
-0.00047966
0.000596
0.00176206
0.0028514
0.00381654
0.00461539
0.00521299
0.00558313
0.00570946
0.00558627
0.00521872
0.00462273
0.00382422
0.00285808
0.00176659
0.000597606
0.00168638
0.00498588
0.00806868
0.0108006
0.0130626
0.0147557
0.0158054
0.0161652
0.0158185
0.0147796
0.0130932
0.0108327
0.00809656
0.0050048
0.00169308
0.00282764
0.00836015
0.0135296
0.0181111
0.0219049
0.0247451
0.0265067
0.0271115
0.0265313
0.0247901
0.0219625
0.0181713
0.013582
0.00839573
0.00284023
0.00405414
0.0119865
0.0193987
0.0259684
0.0314093
0.0354834
0.0380113
0.0388804
0.0380504
0.0355548
0.0315007
0.026064
0.0194819
0.012043
0.00407413
0.00540278
0.0159741
0.0258527
0.0346094
0.0418627
0.0472952
0.0506675
0.0518292
0.0507258
0.0474017
0.041999
0.0347519
0.0259768
0.0160583
0.00543257
0.00691404
0.0204427
0.0330858
0.0442944
0.0535804
0.0605375
0.0648587
0.0663508
0.0649432
0.0606918
0.0537779
0.0445009
0.0332656
0.0205648
0.00695721
0.0086332
0.0255262
0.0413148
0.0553143
0.0669152
0.0756099
0.0810143
0.0828859
0.081135
0.0758305
0.0671976
0.0556096
0.041572
0.0257007
0.00869493
0.0106116
0.0313766
0.0507862
0.0679996
0.082268
0.0929668
0.0996229
0.101936
0.0997944
0.0932803
0.0826692
0.0684191
0.0511515
0.0316245
0.0106993
0.0129081
0.0381681
0.0617824
0.0827297
0.100099
0.113131
0.121247
0.12408
0.12149
0.113575
0.100667
0.0833238
0.0622997
0.0385192
0.0130323
0.0155908
0.0461023
0.0746305
0.0999438
0.120943
0.136708
0.146539
0.149988
0.146883
0.137336
0.121746
0.100784
0.075362
0.0465987
0.0157664
0.0187389
0.0554134
0.0897108
0.120153
0.145421
0.164405
0.176262
0.180448
0.176748
0.165292
0.146556
0.12134
0.0907443
0.0561149
0.018987
0.0224446
0.0663752
0.107468
0.143956
0.174261
0.197052
0.211313
0.216383
0.211998
0.198304
0.175863
0.145632
0.108927
0.0673658
0.022795
0.0268161
0.0793075
0.128421
0.172053
0.208317
0.235622
0.252744
0.258884
0.253711
0.23739
0.21058
0.17442
0.130482
0.0807063
0.0273109
0.0319795
0.0945849
0.153181
0.205267
0.248594
0.281262
0.3018
0.309239
0.303166
0.283759
0.251789
0.208608
0.156091
0.0965598
0.0326781
0.0380829
0.112646
0.182461
0.244561
0.296273
0.335325
0.359951
0.368976
0.36188
0.338849
0.300783
0.249279
0.186569
0.115434
0.0390692
0.045299
0.134004
0.217099
0.291069
0.352741
0.399404
0.428936
0.439905
0.431659
0.404379
0.359109
0.297729
0.222898
0.137941
0.0466915
0.0538295
0.159258
0.258071
0.346117
0.41963
0.475378
0.510809
0.524177
0.514653
0.482402
0.428619
0.355518
0.266258
0.164815
0.0557954
0.0639088
0.189104
0.306519
0.411256
0.498854
0.56546
0.608001
0.624343
0.613427
0.575374
0.511544
0.424528
0.318078
0.19695
0.0666845
0.075809
0.224353
0.36377
0.488296
0.592653
0.67225
0.723385
0.743436
0.731043
0.686245
0.610567
0.507032
0.380089
0.235431
0.079728
0.0898438
0.265939
0.43136
0.579339
0.703644
0.798804
0.860351
0.885056
0.87116
0.818558
0.728931
0.60579
0.4544
0.281581
0.0953774
0.106373
0.314936
0.511059
0.686821
0.834871
0.948697
1.0229
1.05348
1.03815
0.976578
0.870566
0.724163
0.543591
0.337023
0.114187
0.125807
0.372571
0.604898
0.813543
0.989862
1.1261
1.21573
1.25378
1.23726
1.16545
1.04025
0.866262
0.650832
0.403762
0.136842
0.148608
0.44023
0.715178
0.962709
1.17268
1.33588
1.44437
1.49198
1.47474
1.3914
1.2438
1.03714
0.780042
0.484282
0.164196
0.175294
0.519467
0.844496
1.13795
1.38798
1.58363
1.71528
1.7752
1.75813
1.66198
1.48835
1.24303
0.9361
0.581694
0.197315
0.206432
0.611996
0.995733
1.34335
1.64104
1.87582
2.036
2.11186
2.09644
1.98635
1.78269
1.49171
1.12512
0.699918
0.237552
0.242639
0.719682
1.17205
1.58342
1.93779
2.2198
2.41526
2.51192
2.50047
2.37569
2.13767
1.79289
1.35483
0.843947
0.286635
0.284565
0.844501
1.37682
1.86306
2.28478
2.62387
2.86312
2.98705
2.9832
2.84365
2.56677
2.15883
1.63512
1.02021
0.346796
0.332875
0.988492
1.6136
2.1875
2.68914
3.09728
3.39105
3.5509
3.56014
3.40697
3.08688
2.60514
1.97874
1.23711
0.420968
0.388218
1.15367
1.88592
2.56211
3.15841
3.6501
4.01196
4.21932
4.24986
4.08619
3.71924
3.15191
2.40237
1.50573
0.513052
0.45119
1.34189
2.19718
2.99217
3.70031
4.29306
4.74014
5.01052
5.07442
4.90656
4.49072
3.8252
2.92814
1.84104
0.628347
0.522267
1.55471
2.55029
3.48255
4.32234
5.03716
5.59101
5.94509
6.0599
5.89911
5.43558
4.65926
3.58587
2.26356
0.774195
0.60174
1.79311
2.94737
4.03712
5.03113
5.89303
6.58058
7.04578
7.23674
7.10187
6.59762
5.69962
4.41644
2.80209
0.961027
0.689619
2.05729
3.38922
4.65816
5.83163
6.86996
7.72452
8.3369
8.6398
8.56113
8.03307
7.00742
5.47697
3.49806
1.2041
0.785527
2.34627
3.87482
5.34547
6.72596
7.97446
9.03661
9.84291
10.3078
10.3324
9.81402
8.66577
6.84891
4.41278
1.5265
0.888595
2.65759
4.40059
6.09537
7.71191
9.20835
10.5263
11.5859
12.2815
12.4808
12.0323
10.7884
8.65086
5.64011
1.96468
0.997348
2.98696
4.95984
6.89959
8.78123
10.5661
12.1954
13.5817
14.5998
15.0789
14.803
13.5315
11.0592
7.329
2.57918
1.10963
3.32795
5.54206
7.74412
9.91769
12.0319
14.0332
15.8332
17.2924
18.2014
18.265
17.1085
14.341
9.72594
3.4774
1.22254
3.67184
6.13262
8.60842
11.0953
13.5761
16.0108
18.3212
20.367
21.9108
22.5741
21.8044
18.9056
13.2572
4.86605
1.33253
4.00774
6.71273
9.46497
12.2771
15.1522
18.0745
20.9929
23.7903
26.2314
27.8785
27.9785
25.3798
18.6931
7.18589
1.43548
4.32293
7.25999
10.2799
13.4152
16.6955
20.141
23.7485
27.4608
31.1034
34.2571
36.0266
34.6926
27.4766
11.4949
1.52696
4.60367
7.7497
11.0146
14.4525
18.124
22.0949
26.4312
31.1798
36.3147
41.5969
46.2299
48.0898
42.3472
20.6708
1.60262
4.83624
8.15686
11.629
15.3277
19.3445
23.795
28.8275
34.6303
41.4236
49.3872
58.3587
66.7665
68.2828
43.5029
1.65858
5.00838
8.45877
12.086
15.9818
20.2638
25.0908
30.6888
37.393
45.7195
56.4774
70.8788
90.2284
112.479
109.547
1.69184
5.11065
8.63786
12.3564
16.3678
20.8045
25.8512
31.7818
39.0287
48.3268
61.0372
79.9623
111.675
174.164
325.704
1.70072
5.13763
8.68401
12.4235
16.4583
20.9214
25.9978
31.9606
39.24
48.5643
61.2808
80.165
111.75
174.006
325.389
1.68494
5.08856
8.59598
12.2856
16.2513
20.6123
25.5287
31.2251
38.0309
46.446
57.241
71.5475
90.5243
111.952
108.059
1.64574
4.96738
8.3814
11.9559
15.7697
19.9176
24.5178
29.7189
35.704
42.6748
50.7624
59.6866
67.5963
67.4832
38.1055
-11.5363
-9.41224
-7.81745
-6.5809
-5.58267
-4.74925
-4.03428
-3.40706
-2.84616
-2.33594
-1.86445
-1.42223
-1.00139
-0.595164
-0.197455
-4.32898
-6.00433
-5.93363
-5.41774
-4.8092
-4.20887
-3.64416
-3.11947
-2.63179
-2.17592
-1.74628
-1.33745
-0.944365
-0.562288
-0.186713
-1.97065
-3.80892
-4.35893
-4.31889
-4.03
-3.64371
-3.22622
-2.80616
-2.39531
-1.99769
-1.61363
-1.24172
-0.879695
-0.524894
-0.174475
-1.07273
-2.50812
-3.19394
-3.39283
-3.3184
-3.10021
-2.81005
-2.48643
-2.14963
-1.81001
-1.47254
-1.13912
-0.810002
-0.484452
-0.161218
-0.667912
-1.72784
-2.36709
-2.65654
-2.70661
-2.60667
-2.4171
-2.17584
-1.90588
-1.62085
-1.32861
-1.03353
-0.737824
-0.442398
-0.147404
-0.45468
-1.2397
-1.78314
-2.08646
-2.19898
-2.17534
-2.06003
-1.88517
-1.67259
-1.43667
-1.18665
-0.928374
-0.665446
-0.400041
-0.133461
-0.327797
-0.919293
-1.36594
-1.64886
-1.7859
-1.80766
-1.7443
-1.62067
-1.4555
-1.26227
-1.05042
-0.826442
-0.594784
-0.358496
-0.119754
-0.245423
-0.699471
-1.06244
-1.31255
-1.45287
-1.49907
-1.47043
-1.38501
-1.25788
-1.10079
-0.922595
-0.729839
-0.527332
-0.318654
-0.106579
-0.1886
-0.542896
-0.8373
-1.05247
-1.18519
-1.24245
-1.23596
-1.17831
-1.08105
-0.953957
-0.804879
-0.640004
-0.464161
-0.28117
-0.0941556
-0.147682
-0.427908
-0.667177
-0.849658
-0.969883
-1.03011
-1.03702
-0.999101
-0.924949
-0.822384
-0.698129
-0.557781
-0.405952
-0.246477
-0.0826322
-0.117275
-0.341359
-0.536487
-0.690068
-0.796242
-0.854774
-0.869198
-0.84505
-0.788566
-0.705868
-0.602549
-0.483526
-0.353051
-0.214815
-0.0720941
-0.0941364
-0.274915
-0.434644
-0.563395
-0.65568
-0.710067
-0.728157
-0.713449
-0.670383
-0.603667
-0.517871
-0.41722
-0.305535
-0.186268
-0.0625743
-0.076201
-0.223088
-0.354312
-0.46204
-0.541431
-0.590561
-0.609888
-0.601535
-0.568617
-0.514713
-0.443506
-0.358572
-0.263284
-0.160794
-0.0540643
-0.0620952
-0.182135
-0.290293
-0.380363
-0.448192
-0.491746
-0.510837
-0.506677
-0.481422
-0.437771
-0.378669
-0.307112
-0.226033
-0.138262
-0.0465253
-0.0508712
-0.149433
-0.238834
-0.314127
-0.371806
-0.409917
-0.427928
-0.426464
-0.406997
-0.371555
-0.32248
-0.262262
-0.193428
-0.118484
-0.0398981
-0.0418554
-0.123092
-0.197169
-0.26012
-0.309008
-0.342045
-0.35854
-0.358749
-0.343665
-0.314804
-0.274026
-0.223393
-0.165064
-0.101235
-0.0341109
-0.0345571
-0.101723
-0.163229
-0.215877
-0.257216
-0.285656
-0.300459
-0.301653
-0.289897
-0.266325
-0.232416
-0.189868
-0.140517
-0.086274
-0.0290857
-0.0286113
-0.084284
-0.13544
-0.179485
-0.21438
-0.238735
-0.251826
-0.253549
-0.244331
-0.225024
-0.196802
-0.161065
-0.119367
-0.0733575
-0.0247429
-0.0237415
-0.0699809
-0.112587
-0.149447
-0.178863
-0.199635
-0.211086
-0.213041
-0.20577
-0.189913
-0.166405
-0.1364
-0.101209
-0.0622498
-0.0210051
-0.0197351
-0.0582005
-0.093724
-0.124577
-0.149347
-0.167005
-0.176938
-0.178939
-0.173169
-0.160114
-0.140519
-0.115336
-0.0856686
-0.0527285
-0.0177987
-0.0164264
-0.0484625
-0.0781038
-0.103931
-0.124768
-0.139739
-0.148299
-0.150231
-0.145627
-0.134856
-0.118513
-0.0973855
-0.0723997
-0.0445887
-0.0150557
-0.0136847
-0.0403872
-0.0651317
-0.0867494
-0.104261
-0.116925
-0.124261
-0.12606
-0.122368
-0.113464
-0.0998301
-0.0821131
-0.0610922
-0.0376444
-0.0127142
-0.011406
-0.0336714
-0.0543304
-0.0724186
-0.0871206
-0.097809
-0.104068
-0.105702
-0.102726
-0.095357
-0.0839814
-0.0691346
-0.0514696
-0.0317291
-0.0107188
-0.00950671
-0.0280711
-0.0453141
-0.0604389
-0.0727666
-0.0817684
-0.0870866
-0.0885428
-0.0861359
-0.0800311
-0.0705427
-0.0581127
-0.0432878
-0.0266955
-0.00902009
-0.00791923
-0.023388
-0.0377684
-0.0504012
-0.0607216
-0.0682852
-0.0727863
-0.0740661
-0.0721128
-0.0670545
-0.0591462
-0.0487535
-0.0363332
-0.0224138
-0.00757459
-0.0065884
-0.0194607
-0.0314359
-0.0419691
-0.0505907
-0.0569284
-0.0607225
-0.061834
-0.0602454
-0.0560565
-0.0494747
-0.0408019
-0.0304194
-0.0187707
-0.00634431
-0.00546897
-0.0161563
-0.0261047
-0.0348642
-0.0420454
-0.0473375
-0.0505213
-0.0514765
-0.0501833
-0.0467199
-0.0412549
-0.0340374
-0.0253847
-0.0156675
-0.00529609
-0.00452356
-0.0133648
-0.0215988
-0.0288551
-0.0348117
-0.0392104
-0.0418675
-0.04268
-0.041628
-0.0387729
-0.0342517
-0.0282695
-0.0210889
-0.0130186
-0.00440111
-0.00372109
-0.0109949
-0.0177718
-0.0237483
-0.0286595
-0.0322925
-0.0344942
-0.0351779
-0.0343246
-0.0319826
-0.0282629
-0.0233335
-0.0174107
-0.0107497
-0.00363437
-0.00303553
-0.00896987
-0.0145007
-0.019381
-0.0233949
-0.0263682
-0.028175
-0.0287429
-0.0280549
-0.0261488
-0.0231141
-0.0190873
-0.0142449
-0.00879627
-0.00297413
-0.00244491
-0.00722501
-0.0116813
-0.0156151
-0.0188529
-0.0212538
-0.0227158
-0.0231798
-0.0226308
-0.0210984
-0.018654
-0.0154072
-0.0115002
-0.00710212
-0.00240144
-0.00193047
-0.005705
-0.0092245
-0.0123324
-0.0148918
-0.0167912
-0.0179497
-0.0183199
-0.0178895
-0.0166813
-0.0147512
-0.0121854
-0.00909641
-0.00561807
-0.00189971
-0.001476
-0.00436207
-0.00705347
-0.00943068
-0.011389
-0.012843
-0.0137308
-0.0140158
-0.0136883
-0.0127654
-0.0112896
-0.00932675
-0.00696296
-0.00430064
-0.00145427
-0.00106731
-0.00315428
-0.00510057
-0.00681977
-0.00823615
-0.00928804
-0.00993047
-0.010137
-0.00990051
-0.0092333
-0.00816611
-0.00674652
-0.00503678
-0.00311099
-0.001052
-0.000691701
-0.00204417
-0.00330532
-0.00441909
-0.0053364
-0.00601729
-0.00643273
-0.0065657
-0.00641173
-0.00597892
-0.00528728
-0.00436774
-0.00326059
-0.00201382
-0.000680963
-0.000337565
-0.000997457
-0.00161238
-0.00215482
-0.00260077
-0.00293084
-0.00313111
-0.0031936
-0.00311653
-0.00290421
-0.00256669
-0.00211918
-0.00158135
-0.000976395
-0.000330115
5.99145e-06
1.80421e-05
3.02351e-05
4.24765e-05
5.44313e-05
6.55043e-05
7.48794e-05
8.16137e-05
8.47723e-05
8.35799e-05
7.75643e-05
6.6667e-05
5.13005e-05
3.23398e-05
1.10489e-05
0.000349503
0.00103345
0.00167283
0.00223998
0.00271026
0.00306305
0.00328272
0.00335933
0.00328912
0.00307474
0.00272522
0.00225563
0.00168646
0.0010427
0.000352775
0.000703475
0.0020798
0.00336558
0.00450477
0.00544766
0.00615303
0.0065899
0.00673901
0.00659358
0.00615974
0.00545626
0.00451375
0.0033734
0.00208511
0.000705354
0.00107871
0.00318903
0.00516011
0.00690586
0.00835001
0.00942944
0.0100969
0.0103232
0.0100983
0.00943198
0.00835326
0.00690926
0.00516307
0.00319104
0.00107942
0.00148665
0.00439495
0.0071111
0.00951636
0.0115056
0.0129919
0.0139103
0.0142207
0.0139095
0.0129906
0.0115039
0.00951459
0.00710955
0.0043939
0.00148628
0.00193972
0.00573428
0.00927795
0.0124157
0.0150104
0.0169486
0.0181458
0.0185497
0.0181428
0.0169433
0.0150036
0.0124086
0.00927171
0.00573004
0.00193822
0.00245172
0.00724781
0.0117266
0.0156922
0.0189711
0.02142
0.0229321
0.0234416
0.0229266
0.0214099
0.0189582
0.0156788
0.0117149
0.00723988
0.00244891
0.00303824
0.00898164
0.0145317
0.0194454
0.023508
0.0265417
0.0284145
0.0290448
0.0284058
0.0265258
0.0234876
0.0194241
0.0145132
0.00896906
0.00303379
0.00371716
0.0109886
0.0177786
0.0237897
0.0287591
0.0324696
0.0347596
0.0355295
0.0347466
0.0324459
0.0287288
0.023758
0.0177509
0.0109698
0.00371053
0.00450918
0.0133298
0.0215662
0.0288574
0.0348844
0.0393839
0.04216
0.0430923
0.0421412
0.0393496
0.0348404
0.0288114
0.0215262
0.0133027
0.00449957
0.00543846
0.0160768
0.02601
0.0348027
0.0420702
0.0474949
0.0508407
0.0519627
0.0508138
0.0474458
0.0420073
0.034737
0.0259528
0.016038
0.00542473
0.0065334
0.0193134
0.0312457
0.0418072
0.0505354
0.0570493
0.0610653
0.06241
0.0610271
0.0569795
0.0504462
0.0417138
0.0311644
0.0192582
0.00651388
0.00782747
0.0231385
0.0374333
0.0500845
0.0605382
0.068338
0.0731447
0.0747511
0.0730906
0.0682392
0.0604118
0.0499523
0.0373181
0.0230604
0.00779983
0.00936032
0.0276693
0.0447619
0.0598876
0.0723838
0.0817049
0.0874461
0.0893606
0.0873696
0.0815652
0.072205
0.0597006
0.0445991
0.0275588
0.00932123
0.011179
0.0330448
0.0534562
0.0715164
0.0864339
0.0975574
0.104405
0.106682
0.104296
0.09736
0.0861812
0.0712522
0.0532262
0.0328886
0.0111237
0.0133394
0.03943
0.063783
0.0853273
0.103118
0.116379
0.124536
0.12724
0.124383
0.1161
0.102761
0.0849542
0.0634581
0.0392095
0.0132614
0.015908
0.0470217
0.07606
0.101744
0.122948
0.138745
0.148453
0.15166
0.148238
0.138351
0.122444
0.101217
0.0756013
0.0467103
0.0157979
0.0189645
0.0560544
0.0906658
0.121273
0.146531
0.165339
0.176885
0.180681
0.176581
0.164783
0.145819
0.120529
0.0900181
0.0556148
0.018809
0.0226034
0.0668079
0.108052
0.144514
0.174592
0.196975
0.210698
0.215185
0.210268
0.19619
0.173588
0.143464
0.107138
0.0661873
0.0223839
0.0269382
0.079617
0.128759
0.172189
0.207997
0.234623
0.250923
0.256219
0.250317
0.233515
0.206579
0.170706
0.127468
0.0787408
0.0266283
0.0321046
0.0948818
0.153431
0.205156
0.247778
0.279441
0.29879
0.305027
0.297934
0.277877
0.245776
0.203063
0.151609
0.0936448
0.031667
0.0382651
0.113082
0.182842
0.244443
0.295167
0.332808
0.355761
0.36309
0.354553
0.3306
0.292341
0.241488
0.180269
0.111336
0.0376474
0.045615
0.134794
0.217919
0.291281
0.351641
0.396372
0.423581
0.43217
0.421875
0.393256
0.347652
0.28711
0.214287
0.132329
0.044743
0.0543892
0.160709
0.259774
0.347148
0.418965
0.472104
0.504328
0.514361
0.50192
0.467704
0.413334
0.34126
0.254646
0.157228
0.053158
0.0648705
0.191661
0.309747
0.413818
0.499256
0.562358
0.600484
0.612156
0.597085
0.556147
0.491307
0.405505
0.302508
0.186747
0.0631324
0.0774008
0.228655
0.369453
0.493424
0.595057
0.669953
0.715008
0.72852
0.71021
0.661185
0.583835
0.481688
0.359232
0.221718
0.0749469
0.092394
0.27291
0.440841
0.588541
0.709423
0.798267
0.851434
0.866977
0.84466
0.78589
0.693581
0.571973
0.426412
0.263116
0.0889295
0.110353
0.325904
0.526276
0.702277
0.846033
0.951353
1.01398
1.03172
1.00442
0.933882
0.82367
0.678888
0.505905
0.312077
0.105462
0.131892
0.389438
0.628631
0.838403
1.00933
1.13408
1.2077
1.22774
1.19421
1.10942
0.977762
0.805384
0.599871
0.369915
0.124986
0.157762
0.465716
0.751414
1.0015
1.20469
1.35231
1.43862
1.46095
1.41957
1.3175
1.16013
0.954886
0.710809
0.43815
0.14801
0.18889
0.557446
0.898923
1.19716
1.43863
1.6131
1.71397
1.7384
1.68709
1.56397
1.37573
1.13135
0.841591
0.518521
0.175118
0.22642
0.667979
1.07645
1.43224
1.7191
1.92499
2.0424
2.06844
2.00446
1.85565
1.63031
1.33933
0.995501
0.613009
0.206972
0.271785
0.801483
1.29057
1.71517
2.0558
2.29831
2.43428
2.46096
2.38075
2.20045
1.93048
1.584
1.17625
0.723846
0.244313
0.326782
0.963186
1.54945
2.05641
2.46063
2.74559
2.90204
2.92772
2.82653
2.60752
2.28375
1.87123
1.38801
0.853515
0.28797
0.393693
1.1597
1.8634
2.46898
2.94827
3.2821
3.46061
3.48255
3.3541
3.08733
2.69865
2.20753
1.63537
1.00474
0.338843
0.475446
1.39949
2.24548
2.96925
3.5369
3.92646
4.12787
4.1418
3.97773
3.65178
3.18468
2.6001
1.92333
1.18046
0.397899
0.575842
1.69347
2.71243
3.57791
4.24919
4.70146
4.92531
4.92465
4.71375
4.31422
3.75228
3.05667
2.25717
1.38374
0.466144
0.699887
2.05595
3.28594
4.32141
5.11356
5.63506
5.87864
5.85347
5.58074
5.08942
4.41268
3.58537
2.64234
1.6177
0.544588
0.854283
2.50598
3.99452
5.23387
6.16584
6.76164
7.01858
6.95417
6.59951
5.99336
5.17764
4.1944
3.08416
1.8853
0.634185
1.04817
3.0693
4.87612
6.35975
7.45155
8.12349
8.38163
8.25639
7.79288
7.0428
6.0589
4.89161
3.58752
2.18918
0.735762
1.29428
3.78143
5.98213
7.7577
9.02878
9.77267
10.0109
9.7935
9.18521
8.25457
7.06748
5.6838
4.15631
2.53129
0.849907
1.6108
4.69247
7.38333
9.50596
10.9721
11.773
11.9564
11.602
10.8013
9.64439
8.21255
6.57581
4.7928
2.91254
0.976844
2.02449
5.87488
9.17912
11.7101
13.3773
14.202
14.2753
13.7204
12.6648
11.225
9.49987
7.56935
5.49681
3.33227
1.11627
2.57607
7.43652
11.5119
14.5139
16.3676
17.1527
17.0305
16.1865
14.795
13.0038
10.9297
8.66148
6.26468
3.78772
1.26717
3.33022
9.54333
14.59
18.1151
20.0999
20.7333
20.2869
19.0325
17.2028
14.979
12.4944
9.84283
7.08819
4.2734
1.42764
4.39499
12.4602
18.7245
22.7859
24.7706
25.0638
24.1043
22.2781
19.8841
17.1351
14.175
11.0957
7.95343
4.78058
1.5947
5.96306
16.6275
24.3889
28.8988
30.6158
30.2641
28.5233
25.9181
22.8116
19.4379
15.9382
12.3922
8.83988
5.29679
1.76418
8.40725
22.8108
32.3111
36.951
37.8975
36.4289
33.5427
29.906
25.9248
21.828
17.7335
13.693
9.71986
5.80571
1.9307
12.5256
32.3991
43.6085
47.5679
46.8561
43.578
39.083
34.133
29.1181
24.2164
19.4913
14.9471
10.5588
6.2874
2.08776
20.2397
48.0039
59.9404
61.4286
57.5967
51.5718
44.9393
38.4049
32.2328
26.482
21.1233
16.0928
11.3165
6.71923
2.22805
36.7836
74.6001
83.5276
78.9835
69.8599
59.9873
50.7271
42.425
35.0546
28.4753
22.5272
17.062
11.9498
7.07737
2.34395
78.1542
121.258
116.47
99.7181
82.6432
67.9771
55.8494
45.7979
37.327
30.0302
23.5957
17.7859
12.4164
7.33897
2.42825
198.139
201.173
157.719
120.677
93.7532
74.2039
59.5296
48.0729
38.7837
30.9861
24.2303
18.204
12.6803
7.48473
2.47487
591.209
313.37
194.515
134.608
99.7416
77.0451
60.9751
48.8426
39.2044
31.2185
24.3581
18.2731
12.7161
7.50151
2.47974
1.57744
4.75699
8.01145
11.3939
14.9618
18.7778
22.9085
27.4169
32.3408
37.6335
43.0172
47.6316
49.2593
42.9096
19.5868
1.4806
4.45964
7.49214
10.6134
13.8571
17.2524
20.8166
24.5406
28.358
32.0858
35.3147
37.2306
36.4079
30.9068
19.9818
1.36593
4.10882
6.88405
9.71032
12.6007
15.5579
18.565
21.5709
24.4647
27.0366
28.925
29.568
28.2347
24.3276
18.2637
1.2402
3.72562
6.22491
8.74306
11.2776
13.8133
16.3145
18.7131
20.8931
22.6709
23.7806
23.8818
22.6355
19.9054
16.0789
1.10944
3.32853
5.54689
7.75937
9.95318
12.1033
14.1664
16.074
17.7237
18.9734
19.6442
19.5426
18.5205
16.5793
13.9736
0.978487
2.93217
4.8747
6.79433
8.67242
10.48
12.1739
13.6928
14.9541
15.8551
16.2803
16.1234
15.3241
13.9176
12.0654
0.85082
2.54693
4.22539
5.87078
7.46211
8.97039
10.3564
11.569
12.545
13.2125
13.499
13.3468
12.7351
11.7017
10.3522
0.728676
2.17935
3.60914
5.00129
6.3348
7.58296
8.71217
9.68159
10.4443
10.951
11.1565
11.0301
10.5678
9.80249
8.80506
0.613209
1.83265
3.03054
4.19041
5.29283
6.31446
7.22765
8.00073
8.59956
8.99056
9.14573
9.04912
8.70359
8.13535
7.39346
0.504715
1.50751
2.48993
3.43698
4.33163
5.15438
5.88319
6.49407
6.96248
7.26577
7.3866
7.31696
7.06192
6.6417
6.09071
0.40286
1.20272
1.98471
2.73596
3.44234
4.08823
4.65664
5.12984
5.49047
5.72336
5.81782
5.77006
5.58531
5.27868
4.87434
0.306863
0.915807
1.51021
2.07981
2.61355
3.09956
3.52532
3.87816
4.14617
4.31936
4.39121
4.36011
4.23051
4.01329
3.72513
0.215649
0.643426
1.06053
1.45951
1.83248
2.17114
2.46691
2.71134
2.89668
3.0167
3.06754
3.04864
2.9633
2.81884
2.62613
0.127955
0.381717
0.628974
0.865219
1.08573
1.2856
1.45984
1.6036
1.71253
1.78321
1.81362
1.80362
1.75521
1.67262
1.562
-998.278
-994.919
-991.815
-989.131
-987.024
-985.641
-985.117
-985.567
-987.088
-989.751
-993.605
-998.669
-1004.93
-1012.37
-1020.92
1.12722
25.3542
-15.8569
6.05147
-15.4059
1.01653
-13.1467
-1.71816
8.91225
-3.37496
8.77361
-3.79637
9.10983
-4.86921
8.99806
-10.7741
2.56792
-9.8125
1.58712
-8.18578
1.61145
-6.59261
1.24857
9.09491
0.921676
10.7469
1.04747
12.5079
0.167886
13.6148
-6.30985
7.64409
-6.47462
6.30554
-5.74729
5.84748
-4.84868
4.79828
14.6848
3.7745
16.658
3.18267
18.7264
0.909962
19.6448
-9.62715
10.1176
-11.1964
7.04763
-11.5548
5.07693
-11.8503
1.91804
16.0739
-1.71159
16.9286
-5.18131
17.1348
-11.2078
15.0903
-28.4348
-1.62525
-32.3257
-8.60067
-34.8759
-14.2348
-37.7979
-21.7534
-5.70826
-30.2782
-9.6159
-38.9674
-15.0335
-51.3322
-23.9807
-76.9991
-49.9611
-90.7638
-67.6482
-108.619
-89.2971
-140.536
-129.741
-120.321
-232.466
-242.81
-279.11
-348.943
-480.854
-752.173
11.904
11.1908
1.63231
1.50076
-2.96977
-1.5907
-3.36386
-0.576873
2.24906
1.08542
2.78624
1.08251
2.55121
0.287137
1.30739
-2.34648
-1.29954
-3.16803
-1.64295
-2.66909
-0.932356
-1.2535
1.23028
3.72136
3.42361
5.19561
4.22147
5.80261
3.98941
5.09398
1.45717
2.53101
0.304293
1.85926
0.380979
2.23422
1.54395
4.44044
7.38473
6.73282
8.81359
7.16983
8.9939
6.01994
7.13759
1.39792
2.44007
-1.38637
0.313017
-2.52762
-0.444349
-2.23563
1.34485
4.93293
2.94147
5.06296
1.3599
2.9386
-2.77747
-2.31777
-11.7958
-11.5152
-18.0274
-16.962
-22.1077
-20.78
-24.668
-21.7715
-19.0589
-23.6112
-23.2114
-30.1182
-30.8592
-40.4633
-43.0918
-57.4722
-61.2821
-73.8304
-78.4693
-92.3698
-99.7784
-117.813
-127.779
-142.99
-181.371
-205.452
-230.838
-259.569
-280.123
-238.898
13.1334
9.76473
5.54683
3.19828
1.04306
0.341336
-0.147497
0.50837
1.33082
1.42098
1.70138
1.39304
1.36771
0.714033
0.347381
-0.687961
-0.968826
-1.4103
-1.1993
-1.13097
-0.512853
0.0464705
1.20138
2.36364
2.94496
3.59867
3.71573
3.98506
3.60921
3.40054
2.44076
2.17057
1.63748
1.78072
1.71174
2.28349
2.7715
4.0136
5.26301
5.75589
6.33231
6.16312
6.17037
5.2378
4.50469
2.65701
1.77309
0.466348
0.115874
-0.591008
-0.386418
-0.35644
0.760553
1.82626
1.67172
1.58445
0.295211
-0.75333
-3.24036
-5.41565
-9.20914
-11.6238
-14.641
-16.3791
-18.6612
-19.8147
-21.3077
-21.5249
-21.9478
-24.0754
-26.2853
-30.1475
-33.9222
-39.6389
-45.2801
-53.1669
-60.0193
-68.2865
-75.9536
-85.4688
-94.9579
-106.707
-118.264
-132.293
-150.869
-166.213
-177.749
-181.968
-168.351
-116.18
12.4983
9.56207
6.77011
4.61804
2.96346
1.96743
1.42112
1.35432
1.46769
1.4832
1.46491
1.29666
1.08968
0.728241
0.350948
-0.115228
-0.406146
-0.591474
-0.549504
-0.383846
-0.00801361
0.489469
1.16258
1.84311
2.36275
2.77514
2.99139
3.09722
2.98892
2.7894
2.43203
2.18942
1.99746
2.00848
2.12058
2.45406
2.91389
3.57695
4.2314
4.65938
4.92541
4.90307
4.70094
4.1692
3.47755
2.52907
1.7158
0.942867
0.432803
0.0339303
-0.076183
-0.0416798
0.250977
0.477633
0.305987
-0.162323
-1.11515
-2.37287
-4.15119
-6.18229
-8.60706
-10.8634
-13.0955
-15.0117
-16.8389
-18.3593
-19.7835
-20.9808
-22.3809
-24.4198
-26.9788
-30.3015
-34.1875
-38.9221
-44.2332
-50.3497
-56.7181
-63.605
-70.7752
-78.6038
-86.8809
-95.8778
-105.189
-115.047
-125.018
-132.456
-135.195
-130.049
-112.095
-76.3876
11.4041
9.15151
7.07187
5.3213
3.93545
2.94581
2.29911
1.94072
1.74535
1.59393
1.44423
1.25588
1.03387
0.765099
0.48232
0.204941
0.00428882
-0.100155
-0.0780278
0.0604018
0.32142
0.679319
1.11285
1.55398
1.93469
2.23378
2.42577
2.51743
2.49968
2.40526
2.25774
2.13503
2.06482
2.09037
2.2103
2.44233
2.76329
3.15235
3.52554
3.7957
3.93341
3.90154
3.70575
3.3305
2.81986
2.20606
1.60003
1.04048
0.589244
0.242676
0.025422
-0.0990436
-0.163944
-0.297825
-0.632937
-1.21178
-2.08685
-3.24311
-4.69839
-6.38239
-8.24791
-10.1382
-12.0052
-13.7729
-15.4587
-17.0427
-18.5863
-20.1448
-21.8945
-24.0155
-26.5728
-29.6448
-33.2308
-37.3753
-42.0267
-47.1698
-52.6702
-58.5156
-64.6489
-71.0931
-77.7674
-84.5958
-91.325
-97.6372
-102.815
-105.464
-103.994
-96.5733
-81.4029
-57.9936
10.1891
8.4915
6.89927
5.49892
4.33642
3.42992
2.76144
2.29188
1.9592
1.70166
1.47865
1.26299
1.04481
0.82151
0.605293
0.413989
0.275541
0.208253
0.225318
0.327462
0.510675
0.759567
1.05149
1.35116
1.6234
1.84589
2.00387
2.09441
2.12004
2.09675
2.04693
2.00418
1.99345
2.03553
2.13776
2.30167
2.51377
2.74973
2.96715
3.12185
3.18466
3.13512
2.96806
2.68578
2.30975
1.87088
1.41638
0.981113
0.593993
0.26423
-0.00756896
-0.243171
-0.480529
-0.784522
-1.22191
-1.83569
-2.65467
-3.6838
-4.9173
-6.32217
-7.85406
-9.4478
-11.0587
-12.653
-14.226
-15.7853
-17.3687
-19.0343
-20.8746
-22.9839
-25.4264
-28.249
-31.4707
-35.0995
-39.1131
-43.4763
-48.1263
-53.0126
-58.0755
-63.2517
-68.4326
-73.4575
-78.0627
-81.8615
-84.2558
-84.4019
-81.362
-74.2566
-62.5744
-46.7505
8.96312
7.68022
6.45089
5.3346
4.36933
3.57192
2.93793
2.44659
2.06551
1.76031
1.50314
1.27442
1.0638
0.868417
0.693089
0.547634
0.445039
0.395916
0.406875
0.478515
0.606088
0.778593
0.979709
1.18859
1.38452
1.55165
1.67983
1.76563
1.81162
1.82721
1.82674
1.82803
1.84682
1.89486
1.97723
2.09244
2.23072
2.37464
2.49988
2.58118
2.59856
2.53878
2.39715
2.17697
1.89101
1.5591
1.20598
0.853347
0.51709
0.203278
-0.0917084
-0.383785
-0.700157
-1.07811
-1.55586
-2.16307
-2.91881
-3.82909
-4.88836
-6.07789
-7.37002
-8.73149
-10.135
-11.5628
-13.0116
-14.4921
-16.0314
-17.6711
-19.4659
-21.4712
-23.7313
-26.2771
-29.123
-32.2682
-35.6945
-39.3683
-43.2406
-47.2539
-51.3376
-55.4017
-59.3211
-62.9218
-65.96
-68.1068
-68.9327
-67.9271
-64.5838
-58.5294
-49.7092
-38.6088
7.76655
6.79228
5.84028
4.95332
4.16109
3.47918
2.90957
2.44311
2.06315
1.75038
1.48729
1.26042
1.06147
0.887094
0.738527
0.620224
0.53821
0.497736
0.501733
0.549708
0.637482
0.757104
0.897442
1.04534
1.1878
1.31421
1.41752
1.49488
1.54773
1.58151
1.60474
1.62744
1.65882
1.70551
1.77015
1.85076
1.94031
2.02723
2.09667
2.13334
2.12438
2.06111
1.94017
1.7637
1.53929
1.27871
0.995751
0.702881
0.408755
0.116114
-0.179128
-0.488491
-0.830176
-1.22705
-1.70241
-2.27559
-2.95942
-3.75883
-4.67081
-5.68482
-6.78503
-7.95356
-9.17522
-10.441
-11.7505
-13.1132
-14.5482
-16.0835
-17.7529
-19.5903
-21.6237
-23.872
-26.3428
-29.031
-31.9183
-34.9731
-38.1504
-41.3925
-44.6263
-47.7584
-50.6671
-53.1946
-55.1391
-56.2524
-56.2457
-54.8172
-51.7086
-46.7846
-40.1266
-32.1106
6.61346
5.8723
5.13605
4.43568
3.79403
3.22477
2.73271
2.31513
1.96406
1.66896
1.4193
1.20627
1.02377
0.868643
0.740416
0.64059
0.571592
0.535549
0.533285
0.563609
0.623033
0.705795
0.804296
0.909918
1.0142
1.11005
1.19254
1.25945
1.31126
1.351
1.38348
1.41435
1.44876
1.4903
1.54006
1.59617
1.65367
1.70494
1.74063
1.75118
1.72836
1.66648
1.56314
1.41942
1.23965
1.03054
0.799775
0.554209
0.298272
0.0326844
-0.246224
-0.546661
-0.880729
-1.26297
-1.70812
-2.22875
-2.83357
-3.52646
-4.30631
-5.16756
-6.10165
-7.09905
-8.15189
-9.25609
-10.413
-11.6299
-12.9204
-14.3027
-15.798
-17.4269
-19.2063
-21.1465
-23.2493
-25.507
-27.9009
-30.4013
-32.9666
-35.5428
-38.0614
-40.4366
-42.5618
-44.3064
-45.5149
-46.0103
-45.6055
-44.1263
-41.4472
-37.5364
-32.4995
-26.6037
5.5063
4.94506
4.3799
3.83326
3.32246
2.85895
2.44832
2.09111
1.78409
1.52182
1.29825
1.10784
0.946346
0.811129
0.701078
0.616228
0.557173
0.524374
0.517551
0.535243
0.574603
0.63144
0.700507
0.776024
0.852355
0.924694
0.9896
1.0453
1.09177
1.1305
1.16412
1.19568
1.22798
1.26279
1.30037
1.3391
1.37553
1.4046
1.42031
1.41657
1.38807
1.33104
1.24373
1.12652
0.981734
0.813037
0.624578
0.41994
0.201148
-0.032103
-0.282865
-0.55695
-0.862463
-1.20887
-1.6057
-2.06124
-2.58147
-3.16943
-3.82515
-4.546
-5.32763
-6.16527
-7.05516
-7.9959
-8.98941
-10.0413
-11.1608
-12.3597
-13.6512
-15.0475
-16.5579
-18.1872
-19.9334
-21.7871
-23.7305
-25.7364
-27.7677
-29.7765
-31.7034
-33.4752
-35.0049
-36.1906
-36.9177
-37.0645
-36.5126
-35.1632
-32.9594
-29.91
-26.1094
-21.743
4.44206
4.02325
3.59686
3.179
2.78258
2.41672
2.08675
1.79456
1.53938
1.31869
1.12916
0.96746
0.830768
0.717057
0.625119
0.554384
0.5046
0.475441
0.466158
0.475308
0.500635
0.539093
0.587043
0.640562
0.695851
0.749635
0.799491
0.844036
0.88297
0.916941
0.947264
0.975525
1.00312
1.03085
1.05853
1.08489
1.10749
1.123
1.12752
1.11712
1.08835
1.03869
0.966856
0.872825
0.757728
0.623461
0.47215
0.305521
0.124307
-0.0722143
-0.286462
-0.52253
-0.785866
-1.0827
-1.41929
-1.80114
-2.23238
-2.7154
-3.25076
-3.83747
-4.47354
-5.15681
-5.88575
-6.66029
-7.48233
-8.356
-9.28742
-10.2841
-11.354
-12.5041
-13.7391
-15.06
-16.4631
-17.9388
-19.4707
-21.0354
-22.6015
-24.1289
-25.5689
-26.8632
-27.944
-28.7355
-29.1565
-29.1254
-28.5685
-27.4308
-25.6893
-23.3655
-20.534
-17.3221
3.41493
3.11225
2.80145
2.49379
2.19857
1.92272
1.67067
1.44462
1.2449
1.07055
0.919878
0.790949
0.681973
0.591502
0.518494
0.462238
0.422186
0.397746
0.388076
0.391933
0.407605
0.432927
0.465402
0.502391
0.54135
0.580067
0.616857
0.650677
0.681143
0.70845
0.733195
0.756132
0.777901
0.798767
0.818422
0.835881
0.849486
0.857037
0.856024
0.843921
0.818499
0.778087
0.721734
0.649252
0.561112
0.458214
0.341562
0.211886
0.0692903
-0.0870168
-0.258859
-0.449061
-0.661251
-0.899508
-1.16792
-1.47013
-1.80896
-2.18623
-2.60265
-3.05806
-3.55172
-4.08281
-4.65091
-5.25647
-5.90111
-6.58771
-7.32023
-8.10329
-8.94151
-9.83865
-10.7966
-11.8147
-12.8886
-14.0095
-15.1639
-16.3327
-17.491
-18.6075
-19.6446
-20.5585
-21.2997
-21.8142
-22.0466
-21.9437
-21.4608
-20.5678
-19.2577
-17.5523
-15.5064
-13.2058
2.41754
2.2129
2.00144
1.7906
1.58663
1.39436
1.21709
1.05669
0.913823
0.788259
0.679213
0.585634
0.506453
0.440718
0.387662
0.346669
0.317202
0.298689
0.290416
0.291446
0.300576
0.316355
0.337153
0.361273
0.387083
0.413158
0.438383
0.462025
0.48374
0.503521
0.521598
0.538289
0.553843
0.568292
0.581337
0.592282
0.600052
0.60326
0.600347
0.589752
0.570087
0.540283
0.499685
0.448073
0.385591
0.312618
0.229573
0.136698
0.03386
-0.0796076
-0.204974
-0.344088
-0.499259
-0.673053
-0.868036
-1.08652
-1.33037
-1.60083
-1.89856
-2.22372
-2.57615
-2.95565
-3.36226
-3.79652
-4.25963
-4.75344
-5.28039
-5.84317
-6.44432
-7.08567
-7.76778
-8.48927
-9.24633
-10.0321
-10.8365
-11.6453
-12.4407
-13.2003
-13.8978
-14.5028
-14.9818
-15.2992
-15.4194
-15.3096
-14.9436
-14.3057
-13.3952
-12.2296
-10.8458
-9.29861
1.44178
1.32341
1.20058
1.07754
0.957876
0.844447
0.739263
0.643551
0.557861
0.48222
0.41631
0.359626
0.311605
0.271717
0.239496
0.21454
0.196479
0.184921
0.179399
0.179332
0.184007
0.19259
0.204156
0.217755
0.232472
0.247506
0.262222
0.276181
0.289153
0.301081
0.31203
0.322114
0.331407
0.339874
0.347305
0.35329
0.357219
0.358328
0.355766
0.34868
0.336308
0.318055
0.293534
0.262581
0.225213
0.181562
0.131775
0.0758973
0.0137755
-0.0550239
-0.131249
-0.215948
-0.310405
-0.416038
-0.53426
-0.66636
-0.813388
-0.976093
-1.15492
-1.35006
-1.56154
-1.78938
-2.03373
-2.29498
-2.57385
-2.87138
-3.18887
-3.52771
-3.88914
-4.27394
-4.68211
-5.11251
-5.56258
-6.02798
-6.50239
-6.97726
-7.44174
-7.88253
-8.28403
-8.6285
-8.89657
-9.06809
-9.12326
-9.04436
-8.81774
-8.43602
-7.90021
-7.22119
-6.42019
-5.52788
-1029.71
-1038.36
-1047.63
-1057.44
-1067.75
-1078.5
-1089.63
-1101.1
-1112.87
-1124.88
-1137.11
-1149.52
-1162.1
-1174.81
-1187.65
-1200.58
-1213.61
-1226.72
-1239.91
-1253.18
-1266.52
-1279.94
-1293.44
-1307.02
-1320.71
-1334.49
-1348.37
-1362.37
-1376.49
-1390.74
-1405.12
-1419.63
-1434.29
-1449.09
-1464.03
-1479.14
-1494.39
-1509.8
-1525.37
-1541.1
-1556.98
-1573
-1589.16
-1605.45
-1621.86
-1638.36
-1654.93
-1671.55
-1688.2
-1704.85
-1721.47
-1738.01
-1754.44
-1770.72
-1786.8
-1802.62
-1818.13
-1833.25
-1847.9
-1862.02
-1875.5
-1888.25
-1900.16
-1911.12
-1921.01
-1929.7
-1937.05
-1942.91
-1947.13
-1949.55
-1949.97
-1948.22
-1944.1
-1937.39
-1927.88
-1915.35
-1899.57
-1880.34
-1857.45
-1830.7
-1799.94
-1765.04
-1725.92
-1682.55
-1634.97
-1583.28
-1527.66
-1468.36
-1405.7
-1340.05
539.56
288.417
182.639
128.292
95.9556
74.5596
59.2418
47.5876
38.2763
30.527
23.8467
17.905
12.4677
7.35787
2.43273
104.792
145.197
126.239
102.13
82.0582
66.3678
54.0306
44.0891
35.8417
28.7985
22.615
17.0433
11.8977
7.03256
2.32693
4.55318
61.3399
74.9898
71.9286
63.7794
54.8222
46.4235
38.896
32.2028
26.2099
20.7715
15.7553
11.0471
6.54771
2.16936
-20.7632
20.6188
40.4509
46.8152
46.3081
42.7179
37.9448
32.8683
27.8634
23.0667
18.5055
14.1593
9.98744
5.94181
1.97216
-26.7804
1.44767
19.3795
28.5731
31.9194
31.7961
29.7691
26.7687
23.3157
19.6877
16.0245
12.3889
8.80149
5.25989
1.74962
-26.9747
-7.42704
7.04628
16.1779
21.0001
22.7779
22.5665
21.1216
18.9426
16.3438
13.5157
10.5702
7.56967
4.54661
1.51606
-25.1427
-11.2273
0.0546773
8.0921
13.1251
15.7485
16.5972
16.2085
14.9894
13.229
11.1244
8.80649
6.36032
3.8408
1.28405
-22.5357
-12.3941
-3.69242
3.01059
7.65948
10.4938
11.8651
12.1256
11.5773
10.4582
8.94632
7.17096
5.22429
3.17222
1.06336
-19.6247
-12.1212
-5.44091
-0.0169136
4.00834
6.70192
8.24365
8.85139
8.73598
8.08002
7.0317
5.70671
4.19364
2.56038
0.860555
-16.604
-11.0249
-5.93324
-1.64578
1.68878
4.0618
5.55611
6.30026
6.43514
6.09415
5.39368
4.43049
3.28312
2.01509
0.679014
-13.5563
-9.44132
-5.62144
-2.32186
0.330674
2.30029
3.61866
4.3583
4.61011
4.46772
4.0183
3.33842
2.49324
1.5378
0.519413
-10.5154
-7.56261
-4.78936
-2.3509
-0.344542
1.19002
2.25993
2.90414
3.17924
3.14829
2.87338
2.41164
1.81361
1.12347
0.380261
-7.49247
-5.50435
-3.6225
-1.94784
-0.547994
0.544392
1.32685
1.81906
2.05442
2.07278
1.91527
1.62111
1.22607
0.762207
0.258427
-4.4873
-3.33982
-2.24845
-1.26998
-0.443997
0.208671
0.683982
0.990818
1.14656
1.1731
1.09379
0.931456
0.707348
0.440842
0.149649
-1265
-1180.13
-1093.03
-1004.43
-914.997
-825.279
-735.714
-646.617
-558.193
-470.543
-383.684
-297.561
-212.063
-127.04
-42.3133
)
;

boundaryField
{
    hot
    {
        type            calculated;
        value           nonuniform List<scalar> 
120
(
992.645
-0.166166
-0.278879
-0.394242
-0.512812
-0.634606
-0.758907
-0.88411
-1.00757
-1.12555
-1.23332
-1.32551
-1.39659
-1.44165
-1.45724
-1.44566
-1.41222
-1.35987
-1.2914
-1.2103
-1.12035
-1.02525
-0.928433
-0.832801
-0.740668
-0.653736
-0.573137
-0.499511
-0.433097
-0.373825
-0.321407
-0.275407
-0.235304
-0.200538
-0.17054
-0.14476
-0.12268
-0.103824
-0.0877575
-0.0740961
-0.0624981
-0.0526642
-0.0443338
-0.0372813
-0.031312
-0.0262587
-0.0219778
-0.0183466
-0.0152598
-0.0126274
-0.010372
-0.00842691
-0.0067345
-0.00524427
-0.00391169
-0.00269678
-0.00156305
-0.000476369
0.000596
0.00168638
0.00282764
0.00405414
0.00540278
0.00691404
0.0086332
0.0106116
0.0129081
0.0155908
0.0187389
0.0224446
0.0268161
0.0319795
0.0380829
0.045299
0.0538295
0.0639088
0.075809
0.0898438
0.106373
0.125807
0.148608
0.175294
0.206432
0.242639
0.284565
0.332875
0.388218
0.45119
0.522267
0.60174
0.689619
0.785527
0.888595
0.997348
1.10963
1.22254
1.33253
1.43548
1.52696
1.60262
1.65858
1.69184
1.70072
1.68494
1.64574
1.57744
1.4806
1.36593
1.2402
1.10944
0.978487
0.85082
0.728676
0.613209
0.504715
0.40286
0.306863
0.215649
0.127955
-998.278
)
;
    }
    cold
    {
        type            calculated;
        value           nonuniform List<scalar> 
120
(
3.8088
-0.0384348
-0.0636697
-0.0882899
-0.111989
-0.134406
-0.155123
-0.17367
-0.189546
-0.202246
-0.211313
-0.216394
-0.217298
-0.214046
-0.206896
-0.197455
-0.186713
-0.174475
-0.161218
-0.147404
-0.133461
-0.119754
-0.106579
-0.0941556
-0.0826322
-0.0720941
-0.0625743
-0.0540643
-0.0465253
-0.0398981
-0.0341109
-0.0290857
-0.0247429
-0.0210051
-0.0177987
-0.0150557
-0.0127142
-0.0107188
-0.00902009
-0.00757459
-0.00634431
-0.00529609
-0.00440111
-0.00363437
-0.00297413
-0.00240144
-0.00189971
-0.00145427
-0.001052
-0.000680963
-0.000330115
1.10489e-05
0.000352775
0.000705354
0.00107942
0.00148628
0.00193822
0.00244891
0.00303379
0.00371053
0.00449957
0.00542473
0.00651388
0.00779983
0.00932123
0.0111237
0.0132614
0.0157979
0.018809
0.0223839
0.0266283
0.031667
0.0376474
0.044743
0.053158
0.0631324
0.0749469
0.0889295
0.105462
0.124986
0.14801
0.175118
0.206972
0.244313
0.28797
0.338843
0.397899
0.466144
0.544588
0.634185
0.735762
0.849907
0.976844
1.11627
1.26717
1.42764
1.5947
1.76418
1.9307
2.08776
2.22805
2.34395
2.42825
2.47487
2.47974
2.43273
2.32693
2.16936
1.97216
1.74962
1.51606
1.28405
1.06336
0.860555
0.679014
0.519413
0.380261
0.258427
0.149649
-42.3133
)
;
    }
    interface_left
    {
        type            calculated;
        value           nonuniform List<scalar> 
90
(
-240.037
-81.8058
-33.0406
-15.9773
-9.01946
-5.70327
-3.8945
-2.80025
-2.08656
-1.59509
-1.2428
-0.982498
-0.785563
-0.63376
-0.514977
-0.420891
-0.345623
-0.284912
-0.235612
-0.195351
-0.162318
-0.135109
-0.112623
-0.093988
-0.0785084
-0.0656229
-0.0548773
-0.0459013
-0.0383915
-0.0320984
-0.0268156
-0.0223723
-0.0186259
-0.0154575
-0.0127673
-0.0104708
-0.00849657
-0.00678334
-0.00527817
-0.00393471
-0.00271169
-0.00157163
-0.00047966
0.000597606
0.00169308
0.00284023
0.00407413
0.00543257
0.00695721
0.00869493
0.0106993
0.0130323
0.0157664
0.018987
0.022795
0.0273109
0.0326781
0.0390692
0.0466915
0.0557954
0.0666845
0.079728
0.0953774
0.114187
0.136842
0.164196
0.197315
0.237552
0.286635
0.346796
0.420968
0.513052
0.628347
0.774195
0.961027
1.2041
1.5265
1.96468
2.57918
3.4774
4.86605
7.18589
11.4949
20.6708
43.5029
109.547
325.704
325.389
108.059
38.1055
)
;
    }
    interface_right
    {
        type            calculated;
        value           nonuniform List<scalar> 
90
(
-11.5363
-4.32898
-1.97065
-1.07273
-0.667912
-0.45468
-0.327797
-0.245423
-0.1886
-0.147682
-0.117275
-0.0941364
-0.076201
-0.0620952
-0.0508712
-0.0418554
-0.0345571
-0.0286113
-0.0237415
-0.0197351
-0.0164264
-0.0136847
-0.011406
-0.00950671
-0.00791923
-0.0065884
-0.00546897
-0.00452356
-0.00372109
-0.00303553
-0.00244491
-0.00193047
-0.001476
-0.00106731
-0.000691701
-0.000337565
5.99145e-06
0.000349503
0.000703475
0.00107871
0.00148665
0.00193972
0.00245172
0.00303824
0.00371716
0.00450918
0.00543846
0.0065334
0.00782747
0.00936032
0.011179
0.0133394
0.015908
0.0189645
0.0226034
0.0269382
0.0321046
0.0382651
0.045615
0.0543892
0.0648705
0.0774008
0.092394
0.110353
0.131892
0.157762
0.18889
0.22642
0.271785
0.326782
0.393693
0.475446
0.575842
0.699887
0.854283
1.04817
1.29428
1.6108
2.02449
2.57607
3.33022
4.39499
5.96306
8.40725
12.5256
20.2397
36.7836
78.1542
198.139
591.209
)
;
    }
    interface_top
    {
        type            calculated;
        value           nonuniform List<scalar> 
90
(
-8.28209
38.1643
-30.3535
11.39
-25.0894
4.56454
-20.7186
-2.2635
14.6656
-7.51363
13.8775
-8.3068
14.7086
-9.60354
15.7876
-17.9216
6.44889
-15.2166
4.89515
-12.6353
4.2766
-10.9438
1.25507
13.457
-1.7264
15.2063
-2.23282
17.9442
-3.69113
20.8357
-13.1572
12.3743
-12.2015
10.5277
-10.8563
9.37505
-10.195
4.94925
20.4951
0.4483
22.8586
-1.11943
26.5282
-4.38985
30.1704
-19.4164
17.1505
-19.5275
13.394
-19.102
10.4433
-19.8909
2.18477
24.9806
-6.83931
26.4114
-11.9771
28.6946
-19.5573
29.9882
-42.907
7.77618
-44.1816
-0.3622
-45.2716
-7.49154
-48.4792
-21.6856
5.27244
-37.0401
1.58858
-47.5693
-1.75997
-61.5252
-7.20837
-93.5847
-38.7988
-104.412
-56.58
-121.205
-77.642
-157.382
-128.288
-95.1826
-266.866
-259.541
-298.717
-392.382
-606.735
-1170.78
)
;
    }
    interface_bottom
    {
        type            calculated;
        value           nonuniform List<scalar> 
90
(
250.785
96.2983
67.9895
30.0081
38.7486
19.292
27.9859
17.5152
9.01067
17.2057
8.78622
15.7644
8.74858
14.7646
9.17043
14.8876
11.3971
12.8342
11.8082
11.034
11.8426
9.29081
10.9373
13.3677
9.59999
14.452
8.37089
15.7149
6.53317
16.8494
1.22688
12.8584
0.810045
11.9427
0.625757
11.3057
-0.0537349
8.4483
17.5851
5.02505
18.8614
3.07938
20.4459
0.228417
21.5078
-8.33245
13.5465
-7.25371
12.217
-6.27059
11.4605
-6.44024
7.18039
21.4672
2.09164
23.0539
-0.491875
25.0968
-4.25192
26.427
-16.0437
15.0655
-14.2374
13.1516
-12.778
11.9169
-12.9582
5.82068
25.3977
-1.2242
27.4204
-4.73267
30.4551
-10.0218
33.2139
-28.8838
16.2764
-29.4248
11.3067
-30.7277
6.48374
-36.0874
-8.35633
20.5872
-37.0306
-4.84583
34.88
-82.9233
-50.6581
-42.1236
)
;
    }
    defaultFaces
    {
        type            empty;
    }
}


// ************************************************************************* //
