/*--------------------------------*- C++ -*----------------------------------*\
| =========                 |                                                 |
| \\      /  F ield         | OpenFOAM: The Open Source CFD Toolbox           |
|  \\    /   O peration     | Version:  5.x                                   |
|   \\  /    A nd           | Web:      www.OpenFOAM.org                      |
|    \\/     M anipulation  |                                                 |
\*---------------------------------------------------------------------------*/
FoamFile
{
    version     2.0;
    format      ascii;
    class       volScalarField;
    location    "1.3";
    object      gradTx;
}
// * * * * * * * * * * * * * * * * * * * * * * * * * * * * * * * * * * * * * //

dimensions      [0 -1 0 1 0 0 0];

internalField   nonuniform List<scalar> 
6300
(
532.812
534.773
538.642
544.309
551.603
560.277
570.009
580.383
590.893
600.945
609.869
616.955
621.491
622.825
620.419
530.828
532.843
536.821
542.661
550.198
559.197
569.342
580.221
591.326
602.044
611.679
619.474
624.663
626.532
624.492
526.809
528.926
533.117
539.293
547.307
556.948
567.915
579.81
592.118
604.201
615.301
624.571
631.125
634.117
632.842
520.652
522.914
527.406
534.063
542.769
553.347
565.536
578.961
593.111
607.313
620.725
632.354
641.116
645.937
645.901
512.211
514.649
519.51
526.761
536.335
548.114
561.897
577.362
594.025
611.188
627.904
642.978
655.018
662.582
664.396
501.313
503.94
509.203
517.114
527.676
540.855
556.551
574.542
594.415
615.483
636.699
656.605
673.366
684.947
689.461
487.766
490.574
496.227
504.797
516.376
531.056
548.887
569.816
593.586
619.604
646.775
673.349
696.866
714.346
722.836
471.393
474.343
480.314
489.45
501.956
518.085
538.105
562.226
590.485
622.548
657.424
693.121
726.373
752.704
767.231
452.051
455.071
461.218
470.713
483.892
501.204
523.199
550.475
583.557
622.655
667.224
715.313
762.773
802.832
827.008
429.673
432.653
438.756
448.275
461.675
479.62
502.992
532.897
570.593
617.265
673.481
738.105
806.544
868.814
909.543
404.296
407.096
412.86
421.937
434.897
452.59
476.234
507.508
548.63
602.309
671.306
757.054
856.457
956.305
1028.21
376.105
378.558
383.635
391.7
403.367
419.593
441.829
472.252
514.091
572.015
652.357
762.322
905.897
1071.71
1209.65
345.445
347.383
351.408
357.847
367.264
380.57
399.221
425.563
463.447
519.285
603.763
733.958
933.073
1214.96
1513.99
312.834
314.106
316.752
321.002
327.258
336.189
348.906
367.318
394.833
437.898
509.432
636.653
877.451
1341.04
2101.06
278.94
279.441
280.48
282.14
284.566
288.007
292.885
299.955
310.657
328.027
359.401
425.752
599.017
1170.66
3487.23
614.774
606.379
595.023
580.807
563.912
544.573
523.064
499.669
474.668
448.319
420.855
392.478
363.357
333.636
303.435
272.86
242.003
210.952
179.793
148.611
117.496
86.5406
55.8428
25.504
-4.371
-33.6752
-62.3012
-90.1427
-117.097
-143.067
-167.962
-191.701
-214.209
-235.424
-255.29
-273.759
-290.79
-306.349
-320.408
-332.946
-343.951
-353.422
-361.375
-367.838
-372.862
-376.511
-378.873
-380.044
-380.138
-379.271
-377.563
-375.134
-372.093
-368.545
-364.582
-360.284
-355.723
-350.96
-346.05
-341.042
-335.977
-330.895
-325.829
-320.809
-315.857
-310.988
-306.207
-301.512
-296.89
-292.319
-287.769
-283.204
-278.583
-273.863
-269.002
-263.961
-258.702
-253.197
-247.421
-241.357
-234.997
-228.341
-221.399
-214.19
-206.744
-199.103
-191.319
-183.455
-175.581
-167.772
619.011
610.606
599.104
584.628
567.389
547.658
525.737
501.939
476.562
449.878
422.123
393.499
364.17
334.274
303.922
273.211
242.228
211.053
179.769
148.458
117.208
86.1126
55.2688
24.7795
-5.24856
-34.7062
-63.4833
-91.4707
-118.563
-144.66
-169.67
-193.509
-216.105
-237.395
-257.325
-275.847
-292.923
-308.518
-322.601
-335.15
-346.149
-355.595
-363.499
-369.887
-374.809
-378.333
-380.546
-381.555
-381.475
-380.432
-378.552
-375.959
-372.769
-369.087
-365.005
-360.604
-355.954
-351.113
-346.134
-341.064
-335.944
-330.814
-325.709
-320.658
-315.685
-310.808
-306.034
-301.359
-296.77
-292.244
-287.748
-283.243
-278.685
-274.028
-269.226
-264.238
-259.025
-253.556
-247.805
-241.755
-235.396
-228.728
-221.759
-214.508
-207.003
-199.288
-191.416
-183.452
-175.47
-167.551
627.7
619.257
607.429
592.39
574.417
553.854
531.072
506.439
480.294
452.931
424.596
395.485
365.752
335.517
304.873
273.902
242.673
211.257
179.727
148.16
116.642
85.2652
54.1278
23.335
-7.00266
-36.7712
-65.8547
-94.1378
-121.509
-147.863
-173.103
-197.145
-219.916
-241.354
-261.409
-280.038
-297.203
-312.869
-327.005
-339.582
-350.576
-359.976
-367.784
-374.023
-378.74
-382.007
-383.918
-384.59
-384.154
-382.749
-380.517
-377.592
-374.099
-370.147
-365.83
-361.226
-356.4
-351.406
-346.292
-341.099
-335.87
-330.642
-325.454
-320.339
-315.324
-310.431
-305.668
-301.034
-296.514
-292.081
-287.698
-283.318
-278.89
-274.363
-269.683
-264.805
-259.685
-254.289
-248.59
-242.569
-236.215
-229.524
-222.502
-215.167
-207.545
-199.679
-191.626
-183.456
-175.252
-167.106
641.288
632.747
620.341
604.337
585.134
563.203
539.031
513.074
485.734
457.338
428.137
398.317
368.006
337.294
306.245
274.908
243.332
211.569
179.68
147.735
115.816
84.0149
52.4326
21.178
-9.63271
-39.8778
-69.432
-98.1697
-125.969
-152.715
-178.304
-202.65
-225.678
-247.334
-267.571
-286.356
-303.654
-319.432
-333.656
-346.287
-357.288
-366.632
-374.307
-380.325
-384.73
-387.597
-389.034
-389.177
-388.181
-386.209
-383.426
-379.988
-376.032
-371.675
-367.01
-362.109
-357.029
-351.814
-346.502
-341.13
-335.735
-330.357
-325.039
-319.82
-314.736
-309.813
-305.067
-300.497
-296.086
-291.802
-287.599
-283.419
-279.201
-274.879
-270.392
-265.684
-260.709
-255.427
-249.81
-243.835
-237.491
-230.77
-223.674
-216.215
-208.417
-200.321
-191.985
-183.49
-174.933
-166.425
660.534
651.768
638.398
620.854
599.742
575.741
549.516
521.659
492.652
462.857
432.524
401.806
370.788
339.507
307.978
276.206
244.206
212.008
179.656
147.214
114.762
82.3919
50.2078
18.3245
-13.1339
-44.0346
-74.2389
-103.605
-131.995
-159.278
-185.34
-210.089
-233.453
-255.384
-275.851
-294.831
-312.304
-328.241
-342.603
-355.334
-366.377
-375.676
-383.193
-388.923
-392.902
-395.21
-395.975
-395.362
-393.564
-390.786
-387.228
-383.077
-378.489
-373.59
-368.47
-363.192
-357.794
-352.303
-346.741
-341.134
-335.517
-329.931
-324.426
-319.054
-313.863
-308.892
-304.164
-299.683
-295.43
-291.364
-287.424
-283.537
-279.621
-275.595
-271.382
-266.916
-262.142
-257.019
-251.514
-245.608
-239.283
-232.531
-225.346
-217.73
-209.699
-201.288
-192.556
-183.595
-174.527
-165.493
686.622
677.386
662.427
642.471
618.471
591.439
562.31
531.857
500.661
469.107
437.417
405.679
373.898
342.028
310.005
277.777
245.312
212.61
179.704
146.651
113.532
80.4416
47.4906
14.8
-17.4964
-49.2519
-80.3086
-110.501
-139.666
-167.647
-194.313
-219.562
-243.327
-265.575
-286.296
-305.497
-323.179
-339.327
-353.895
-366.807
-377.965
-387.266
-394.629
-400.015
-403.444
-405.006
-404.855
-403.207
-400.31
-396.432
-391.831
-386.736
-381.335
-375.762
-370.1
-364.387
-358.633
-352.832
-346.984
-341.095
-335.195
-329.331
-323.566
-317.973
-312.62
-307.569
-302.857
-298.495
-294.46
-290.7
-287.132
-283.656
-280.162
-276.543
-272.702
-268.558
-264.048
-259.128
-253.77
-247.954
-241.666
-234.891
-227.614
-219.822
-211.51
-202.696
-193.438
-183.839
-174.056
-164.283
721.384
711.207
693.616
669.872
641.527
610.118
576.968
543.083
509.139
475.51
442.33
409.567
377.087
344.715
312.276
279.634
246.701
213.45
179.904
146.124
112.198
78.23
44.3368
10.646
-22.6992
-55.5363
-87.6821
-118.937
-149.096
-177.963
-205.377
-231.219
-255.428
-277.997
-298.96
-318.371
-336.278
-352.695
-367.574
-380.801
-392.213
-401.626
-408.885
-413.892
-416.639
-417.224
-415.847
-412.797
-408.415
-403.063
-397.085
-390.777
-384.368
-378.002
-371.74
-365.579
-359.475
-353.37
-347.222
-341.013
-334.763
-328.53
-322.404
-316.489
-310.892
-305.707
-300.997
-296.787
-293.051
-289.716
-286.666
-283.76
-280.844
-277.775
-274.424
-270.693
-266.511
-261.839
-256.657
-250.954
-244.724
-237.949
-230.602
-222.641
-214.022
-204.727
-194.791
-184.331
-173.557
-162.749
767.69
755.67
733.63
703.861
668.954
631.265
592.642
554.352
517.12
481.219
446.597
412.998
380.071
347.444
314.787
281.852
248.491
214.656
180.379
145.744
110.86
75.8465
40.826
5.92842
-28.6997
-62.8819
-96.4038
-129.015
-160.446
-190.434
-218.759
-245.277
-269.938
-292.774
-313.893
-333.437
-351.543
-368.287
-383.633
-397.405
-409.323
-419.069
-426.355
-430.986
-432.905
-432.218
-429.196
-424.247
-417.857
-410.533
-402.747
-394.898
-387.273
-380.024
-373.168
-366.622
-360.249
-353.906
-347.483
-340.924
-334.242
-327.515
-320.877
-314.489
-308.516
-303.106
-298.367
-294.347
-291.019
-288.278
-285.953
-283.836
-281.711
-279.375
-276.66
-273.442
-269.649
-265.256
-260.264
-254.688
-248.54
-241.809
-234.453
-226.384
-217.489
-207.663
-196.883
-185.261
-173.091
-160.814
830.207
814.526
784.736
745.209
700.349
653.718
607.794
564.053
523.137
485.041
449.342
415.414
382.571
350.162
317.644
284.626
250.903
216.436
181.308
145.658
109.643
73.405
37.0692
0.752328
-35.4135
-71.2501
-106.508
-140.865
-173.944
-205.364
-234.805
-262.071
-287.125
-310.072
-331.133
-350.603
-368.789
-385.908
-401.963
-416.672
-429.546
-440.029
-447.615
-451.946
-452.877
-450.52
-445.263
-437.711
-428.58
-418.599
-408.431
-398.625
-389.563
-381.406
-374.078
-367.345
-360.907
-354.486
-347.869
-340.946
-333.719
-326.309
-318.928
-311.831
-305.273
-299.487
-294.65
-290.86
-288.096
-286.196
-284.897
-283.884
-282.842
-281.486
-279.586
-276.986
-273.622
-269.504
-264.683
-259.221
-253.17
-246.547
-239.306
-231.3
-222.274
-211.957
-200.169
-186.963
-172.766
-158.331
916.933
893.662
849.827
794.199
734.259
675.113
619.762
569.645
525.051
485.363
449.491
416.22
384.392
352.984
321.164
288.359
254.324
219.108
182.922
146.034
108.678
71.0347
33.2134
-4.71487
-42.6766
-80.5274
-117.988
-154.632
-189.907
-223.218
-254.049
-282.113
-307.402
-330.134
-350.703
-369.65
-387.595
-405.072
-422.233
-438.571
-453.195
-465.13
-473.525
-477.758
-477.528
-472.94
-464.57
-453.379
-440.458
-426.862
-413.521
-401.209
-390.476
-381.517
-374.059
-367.567
-361.468
-355.273
-348.627
-341.335
-333.392
-324.998
-316.51
-308.336
-300.866
-294.447
-289.374
-285.849
-283.883
-283.208
-283.386
-283.933
-284.388
-284.346
-283.483
-281.598
-278.651
-274.735
-269.997
-264.578
-258.6
-252.152
-245.241
-237.662
-228.903
-218.351
-205.48
-190.077
-172.771
-155.002
1042.61
1002.38
931.864
849.361
766.986
691.009
624.157
567.245
519.86
480.146
445.848
414.901
385.559
356.345
326.044
293.807
259.385
223.111
185.484
147.014
108.059
68.8488
29.4375
-10.2106
-50.1788
-90.4484
-130.724
-170.454
-208.779
-244.724
-277.35
-306.222
-331.423
-353.36
-372.652
-390.173
-407.092
-424.703
-443.684
-462.926
-480.692
-495.293
-505.382
-509.945
-508.394
-500.737
-487.87
-471.466
-453.232
-434.682
-417.052
-401.441
-388.757
-379.393
-372.571
-367.147
-362.093
-356.637
-350.241
-342.592
-333.649
-323.757
-313.579
-303.77
-294.891
-287.417
-281.82
-278.546
-277.769
-278.949
-281.304
-284.075
-286.616
-288.353
-288.82
-287.71
-285.045
-281.124
-276.265
-270.716
-264.683
-258.403
-252.119
-245.706
-238.094
-228.069
-214.424
-195.916
-173.432
-150.144
1237.11
1154.66
1031.13
904.302
790.46
693.725
614.2
551.085
503.582
467.085
437.333
411.221
386.49
361.215
333.656
302.34
267.051
228.997
189.19
148.623
107.731
66.876
25.9223
-15.3295
-57.3349
-100.452
-144.34
-188.393
-231.172
-271.103
-306.146
-335.699
-360.218
-380.463
-397.208
-411.608
-425.623
-442.377
-464.764
-489.395
-512.724
-531.914
-545.15
-550.874
-547.985
-535.961
-516.181
-492.104
-466.372
-441.089
-417.587
-397.37
-382.172
-373.519
-368.982
-366.11
-363.212
-359.272
-353.581
-345.632
-335.201
-322.856
-310.049
-297.801
-286.835
-277.63
-270.871
-267.599
-268.792
-272.955
-278.582
-284.512
-289.962
-294.154
-296.395
-296.032
-293.216
-288.834
-283.503
-277.528
-271.097
-264.64
-259.163
-255.459
-250.743
-242.985
-230.357
-207.466
-175.24
-142.044
1568.3
1366.03
1135.13
940.503
789.264
671.623
580.576
512.405
471.419
444.268
423.533
405.505
388.152
369.321
346.618
316.532
278.634
237.337
193.923
150.625
107.277
64.9666
22.7552
-19.449
-62.9831
-109.44
-157.821
-208.274
-257.774
-304.628
-342.95
-372.519
-395.254
-412.679
-425.197
-433.639
-440.24
-451.957
-482.61
-517.722
-550.687
-577.062
-595.675
-604.134
-600.646
-582.261
-550.584
-515.026
-478.771
-444.835
-413.3
-385.983
-366.072
-361.633
-362.907
-365.023
-365.743
-364.342
-360.087
-352.165
-339.432
-322.552
-305.646
-289.927
-276.187
-264.271
-254.851
-250.179
-255.496
-264.81
-275.388
-285.602
-295.084
-302.731
-307.688
-307.855
-303.613
-297.885
-291.646
-284.972
-277.529
-269.449
-263.635
-266.652
-267.754
-264.901
-261.054
-232.445
-178.434
-126.044
2210.23
1618.6
1186.84
914.194
739.655
611.192
513.977
434.545
419.295
412.175
405.79
398.774
391.89
382.946
370.153
341.909
295.042
248.659
198.414
152.625
105.253
62.8354
19.4955
-21.7429
-64.5216
-115.766
-168.434
-229.65
-288.311
-350.564
-392.483
-419.291
-438.036
-452.044
-459.125
-458.374
-447.524
-434.285
-494.038
-549.124
-598.104
-633.335
-660.75
-674.511
-674.66
-647.594
-590.464
-538.839
-487.722
-445.02
-402.836
-363.837
-327.601
-341.426
-355.528
-365.851
-371.233
-373.429
-371.785
-365.538
-349.551
-322.209
-299.466
-279.14
-262.855
-247.268
-231.95
-218.332
-236.404
-254.806
-272.681
-287.708
-302.816
-315.145
-325.845
-325.996
-316.124
-307.645
-300.393
-293.501
-284.86
-270.976
-255.372
-280.59
-290.446
-288.232
-327.394
-293.991
-179.284
-88.9656
3657.11
1640.92
1009.37
746.584
623.664
505.731
421.743
264.234
355.434
378.989
388.917
391.806
398.545
402.058
415.872
394.038
310.68
265.467
196.415
156.825
96.0172
61.9542
13.1313
-21.9108
-53.9737
-120.159
-166.868
-254.846
-313.823
-425.935
-463.922
-477.806
-487.758
-501.481
-504.409
-497.711
-458.286
-311.522
-512.185
-589.304
-665.279
-700.802
-745.4
-764.385
-787.738
-756.087
-622.285
-561.791
-484.429
-444.343
-387.676
-337.614
-216.952
-320.728
-353.49
-373.695
-381.208
-387.944
-390.008
-392.843
-375.934
-315.163
-289.735
-262.474
-248.463
-229.828
-206.558
-140.815
-216.801
-245.523
-274.037
-289.662
-314.513
-329.87
-359.162
-358.539
-326.601
-315.617
-308.598
-304.529
-299.723
-274.964
-188.313
-316.633
-330.502
-251.971
-498.208
-472.603
-145.006
5.00234
-159.359
-150.481
-142.042
-134.14
-126.85
-120.222
-114.288
-109.06
-104.535
-100.705
-97.5506
-95.0556
-93.2021
-91.9753
-91.3646
-159.021
-150.028
-141.493
-133.517
-126.175
-119.518
-113.572
-108.346
-103.833
-100.019
-96.8832
-94.406
-92.5673
-91.3512
-90.7461
-158.334
-149.103
-140.371
-132.246
-124.805
-118.092
-112.128
-106.909
-102.423
-98.645
-95.5493
-93.1095
-91.3021
-90.1083
-89.5147
-157.271
-147.666
-138.629
-130.281
-122.695
-115.908
-109.926
-104.732
-100.295
-96.5806
-93.5511
-91.1725
-89.4156
-88.2573
-87.6821
-155.785
-145.647
-136.188
-127.54
-119.775
-112.91
-106.928
-101.787
-97.4367
-93.8227
-90.894
-88.6062
-86.9226
-85.8157
-85.2669
-153.803
-142.937
-132.923
-123.907
-115.944
-109.019
-103.078
-98.0435
-93.8336
-90.3712
-87.5882
-85.4279
-83.8456
-82.8087
-82.2955
-151.203
-139.363
-128.648
-119.21
-111.064
-104.137
-98.3135
-93.4667
-89.4751
-86.2328
-83.6522
-81.6642
-80.2162
-79.2708
-78.8039
-147.783
-134.651
-123.085
-113.211
-104.955
-98.1411
-92.5642
-88.0269
-84.3597
-81.4252
-79.1167
-77.3536
-76.0774
-75.2476
-74.8388
-143.196
-128.362
-115.821
-105.585
-97.3941
-90.9008
-85.7675
-81.7096
-78.5045
-75.9849
-74.029
-72.5495
-71.4857
-70.797
-70.4586
-136.805
-119.77
-106.244
-95.9042
-88.1282
-82.293
-77.8882
-74.5328
-71.9572
-69.9747
-68.4586
-67.3235
-66.5129
-65.9902
-65.7339
-127.381
-107.659
-93.4734
-83.6523
-76.9145
-72.2485
-68.9529
-66.5704
-64.8107
-63.4923
-62.5015
-61.7676
-61.2465
-60.9115
-60.7475
-112.417
-90.0043
-76.3308
-68.3107
-63.623
-60.8277
-59.0992
-57.9795
-57.2178
-56.677
-56.2824
-55.9936
-55.7888
-55.6568
-55.592
-86.5997
-63.6039
-53.5298
-49.6317
-48.4344
-48.3355
-48.632
-49.0261
-49.3993
-49.7108
-49.9529
-50.1309
-50.2538
-50.3304
-50.367
-38.4659
-24.2779
-24.5493
-28.2487
-32.1437
-35.4442
-38.0632
-40.0898
-41.6385
-42.8099
-43.6834
-44.3191
-44.761
-45.0397
-45.1744
56.4592
29.5082
7.86061
-6.66847
-16.445
-23.2319
-28.0839
-31.6282
-34.2519
-36.2034
-37.6481
-38.6975
-39.4278
-39.8893
-40.1127
247.401
247.162
246.652
245.803
244.491
242.512
239.513
234.868
227.373
214.465
189.802
134.414
-21.4056
-585.066
-3107.99
218.889
217.998
216.129
213.083
208.517
201.855
192.13
177.669
155.414
119.387
56.9527
-60.6983
-302.203
-820.569
-1794.55
190.988
189.509
186.415
181.414
173.993
163.318
148.031
125.878
93.0143
42.6434
-37.5524
-169.801
-390.727
-739.657
-1157.47
164.11
162.135
158.022
151.418
141.723
127.981
108.694
81.5219
42.7693
-13.3898
-95.909
-217.319
-390.353
-610.897
-810.506
138.597
136.24
131.353
123.566
112.261
96.4884
74.8302
45.2044
4.60993
-51.1183
-127.257
-228.984
-356.978
-496.666
-602.147
114.718
112.099
106.694
98.1515
85.8969
69.08
46.4964
16.5021
-23.0406
-74.6728
-140.835
-222.405
-315.476
-406.18
-467.028
92.6522
89.8885
84.2116
75.3115
62.698
45.6734
23.3063
-5.57126
-42.2959
-88.1359
-143.712
-207.835
-275.613
-336.423
-374.156
72.5026
69.6978
63.9638
55.0473
42.56
25.9746
4.6352
-22.1968
-55.2212
-94.8364
-140.654
-190.724
-240.583
-282.685
-307.482
54.2978
51.5384
45.9234
37.2605
25.2657
9.57531
-10.2232
-34.5235
-63.5697
-97.229
-134.64
-173.756
-210.938
-240.96
-258.022
38.0065
35.3596
29.9971
21.7853
10.5361
-3.97253
-21.9565
-43.5551
-68.715
-97.0155
-127.439
-158.13
-186.262
-208.231
-220.408
23.5511
21.0645
16.0474
8.41773
-1.93145
-15.1081
-31.1805
-50.1142
-71.6792
-95.327
-120.052
-144.28
-165.863
-182.299
-191.246
10.8205
8.52469
3.91013
-3.06286
-12.4368
-24.2335
-38.4181
-54.8464
-73.197
-92.8897
-113.009
-132.264
-149.036
-161.565
-168.296
-0.317528
-2.40649
-6.59085
-12.8775
-21.2607
-31.7016
-44.0979
-58.2439
-73.7826
-90.1556
-106.565
-121.972
-135.155
-144.857
-150.016
-10.0063
-11.8839
-15.6332
-21.2373
-28.6566
-37.8125
-48.5631
-60.6744
-73.7886
-87.3954
-100.817
-113.223
-123.688
-131.301
-135.319
-18.3925
-20.0627
-23.3888
-28.3374
-34.8475
-42.8166
-52.0836
-62.4085
-73.4524
-84.7631
-95.7736
-105.822
-114.201
-120.241
-123.409
-25.6199
-27.0927
-30.0185
-34.354
-40.0257
-46.9198
-54.8698
-63.6434
-72.9307
-82.339
-91.3975
-99.5784
-106.338
-111.174
-113.699
-31.8253
-33.1145
-35.67
-39.4433
-44.3557
-50.2902
-57.0844
-64.5214
-72.3248
-80.1575
-87.6304
-94.3215
-99.8084
-103.711
-105.741
-37.1363
-38.2576
-40.4763
-43.7424
-47.9762
-53.0641
-58.8528
-65.1452
-71.6983
-78.2255
-84.4058
-89.9003
-94.3784
-97.5485
-99.1923
-41.6691
-42.6394
-44.556
-47.3698
-51.004
-55.3515
-60.2715
-65.5879
-71.0897
-76.5343
-81.6569
-86.1846
-89.856
-92.4451
-93.7842
-45.5287
-46.3645
-48.0131
-50.4279
-53.5369
-57.2415
-61.415
-65.902
-70.5207
-75.0665
-79.3209
-83.063
-86.0848
-88.209
-89.3055
-48.8083
-49.5255
-50.9386
-53.0042
-55.6565
-58.8062
-62.3408
-66.1248
-70.0021
-73.8009
-77.3405
-80.4412
-82.9366
-84.6861
-85.5877
-51.5902
-52.2037
-53.4113
-55.1734
-57.4307
-60.1038
-63.0936
-66.2827
-69.5379
-72.7151
-75.6645
-78.2396
-80.3061
-81.7517
-82.4957
-53.9463
-54.4698
-55.4991
-56.999
-58.9165
-61.1817
-63.7081
-66.3946
-69.128
-71.7873
-74.2483
-76.391
-78.1063
-79.3042
-79.92
-55.9391
-56.3848
-57.2604
-58.5347
-60.161
-62.0782
-64.2114
-66.4739
-68.7696
-70.997
-73.053
-74.8388
-76.2657
-77.2607
-77.7717
-57.6227
-58.0014
-58.745
-59.826
-61.2037
-62.8249
-64.6251
-66.5301
-68.4587
-70.3256
-72.0451
-73.5358
-74.7249
-75.553
-75.978
-59.0435
-59.3649
-59.9955
-60.9115
-62.0774
-63.4473
-64.9659
-66.5699
-68.1907
-69.7565
-71.1961
-72.442
-73.4346
-74.1251
-74.4792
-60.2413
-60.5137
-61.048
-61.8235
-62.8095
-63.9666
-65.2474
-66.5981
-67.9607
-69.2749
-70.4814
-71.5241
-72.3538
-72.9306
-73.2262
-61.25
-61.4808
-61.9332
-62.5894
-63.423
-64.4001
-65.4804
-66.6181
-67.7642
-68.8682
-69.8803
-70.7541
-71.4487
-71.9311
-72.1783
-62.0987
-62.294
-62.677
-63.2321
-63.9368
-64.7621
-65.6735
-66.6323
-67.597
-68.5252
-69.3753
-70.1084
-70.6907
-71.095
-71.302
-62.8117
-62.9771
-63.3013
-63.771
-64.3669
-65.0642
-65.8336
-66.6423
-67.4552
-68.2365
-68.9513
-69.5674
-70.0564
-70.3956
-70.5693
-63.4099
-63.5501
-63.8247
-64.2224
-64.7267
-65.3164
-65.9666
-66.6494
-67.3352
-67.9938
-68.596
-69.1146
-69.5259
-69.8112
-69.9572
-63.9108
-64.0297
-64.2626
-64.5998
-65.0271
-65.5266
-66.0769
-66.6544
-67.2341
-67.7904
-68.2986
-68.7361
-69.083
-69.3234
-69.4465
-64.3292
-64.4302
-64.6282
-64.9146
-65.2775
-65.7015
-66.1683
-66.658
-67.1492
-67.6203
-68.0505
-68.4205
-68.7138
-68.9171
-69.0211
-64.6774
-64.7636
-64.9323
-65.1764
-65.4856
-65.8466
-66.2439
-66.6605
-67.0782
-67.4785
-67.844
-68.1582
-68.4072
-68.5797
-68.6679
-64.9659
-65.0397
-65.1841
-65.3931
-65.6576
-65.9664
-66.3062
-66.6623
-67.0191
-67.3611
-67.673
-67.9412
-68.1536
-68.3007
-68.376
-65.2031
-65.2667
-65.3911
-65.5711
-65.7989
-66.0648
-66.3572
-66.6636
-66.9704
-67.2644
-67.5325
-67.7629
-67.9453
-68.0717
-68.1363
-65.3962
-65.4515
-65.5596
-65.716
-65.9139
-66.1447
-66.3986
-66.6645
-66.9307
-67.1856
-67.4181
-67.6178
-67.7759
-67.8854
-67.9414
-65.551
-65.5996
-65.6946
-65.832
-66.0059
-66.2087
-66.4317
-66.6651
-66.8988
-67.1225
-67.3265
-67.5016
-67.6403
-67.7363
-67.7854
-65.6721
-65.7154
-65.8002
-65.9228
-66.0778
-66.2587
-66.4575
-66.6655
-66.8738
-67.0731
-67.2548
-67.4108
-67.5343
-67.6198
-67.6635
-65.7631
-65.8025
-65.8795
-65.991
-66.1319
-66.2962
-66.4768
-66.6658
-66.855
-67.036
-67.2009
-67.3426
-67.4546
-67.5322
-67.5719
-65.8268
-65.8634
-65.9351
-66.0387
-66.1697
-66.3225
-66.4904
-66.666
-66.8418
-67.01
-67.1632
-67.2948
-67.3989
-67.471
-67.5078
-65.865
-65.9
-65.9684
-66.0673
-66.1924
-66.3383
-66.4985
-66.6661
-66.8339
-66.9944
-67.1406
-67.2661
-67.3654
-67.4342
-67.4693
-65.879
-65.9134
-65.9806
-66.0778
-66.2007
-66.344
-66.5015
-66.6662
-66.831
-66.9887
-67.1323
-67.2556
-67.3532
-67.4207
-67.4552
-65.8692
-65.904
-65.972
-66.0705
-66.1949
-66.34
-66.4994
-66.6662
-66.8331
-66.9927
-67.1381
-67.263
-67.3618
-67.4301
-67.4651
-65.8352
-65.8714
-65.9424
-66.045
-66.1748
-66.326
-66.4922
-66.6661
-66.8401
-67.0066
-67.1582
-67.2884
-67.3914
-67.4628
-67.4992
-65.776
-65.8148
-65.8908
-66.0007
-66.1397
-66.3017
-66.4797
-66.666
-66.8524
-67.0308
-67.1933
-67.3328
-67.4432
-67.5196
-67.5586
-65.6898
-65.7324
-65.8158
-65.9362
-66.0886
-66.2663
-66.4615
-66.6658
-66.8703
-67.0659
-67.2442
-67.3973
-67.5184
-67.6023
-67.6452
-65.5741
-65.6217
-65.7149
-65.8496
-66.0199
-66.2186
-66.437
-66.6655
-66.8942
-67.1132
-67.3127
-67.484
-67.6196
-67.7135
-67.7615
-65.4254
-65.4794
-65.5852
-65.7381
-65.9316
-66.1573
-66.4054
-66.6651
-66.925
-67.1739
-67.4007
-67.5955
-67.7497
-67.8565
-67.9111
-65.2391
-65.3012
-65.4228
-65.5986
-65.821
-66.0805
-66.3657
-66.6644
-66.9635
-67.2499
-67.511
-67.7352
-67.9128
-68.0357
-68.0986
-65.0098
-65.0818
-65.2227
-65.4266
-65.6846
-65.9857
-66.3168
-66.6635
-67.0108
-67.3434
-67.6468
-67.9074
-68.1137
-68.2566
-68.3297
-64.7304
-64.8145
-64.979
-65.2171
-65.5184
-65.8701
-66.2569
-66.6622
-67.0683
-67.4573
-67.8122
-68.1172
-68.3587
-68.526
-68.6116
-64.3927
-64.4913
-64.6843
-64.9636
-65.3172
-65.73
-66.1843
-66.6604
-67.1376
-67.595
-68.0123
-68.371
-68.6552
-68.8521
-68.9528
-63.9865
-64.1026
-64.3298
-64.6585
-65.0749
-65.5612
-66.0966
-66.6579
-67.2207
-67.7604
-68.253
-68.6767
-69.0124
-69.245
-69.364
-63.4998
-63.6367
-63.9047
-64.2926
-64.7841
-65.3583
-65.9908
-66.6543
-67.3199
-67.9584
-68.5416
-69.0433
-69.4411
-69.7167
-69.8578
-62.9181
-63.0798
-63.3964
-63.8548
-64.4358
-65.115
-65.8635
-66.6492
-67.4378
-68.1949
-68.8867
-69.4822
-69.9545
-70.2819
-70.4494
-62.2242
-62.4153
-62.7896
-63.3318
-64.0194
-64.8236
-65.7104
-66.642
-67.5778
-68.4767
-69.2987
-70.0067
-70.5684
-70.958
-71.1574
-61.3977
-61.6236
-62.0664
-62.708
-63.522
-64.4748
-65.5264
-66.6318
-67.7433
-68.8118
-69.7897
-70.6326
-71.3018
-71.7661
-72.0039
-60.4143
-60.6815
-61.2052
-61.9644
-62.9284
-64.0575
-65.3049
-66.6174
-67.9385
-69.2099
-70.3745
-71.3792
-72.1774
-72.7315
-73.0154
-59.2454
-59.5612
-60.1804
-61.0786
-62.22
-63.5582
-65.0381
-66.5972
-68.1683
-69.6821
-71.0704
-72.2692
-73.2224
-73.8845
-74.2239
-57.8574
-58.2304
-58.9621
-60.0241
-61.375
-62.9606
-64.7163
-66.5686
-68.4378
-70.2414
-71.8977
-73.3297
-74.4693
-75.2617
-75.6679
-56.2105
-56.6506
-57.5144
-58.7692
-60.367
-62.245
-64.3275
-66.5282
-68.7529
-70.9031
-72.8807
-74.593
-75.9574
-76.9069
-77.3939
-54.258
-54.7767
-55.7952
-57.2763
-59.1644
-61.3873
-63.8567
-66.4712
-69.1196
-71.6844
-74.048
-76.0978
-77.7336
-78.873
-79.4579
-51.9456
-52.5558
-53.755
-55.5007
-57.7296
-60.3585
-63.285
-66.3908
-69.5442
-72.6055
-75.4329
-77.8901
-79.8542
-81.2242
-81.9279
-49.2095
-49.9261
-51.3354
-53.3897
-56.0173
-59.1229
-62.589
-66.2774
-70.0329
-73.689
-77.0749
-80.0246
-82.3872
-84.0377
-84.8864
-45.9761
-46.8156
-48.4682
-50.8807
-53.973
-57.6373
-61.7387
-66.1172
-70.5905
-74.96
-79.0196
-82.5666
-85.4146
-87.4079
-88.4341
-42.16
-43.1407
-45.0734
-47.9
-51.5317
-55.8481
-60.6961
-65.8913
-71.22
-76.4461
-81.3202
-85.5937
-89.0353
-91.4495
-92.694
-37.6631
-38.805
-41.0582
-44.3604
-48.6152
-53.6897
-59.4126
-65.5726
-71.9208
-78.1764
-84.0377
-89.1983
-93.3692
-96.3029
-97.8179
-32.3736
-33.6979
-36.3149
-40.1595
-45.1295
-51.0814
-57.8256
-65.1232
-72.6859
-80.1806
-87.2415
-93.4898
-98.5618
-102.141
-103.993
-26.1649
-27.6936
-30.7196
-35.1775
-40.9623
-47.9231
-55.8544
-64.4898
-73.498
-82.4857
-91.0092
-98.598
-104.79
-109.178
-111.455
-18.8952
-20.65
-24.1304
-29.2742
-35.9789
-44.0911
-53.3945
-63.5975
-74.3243
-85.113
-95.4257
-104.676
-112.272
-117.681
-120.497
-10.4076
-12.4087
-16.3867
-22.2876
-30.0185
-39.4322
-50.3099
-62.3414
-75.1075
-88.0706
-100.58
-111.901
-121.271
-127.985
-131.493
-0.530963
-2.79539
-7.30817
-14.0309
-22.8898
-33.7569
-46.4244
-60.5753
-75.7538
-91.3429
-106.559
-120.48
-132.114
-140.514
-144.924
10.9173
8.37846
3.30419
-4.29128
-14.3672
-26.8319
-41.509
-58.0956
-76.115
-94.8736
-113.437
-130.648
-145.202
-155.812
-161.417
24.1275
21.312
15.6664
7.17
-4.18639
-18.3709
-35.268
-54.6211
-75.9626
-98.5393
-121.255
-142.658
-161.029
-174.583
-181.802
39.2918
36.2098
30.0074
20.6164
7.95755
-8.02674
-27.3217
-49.766
-74.9522
-102.108
-129.982
-156.774
-180.2
-197.752
-207.199
56.5949
53.2731
46.5613
36.3309
22.4099
4.61571
-17.1889
-43.0069
-72.5736
-105.179
-139.459
-173.227
-203.449
-226.549
-239.154
76.2032
72.6889
65.5573
54.607
39.5507
20.0423
-4.26977
-33.6447
-68.085
-107.085
-149.292
-192.141
-231.641
-262.631
-279.861
98.2501
94.6149
87.2033
75.7329
59.782
38.8037
12.1645
-20.7653
-60.43
-106.764
-158.677
-213.379
-265.74
-308.265
-332.531
122.819
119.161
111.666
99.9683
83.5029
61.495
32.9663
-3.20952
-48.1438
-102.567
-166.125
-236.24
-306.668
-366.577
-402.049
149.926
146.37
139.045
127.512
111.071
88.713
59.0772
20.4278
-29.2686
-92.026
-169.019
-258.882
-354.897
-441.854
-496.195
179.501
176.192
169.344
158.463
142.745
120.983
91.4459
51.7353
-1.32381
-71.5994
-162.973
-277.25
-409.413
-539.777
-628.073
211.369
208.471
202.439
192.77
178.615
158.651
130.877
92.311
38.5757
-36.5215
-141.023
-283.194
-465.174
-666.906
-821.26
245.246
242.921
238.058
230.189
218.515
201.738
177.801
143.418
93.3081
18.9751
-92.9114
-261.49
-507.214
-826.928
-1121.63
280.735
279.131
275.759
270.248
261.954
249.795
231.975
205.444
164.859
100.549
-5.43089
-186.209
-497.867
-1004.31
-1626.63
317.332
316.566
314.939
312.237
308.072
301.778
292.195
277.226
252.883
211.057
133.992
-20.0377
-353.247
-1101.21
-2563.79
354.456
354.595
354.863
355.236
355.664
356.042
356.149
355.511
353.043
346.031
326.859
270.563
79.3972
-701.824
-4516.59
391.478
392.528
394.708
398.193
403.286
410.486
420.614
435.063
456.352
489.445
545.503
654.816
921.798
1804.19
5720.94
427.766
429.671
433.641
440.026
449.439
462.892
482.07
509.857
551.456
616.904
727.155
929.565
1336.81
2202.99
3839.16
462.725
465.375
470.891
479.752
492.779
511.315
537.54
575.051
629.989
713.24
844.795
1062.05
1433.1
2067.04
3093.76
180.555
73.948
31.0433
8.75712
-4.79419
-13.8095
-20.1329
-24.7135
-28.0943
-30.6096
-32.4751
-33.8341
-34.7825
-35.3833
-35.6746
114.247
70.1057
37.7983
16.7138
2.64763
-7.11226
-14.1141
-19.2591
-23.096
-25.9738
-28.1223
-29.696
-30.7989
-31.4997
-31.8402
78.5862
58.0418
36.7573
19.7958
7.09871
-2.33001
-9.38408
-14.7121
-18.7624
-21.843
-24.1672
-25.8831
-27.0928
-27.8646
-28.2405
57.1883
46.4886
32.7123
19.9151
9.27965
0.803247
-5.8522
-11.0517
-15.1011
-18.2363
-20.6333
-22.4203
-23.6893
-24.5028
-24.9002
43.2175
37.0692
27.9856
18.5322
9.96065
2.67187
-3.33111
-8.18937
-12.0738
-15.1413
-17.5216
-19.3161
-20.6006
-21.4287
-21.8344
33.5141
29.6863
23.5141
16.5357
9.75028
3.64738
-1.60479
-6.00287
-9.61323
-12.5227
-14.8158
-16.5649
-17.8277
-18.6466
-19.0492
26.467
23.9296
19.6013
14.4044
9.06534
4.0319
-0.471543
-4.36307
-7.63882
-10.3316
-12.4869
-14.1505
-15.3621
-16.1525
-16.5425
21.1806
19.4154
16.2904
12.371
8.16764
4.04813
0.23677
-3.15066
-6.06884
-8.51303
-10.4987
-12.0492
-13.1882
-13.9356
-14.3056
17.1188
15.8443
13.5304
10.5339
7.21129
3.85012
0.650657
-2.26395
-4.82771
-7.0124
-8.81222
-10.233
-11.2854
-11.9799
-12.3249
13.9413
12.994
11.2438
8.92277
6.28129
3.53959
0.866674
-1.62076
-3.84956
-5.77866
-7.3884
-8.67219
-9.63041
-10.2663
-10.5832
11.4207
10.7005
9.35297
7.53364
5.42054
3.18108
0.953824
-1.15708
-3.07933
-4.76637
-6.19052
-7.33694
-8.19875
-8.77352
-9.06083
9.39971
8.8422
7.78921
6.34809
4.64721
2.81392
0.960113
-0.824359
-2.47228
-3.93636
-5.18515
-6.19891
-6.96597
-7.4799
-7.73751
7.7653
7.32743
6.49454
5.34257
3.96555
2.46085
0.918194
-0.586419
-1.99276
-3.25564
-4.34272
-5.23185
-5.90856
-6.36386
-6.59265
6.43454
6.08657
5.42109
4.49303
3.37234
2.13398
0.849801
-0.41669
-1.61276
-2.69682
-3.63749
-4.41201
-5.00457
-5.40474
-5.60629
5.34505
5.06587
4.52966
3.777
2.86066
1.83882
0.76907
-0.295843
-1.31045
-2.23743
-3.04743
-3.71827
-4.23389
-4.58326
-4.75957
4.44913
4.22337
3.7883
3.17441
2.42207
1.57682
0.684937
-0.209918
-1.06891
-1.85914
-2.55384
-3.13213
-3.57841
-3.88169
-4.03501
3.70973
3.52597
3.1709
2.66778
2.04788
1.34711
0.602827
-0.148884
-0.875077
-1.54707
-2.14094
-2.63748
-3.02203
-3.28403
-3.41669
3.09772
2.94734
2.65614
2.2421
1.72971
1.14754
0.525839
-0.105562
-0.718826
-1.28918
-1.79549
-2.22046
-2.55058
-2.776
-2.8903
2.58997
2.46634
2.22652
1.88459
1.45991
0.975364
0.455555
-0.0748279
-0.592333
-1.07569
-1.50643
-1.86916
-2.15169
-2.34499
-2.44311
2.16791
2.06589
1.86768
1.58444
1.2316
0.827617
0.392588
-0.0530332
-0.489515
-0.898688
-1.26452
-1.57346
-1.81464
-1.97993
-2.06392
1.81659
1.7321
1.56778
1.33252
1.03873
0.701383
0.336953
-0.0375819
-0.405634
-0.751728
-1.06203
-1.32472
-1.5302
-1.67122
-1.74294
1.52383
1.45366
1.31706
1.12117
0.876056
0.593916
0.288315
-0.02663
-0.336979
-0.62958
-0.892552
-1.11563
-1.29043
-1.41054
-1.47167
1.27971
1.22128
1.10742
0.943947
0.73904
0.502707
0.24615
-0.0188684
-0.280629
-0.527971
-0.750721
-0.940018
-1.08855
-1.19073
-1.24277
1.0761
1.02731
0.932177
0.795442
0.623806
0.425513
0.209848
-0.0133685
-0.234276
-0.44341
-0.632079
-0.792655
-0.918809
-1.00567
-1.04993
0.906314
0.865463
0.785771
0.671126
0.527049
0.360358
0.178779
-0.00947142
-0.196085
-0.373037
-0.532908
-0.66915
-0.7763
-0.850133
-0.887776
0.764841
0.73054
0.663594
0.567212
0.445966
0.305522
0.152331
-0.0067103
-0.164592
-0.314504
-0.450116
-0.565811
-0.656883
-0.71968
-0.751709
0.647146
0.618246
0.56182
0.480532
0.378188
0.259521
0.129938
-0.00475412
-0.138624
-0.265885
-0.381128
-0.479539
-0.557066
-0.610552
-0.637843
0.549483
0.525033
0.477279
0.408447
0.321726
0.221086
0.111085
-0.00336829
-0.117239
-0.225595
-0.323808
-0.407744
-0.47391
-0.519582
-0.542892
0.468768
0.447973
0.407347
0.348764
0.27491
0.189141
0.0953176
-0.00238659
-0.0996782
-0.192335
-0.276385
-0.348266
-0.404961
-0.444111
-0.464098
0.402468
0.384661
0.349864
0.299667
0.236352
0.162778
0.0822399
-0.00169125
-0.08533
-0.165042
-0.237398
-0.299314
-0.348173
-0.381925
-0.399159
0.348513
0.333127
0.303056
0.259663
0.204906
0.141244
0.0715138
-0.00119885
-0.0737042
-0.142848
-0.205647
-0.259412
-0.301858
-0.331187
-0.346167
0.305223
0.291774
0.265484
0.227537
0.179634
0.123915
0.0628554
-0.000850296
-0.064409
-0.125053
-0.180159
-0.227359
-0.264634
-0.290398
-0.303559
0.271257
0.259324
0.235995
0.202312
0.15978
0.110289
0.0560313
-0.000603777
-0.0571344
-0.111097
-0.160153
-0.202186
-0.235391
-0.258347
-0.270075
0.245564
0.234777
0.213684
0.183224
0.144751
0.0999687
0.0508553
-0.000429707
-0.0516404
-0.100544
-0.145016
-0.183134
-0.213254
-0.234081
-0.244723
0.227351
0.217375
0.197867
0.169692
0.134096
0.0926517
0.0471852
-0.000307198
-0.0477464
-0.0930628
-0.134286
-0.169627
-0.19756
-0.216878
-0.22675
0.216056
0.206585
0.188062
0.161306
0.127497
0.0881243
0.0449199
-0.000221548
-0.0453247
-0.0884208
-0.127634
-0.161259
-0.187841
-0.206226
-0.215622
0.21133
0.202073
0.183968
0.157812
0.124756
0.0862549
0.0439981
-0.00016248
-0.0442949
-0.0864724
-0.124857
-0.157778
-0.183805
-0.20181
-0.211012
0.213025
0.2037
0.185458
0.159104
0.125794
0.0869908
0.0443969
-0.000122907
-0.0446214
-0.0871553
-0.12587
-0.159078
-0.185335
-0.203501
-0.212785
0.221191
0.211512
0.192578
0.165221
0.130642
0.0903572
0.0461318
-9.80812e-05
-0.046311
-0.0904885
-0.130703
-0.165201
-0.19248
-0.211353
-0.220999
0.236074
0.225746
0.205542
0.17635
0.13945
0.0964579
0.0492578
-8.50232e-05
-0.0494132
-0.0965717
-0.139502
-0.176333
-0.205457
-0.225608
-0.235908
0.258125
0.246833
0.224745
0.192829
0.152485
0.105479
0.0538709
-8.21678e-05
-0.0540211
-0.105589
-0.152536
-0.192812
-0.224663
-0.2467
-0.257964
0.288013
0.275415
0.250769
0.215159
0.170143
0.117695
0.0601115
-8.91737e-05
-0.0602744
-0.117815
-0.170198
-0.21514
-0.25068
-0.27527
-0.287839
0.326647
0.312358
0.284405
0.244016
0.192961
0.133477
0.0681684
-0.000106884
-0.0683636
-0.13362
-0.193027
-0.243994
-0.284299
-0.312185
-0.326438
0.375201
0.358786
0.326675
0.280279
0.221631
0.153302
0.0782847
-0.000137425
-0.0785358
-0.153486
-0.221716
-0.28025
-0.326538
-0.358563
-0.374932
0.435152
0.41611
0.378863
0.325046
0.257021
0.17777
0.0907652
-0.000184467
-0.0911022
-0.178017
-0.257135
-0.325008
-0.378679
-0.415812
-0.434791
0.508322
0.486074
0.442556
0.379679
0.300205
0.207621
0.105985
-0.000253657
-0.106448
-0.20796
-0.300362
-0.379626
-0.442302
-0.485664
-0.507826
0.59694
0.570806
0.519688
0.445835
0.352491
0.243757
0.124399
-0.000353305
-0.125045
-0.244229
-0.35271
-0.445761
-0.519335
-0.570234
-0.596249
0.703703
0.672885
0.612607
0.525523
0.415464
0.287268
0.14656
-0.000495377
-0.147465
-0.287931
-0.415771
-0.525419
-0.612111
-0.672083
-0.702734
0.831864
0.795419
0.724138
0.621163
0.491031
0.339467
0.173127
-0.000696932
-0.1744
-0.3404
-0.491462
-0.621017
-0.723441
-0.794291
-0.8305
0.98533
0.942141
0.857674
0.735659
0.581479
0.401925
0.204891
-0.000982172
-0.206685
-0.40324
-0.582086
-0.735454
-0.856692
-0.940552
-0.983408
1.16878
1.11753
1.01728
0.872489
0.689545
0.476522
0.242792
-0.00138535
-0.245323
-0.478375
-0.690402
-0.872199
-1.0159
-1.11528
-1.16607
1.38783
1.32692
1.20782
1.03581
0.818498
0.565495
0.287947
-0.00195487
-0.291518
-0.568111
-0.819706
-1.0354
-1.20587
-1.32376
-1.384
1.64916
1.57673
1.4351
1.23058
0.972234
0.671511
0.341679
-0.00275912
-0.34672
-0.675203
-0.97394
-1.23
-1.43235
-1.57227
-1.64376
1.96078
1.87459
1.70606
1.46272
1.1554
0.797738
0.405553
-0.00389467
-0.412669
-0.80295
-1.1578
-1.4619
-1.70217
-1.86829
-1.95316
2.33225
2.22962
2.02897
1.73928
1.37351
0.947937
0.481414
-0.00549785
-0.491459
-0.955295
-1.37691
-1.73813
-2.02347
-2.22072
-2.32149
2.77498
2.65271
2.41369
2.06868
1.63315
1.12657
0.571431
-0.00776117
-0.585612
-1.13696
-1.63795
-2.06705
-2.40593
-2.64015
-2.7598
3.30261
3.15687
2.87201
2.46092
1.94213
1.33892
0.67815
-0.0109564
-0.698168
-1.35358
-1.94891
-2.45863
-2.86105
-3.13914
-3.28117
3.93143
3.75763
3.41798
2.92794
2.30974
1.59123
0.804545
-0.0154671
-0.832805
-1.61193
-2.3193
-2.9247
-3.40251
-3.73261
-3.90117
4.68094
4.47356
4.06836
3.48394
2.74699
1.89089
0.954077
-0.0218348
-0.993972
-1.92011
-2.76049
-3.47938
-4.04653
-4.43823
-4.63822
5.57444
5.32685
4.84319
4.14587
3.26697
2.24659
1.13076
-0.030824
-1.18708
-2.28785
-3.28603
-4.13943
-4.81236
-5.27697
-5.51413
6.63985
6.34405
5.76637
4.93386
3.8852
2.66858
1.3392
-0.0435137
-1.4187
-2.72682
-3.9121
-4.92477
-5.72286
-6.27364
-6.55472
7.91066
7.55699
6.8665
5.87195
4.62005
3.16886
1.58467
-0.0614272
-1.6969
-3.25108
-4.65803
-5.85912
-6.80507
-7.45758
-7.79047
9.42705
9.00379
8.17776
6.98873
5.49328
3.7615
1.87312
-0.0867144
-2.03156
-3.87756
-5.5469
-6.97062
-8.09105
-8.86345
-9.25737
11.2373
10.7302
9.74108
8.31828
6.53059
4.46288
2.21118
-0.122409
-2.43485
-4.62673
-6.6063
-8.29273
-9.61867
-10.5321
-10.9978
13.3997
12.7914
11.6055
9.90119
7.76235
5.292
2.60611
-0.172795
-2.92184
-5.52331
-7.86925
-9.86515
-11.4327
-12.5117
-13.0615
15.9845
15.2537
13.8298
11.7858
9.22431
6.27077
3.06562
-0.243913
-3.51132
-6.59733
-9.37525
-11.735
-13.5859
-14.8588
-15.507
19.0768
18.1972
16.4848
14.0298
10.9585
7.42426
3.59762
-0.344289
-4.22675
-7.88527
-11.1716
-13.9581
-16.1405
-17.6397
-18.4026
22.7798
21.7188
19.6555
16.7017
13.014
8.78081
4.20964
-0.485947
-5.09767
-9.43164
-13.3151
-16.6007
-19.1695
-20.9318
-21.8279
27.2196
25.9366
23.4443
19.8833
15.4483
10.372
4.90805
-0.685842
-6.16146
-11.2908
-15.8736
-19.741
-22.7585
-24.8254
-25.8754
32.5502
30.994
27.9753
23.6718
18.3278
12.2325
5.69667
-0.967873
-7.46566
-13.5296
-18.9287
-23.4716
-27.0074
-29.4252
-30.652
38.9613
37.0669
33.3984
28.1827
21.729
14.3987
6.57467
-1.3657
-9.0711
-16.2301
-22.5784
-27.9014
-32.0327
-34.8518
-36.2805
46.6879
44.3717
39.8958
33.5532
25.7389
16.9078
7.53342
-1.9267
-11.0559
-19.4934
-26.9401
-33.1587
-37.9692
-41.2438
-42.9009
56.0227
53.1762
47.6894
39.9456
30.4548
19.7941
8.55169
-2.71746
-13.5211
-23.4448
-32.1546
-39.3936
-44.9721
-48.7589
-50.672
67.3341
63.814
57.0501
47.5511
35.9831
23.0843
9.58848
-3.83146
-16.5974
-28.2389
-38.3905
-46.7813
-53.2191
-57.5751
-59.7714
81.0899
76.7041
68.3099
56.5933
42.4355
26.7889
10.5726
-5.3996
-20.4546
-34.0674
-45.8491
-55.5253
-62.9115
-67.8908
-70.3958
97.891
92.3775
81.8767
67.3306
49.9214
30.8891
11.387
-7.60466
-25.3132
-41.1674
-54.7697
-65.8592
-74.2751
-79.9246
-82.7596
118.52
111.514
98.2525
80.0559
58.5344
35.3153
11.8471
-10.7008
-31.4595
-49.8311
-65.435
-78.0497
-87.5594
-93.9128
-97.0916
144.015
134.994
118.055
95.09
68.3262
39.9143
11.668
-15.0393
-39.2633
-60.4166
-78.1761
-92.3959
-103.035
-110.105
-113.631
175.774
163.973
142.041
112.762
79.2622
44.3982
10.4201
-21.1023
-49.1996
-73.3586
-93.375
-109.228
-120.99
-128.758
-132.618
215.727
199.986
171.13
133.364
91.1455
48.2666
7.46676
-29.5439
-61.8705
-89.1773
-111.465
-128.902
-141.717
-150.125
-154.286
266.611
245.104
206.407
157.056
103.487
50.6912
1.88204
-41.2381
-78.0271
-108.482
-132.922
-151.785
-165.504
-174.439
-178.842
332.428
302.16
249.083
183.677
115.292
50.3467
-7.65341
-57.3286
-98.5826
-131.962
-158.251
-178.24
-192.614
-201.901
-206.456
419.265
375.055
300.319
212.365
124.709
45.1788
-22.9701
-79.2669
-124.606
-160.367
-187.955
-208.593
-223.255
-232.648
-237.231
536.8
469.147
360.733
240.844
128.483
32.107
-46.5173
-108.815
-157.28
-194.446
-222.483
-243.097
-257.554
-266.733
-271.19
701.315
591.544
429.115
264.095
121.157
6.70734
-81.4025
-147.968
-197.8
-234.865
-262.166
-281.877
-295.516
-304.098
-308.242
942.057
750.508
499.293
272.011
94.0454
-36.9836
-131.249
-198.74
-247.185
-282.063
-307.119
-324.872
-336.989
-344.543
-348.171
1315.82
950.903
552.851
245.678
34.3389
-106.204
-199.688
-262.739
-305.991
-336.08
-357.143
-371.78
-381.631
-387.713
-390.618
1942.98
1174.31
543.295
152.793
-74.5315
-208.105
-289.261
-340.484
-373.938
-396.364
-411.627
-422.01
-428.888
-433.088
-435.082
3103.94
1302.11
366.717
-53.4094
-248.507
-346.406
-399.619
-430.568
-449.541
-461.622
-469.5
-474.672
-478.002
-479.994
-480.928
5516.17
828.202
-167.685
-415.882
-489.979
-515.739
-525.435
-528.969
-529.928
-529.797
-529.25
-528.611
-528.045
-527.634
-527.42
499.15
502.451
509.306
520.259
536.235
558.7
589.926
633.442
694.739
782.301
908.72
1090.28
1338.19
1617.41
1694.51
535.575
539.334
547.104
559.415
577.144
601.617
634.771
679.348
739.097
818.764
923.295
1054.7
1203.3
1328.99
1341.13
568.23
572.197
580.351
593.143
611.295
635.842
668.179
710.07
763.523
830.348
910.972
1001.91
1091.3
1154.08
1155.9
596.907
600.865
608.948
621.499
639.038
662.263
692.021
729.214
774.563
828.113
888.321
950.637
1005.9
1040.1
1039.28
621.616
625.395
633.067
644.855
661.082
682.137
708.415
740.19
777.388
819.203
863.544
906.405
941.523
961.141
958.927
642.534
646.021
653.057
663.762
678.286
696.775
719.297
745.73
775.583
807.751
840.228
869.9
892.632
903.992
900.788
659.955
663.086
669.368
678.836
691.511
707.365
726.255
747.838
771.452
795.974
819.701
840.32
855.1
861.394
857.438
674.234
676.987
682.482
690.691
701.546
714.904
730.504
747.902
766.4
784.981
802.268
816.566
826.04
829.033
824.493
685.748
688.133
692.87
699.89
709.065
720.189
732.941
746.85
761.252
775.269
787.808
797.623
803.446
804.191
799.188
694.866
696.914
700.965
706.921
714.623
723.833
734.209
745.29
756.475
767.02
776.06
782.66
785.917
785.085
779.711
701.924
703.681
707.141
712.194
718.663
726.298
734.76
743.613
752.325
760.265
766.738
771.028
772.464
770.51
764.84
707.212
708.732
711.713
716.039
721.526
727.924
734.906
742.068
748.933
754.964
759.589
762.236
762.389
759.64
753.74
710.969
712.308
714.929
718.709
723.467
728.955
734.86
740.806
746.363
751.059
754.405
755.928
755.206
751.911
745.84
713.373
714.592
716.972
720.39
724.666
729.556
734.76
739.922
744.642
748.491
751.033
751.853
750.585
746.948
740.764
714.544
715.704
717.963
721.201
725.237
729.832
734.691
739.469
743.78
747.218
749.372
749.853
748.324
744.521
738.281
1284.72
1174.04
1084.23
896.171
799.366
660.127
559.531
347.492
486.998
527.626
547.805
557.029
572.176
583.208
613.085
591.541
490.769
441.825
374.199
337.583
283.653
242.364
152.777
212.975
230.384
239.079
242.945
249.578
254.424
268.062
258.462
213.699
191.524
160.395
143.366
118.241
99.7967
61.546
83.1292
88.1335
88.0418
87.0939
85.3208
84.1805
83.8547
78.1129
59.9529
50.6777
37.7452
30.7122
20.8967
15.1103
6.36382
4.47615
1.65522
-4.39092
-8.66741
-16.0641
-21.1115
-30.098
-33.2705
-34.0292
-34.7161
-34.8968
-34.9523
-33.6926
-31.7078
-24.1384
-32.4197
-35.2341
-35.7674
-35.3523
-31.5788
-28.2269
-18.2343
-9.76663
12.8778
26.7168
57.656
75.9194
119.465
116.223
75.5914
269.977
204.113
-159.028
-449.783
-991.775
-2471.36
-7243.1
1210.54
1106.34
1008.41
895.587
797.679
699.905
614.239
536.25
539.709
548.659
555.033
558.407
561.179
561.212
557.194
532.598
484.577
439.282
392.683
352.429
312.148
276.037
242.642
243.7
246.857
248.834
249.496
249.953
249.259
246.856
235.23
213.113
192.008
170.101
150.981
131.787
114.592
98.4808
96.1295
94.6074
92.2549
89.3668
86.0191
82.337
77.802
70.66
60.1629
50.3971
40.4859
31.8886
23.506
16.2107
9.21682
3.89063
-1.27158
-7.0589
-12.8469
-19.2119
-25.2986
-31.5758
-36.197
-39.5134
-42.2
-44.4294
-46.3097
-47.6924
-48.7361
-49.5896
-53.7545
-57.6105
-60.6621
-62.8872
-63.876
-63.9902
-62.1735
-59.3811
-53.9227
-49.7099
-44.6017
-44.4712
-48.4609
-71.7157
-111.656
-147.09
-291.36
-581.325
-987.565
-1625.18
-2673.37
-4151.62
1099.13
1029.6
954.03
873.517
795.796
722.245
657.888
607.723
584.509
573.402
566.581
560.649
554.126
545.051
530.938
507.388
474.465
438.617
402.037
367.314
334.643
305.803
282.896
271.407
265.035
260.489
256.348
251.993
246.562
238.938
227.113
211.077
193.652
175.802
158.711
142.46
127.832
115.606
107.941
102.283
97.2454
92.3078
87.2056
81.7283
75.5102
68.0449
59.3258
50.3317
41.3398
32.7603
24.5537
16.8806
9.67149
3.0721
-3.29508
-9.72265
-16.1926
-22.757
-29.2085
-35.4351
-40.9998
-45.902
-50.3402
-54.4627
-58.382
-62.1794
-66.0372
-70.2719
-75.5334
-81.1451
-86.7469
-92.2027
-97.4334
-102.535
-107.52
-112.837
-118.932
-127.429
-139.696
-158.933
-188.65
-235.633
-305.398
-407.436
-577.037
-836.187
-1192.16
-1667.37
-2256.08
-2815.86
1007.67
961.55
906.754
847.415
787.904
731.337
681.097
640.381
611.872
591.972
576.845
563.743
550.748
536.144
518.274
495.677
468.567
439.007
408.72
379.25
351.622
327.031
306.712
291.752
280.586
271.568
263.514
255.588
247.028
237.08
225.065
211.048
195.916
180.419
165.234
150.802
137.62
126.17
116.868
109.07
102.098
95.4918
88.9385
82.1925
75.0207
67.2414
58.8904
50.2683
41.6049
33.0994
24.8371
16.8864
9.25157
1.92249
-5.22834
-12.3222
-19.399
-26.4618
-33.4393
-40.2447
-46.7539
-52.9566
-58.9329
-64.7867
-70.6283
-76.5779
-82.7945
-89.4748
-96.8072
-104.694
-113.042
-121.842
-131.177
-141.249
-152.387
-165.175
-180.484
-199.724
-224.754
-258.308
-303.978
-366.746
-452.67
-570.497
-733.764
-951.624
-1225.05
-1546.09
-1880.45
-2142.52
938.074
905.976
866.007
821.555
775.764
731.314
690.587
655.458
626.835
603.668
584.189
566.683
549.687
531.941
512.416
490.466
466.198
440.448
414.228
388.535
364.231
342.109
322.815
306.635
293.051
281.263
270.5
260.104
249.498
238.204
225.908
212.63
198.715
184.59
170.682
157.349
144.919
133.647
123.636
114.672
106.429
98.6058
90.9545
83.2757
75.4116
67.267
58.8505
50.2698
41.6473
33.0926
24.6763
16.441
8.39506
0.519714
-7.24028
-14.9432
-22.6225
-30.2864
-37.9152
-45.478
-52.9467
-60.3348
-67.6997
-75.1264
-82.7174
-90.5908
-98.8826
-107.738
-117.282
-127.578
-138.684
-150.713
-163.859
-178.43
-194.881
-213.882
-236.378
-263.684
-297.539
-340.237
-394.688
-464.516
-554.002
-668.124
-811.878
-987.051
-1189.35
-1405.64
-1608.91
-1756.48
885.351
861.725
831.704
797.612
761.686
725.923
692.008
661.162
633.939
610.049
588.689
568.889
549.702
530.302
510.049
488.592
465.966
442.569
418.978
395.825
373.701
353.118
334.439
317.782
302.934
289.485
276.966
264.925
252.966
240.776
228.17
215.135
201.82
188.457
175.305
162.603
150.558
139.311
128.902
119.242
110.162
101.477
93.0159
84.6314
76.2117
67.6895
59.0524
50.3362
41.5969
32.8907
24.2593
15.7267
7.29666
-1.04561
-9.33107
-17.5948
-25.8649
-34.1586
-42.4834
-50.844
-59.2531
-67.7441
-76.3755
-85.2276
-94.3981
-104
-114.158
-125.007
-136.676
-149.292
-162.996
-177.976
-194.491
-212.902
-233.702
-257.558
-285.348
-318.213
-357.59
-405.242
-463.255
-533.98
-619.86
-723.077
-844.749
-983.417
-1133.49
-1283.93
-1417.57
-1513.24
845.029
826.67
803.251
776.301
747.364
717.866
689.003
661.644
636.239
612.783
590.942
570.207
550.024
529.89
509.417
488.4
466.847
444.968
423.099
401.633
380.955
361.388
343.156
326.327
310.807
296.373
282.745
269.633
256.771
243.954
231.056
218.049
204.998
192.026
179.284
166.918
155.054
143.773
133.097
122.98
113.331
104.033
94.9716
86.0429
77.1645
68.2823
59.373
50.4404
41.5035
32.5853
23.7041
14.8685
6.07556
-2.68927
-11.4498
-20.2342
-29.0702
-37.9832
-46.997
-56.1377
-65.439
-74.9488
-84.7315
-94.8684
-105.456
-116.605
-128.439
-141.092
-154.707
-169.439
-185.472
-203.027
-222.392
-243.933
-268.125
-295.567
-327.009
-363.367
-405.727
-455.329
-513.517
-581.621
-660.753
-751.455
-853.143
-963.361
-1077.09
-1186.41
-1280.92
-1349.63
813.884
798.889
779.875
757.841
733.844
708.886
683.825
659.31
635.725
613.188
591.601
570.728
550.276
529.962
509.569
488.979
468.2
447.352
426.641
406.311
386.608
367.741
349.852
332.992
317.117
302.105
287.788
273.983
260.517
247.253
234.102
221.033
208.069
195.271
182.725
170.515
158.714
147.369
136.491
126.052
115.998
106.254
96.7414
87.3868
78.1279
68.9189
59.7321
50.5555
41.3876
32.231
23.0872
13.9528
4.81767
-4.33561
-13.5308
-22.7959
-32.1616
-41.6598
-51.3253
-61.1972
-71.3223
-81.7582
-92.5755
-103.858
-115.704
-128.223
-141.54
-155.79
-171.125
-187.715
-205.753
-225.473
-247.157
-271.148
-297.867
-327.816
-361.591
-399.878
-443.433
-493.053
-549.498
-613.38
-684.983
-764.01
-849.254
-938.248
-1027.03
-1110.19
-1181.41
-1234.63
789.687
776.886
760.836
742.2
721.701
700.045
677.857
655.631
633.697
612.222
591.228
570.639
550.325
530.149
510.003
489.832
469.651
449.541
429.634
410.087
391.059
372.689
355.07
338.242
322.188
306.84
292.098
277.847
263.977
250.394
237.036
223.871
210.903
198.161
185.687
173.528
161.723
150.298
139.256
128.576
118.223
108.146
98.2889
88.5979
79.0242
69.5284
60.0811
50.6626
41.2597
31.8624
22.4607
13.042
3.58967
-5.91806
-15.5076
-25.2098
-35.0588
-45.0927
-55.3537
-65.8895
-76.7554
-88.0162
-99.7471
-112.035
-124.979
-138.691
-153.294
-168.925
-185.738
-203.902
-223.611
-245.09
-268.597
-294.436
-322.956
-354.555
-389.678
-428.801
-472.407
-520.947
-574.768
-634.018
-698.521
-767.611
-839.96
-913.437
-985.066
-1051.18
-1107.82
-1151.46
770.901
759.551
745.513
729.233
711.215
691.963
671.939
651.524
631.005
610.558
590.268
570.151
550.174
530.293
510.471
490.698
471
451.44
432.109
413.116
394.567
376.556
359.15
342.382
326.246
310.706
295.704
281.168
267.027
253.218
239.694
226.43
213.418
200.668
188.199
176.034
164.192
152.682
141.502
130.636
120.056
109.725
99.6024
89.6449
79.8132
70.0724
60.3932
50.7518
41.128
31.5042
21.8625
12.1836
2.44506
-7.37913
-17.319
-27.4088
-37.6868
-48.1957
-58.9834
-70.1036
-81.6176
-93.5948
-106.114
-119.265
-133.148
-147.873
-163.565
-180.358
-198.402
-217.862
-238.921
-261.785
-286.68
-313.862
-343.609
-376.22
-412.004
-451.266
-494.277
-541.237
-592.217
-647.092
-705.453
-766.515
-829.039
-891.282
-951.041
-1005.79
-1052.97
-1090.39
756.463
746.077
733.407
718.762
702.499
684.987
666.574
647.565
628.202
608.662
589.059
569.456
549.883
530.35
510.867
491.454
472.149
453.008
434.1
415.505
397.301
379.555
362.316
345.612
329.447
313.802
298.642
283.925
269.603
255.634
241.984
228.629
215.56
202.775
190.28
178.081
166.186
154.595
143.301
132.289
121.535
111.011
100.682
90.5152
80.4758
70.5322
60.6555
50.8196
41.0006
31.1757
21.3219
11.4147
1.42738
-8.67011
-18.9113
-29.3337
-39.9791
-50.8944
-62.1314
-73.7483
-85.8102
-98.3901
-111.57
-125.44
-140.101
-155.663
-172.249
-189.988
-209.026
-229.518
-251.632
-275.551
-301.47
-329.594
-360.137
-393.313
-429.321
-468.331
-510.46
-555.736
-604.057
-655.145
-708.491
-763.313
-818.517
-872.704
-924.224
-971.293
-1012.18
-1045.45
745.631
735.882
724.135
710.612
695.575
679.301
662.063
644.109
625.649
606.853
587.845
568.717
549.531
530.332
511.16
492.055
473.063
454.238
435.641
417.334
399.377
381.824
364.713
348.069
331.901
316.2
300.947
286.116
271.675
257.595
243.851
230.422
217.297
204.47
191.936
179.696
167.748
156.086
144.699
133.574
122.689
112.018
101.534
91.2064
81.005
70.9
60.8631
50.8671
40.8857
30.8929
20.862
10.7651
0.571837
-9.75076
-20.2393
-30.9341
-41.88
-53.1268
-64.7295
-76.7494
-89.2544
-102.32
-116.029
-130.473
-145.753
-161.979
-179.268
-197.748
-217.555
-238.836
-261.744
-286.437
-313.081
-341.841
-372.874
-406.326
-442.312
-480.905
-522.111
-565.848
-611.911
-659.942
-709.404
-759.558
-809.456
-857.963
-903.812
-945.692
-982.372
-1012.84
737.893
728.555
717.413
704.635
690.423
674.997
658.577
641.375
623.577
605.342
586.802
568.058
549.194
530.274
511.356
492.492
473.736
455.142
436.764
418.658
400.874
383.457
366.439
349.845
333.684
317.956
302.649
287.748
273.231
259.077
245.266
231.782
218.611
205.744
193.175
180.896
168.902
157.183
145.727
134.518
123.538
112.762
102.165
91.7203
81.3995
71.1741
61.0162
50.8978
40.7914
30.6687
20.501
10.2577
-0.0938557
-10.5891
-21.2668
-32.1697
-43.3447
-54.8438
-66.7242
-79.0494
-91.8891
-105.32
-119.427
-134.301
-150.043
-166.76
-184.569
-203.593
-223.962
-245.811
-269.281
-294.513
-321.646
-350.812
-382.128
-415.688
-451.547
-489.712
-530.117
-572.61
-616.927
-662.676
-709.319
-756.169
-802.394
-847.048
-889.113
-927.573
-961.498
-990.133
732.909
723.814
713.038
700.715
687.012
672.115
656.213
639.493
622.128
604.268
586.046
567.57
548.933
530.211
511.471
492.774
474.176
455.733
437.497
419.519
401.845
384.515
367.559
350.999
334.847
319.106
303.771
288.83
274.268
260.069
246.216
232.694
219.491
206.596
193.999
181.691
169.663
157.905
146.402
135.139
124.096
113.252
102.582
92.0604
81.6608
71.3555
61.1164
50.9155
40.7243
30.5135
20.2527
9.90991
-0.549058
-11.1612
-21.9669
-33.0102
-44.3397
-56.0086
-68.0758
-80.6059
-93.6697
-107.345
-121.717
-136.877
-152.925
-169.969
-188.12
-207.501
-228.234
-250.451
-274.28
-299.849
-327.281
-356.685
-388.15
-421.736
-457.462
-495.29
-535.115
-576.743
-619.881
-664.12
-708.934
-753.675
-797.593
-839.857
-879.601
-915.981
-948.236
-975.754
730.466
721.486
710.882
698.775
685.315
670.671
655.02
638.536
621.384
603.712
585.651
567.312
548.792
530.172
511.524
492.911
474.393
456.024
437.858
419.943
402.323
385.035
368.109
351.567
335.421
319.676
304.328
289.369
274.786
260.565
246.692
233.152
219.932
207.022
194.41
182.087
170.042
158.264
146.737
135.447
124.373
113.495
102.789
92.2296
81.7909
71.4456
61.1659
50.9235
40.6895
30.434
20.1262
9.73315
-0.780076
-11.4512
-22.3214
-33.4355
-44.8427
-56.5971
-68.7581
-81.391
-94.5672
-108.365
-122.869
-138.172
-154.373
-171.578
-189.9
-209.457
-230.371
-252.767
-276.77
-302.502
-330.075
-359.588
-391.116
-424.702
-460.346
-497.993
-537.514
-578.701
-621.245
-664.735
-708.65
-752.366
-795.17
-836.29
-874.931
-910.327
-941.792
-968.78
-7169.45
-2513.44
-1326.68
-947.592
-792.521
-714.273
-668.539
-639.173
-619.184
-605.105
-595.042
-587.887
-582.971
-579.886
-578.397
-4129.85
-2689.6
-1783.35
-1303.62
-1045.74
-898.339
-808.28
-750.015
-710.641
-683.242
-663.903
-650.31
-641.057
-635.288
-632.516
-2841.25
-2331.74
-1813.51
-1437.78
-1188.47
-1025.06
-916.223
-841.963
-790.118
-753.314
-727.016
-708.391
-695.653
-687.692
-683.86
-2181.85
-1982.59
-1701.14
-1445.52
-1245.31
-1097.19
-989.584
-911.491
-854.551
-812.876
-782.453
-760.582
-745.47
-735.962
-731.369
-1796.76
-1715.63
-1562.95
-1397.82
-1250.06
-1128.82
-1033.42
-959.863
-903.712
-861.182
-829.334
-806.009
-789.678
-779.313
-774.281
-1550.87
-1520.19
-1437.18
-1332.76
-1228.27
-1134.58
-1055.42
-990.82
-939.249
-898.801
-867.689
-844.438
-827.918
-817.328
-812.156
-1384.09
-1377.08
-1332.84
-1267.74
-1195.7
-1125.81
-1062.86
-1008.74
-963.659
-927.08
-898.18
-876.13
-860.224
-849.919
-844.857
-1266.26
-1271.2
-1249.34
-1209.65
-1160.96
-1110.09
-1061.48
-1017.6
-979.565
-947.677
-921.814
-901.676
-886.924
-877.265
-872.49
-1180.79
-1192.12
-1183.67
-1160.55
-1128.4
-1092.11
-1055.37
-1020.61
-989.317
-962.243
-939.721
-921.83
-908.526
-899.723
-895.344
-1117.93
-1132.82
-1132.65
-1120.48
-1099.96
-1074.58
-1047.25
-1020.17
-994.841
-972.251
-952.992
-937.393
-925.622
-917.753
-913.815
-1071.63
-1088.56
-1093.64
-1088.76
-1076.37
-1058.99
-1038.9
-1017.96
-997.622
-978.926
-962.598
-949.123
-938.81
-931.848
-928.344
-1038.02
-1056.15
-1064.58
-1064.55
-1057.78
-1046.11
-1031.38
-1015.15
-998.754
-983.226
-969.347
-957.687
-948.643
-942.481
-939.363
-1014.61
-1033.43
-1043.97
-1047.09
-1044.05
-1036.31
-1025.34
-1012.5
-999.015
-985.873
-973.874
-963.629
-955.589
-950.067
-947.259
-999.78
-1018.99
-1030.76
-1035.78
-1035.03
-1029.73
-1021.15
-1010.51
-998.926
-987.372
-976.64
-967.362
-960.013
-954.934
-952.342
-992.59
-1011.97
-1024.32
-1030.22
-1030.57
-1026.44
-1019.01
-1009.44
-998.806
-988.044
-977.95
-969.159
-962.162
-957.31
-954.828
)
;

boundaryField
{
    hot
    {
        type            calculated;
        value           nonuniform List<scalar> 
120
(
532.318
530.322
526.278
520.085
511.601
500.656
487.067
470.66
451.303
428.936
403.606
375.502
344.97
312.523
278.817
247.459
219.106
191.35
164.594
139.176
115.362
93.334
73.1961
54.9816
38.6639
24.1699
11.3929
0.204219
-9.53665
-17.9741
-25.2505
-31.5016
-36.8544
-41.425
-45.3183
-48.6276
-51.4355
-53.8143
-55.8267
-57.5272
-58.9624
-60.1725
-61.1918
-62.0493
-62.7699
-63.3745
-63.8807
-64.3036
-64.6556
-64.9472
-65.187
-65.3823
-65.5387
-65.6611
-65.7531
-65.8175
-65.8562
-65.8703
-65.8604
-65.826
-65.7662
-65.6791
-65.5621
-65.4117
-65.2234
-64.9916
-64.7092
-64.3678
-63.9572
-63.4652
-62.8773
-62.176
-61.3406
-60.3468
-59.1657
-57.7633
-56.0994
-54.1272
-51.7917
-49.0289
-45.7646
-41.913
-37.3757
-32.0406
-25.7809
-18.4548
-9.90583
0.0360487
11.5521
24.8304
40.0597
57.421
77.0753
99.1501
123.723
150.803
180.314
212.079
245.815
281.125
317.517
354.42
391.22
427.299
462.076
498.339
534.65
567.251
595.928
620.678
641.667
659.174
673.545
685.151
694.352
701.482
706.829
710.63
713.064
714.251
)
;
    }
    cold
    {
        type            calculated;
        value           nonuniform List<scalar> 
120
(
-91.2123
-90.5952
-89.3668
-87.5388
-85.1302
-82.1678
-78.6879
-74.7373
-70.3747
-65.6705
-60.7069
-55.5759
-50.3759
-45.2075
-40.1677
-35.7463
-31.9241
-28.3333
-24.9984
-21.9349
-19.149
-16.6393
-14.3977
-12.4109
-10.6622
-9.13264
-7.80199
-6.64998
-5.65685
-4.80384
-4.07354
-3.45006
-2.91907
-2.46782
-2.08509
-1.76103
-1.48709
-1.2559
-1.0611
-0.897278
-0.759796
-0.644734
-0.548779
-0.469147
-0.403513
-0.349952
-0.306885
-0.273039
-0.247412
-0.229244
-0.217997
-0.213338
-0.215131
-0.223438
-0.238511
-0.260811
-0.291016
-0.330041
-0.37907
-0.439588
-0.513428
-0.602824
-0.71048
-0.839652
-0.994239
-1.17891
-1.39923
-1.66183
-1.97461
-2.34696
-2.79003
-3.31706
-3.94376
-4.68874
-5.57403
-6.6257
-7.87453
-9.35682
-11.1153
-13.2003
-15.6706
-18.595
-22.0538
-26.14
-30.961
-36.64
-43.3176
-51.1527
-60.3227
-71.0239
-83.4694
-97.8865
-114.511
-133.58
-155.32
-179.935
-207.583
-238.364
-272.288
-309.26
-349.06
-391.328
-435.567
-481.154
-527.366
-578.031
-631.836
-682.92
-730.24
-773.041
-810.879
-843.602
-871.303
-894.253
-912.83
-927.465
-938.579
-946.551
-951.687
-954.201
)
;
    }
    interface_left
    {
        type            calculated;
        value           nonuniform List<scalar> 
90
(
-5184.09
-2414
-1364.57
-890.39
-638.098
-485.66
-384.969
-314.308
-262.605
-223.626
-193.586
-170.042
-151.348
-136.351
-124.221
-114.344
-106.259
-99.6109
-94.1248
-89.584
-85.8166
-82.6844
-80.0761
-77.9012
-76.0856
-74.5689
-73.301
-72.2409
-71.3544
-70.6133
-69.9942
-69.4776
-69.0474
-68.6903
-68.395
-68.1526
-67.9556
-67.7978
-67.6745
-67.5819
-67.5171
-67.4782
-67.464
-67.4739
-67.5084
-67.5685
-67.656
-67.7736
-67.9249
-68.1145
-68.3482
-68.6332
-68.9783
-69.3941
-69.8934
-70.4918
-71.2079
-72.064
-73.0872
-74.3097
-75.7707
-77.5172
-79.606
-82.1062
-85.1016
-88.6944
-93.01
-98.2029
-104.465
-112.035
-121.215
-132.39
-146.055
-162.859
-183.667
-209.653
-242.455
-284.424
-339.064
-411.848
-511.845
-655.306
-874.404
-1241.12
-1939.72
-3508
-7699.04
8948.69
4883.88
3721.44
)
;
    }
    interface_right
    {
        type            calculated;
        value           nonuniform List<scalar> 
90
(
258.325
138.809
87.5144
61.0153
45.1437
34.62
27.1664
21.6539
17.4549
14.1883
11.6072
9.54327
7.87763
6.52354
5.41629
4.50664
3.75647
3.13593
2.62135
2.1938
1.83801
1.54161
1.29451
1.08846
0.916654
0.773522
0.654458
0.555668
0.474028
0.406972
0.352403
0.308623
0.274274
0.248291
0.229873
0.21845
0.21367
0.215383
0.223638
0.238685
0.260979
0.291198
0.330259
0.379351
0.439965
0.513946
0.603546
0.711493
0.841077
0.996247
1.18174
1.40322
1.66747
1.98257
2.3582
2.8059
3.33946
3.97539
4.73339
5.63707
6.71469
8.00015
9.53417
11.3657
13.5538
16.1697
19.2997
23.0488
27.545
32.9452
39.4427
47.277
56.7478
68.2322
82.2111
99.3041
120.322
146.345
178.839
219.848
272.304
340.574
431.468
556.259
735.101
1007.79
1463.07
2327.37
4259.42
9401.08
)
;
    }
    interface_top
    {
        type            calculated;
        value           nonuniform List<scalar> 
90
(
1284.72
1174.04
1084.23
896.171
799.366
660.127
559.531
347.492
486.998
527.626
547.805
557.029
572.176
583.208
613.085
591.541
490.769
441.825
374.199
337.583
283.653
242.364
152.777
212.975
230.384
239.079
242.945
249.578
254.424
268.062
258.462
213.699
191.524
160.395
143.366
118.241
99.7967
61.546
83.1292
88.1335
88.0418
87.0939
85.3208
84.1805
83.8547
78.1129
59.9529
50.6777
37.7452
30.7122
20.8967
15.1103
6.36382
4.47615
1.65522
-4.39092
-8.66741
-16.0641
-21.1115
-30.098
-33.2705
-34.0292
-34.7161
-34.8968
-34.9523
-33.6926
-31.7078
-24.1384
-32.4197
-35.2341
-35.7674
-35.3523
-31.5788
-28.2269
-18.2343
-9.76663
12.8778
26.7168
57.656
75.9194
119.465
116.223
75.5914
269.977
204.113
-159.028
-449.783
-991.775
-2471.36
-7243.1
)
;
    }
    interface_bottom
    {
        type            calculated;
        value           nonuniform List<scalar> 
90
(
3657.11
1640.92
1009.37
746.584
623.664
505.731
421.743
264.234
355.434
378.989
388.917
391.806
398.545
402.058
415.872
394.038
310.68
265.467
196.415
156.825
96.0172
61.9542
13.1313
-21.9108
-53.9737
-120.159
-166.868
-254.846
-313.823
-425.935
-463.922
-477.806
-487.758
-501.481
-504.409
-497.711
-458.286
-311.522
-512.185
-589.304
-665.279
-700.802
-745.4
-764.385
-787.738
-756.087
-622.285
-561.791
-484.429
-444.343
-387.676
-337.614
-216.952
-320.728
-353.49
-373.695
-381.208
-387.944
-390.008
-392.843
-375.934
-315.163
-289.735
-262.474
-248.463
-229.828
-206.558
-140.815
-216.801
-245.523
-274.037
-289.662
-314.513
-329.87
-359.162
-358.539
-326.601
-315.617
-308.598
-304.529
-299.723
-274.964
-188.313
-316.633
-330.502
-251.971
-498.208
-472.603
-145.006
5.00234
)
;
    }
    defaultFaces
    {
        type            empty;
    }
}


// ************************************************************************* //
