/*--------------------------------*- C++ -*----------------------------------*\
| =========                 |                                                 |
| \\      /  F ield         | OpenFOAM: The Open Source CFD Toolbox           |
|  \\    /   O peration     | Version:  5.x                                   |
|   \\  /    A nd           | Web:      www.OpenFOAM.org                      |
|    \\/     M anipulation  |                                                 |
\*---------------------------------------------------------------------------*/
FoamFile
{
    version     2.0;
    format      ascii;
    class       volScalarField;
    location    "16.5";
    object      gradTy;
}
// * * * * * * * * * * * * * * * * * * * * * * * * * * * * * * * * * * * * * //

dimensions      [0 -1 0 1 0 0 0];

internalField   nonuniform List<scalar> 
6300
(
997.211
991.76
986.687
982.236
978.647
976.144
974.933
975.196
977.082
980.698
986.101
993.295
1002.22
1012.75
1024.7
-0.189232
-0.565382
-0.934343
-1.2905
-1.62704
-1.93569
-2.2065
-2.42805
-2.58801
-2.67412
-2.67584
-2.58627
-2.40423
-2.13581
-1.79484
-0.317967
-0.950322
-1.57151
-2.17265
-2.74278
-3.26821
-3.73223
-4.11518
-4.39531
-4.55049
-4.56095
-4.41295
-4.10278
-3.64011
-3.04921
-0.45027
-1.34642
-2.22873
-3.08583
-3.90321
-4.66216
-5.33902
-5.90512
-6.32757
-6.57158
-6.60452
-6.40179
-5.95384
-5.27263
-4.39481
-0.586967
-1.75634
-2.91113
-4.0387
-5.12205
-6.13814
-7.05655
-7.83867
-8.43822
-8.8037
-8.88372
-8.63581
-8.03812
-7.10166
-5.87808
-0.728236
-2.18084
-3.62074
-5.03578
-6.40812
-7.7118
-8.91034
-9.95476
-10.7829
-11.3212
-11.4908
-11.2196
-10.4612
-9.21782
-7.5587
-0.873364
-2.61802
-4.35519
-6.07553
-7.76281
-9.39056
-10.9182
-12.2871
-13.4174
-14.2075
-14.5387
-14.2904
-13.3691
-11.7497
-9.51846
-1.02056
-3.06267
-5.10644
-7.14829
-9.17701
-11.1694
-13.0847
-14.8579
-16.3921
-17.5525
-18.1658
-18.0344
-16.975
-14.8932
-11.8791
-1.16674
-3.50566
-5.85959
-8.23416
-10.6275
-13.0252
-15.3932
-17.6676
-19.7405
-21.4444
-22.5377
-22.7061
-21.6032
-18.9688
-14.8385
-1.30751
-3.9336
-6.59206
-9.30123
-12.0736
-14.9107
-17.7954
-20.6786
-23.4578
-25.9467
-27.8345
-28.6489
-27.7627
-24.5405
-18.7567
-1.43718
-4.32916
-7.27377
-10.3051
-13.4547
-16.7485
-20.1992
-23.7933
-27.4652
-31.0499
-34.2047
-36.292
-36.2582
-32.6735
-24.3907
-1.54923
-4.67208
-7.86873
-11.1906
-14.6918
-18.4291
-22.4593
-26.8303
-31.5595
-36.5828
-41.6421
-46.056
-48.3046
-45.5046
-33.6591
-1.6369
-4.94116
-8.33846
-11.8966
-15.6925
-19.8168
-24.3785
-29.5089
-35.3597
-42.0793
-49.7247
-57.9852
-65.3992
-67.3813
-52.5693
-1.69411
-5.11716
-8.64729
-12.3648
-16.3649
-20.767
-25.7288
-31.4671
-38.2908
-46.6496
-57.1919
-70.7607
-87.9253
-106.052
-104.121
-1.71646
-5.18605
-8.76869
-12.5503
-16.6351
-21.1574
-26.3024
-32.3395
-39.6865
-49.0362
-61.6324
-79.9398
-109.489
-164.778
-291.506
1036.76
1048.38
1060.5
1072.95
1085.58
1098.22
1110.73
1123
1134.9
1146.36
1157.27
1167.6
1177.27
1186.25
1194.5
1202.01
1208.74
1214.7
1219.86
1224.23
1227.8
1230.57
1232.55
1233.74
1234.15
1233.79
1232.66
1230.78
1228.16
1224.8
1220.73
1215.96
1210.49
1204.33
1197.51
1190.02
1181.89
1173.11
1163.71
1153.69
1143.07
1131.85
1120.06
1107.69
1094.76
1081.29
1067.29
1052.77
1037.74
1022.21
1006.19
989.698
972.732
955.304
937.426
919.107
900.358
881.192
861.624
841.668
821.34
800.659
779.641
758.306
736.672
714.761
692.592
670.19
647.581
624.792
601.857
578.812
555.7
532.565
509.459
486.435
463.551
440.867
418.444
396.343
374.624
353.346
332.564
312.33
292.69
273.685
255.348
237.703
220.769
204.551
-1.43453
-1.0863
-0.731798
-0.384353
-0.0550886
0.247719
0.518828
0.755807
0.958557
1.12871
1.26901
1.38279
1.47356
1.54469
1.59924
1.63987
1.66884
1.68803
1.69897
1.70293
1.70096
1.69394
1.68262
1.66765
1.64962
1.62906
1.60649
1.5824
1.55727
1.53155
1.50566
1.47995
1.4547
1.43004
1.40599
1.38244
1.35917
1.33587
1.31224
1.28799
1.26295
1.23711
1.21059
1.18371
1.15688
1.13058
1.10526
1.08125
1.05871
1.03757
1.0175
0.997962
0.978262
0.957637
0.935361
0.910852
0.883735
0.853888
0.821425
0.786639
0.749902
0.711549
0.671746
0.630385
0.587015
0.540822
0.490676
0.435226
0.373049
0.302823
0.223498
0.134452
0.0355915
-0.0726038
-0.189096
-0.312361
-0.4405
-0.571363
-0.702675
-0.83212
-0.957408
-1.07628
-1.18651
-1.28588
-1.37218
-1.4433
-1.49731
-1.53266
-1.54836
-1.54414
-2.42397
-1.82061
-1.20853
-0.611696
-0.0497082
0.463363
0.919124
1.31428
1.64963
1.92885
2.15738
2.34144
2.48735
2.60101
2.68765
2.75177
2.79705
2.82656
2.84277
2.84769
2.843
2.83009
2.81018
2.78429
2.75337
2.7183
2.67989
2.63898
2.59636
2.55283
2.50912
2.46586
2.42354
2.38241
2.34251
2.30362
2.2653
2.22698
2.18802
2.14788
2.10619
2.06289
2.01823
1.97276
1.92729
1.88274
1.84
1.79974
1.7623
1.72757
1.69498
1.66353
1.63191
1.59868
1.56249
1.52223
1.47724
1.42732
1.37275
1.31418
1.25243
1.18825
1.12209
1.05388
0.982894
0.90771
0.826285
0.736134
0.634611
0.519233
0.388015
0.239754
0.0742198
-0.10776
-0.304343
-0.512814
-0.729806
-0.951547
-1.17409
-1.3935
-1.60592
-1.80761
-1.99487
-2.16399
-2.31122
-2.43282
-2.52531
-2.58579
-2.61236
-2.60444
-3.46387
-2.56759
-1.66342
-0.789012
0.025961
0.761376
1.40652
1.95871
2.42135
2.8018
3.10958
3.35483
3.54736
3.696
3.8083
3.89054
3.94776
3.98402
4.00257
4.00605
3.99661
3.97611
3.94609
3.90793
3.86288
3.81208
3.75666
3.69776
3.63653
3.57413
3.51168
3.45019
3.3904
3.33277
3.27734
3.22373
3.17121
3.11876
3.06527
3.00976
2.95153
2.89042
2.82679
2.76157
2.69614
2.63208
2.57094
2.51395
2.46177
2.41429
2.37062
2.32914
2.28767
2.24381
2.19528
2.14026
2.07766
2.00725
1.92966
1.84614
1.7583
1.66765
1.57523
1.48122
1.38467
1.28344
1.17432
1.05329
0.915996
0.758331
0.576961
0.369819
0.136427
-0.121985
-0.402562
-0.701082
-1.01235
-1.33064
-1.6501
-1.965
-2.26994
-2.55976
-2.82939
-3.07368
-3.28719
-3.46428
-3.59942
-3.68779
-3.72604
-3.71302
-4.57556
-3.32577
-2.07531
-0.880574
0.216369
1.18957
2.02794
2.73229
3.31159
3.7796
4.15199
4.44432
4.67077
4.84349
4.97244
5.06552
5.12885
5.16719
5.1843
5.1832
5.1664
5.13603
5.09393
5.04173
4.98088
4.91274
4.83868
4.76012
4.6786
4.59572
4.51311
4.43227
4.35439
4.28019
4.20976
4.14251
4.07725
4.01227
3.94568
3.87575
3.80126
3.72179
3.63785
3.55093
3.46324
3.37743
3.29612
3.22146
3.15466
3.09572
3.04332
2.99493
2.94707
2.89586
2.83761
2.76938
2.68949
2.59772
2.49528
2.38451
2.26836
2.14975
2.03083
1.91237
1.79332
1.67069
1.53965
1.39398
1.22685
1.03169
0.803142
0.537807
0.234784
-0.104178
-0.47483
-0.870882
-1.28468
-1.70797
-2.13255
-2.55076
-2.95566
-3.34089
-3.70033
-4.02759
-4.31551
-4.55607
-4.74081
-4.86188
-4.91349
-4.89334
-5.78187
-4.08489
-2.40696
-0.831291
0.585014
1.81195
2.84245
3.686
4.36218
4.89517
5.30976
5.62874
5.8716
6.05408
6.18832
6.2834
6.34598
6.38102
6.39234
6.38305
6.35581
6.31293
6.25643
6.18809
6.10947
6.02203
5.92727
5.82687
5.72273
5.61703
5.51211
5.41021
5.31321
5.2223
5.1377
5.05857
4.98299
4.9082
4.83102
4.74844
4.65829
4.55969
4.45335
4.34151
4.22775
4.1164
4.01187
3.91778
3.83635
3.76784
3.71038
3.66006
3.6114
3.55818
3.49441
3.4154
3.31855
3.20367
3.07301
2.93071
2.78207
2.63241
2.48588
2.34445
2.20724
2.07016
1.92612
1.76568
1.57817
1.35324
1.08238
0.760158
0.384983
-0.0406461
-0.510429
-1.01504
-1.54326
-2.08335
-2.62409
-3.15561
-3.6696
-4.15906
-4.61755
-5.03809
-5.41197
-5.72817
-5.97381
-6.13591
-6.20421
-6.17408
-7.10565
-4.81646
-2.59118
-0.552355
1.22655
2.71746
3.92645
4.88105
5.61929
6.18161
6.60557
6.92315
7.15976
7.3345
7.46097
7.54847
7.60318
7.62941
7.63046
7.60916
7.56816
7.50986
7.43643
7.3497
7.2512
7.1423
7.02446
6.89945
6.76956
6.6377
6.50722
6.38157
6.26375
6.15578
6.05824
5.96998
5.88808
5.80806
5.72459
5.6325
5.52795
5.40923
5.27721
5.13531
4.98923
4.84603
4.713
4.59632
4.49988
4.42449
4.36757
4.3232
4.28274
4.2361
4.17354
4.08752
3.97394
3.83275
3.66785
3.48642
3.29764
3.11092
2.9339
2.77081
2.62129
2.47997
2.33654
2.17665
1.98366
1.74121
1.43586
1.05903
0.608105
0.0867259
-0.495627
-1.12493
-1.78453
-2.45755
-3.12869
-3.7855
-4.41867
-5.02163
-5.58924
-6.11559
-6.59133
-7.00173
-7.32697
-7.5449
-7.63652
-7.59251
-8.56719
-5.45586
-2.50681
0.100975
2.28291
4.02908
5.37701
6.38792
7.13002
7.66759
8.05494
8.33453
8.53739
8.6848
8.79015
8.86115
8.9018
8.91448
8.90117
8.86411
8.80585
8.72905
8.63606
8.52874
8.40838
8.27595
8.13248
7.97955
7.81974
7.65688
7.49587
7.34215
7.20061
7.07476
6.96591
6.87276
6.79097
6.71342
6.63108
6.53501
6.41853
6.27845
6.11578
5.93566
5.74708
5.5615
5.39111
5.24622
5.13357
5.05503
5.00719
4.98118
4.96344
4.93739
4.8869
4.79976
4.66953
4.49642
4.28692
4.05313
3.81063
3.57586
3.36229
3.17801
3.02392
2.89319
2.77101
2.63563
2.46071
2.22008
1.8926
1.46491
0.932985
0.302201
-0.412925
-1.19089
-2.00622
-2.83417
-3.65364
-4.44916
-5.21099
-5.93489
-6.62009
-7.26575
-7.86458
-8.39771
-8.83445
-9.13562
-9.26397
-9.20034
-10.1734
-5.86155
-1.93101
1.36745
3.96659
5.91395
7.31271
8.28174
8.93518
9.36985
9.65944
9.85636
9.99485
10.0956
10.1688
10.2175
10.2407
10.237
10.2061
10.1496
10.0703
9.97154
9.85634
9.72655
9.58295
9.42553
9.25414
9.06959
8.87434
8.67343
8.47409
8.28525
8.11493
7.9693
7.85105
7.75924
7.68782
7.62574
7.5574
7.46697
7.34317
7.18027
6.97953
6.74828
6.50069
6.25518
6.03256
5.84976
5.71824
5.64143
5.61544
5.62734
5.65619
5.67397
5.65311
5.57413
5.42695
5.21254
4.94104
4.63245
4.3126
4.01034
3.74856
3.54183
3.39299
3.29419
3.22457
3.15162
3.03247
2.82408
2.49372
2.02097
1.40029
0.639201
-0.239656
-1.20295
-2.20962
-3.22291
-4.21297
-5.16123
-6.05779
-6.90374
-7.70777
-8.4832
-9.23229
-9.93236
-10.537
-10.9751
-11.1677
-11.0746
-11.882
-5.71823
-0.445231
3.64065
6.58832
8.58805
9.86638
10.6292
11.0545
11.2802
11.3965
11.4615
11.5058
11.5455
11.5818
11.6098
11.6175
11.5978
11.5469
11.4669
11.3617
11.2368
11.0967
10.9433
10.7765
10.5943
10.3938
10.1741
9.9362
9.68678
9.43627
9.20078
8.9928
8.82348
8.69721
8.61548
8.57031
8.54621
8.51462
8.44612
8.32322
8.13573
7.88636
7.58357
7.25045
6.9151
6.61583
6.37868
6.22335
6.1539
6.16835
6.24836
6.36413
6.46545
6.50231
6.44599
6.28047
6.0102
5.64788
5.22731
4.78859
4.38591
4.05495
3.8217
3.68945
3.65261
3.68239
3.73363
3.73223
3.60322
3.2994
2.78958
2.06932
1.14537
0.0548066
-1.15293
-2.40384
-3.64538
-4.83274
-5.94797
-6.97763
-7.93314
-8.83673
-9.73867
-10.6706
-11.6044
-12.4795
-13.1679
-13.483
-13.3383
-13.4668
-4.29268
2.74957
7.55259
10.5747
12.3003
13.1616
13.4614
13.4603
13.347
13.2064
13.0954
13.0221
12.999
13.0057
13.03
13.0324
13.0023
12.9286
12.8193
12.6802
12.5229
12.3547
12.1782
11.991
11.788
11.5599
11.3036
11.0133
10.7004
10.3755
10.0754
9.81372
9.61436
9.47795
9.41776
9.42117
9.47617
9.52373
9.50235
9.39502
9.17905
8.86887
8.46131
8.00222
7.52186
7.10849
6.78862
6.60363
6.54442
6.62575
6.81678
7.09179
7.34868
7.48465
7.47404
7.2838
6.93938
6.43763
5.84732
5.21173
4.65727
4.21974
3.95525
3.84765
3.91427
4.10849
4.39063
4.61499
4.63333
4.40098
3.86054
3.03102
1.89081
0.517397
-1.04129
-2.61208
-4.14636
-5.55683
-6.85832
-8.00461
-9.03758
-9.96835
-10.9511
-12.1066
-13.3611
-14.6909
-15.8983
-16.4601
-16.2025
-13.9623
0.202345
9.16826
14.0289
16.4284
17.2579
17.266
16.7277
16.0286
15.4536
14.9745
14.6757
14.4671
14.4105
14.405
14.4825
14.4952
14.4705
14.3624
14.2154
14.0259
13.8257
13.6257
13.4297
13.2292
13.0189
12.7674
12.4834
12.1239
11.7324
11.2802
10.8957
10.5461
10.3157
10.15
10.1296
10.1988
10.418
10.6332
10.6835
10.6244
10.3592
9.99273
9.41439
8.78571
8.03326
7.46762
7.00541
6.80385
6.73364
6.9262
7.26528
7.84654
8.40702
8.67902
8.7617
8.51014
8.09606
7.35588
6.53348
5.519
4.76115
4.13624
3.86373
3.75582
3.993
4.40875
5.1316
5.79515
6.02511
5.94693
5.34847
4.44081
2.97275
1.24748
-0.911557
-2.87222
-4.82499
-6.43722
-7.99156
-9.19424
-10.2886
-11.0247
-11.9141
-13.3995
-15.009
-17.0781
-19.558
-20.6168
-20.0485
-9.06987
12.1837
21.4982
24.0485
24.5423
23.3979
22.1566
20.2253
18.4178
17.422
16.4826
16.1258
15.6928
15.748
15.6849
16.0279
16.0116
16.0584
15.852
15.6726
15.3868
15.1279
14.8909
14.6873
14.4813
14.3088
14.0217
13.7719
13.2802
12.8516
12.0875
11.6654
11.1065
10.9238
10.6129
10.7121
10.7606
11.3653
11.9801
12.022
12.1503
11.6849
11.4216
10.4399
9.74733
8.27555
7.67773
6.84678
6.81486
6.54441
7.01558
7.36495
8.63112
9.88071
10.1459
10.5306
9.97042
9.72225
8.39243
7.49619
5.45665
4.67354
3.54523
3.53519
3.16703
3.81454
4.26673
5.95794
7.59961
7.86059
8.24202
7.28159
6.65753
4.42505
2.60218
-1.06746
-3.14368
-5.99394
-7.40089
-9.63107
-10.5397
-12.0556
-11.8599
-12.0189
-14.5136
-15.9949
-18.8735
-25.2637
-27.1163
-25.5867
22.1622
41.3577
43.5688
37.029
35.0147
29.6766
28.0403
23.5439
19.6375
19.3085
17.1511
17.6849
16.2149
17.2553
16.3792
18.09
17.4362
18.0102
17.3021
17.2821
16.7084
16.3976
16.1073
15.9476
15.6844
15.7629
15.2217
15.4079
14.3448
14.4531
12.4013
12.6315
11.1245
11.7158
10.4842
11.367
10.5204
12.2973
14.1515
13.235
14.5307
12.7189
13.8843
11.0481
11.8304
7.25865
8.22285
5.53689
7.16871
5.28658
7.27973
6.14378
9.43897
12.7713
11.4402
13.6594
10.9808
12.9054
8.80401
10.1047
3.58449
5.0825
1.34339
3.72183
1.11519
3.91686
2.34006
6.85517
11.3918
9.52215
12.469
8.72988
11.1899
5.28712
6.61585
-3.51822
-2.30078
-9.24153
-7.17932
-13.1739
-11.0106
-16.2875
-12.1844
-8.76027
-17.087
-14.9686
-15.6121
-37.5036
-38.486
-34.1358
191.068
94.9882
78.2398
43.4927
50.2731
30.6246
38.0425
26.013
15.7058
23.828
13.9447
22.1295
13.1224
21.5227
13.3483
23.5576
17.093
21.8085
17.7614
19.6893
17.6515
17.6381
17.1358
17.3573
16.3958
18.1096
15.3744
18.8433
13.7231
19.1654
9.42944
16.0998
8.12098
15.1334
7.31122
14.5127
6.50304
13.1182
20.3129
11.2631
21.386
9.46635
22.1096
6.44613
21.6237
-1.72957
14.0246
-1.99016
12.5831
-1.55121
12.0502
-1.45781
10.1938
22.3774
7.62236
23.8413
5.36289
24.7664
1.43697
23.9756
-9.83349
13.0333
-9.6673
11.0873
-8.72422
10.3245
-8.35863
7.72168
24.4093
4.24822
26.3238
1.2516
27.7652
-4.26401
27.1362
-22.3148
10.2902
-25.453
4.6443
-28.4634
-0.767513
-34.0261
-11.531
11.4199
-34.7012
-9.96507
18.247
-79.8522
-57.5339
-48.443
187.499
169.909
153.296
137.608
122.783
108.75
95.4321
82.7496
70.6226
58.9712
47.7174
36.7851
26.1002
15.5905
5.18524
-1.5182
-1.46418
-1.38814
-1.29459
-1.18831
-1.07378
-0.954848
-0.834559
-0.715094
-0.597836
-0.483483
-0.372175
-0.263628
-0.157254
-0.0522603
-2.55885
-2.46473
-2.33297
-2.17179
-1.98969
-1.79453
-1.59294
-1.39003
-1.18938
-0.993176
-0.802429
-0.617227
-0.436969
-0.260558
-0.0865762
-3.64387
-3.50288
-3.30722
-3.06991
-2.80411
-2.52169
-2.23233
-1.94323
-1.65922
-1.38305
-1.11582
-0.857332
-0.606458
-0.36143
-0.120062
-4.7944
-4.59567
-4.32309
-3.99646
-3.63512
-3.25577
-2.87143
-2.49132
-2.12118
-1.76398
-1.42046
-1.08981
-0.770095
-0.458638
-0.152302
-6.03568
-5.76224
-5.39297
-4.95769
-4.4841
-3.99479
-3.50628
-3.02939
-2.5702
-2.13119
-1.71222
-1.31134
-0.925465
-0.55072
-0.182806
-7.3993
-7.02457
-6.52878
-5.95715
-5.34875
-4.73298
-4.12948
-3.54973
-2.99902
-2.47835
-1.98585
-1.51787
-1.06969
-0.635962
-0.211007
-8.92674
-8.40784
-7.74034
-6.99331
-6.2207
-5.45882
-4.72889
-4.04099
-3.39778
-2.7973
-2.23493
-1.70459
-1.19946
-0.712424
-0.236266
-10.6745
-9.93958
-9.0313
-8.05494
-7.08183
-6.15266
-5.28622
-4.48751
-3.75375
-3.07812
-2.45197
-1.86607
-1.31111
-0.778004
-0.257897
-12.7206
-11.6446
-10.3902
-9.11322
-7.89892
-6.7837
-5.77573
-4.86903
-4.05156
-3.30941
-2.62875
-1.99658
-1.40089
-0.830578
-0.275214
-15.1689
-13.5278
-11.7717
-10.1087
-8.61683
-7.30741
-6.16392
-5.16127
-4.274
-3.47917
-2.757
-2.09058
-1.46528
-0.868196
-0.287592
-18.1305
-15.5259
-13.06
-10.933
-9.1522
-7.66508
-6.41119
-5.33808
-4.40394
-3.57622
-2.82949
-2.14344
-1.50144
-0.889323
-0.294547
-21.604
-17.3851
-14.0092
-11.4109
-9.39378
-7.78945
-6.47762
-5.37585
-4.4274
-3.59226
-2.84125
-2.15223
-1.50769
-0.893103
-0.295815
-24.9515
-18.4012
-14.1805
-11.3076
-9.22247
-7.62123
-6.3339
-5.26023
-4.3375
-3.52413
-2.79098
-2.11651
-1.48397
-0.879576
-0.291423
-24.8299
-17.0874
-13.0039
-10.4163
-8.5672
-7.13902
-5.97645
-4.99361
-4.1382
-3.37575
-2.682
-2.03886
-1.43207
-0.849801
-0.28172
-1.70613
-5.15423
-8.71281
-12.4659
-16.5154
-20.993
-26.0802
-32.0426
-39.2933
-48.5239
-60.9932
-79.2422
-109.06
-165.451
-292.068
-1.66928
-5.04066
-8.51296
-12.1621
-16.0783
-20.376
-25.2068
-30.7829
-37.4123
-45.5577
-55.9199
-69.4891
-87.124
-106.088
-99.3765
-1.60964
-4.85699
-8.19028
-11.6726
-15.3764
-19.3885
-23.8158
-28.7916
-34.4783
-41.0518
-48.6192
-56.9121
-64.2642
-64.5563
-40.0466
-1.53048
-4.61362
-7.76407
-11.0293
-14.4604
-18.1126
-22.0436
-26.3065
-30.9284
-35.8555
-40.8148
-44.988
-46.3065
-40.2473
-19.3163
-1.43592
-4.32348
-7.2581
-10.2707
-13.3908
-16.6431
-20.041
-23.5719
-27.1664
-30.6366
-33.556
-35.0466
-33.472
-26.2656
-10.8789
-1.33045
-4.00063
-6.69792
-9.43755
-12.2293
-15.0723
-17.9459
-20.793
-23.4905
-25.7999
-27.2893
-27.2334
-24.5486
-17.9643
-6.86581
-1.21852
-3.65894
-6.1083
-8.56813
-11.0321
-13.4802
-15.8693
-18.1179
-20.0842
-21.5326
-22.0955
-21.2457
-18.3333
-12.7977
-4.68124
-1.10423
-3.31104
-5.51137
-7.69576
-9.84593
-11.9291
-13.89
-15.6389
-17.0373
-17.88
-17.8827
-16.6901
-13.9395
-9.42332
-3.36195
-0.991099
-2.9676
-4.92549
-6.84711
-8.7062
-10.463
-12.0577
-13.4033
-14.3764
-14.8109
-14.4998
-13.2163
-10.7717
-7.12195
-2.50275
-0.881917
-2.63707
-4.36477
-6.04186
-7.63748
-9.10919
-10.3985
-11.4264
-12.0893
-12.2594
-11.7921
-10.5489
-8.44082
-5.49377
-1.91181
-0.778757
-2.32559
-3.83917
-5.29315
-6.65477
-7.88203
-8.92083
-9.70275
-10.1444
-10.1506
-9.62335
-8.48188
-6.69252
-4.3065
-1.48867
-0.683009
-2.0372
-3.35494
-4.60854
-5.76533
-6.78569
-7.62147
-8.21537
-8.50198
-8.412
-7.88109
-6.86477
-5.35854
-3.41907
-1.17628
-0.595466
-1.77413
-2.91522
-3.99114
-4.97062
-5.81748
-6.49004
-6.94134
-7.12101
-6.97959
-6.47589
-5.58784
-4.32541
-2.74225
-0.940119
-0.516439
-1.53713
-2.52073
-3.4407
-4.26796
-4.97029
-5.51224
-5.85589
-5.96299
-5.79873
-5.33757
-4.57087
-3.51498
-2.21749
-0.758195
-0.445868
-1.3259
-2.17043
-2.95462
-3.65204
-4.23446
-4.67211
-4.93469
-4.99338
-4.824
-4.41141
-3.75471
-2.8723
-1.80507
-0.615917
-0.383426
-1.1393
-1.86201
-2.52878
-3.11596
-3.59914
-3.95352
-4.15506
-4.18213
-4.01815
-3.65473
-3.09527
-2.35795
-1.47733
-0.503274
-0.328607
-0.975724
-1.59244
-2.15819
-2.6521
-3.05323
-3.34106
-3.49655
-3.50354
-3.35076
-3.03419
-2.55933
-1.94311
-1.21445
-0.413193
-0.2808
-0.833254
-1.35826
-1.83747
-2.25266
-2.58598
-2.8205
-2.94115
-2.93587
-2.79711
-2.52354
-2.12155
-1.60633
-1.002
-0.340559
-0.239341
-0.709846
-1.15586
-1.56121
-1.91007
-2.18731
-2.379
-2.47319
-2.46087
-2.33706
-2.10207
-1.7624
-1.33141
-0.829188
-0.281592
-0.20356
-0.603444
-0.981692
-1.32416
-1.61721
-1.84805
-2.0052
-2.0792
-2.06327
-1.95422
-1.75328
-1.46666
-1.10596
-0.687885
-0.233448
-0.172804
-0.512062
-0.832367
-1.12143
-1.36755
-1.55993
-1.68915
-1.74764
-1.73031
-1.6352
-1.46396
-1.22236
-0.92035
-0.571828
-0.193954
-0.146458
-0.433841
-0.704732
-0.948518
-1.15519
-1.31568
-1.4222
-1.46871
-1.45138
-1.36902
-1.2235
-1.02001
-0.767033
-0.476151
-0.161429
-0.123954
-0.367069
-0.595917
-0.801371
-0.974908
-1.10889
-1.19691
-1.23412
-1.21759
-1.14669
-1.0233
-0.852009
-0.640037
-0.397027
-0.134553
-0.104778
-0.310203
-0.503345
-0.676386
-0.822084
-0.934026
-1.00691
-1.03683
-1.02157
-0.960807
-0.85637
-0.712254
-0.534591
-0.331417
-0.112283
-0.0884704
-0.261866
-0.424729
-0.570386
-0.692696
-0.786276
-0.84674
-0.870926
-0.857123
-0.805251
-0.716985
-0.595793
-0.446859
-0.27689
-0.0937853
-0.0746243
-0.220841
-0.358059
-0.480596
-0.583255
-0.661521
-0.711756
-0.731394
-0.719112
-0.674963
-0.600462
-0.498593
-0.373733
-0.231482
-0.0783884
-0.0628832
-0.186065
-0.301581
-0.404607
-0.490752
-0.556227
-0.598016
-0.614026
-0.603227
-0.56575
-0.502941
-0.417355
-0.312684
-0.193602
-0.0655491
-0.0529363
-0.156612
-0.253776
-0.34034
-0.4126
-0.46738
-0.502174
-0.515272
-0.505866
-0.474126
-0.421234
-0.34937
-0.26164
-0.16195
-0.0548245
-0.0445144
-0.131681
-0.213329
-0.286004
-0.346585
-0.39241
-0.421397
-0.432143
-0.424012
-0.397189
-0.352701
-0.292401
-0.2189
-0.135462
-0.0458518
-0.0373854
-0.110582
-0.179114
-0.240066
-0.290815
-0.329132
-0.353284
-0.362121
-0.355137
-0.332517
-0.295147
-0.244597
-0.183059
-0.11326
-0.0383327
-0.0313496
-0.0927211
-0.15016
-0.201213
-0.243677
-0.275688
-0.295806
-0.303083
-0.297118
-0.278085
-0.246745
-0.204422
-0.152954
-0.0946178
-0.0320206
-0.0262358
-0.0775909
-0.12564
-0.168324
-0.203796
-0.230501
-0.247243
-0.25324
-0.248172
-0.232199
-0.205969
-0.170596
-0.127619
-0.0789342
-0.026711
-0.0218973
-0.0647561
-0.104845
-0.140441
-0.170003
-0.192233
-0.20614
-0.211081
-0.206798
-0.193435
-0.171542
-0.142051
-0.106247
-0.0657073
-0.0222337
-0.0182083
-0.0538444
-0.0871701
-0.116749
-0.141299
-0.159744
-0.171262
-0.175325
-0.171728
-0.160595
-0.142389
-0.117889
-0.0881622
-0.0545177
-0.0184465
-0.0150615
-0.0445369
-0.0720962
-0.0965495
-0.116835
-0.132063
-0.141559
-0.14489
-0.141889
-0.132666
-0.117605
-0.0973554
-0.072798
-0.0450132
-0.01523
-0.0123642
-0.0365597
-0.0591789
-0.0792435
-0.0958814
-0.108364
-0.116138
-0.118851
-0.116371
-0.108789
-0.0964259
-0.0798129
-0.0596748
-0.0368962
-0.0124832
-0.0100368
-0.029677
-0.0480354
-0.0643169
-0.0778132
-0.0879334
-0.0942299
-0.0964188
-0.094394
-0.0882332
-0.0781969
-0.0647181
-0.0483849
-0.0299142
-0.0101207
-0.00801022
-0.0236844
-0.038334
-0.051324
-0.062089
-0.0701578
-0.0751739
-0.0769121
-0.075289
-0.070368
-0.062358
-0.0516053
-0.038579
-0.0238506
-0.00806903
-0.00622414
-0.018403
-0.029785
-0.0398761
-0.048237
-0.0545018
-0.058394
-0.0597393
-0.0584738
-0.0546476
-0.0484236
-0.0400712
-0.0299549
-0.0185183
-0.00626492
-0.00462511
-0.013675
-0.0221322
-0.0296295
-0.0358404
-0.0404931
-0.0433824
-0.0443793
-0.0434366
-0.040592
-0.035967
-0.0297619
-0.0222474
-0.0137532
-0.00465277
-0.0031652
-0.0093584
-0.0151458
-0.0202761
-0.0245258
-0.0277088
-0.0296849
-0.0303659
-0.0297199
-0.0277726
-0.0246075
-0.0203616
-0.0152203
-0.00940891
-0.00318306
-0.00180054
-0.00532357
-0.0086158
-0.0115342
-0.0139517
-0.0157624
-0.0168866
-0.0172741
-0.0169066
-0.0157989
-0.0139984
-0.0115831
-0.00865836
-0.00535246
-0.00181075
-0.000490062
-0.00144901
-0.00234532
-0.00314014
-0.00379889
-0.00429274
-0.00459984
-0.0047064
-0.00460726
-0.00430629
-0.00381624
-0.00315828
-0.00236111
-0.00145973
-0.000493853
0.00080571
0.00238206
0.00385469
0.00515945
0.00623938
0.00704726
0.00754765
0.00771844
0.0075519
0.00705504
0.00624933
0.00516986
0.00386376
0.00238821
0.000807888
0.00212583
0.00628513
0.0101713
0.0136151
0.0164665
0.0186007
0.019924
0.0203775
0.0199404
0.0186308
0.016505
0.0136553
0.0102063
0.00630889
0.00213424
0.00351008
0.0103779
0.0167949
0.0224821
0.0271916
0.0307173
0.0329041
0.0336548
0.0329347
0.0307732
0.0272632
0.022557
0.0168601
0.0104221
0.00352573
0.00500015
0.0147835
0.0239253
0.032028
0.0387386
0.0437634
0.0468813
0.0479534
0.0469298
0.0438519
0.0388519
0.0321464
0.0240284
0.0148535
0.00502491
0.00664084
0.0196346
0.031777
0.0425405
0.051456
0.0581336
0.0622789
0.0637071
0.062351
0.0582653
0.0516246
0.0427167
0.0319305
0.0197388
0.00667769
0.0084814
0.0250769
0.0405862
0.0543359
0.0657273
0.0742619
0.0795632
0.081394
0.0796675
0.0744526
0.0659714
0.0545912
0.0408085
0.0252278
0.00853476
0.010577
0.0312735
0.050617
0.0677688
0.0819822
0.092635
0.099257
0.101551
0.0994062
0.0929077
0.0823311
0.0681336
0.0509348
0.0314891
0.0106532
0.0129901
0.0384094
0.0621697
0.0832418
0.100709
0.113807
0.121956
0.124789
0.122168
0.114194
0.101205
0.0837601
0.062621
0.0387157
0.0130984
0.0157925
0.0466972
0.0755887
0.101218
0.12247
0.138415
0.148346
0.151813
0.148646
0.138963
0.123172
0.101952
0.0762279
0.047131
0.015946
0.0190674
0.0563828
0.0912731
0.122232
0.147916
0.167198
0.179224
0.183445
0.179648
0.167974
0.148908
0.12327
0.0921768
0.0569961
0.0192844
0.0229113
0.0677522
0.109687
0.14691
0.177805
0.20102
0.215521
0.220642
0.216121
0.202116
0.179207
0.148376
0.110964
0.0686187
0.0232178
0.0274369
0.0811391
0.131373
0.17598
0.213028
0.240893
0.258331
0.264534
0.259177
0.24244
0.215008
0.17805
0.133176
0.0823629
0.0278698
0.032776
0.0969343
0.156965
0.210298
0.254626
0.288006
0.30894
0.316452
0.310136
0.29019
0.257422
0.213222
0.159511
0.0986622
0.0333872
0.0390829
0.115595
0.187209
0.250868
0.303827
0.34376
0.36887
0.377971
0.370557
0.346844
0.307773
0.254996
0.190803
0.118034
0.0399458
0.046538
0.137656
0.222975
0.298869
0.36207
0.409806
0.439914
0.450956
0.442297
0.414159
0.367642
0.304695
0.228049
0.141101
0.0477563
0.0553522
0.163745
0.265285
0.355681
0.431053
0.48809
0.524196
0.53762
0.52756
0.494236
0.438919
0.363907
0.272449
0.168607
0.0570723
0.0657716
0.194591
0.315332
0.422924
0.512766
0.580907
0.624227
0.640589
0.628975
0.589583
0.52387
0.434537
0.325446
0.201456
0.0682001
0.0780824
0.231046
0.374509
0.502492
0.609545
0.690958
0.742975
0.762982
0.749677
0.703205
0.62522
0.518887
0.388788
0.240738
0.0815111
0.0926162
0.274096
0.444434
0.596593
0.724125
0.82142
0.883949
0.908502
0.893409
0.838707
0.746253
0.619737
0.464593
0.28778
0.0974572
0.109756
0.324882
0.526981
0.707791
0.8597
0.976021
1.05129
1.08155
1.06464
1.00042
0.890936
0.740465
0.555442
0.344204
0.116591
0.129939
0.384713
0.624309
0.839057
1.01998
1.15912
1.24988
1.28735
1.26872
1.19356
1.06407
0.885184
0.664494
0.411996
0.139591
0.153666
0.455083
0.738889
0.993805
1.20928
1.37583
1.48546
1.5321
1.51205
1.42443
1.27151
1.05893
0.79563
0.493611
0.167298
0.1815
0.537679
0.873528
1.17594
1.43254
1.63205
1.76478
1.82315
1.8023
1.70064
1.52038
1.26788
0.953651
0.592095
0.200754
0.214069
0.634391
1.03138
1.38988
1.69543
1.93463
2.09572
2.16922
2.14866
2.03141
1.81941
1.51968
1.14453
0.711258
0.241271
0.252065
0.747304
1.21595
1.6406
2.00439
2.29145
2.48749
2.58058
2.56214
2.42798
2.17936
1.82386
1.37578
0.85591
0.290506
0.296233
0.878676
1.43108
1.93357
2.36662
2.71146
2.95072
3.06939
3.05598
2.90401
2.61351
2.19231
1.65687
1.03218
0.35058
0.347361
1.0309
1.68086
2.27475
2.79009
3.20477
3.4977
3.6499
3.64601
3.47623
3.13841
2.64009
1.99993
1.24796
0.424235
0.406251
1.20645
1.96957
2.67046
3.28345
3.78261
4.14238
4.33878
4.35124
4.16513
3.77474
3.18635
2.42062
1.51356
0.515073
0.473684
1.40773
2.30149
3.12719
3.85583
4.45722
4.9005
5.15537
5.19433
4.99586
4.54856
3.85574
2.93945
1.84264
0.627896
0.550367
1.63697
2.68067
3.65131
4.51656
5.24161
5.78942
6.12187
6.20228
5.99936
5.49285
4.6803
3.58363
2.25359
0.769224
0.636863
1.89599
3.11058
4.2486
5.27463
6.14907
6.82785
7.26336
7.40694
7.21364
6.64965
5.70213
4.38986
2.77171
0.948104
0.733495
2.18592
3.59365
4.92362
6.13794
7.19235
8.03518
8.60755
8.84551
8.6853
8.07276
6.97721
5.40849
3.43247
1.1774
0.840238
2.50687
4.1307
5.67892
7.11228
8.38253
9.43029
10.1839
10.5605
10.471
9.83124
8.58086
6.70994
4.28702
1.47595
0.95659
2.85754
4.72024
6.51396
8.19983
9.72715
11.0296
12.022
12.5992
12.6389
12.0137
10.6154
8.39469
5.41108
1.87228
1.08143
3.23474
5.35765
7.42386
9.39745
11.2279
12.8442
14.1485
15.011
15.2684
14.733
13.221
10.6092
6.92068
2.41148
1.2129
3.63305
6.0344
8.39803
10.6944
12.8773
14.8753
16.5817
17.8429
18.4483
18.1303
16.5902
13.5714
9.00018
3.16856
1.34829
4.04439
6.73732
9.41884
12.0702
14.655
17.1087
19.3241
21.1303
22.2693
22.3764
20.9863
17.6116
11.9549
4.27666
1.484
4.45791
7.44812
10.4606
13.4921
16.5235
19.5077
22.3504
24.8808
26.807
27.662
26.7604
23.2364
16.3135
5.99244
1.61562
4.86007
8.14344
11.4889
14.9141
18.4249
22.0047
25.5937
29.0507
32.0883
34.1674
34.3556
31.2213
23.0317
8.86362
1.73805
5.23518
8.79559
12.4619
16.2765
20.2782
24.4954
28.9284
33.5117
38.0351
41.9858
44.2579
42.7168
33.9016
14.2064
1.84587
5.56631
9.37413
13.3319
17.5087
21.9818
26.8361
32.1586
38.014
44.3795
50.9697
56.808
59.2635
52.3267
25.6029
1.93376
5.83673
9.84846
14.0498
18.5353
23.4204
28.8517
35.0185
42.1621
50.5676
60.4756
71.7068
82.3322
84.4926
54.0005
1.99702
6.03158
10.1911
14.5704
19.2841
24.4795
30.3565
37.1999
45.4336
55.712
69.0621
87.026
111.279
139.333
136.224
2.03211
6.13965
10.3809
14.8586
19.6984
25.0653
31.1901
38.4156
47.285
58.7231
74.4442
97.9773
137.585
215.815
405.486
2.03712
6.15482
10.4066
14.8953
19.7465
25.1246
31.2591
38.4895
47.3524
58.7595
74.4008
97.765
137.07
214.905
404.57
2.01195
6.07681
10.2678
14.6802
19.4285
24.6587
30.5669
37.4295
45.6527
55.8552
68.9937
86.4821
109.797
136.334
132.199
1.95834
5.91122
9.97505
14.2317
18.7759
23.7219
29.2118
35.4244
42.5784
50.9116
60.5656
71.1522
80.2874
79.0622
40.5643
-15.7384
-12.8352
-10.6569
-8.96886
-7.60692
-6.47032
-5.49561
-4.64077
-3.87649
-3.18139
-2.53916
-1.93684
-1.3637
-0.810487
-0.26889
-5.90493
-8.18754
-8.08899
-7.38408
-6.5535
-5.7346
-4.96461
-4.24941
-3.58482
-2.96371
-2.37841
-1.82153
-1.28614
-0.765777
-0.254281
-2.68756
-5.19341
-5.94214
-5.88651
-5.49191
-4.96486
-4.39552
-3.82288
-3.26294
-2.72114
-2.1979
-1.69127
-1.19815
-0.7149
-0.237632
-1.46273
-3.41946
-4.35383
-4.62429
-4.52226
-4.22445
-3.8287
-3.38749
-2.92844
-2.46565
-2.00585
-1.55163
-1.1033
-0.65986
-0.219589
-0.9106
-2.35545
-3.22655
-3.62069
-3.68855
-3.55201
-3.29342
-2.96447
-2.59651
-2.20808
-1.80989
-1.40788
-1.00504
-0.602614
-0.200786
-0.61982
-1.68986
-2.43046
-2.84364
-2.99675
-2.96429
-2.80696
-2.56853
-2.27877
-1.95725
-1.61658
-1.2647
-0.906498
-0.544944
-0.181802
-0.446815
-1.25303
-1.86173
-2.24718
-2.43379
-2.46328
-2.3768
-2.20821
-1.98306
-1.71972
-1.43105
-1.12588
-0.810274
-0.488373
-0.163138
-0.334511
-0.953355
-1.44801
-1.7888
-1.97992
-2.04278
-2.00364
-1.88716
-1.71386
-1.49977
-1.25695
-0.994316
-0.718412
-0.434115
-0.145196
-0.257049
-0.739918
-1.14113
-1.43433
-1.61512
-1.69309
-1.68417
-1.60554
-1.47297
-1.29975
-1.09661
-0.871955
-0.632373
-0.383061
-0.128276
-0.201273
-0.583181
-0.909252
-1.15791
-1.3217
-1.40372
-1.41309
-1.36137
-1.26029
-1.12051
-0.951191
-0.759954
-0.553086
-0.335807
-0.11258
-0.159828
-0.465215
-0.731128
-0.940407
-1.08507
-1.1648
-1.18442
-1.15148
-1.07448
-0.961778
-0.820984
-0.658801
-0.481024
-0.292679
-0.0982255
-0.128291
-0.374657
-0.592328
-0.767773
-0.893515
-0.967606
-0.992233
-0.972167
-0.913463
-0.82254
-0.705624
-0.568473
-0.416296
-0.253791
-0.0852574
-0.103847
-0.304022
-0.482848
-0.629648
-0.737824
-0.804758
-0.831079
-0.81968
-0.774809
-0.701346
-0.60431
-0.488575
-0.358737
-0.219088
-0.0736644
-0.0846227
-0.248211
-0.395603
-0.51834
-0.610765
-0.670108
-0.696111
-0.69043
-0.656005
-0.596516
-0.515976
-0.418468
-0.307988
-0.188393
-0.0633939
-0.0693265
-0.203645
-0.325475
-0.428078
-0.506676
-0.558604
-0.583139
-0.581136
-0.554602
-0.506299
-0.439422
-0.357364
-0.263567
-0.161448
-0.0543653
-0.0570402
-0.167749
-0.268698
-0.354483
-0.421103
-0.466118
-0.488592
-0.488871
-0.46831
-0.428977
-0.373407
-0.304409
-0.224924
-0.137948
-0.046481
-0.0470947
-0.138629
-0.222449
-0.294195
-0.350529
-0.389283
-0.409452
-0.411076
-0.395051
-0.362927
-0.316715
-0.258733
-0.191482
-0.117565
-0.0396347
-0.0389925
-0.114865
-0.184582
-0.244607
-0.292161
-0.32535
-0.343188
-0.345534
-0.332969
-0.306656
-0.268194
-0.219492
-0.162667
-0.0999676
-0.0337183
-0.0323569
-0.0953759
-0.153443
-0.203678
-0.243767
-0.272074
-0.287679
-0.290342
-0.280431
-0.25882
-0.226782
-0.185889
-0.13793
-0.0848349
-0.028626
-0.0268981
-0.0793247
-0.127742
-0.169792
-0.203551
-0.227618
-0.241156
-0.243881
-0.236017
-0.218223
-0.191516
-0.157193
-0.116758
-0.071864
-0.0242579
-0.0223902
-0.0660573
-0.10646
-0.141664
-0.170065
-0.190472
-0.202138
-0.204771
-0.198496
-0.183813
-0.161538
-0.132739
-0.0986828
-0.0607756
-0.0205213
-0.0186551
-0.0550563
-0.0887882
-0.118258
-0.14213
-0.159393
-0.169393
-0.171845
-0.166812
-0.154674
-0.136088
-0.111936
-0.0832805
-0.0513166
-0.017332
-0.0155512
-0.0459086
-0.0740756
-0.0987376
-0.118783
-0.133355
-0.141889
-0.144116
-0.14006
-0.130012
-0.114502
-0.09426
-0.070175
-0.0432603
-0.0146143
-0.0129647
-0.0382815
-0.0617965
-0.0824229
-0.0992347
-0.111511
-0.118764
-0.12075
-0.117468
-0.109142
-0.0962025
-0.0792512
-0.0590338
-0.036406
-0.0123012
-0.0108033
-0.0319055
-0.0515229
-0.0687565
-0.0828356
-0.093154
-0.0992945
-0.101041
-0.0983762
-0.0914759
-0.0806876
-0.0665099
-0.0495661
-0.0305772
-0.0103333
-0.00899194
-0.0265603
-0.0429043
-0.0572803
-0.0690474
-0.0776975
-0.0828762
-0.0843934
-0.0822256
-0.0765087
-0.0675258
-0.0556889
-0.0415183
-0.0256194
-0.00865913
-0.00746911
-0.022065
-0.0356519
-0.0476153
-0.0574231
-0.0646511
-0.0689998
-0.0703047
-0.0685389
-0.063809
-0.0563453
-0.046488
-0.0346702
-0.0213987
-0.00723339
-0.00618393
-0.0182704
-0.0295268
-0.0394467
-0.04759
-0.0536037
-0.0572366
-0.0583478
-0.0569101
-0.0530072
-0.0468265
-0.0386482
-0.0288315
-0.0177984
-0.00601698
-0.00509412
-0.0150519
-0.0243296
-0.0325115
-0.0392353
-0.0442092
-0.047224
-0.0481604
-0.0469927
-0.0437867
-0.0386946
-0.031946
-0.0238371
-0.0147176
-0.00497588
-0.00416435
-0.0123055
-0.0198932
-0.0265885
-0.0320955
-0.036175
-0.0386542
-0.0394338
-0.0384904
-0.0358758
-0.0317126
-0.026188
-0.0195444
-0.0120688
-0.00408062
-0.00336477
-0.00994335
-0.0160763
-0.0214905
-0.0259469
-0.0292517
-0.0312644
-0.0319035
-0.0311485
-0.0290398
-0.0256757
-0.021207
-0.0158294
-0.00977578
-0.0033055
-0.00267001
-0.00789057
-0.0127585
-0.0170574
-0.0205977
-0.0232253
-0.0248283
-0.0253409
-0.0247462
-0.0230754
-0.0204059
-0.0168568
-0.0125838
-0.00777201
-0.00262807
-0.00205817
-0.00608262
-0.00983573
-0.0131509
-0.0158821
-0.0179104
-0.0191491
-0.0195472
-0.0190911
-0.0178045
-0.0157465
-0.0130092
-0.00971229
-0.00599883
-0.00202853
-0.00151013
-0.00446303
-0.00721701
-0.00964989
-0.0116545
-0.0131436
-0.0140534
-0.0143465
-0.0140126
-0.0130689
-0.0115589
-0.00954994
-0.00712997
-0.00440395
-0.00148924
-0.00100886
-0.00298153
-0.00482119
-0.00644616
-0.00778485
-0.00877896
-0.009386
-0.00958101
-0.00935732
-0.00872655
-0.00771778
-0.00637603
-0.00476012
-0.00294008
-0.000994198
-0.000538865
-0.00159238
-0.00257442
-0.00344119
-0.00415439
-0.00468301
-0.00500461
-0.00510622
-0.00498468
-0.00464659
-0.00410778
-0.00339245
-0.00253198
-0.00156357
-0.000528675
-8.56786e-05
-0.000252839
-0.000407672
-0.000542808
-0.000652066
-0.000730772
-0.00077594
-0.00078633
-0.000762365
-0.000705967
-0.000620322
-0.000509612
-0.000378764
-0.000233219
-7.87384e-05
0.000364596
0.00107815
0.00174541
0.00233762
0.00282906
0.0031982
0.00342861
0.00350973
0.00343745
0.00321437
0.00284975
0.00235925
0.00176425
0.00109094
0.00036912
0.000825732
0.00244128
0.00395062
0.00528802
0.00639512
0.00722351
0.00773682
0.00791231
0.007742
0.00723298
0.00640724
0.00530069
0.00396166
0.00244877
0.000828382
0.00131181
0.00387816
0.00627521
0.00839831
0.0101547
0.0114676
0.0122796
0.012555
0.0122817
0.0114715
0.0101597
0.00840354
0.00627977
0.00388125
0.0013129
0.00183764
0.00543257
0.00879002
0.0117632
0.0142222
0.0160595
0.0171949
0.0175787
0.0171942
0.0160583
0.0142207
0.0117616
0.00878864
0.00543163
0.0018373
0.00241924
0.00715188
0.0115716
0.0154851
0.0187213
0.0211388
0.0226319
0.0231358
0.0226284
0.0211323
0.0187131
0.0154765
0.0115641
0.0071468
0.00241745
0.00307434
0.00908843
0.0147047
0.0196773
0.0237889
0.0268598
0.0287559
0.0293949
0.0287491
0.0268473
0.023773
0.0196607
0.0146902
0.0090786
0.00307086
0.00382288
0.0113012
0.0182846
0.0244674
0.0295791
0.0333964
0.0357528
0.0365459
0.0357419
0.0333764
0.0295535
0.0244407
0.0182614
0.0112854
0.00381731
0.00468768
0.0138576
0.0224204
0.030001
0.0362679
0.0409472
0.043835
0.044806
0.0438187
0.0409174
0.0362297
0.0299611
0.0223856
0.013834
0.00467933
0.00569509
0.0168356
0.0272381
0.0364468
0.044059
0.0497419
0.0532481
0.0544256
0.0532244
0.0496986
0.0440035
0.0363889
0.0271876
0.0168013
0.00568297
0.00687586
0.0203259
0.0328845
0.0440012
0.0531894
0.0600479
0.064278
0.0656967
0.0642441
0.0599859
0.0531101
0.0439182
0.0328122
0.0202769
0.00685851
0.00826605
0.0244353
0.0395321
0.0528945
0.0639375
0.0721788
0.0772599
0.0789612
0.0772116
0.0720906
0.0638246
0.0527765
0.0394293
0.0243656
0.00824139
0.00990818
0.0292892
0.0473838
0.063398
0.0766306
0.0865038
0.0925882
0.0946218
0.0925199
0.0863789
0.0764708
0.0632309
0.0472382
0.0291904
0.00987324
0.0118525
0.0350364
0.0566799
0.0758329
0.0916563
0.103459
0.110729
0.113153
0.110632
0.103283
0.0914302
0.0755965
0.056474
0.0348967
0.0118031
0.0141588
0.0418529
0.0677051
0.0905794
0.109473
0.123562
0.132234
0.135119
0.132098
0.123312
0.109154
0.0902454
0.0674143
0.0416555
0.0140889
0.0168978
0.0499484
0.0807979
0.108089
0.130626
0.147425
0.157758
0.161184
0.157565
0.147073
0.130175
0.107618
0.0803871
0.0496696
0.0167992
0.020154
0.0595721
0.0963609
0.128901
0.155764
0.175778
0.188077
0.19214
0.187805
0.17528
0.155127
0.128235
0.0957809
0.0591784
0.0200147
0.0240281
0.0710212
0.114874
0.153653
0.185656
0.209486
0.224116
0.228926
0.223731
0.208783
0.184756
0.152713
0.114055
0.0704653
0.0238314
0.0286401
0.0846505
0.13691
0.183111
0.221222
0.249583
0.266972
0.272658
0.266429
0.248591
0.219952
0.181783
0.135754
0.0838657
0.0283625
0.0341339
0.100884
0.163153
0.218184
0.263558
0.297297
0.317952
0.324663
0.317186
0.295896
0.261765
0.21631
0.16152
0.0997761
0.0337419
0.0406811
0.120229
0.19442
0.259963
0.313972
0.354095
0.378615
0.386519
0.377533
0.352117
0.311441
0.257317
0.192115
0.118665
0.0401279
0.0484881
0.143294
0.231691
0.30975
0.374027
0.421726
0.450813
0.460102
0.449285
0.418934
0.370454
0.306014
0.228438
0.141085
0.047707
0.0578021
0.170807
0.276141
0.369105
0.445592
0.502278
0.536758
0.547644
0.534601
0.498337
0.440549
0.363831
0.271548
0.16769
0.0566993
0.0689205
0.203646
0.32918
0.4399
0.530906
0.598247
0.639084
0.651801
0.636039
0.592683
0.523786
0.432454
0.322696
0.199245
0.0673637
0.082202
0.242867
0.392505
0.524382
0.632651
0.712616
0.760934
0.775729
0.756636
0.704762
0.622599
0.51387
0.38335
0.236654
0.0800042
0.0980796
0.289744
0.46816
0.625255
0.754046
0.848958
0.906058
0.923186
0.89999
0.837871
0.739856
0.610415
0.455236
0.280972
0.0949766
0.117078
0.34582
0.558617
0.74578
0.898964
1.01155
1.07893
1.09864
1.07037
0.995902
0.878932
0.72483
0.540371
0.333436
0.112697
0.139833
0.412968
0.666871
0.889897
1.07207
1.20554
1.28491
1.3074
1.27282
1.18344
1.04379
0.860321
0.641112
0.395483
0.133648
0.167124
0.493469
0.796562
1.06238
1.27898
1.43707
1.53038
1.55579
1.51332
1.40589
1.23906
1.02063
0.760195
0.468782
0.158391
0.199902
0.590115
0.952133
1.26903
1.52652
1.71359
1.82299
1.85132
1.79891
1.66958
1.47017
1.21009
0.900788
0.555258
0.187571
0.23934
0.706336
1.13903
1.51694
1.82294
2.04404
2.1719
2.20289
2.1379
1.98191
1.7434
1.43373
1.06653
0.657116
0.221926
0.286889
0.846376
1.36395
1.81479
2.17831
2.43923
2.58806
2.6211
2.54009
2.35154
2.06603
1.69731
1.26159
0.776868
0.262296
0.344361
1.01551
1.63522
2.17325
2.6049
2.91224
3.08461
3.1185
3.01692
2.7885
2.44643
2.00739
1.49067
0.917343
0.309624
0.414034
1.22037
1.9632
2.60557
3.11781
3.47896
3.67731
3.70994
3.58182
3.30438
2.89415
2.37141
1.75906
1.08169
0.364957
0.498795
1.46932
2.36092
3.12825
3.73562
4.15873
4.38505
4.41301
4.25038
3.91244
3.41998
2.79765
2.07258
1.27337
0.429439
0.602353
1.77306
2.84492
3.762
4.48135
4.97512
5.23052
5.24838
5.04067
4.62778
4.03597
3.29522
2.43757
1.49611
0.504298
0.729517
2.14543
3.4364
4.53303
5.38372
5.957
6.24092
6.24037
5.9734
5.46734
4.75538
3.87394
2.86075
1.75379
0.590809
0.886624
2.60453
4.16282
5.47482
6.47869
7.13979
7.44882
7.41734
7.07213
6.44983
5.59246
4.54412
3.34901
2.05038
0.690256
1.08215
3.17447
5.06025
6.63055
7.81166
8.56701
8.89314
8.81211
8.36323
7.59554
6.5621
5.31619
3.90916
2.38966
0.803854
1.32767
3.88782
6.17672
8.05652
9.44023
10.2923
10.6201
10.4623
9.87567
8.92574
7.67926
6.20012
4.54736
2.77497
0.932654
1.63928
4.78952
7.57726
9.82692
11.438
12.3814
12.6844
12.4101
11.6403
10.4618
8.95794
7.20456
5.26862
3.20882
1.07741
2.03999
5.94292
9.35139
12.0408
13.8992
14.9153
15.1494
14.702
13.6888
12.2237
10.4098
8.33574
6.07586
3.69238
1.23842
2.56362
7.43967
11.6248
14.8316
16.9452
17.9922
18.0875
17.3866
16.0509
14.2278
12.0423
9.59588
6.96889
4.22485
1.4153
3.26167
9.41614
14.5777
18.3814
20.732
21.7298
21.5784
20.5121
18.7515
16.4834
13.8559
10.9814
7.94316
4.80277
1.60679
4.21587
12.0821
18.4733
22.9402
25.4581
26.2652
25.7045
24.1195
21.8043
18.9885
15.8409
12.4804
8.98834
5.41928
1.81049
5.56278
15.7723
23.7053
28.8524
31.3721
31.7505
30.5417
28.2338
25.2046
21.7238
17.9736
14.0708
10.0869
6.06332
2.02265
7.5458
21.0433
30.8717
36.5889
38.773
38.3378
36.1421
32.849
28.9183
24.6462
20.2121
15.7174
11.213
6.71919
2.23801
10.6358
28.8621
40.8928
46.7789
47.9925
46.1475
42.5043
37.9068
32.8689
27.6809
22.4927
17.3705
12.3316
7.36626
2.44975
15.8405
40.9833
55.1808
60.2135
59.3357
55.2056
49.5292
43.2703
36.9236
30.7155
24.7274
18.9656
13.3991
7.97936
2.64968
25.5855
60.7052
75.8328
77.7523
72.9369
65.3371
56.9582
48.6944
40.8819
33.5973
26.8047
20.4249
14.3647
8.52983
2.82855
46.477
94.3101
105.657
99.9677
88.4713
76.0093
64.3068
53.8049
44.4734
36.1371
28.5954
21.662
15.1736
8.98752
2.97671
98.7023
153.252
147.31
126.215
104.676
86.1535
70.8214
58.1021
47.3735
38.1248
29.9634
22.5901
15.7724
9.32345
3.08499
250.132
254.202
199.484
152.772
118.784
94.0818
75.5211
61.0165
49.2457
39.3572
30.784
23.1321
16.1152
9.5131
3.1457
746.137
395.977
246.096
170.49
126.445
97.7445
77.4035
62.0322
49.8104
39.6761
30.9644
23.2331
16.1698
9.5397
3.15362
1.86914
5.63652
9.49228
13.4989
17.7238
22.24
27.1238
32.4449
38.2371
44.422
50.6191
55.6917
56.7396
47.2033
14.8637
1.7455
5.2569
8.82935
12.5027
16.3143
20.2946
24.4579
28.7827
33.1719
37.3762
40.8521
42.53
40.5438
32.341
16.8957
1.60145
4.81621
8.06545
11.3682
14.7359
18.1661
21.6305
25.0559
28.2914
31.0585
32.8825
33.0326
30.5641
24.721
16.1174
1.44554
4.34099
7.24799
10.1686
13.0951
16.0032
18.8419
21.5188
23.8794
25.6835
26.5868
26.1536
23.9595
19.8614
14.4333
1.28525
3.85421
6.41687
8.96301
11.4725
13.9096
16.2152
18.2978
20.0237
21.2095
21.627
21.0349
19.259
16.332
12.6319
1.12647
3.37372
5.60222
7.794
9.92229
11.9473
13.8112
15.4337
16.7082
17.5038
17.677
17.0994
15.7091
13.5751
10.9369
0.973404
2.91194
4.82428
6.68841
8.47528
10.1459
11.6487
12.9173
13.8715
14.4211
14.4781
13.9769
12.9031
11.3229
9.39126
0.828606
2.47633
4.09455
5.66005
7.14445
8.51234
9.71999
10.7152
11.4391
11.831
11.8377
11.4272
10.6041
9.42248
7.98621
0.693292
2.07024
3.41751
4.71277
5.93011
7.03894
8.00367
8.78425
9.33837
9.6257
9.61448
9.29008
8.66349
7.77675
6.70115
0.567614
1.69383
2.79246
3.84342
4.82425
5.70962
6.47143
7.07965
7.5043
7.71874
7.70419
7.45491
6.9828
6.31964
5.51512
0.45095
1.34499
2.21509
3.04421
3.81384
4.50386
5.09277
5.55856
5.88033
6.04064
6.02847
5.84237
5.49295
5.00364
4.40917
0.342148
1.02008
1.6787
2.30447
2.88305
3.39921
3.83722
4.18149
4.41781
4.53496
4.52659
4.39309
4.14289
3.7927
3.36638
0.239712
0.714477
1.17514
1.61194
2.01467
2.37274
2.67541
2.91237
3.07446
3.15479
3.14982
3.06047
2.89277
2.65788
2.37131
0.141936
0.422974
0.695449
0.953472
1.19095
1.40165
1.57933
1.71811
1.81288
1.85991
1.85744
1.80622
1.70985
1.57473
1.40961
-1004.28
-1012.94
-1021.89
-1031.3
-1041.34
-1052.18
-1063.95
-1076.78
-1090.75
-1105.94
-1122.36
-1140.02
-1158.89
-1178.89
-1199.94
-13.8969
24.0422
-32.0927
1.06045
-29.8319
-4.72215
-25.6675
-8.02115
8.4108
-10.0097
8.63752
-10.2229
9.40954
-11.4012
9.47127
-19.7733
0.11966
-17.9787
-1.16926
-15.1678
-0.90189
-12.5003
-1.21539
9.97897
-1.45224
12.3547
-1.00558
14.9001
-1.9241
16.5737
-10.5365
8.56242
-10.6359
6.77767
-9.52636
6.18253
-8.18791
4.80357
18.0638
3.49407
20.6718
2.78304
23.4209
-0.187355
24.6277
-14.1787
11.9329
-16.3905
7.67197
-16.9965
4.83759
-17.5163
0.432086
18.8068
-4.62681
19.3945
-9.33096
19.1537
-17.2217
16.0093
-39.0942
-5.58247
-43.9279
-14.6905
-47.0353
-22.0312
-50.5314
-31.509
-12.7529
-42.0596
-18.4115
-52.6155
-25.9077
-67.1242
-37.4178
-95.7935
-67.2294
-111.632
-88.055
-132.439
-113.566
-169.837
-160.724
-153.443
-280.982
-297.608
-345.222
-434.275
-601.048
-942.999
5.31347
5.52174
-6.70085
-5.73535
-11.4762
-8.75005
-10.9164
-6.28507
-1.66286
-3.15201
-0.330112
-2.70129
-0.293778
-3.51199
-1.82054
-7.10094
-5.4139
-8.03623
-5.67699
-7.02955
-4.40083
-4.74202
-1.10175
2.52796
2.20255
4.77283
3.5191
5.79864
3.40886
5.01048
0.124239
1.6513
-1.3356
0.818291
-1.15111
1.3849
0.483108
4.39652
8.3644
7.51148
10.3002
8.13037
10.5589
6.61684
8.08475
0.453243
1.78987
-3.34216
-1.16438
-4.99798
-2.33939
-4.79187
-0.205997
4.37002
1.62958
4.24989
-0.663838
1.23611
-6.19069
-5.72609
-17.8164
-17.5893
-25.8207
-24.6236
-31.0622
-29.583
-34.423
-31.1542
-28.1456
-33.7693
-33.603
-41.8888
-43.1074
-54.3015
-57.685
-73.9413
-78.7453
-92.9945
-98.9338
-114.847
-124.21
-145.2
-158.114
-177.349
-222.71
-253.014
-285.579
-322.387
-348.819
-297.424
9.0618
4.90178
-0.299607
-2.8739
-5.31262
-5.73266
-5.95383
-4.5358
-2.93619
-2.50228
-1.8198
-2.06104
-1.89615
-2.69282
-3.07295
-4.46177
-4.74202
-5.26722
-4.83977
-4.62442
-3.62317
-2.71711
-0.973057
0.772122
1.68735
2.69732
2.95565
3.42071
2.99398
2.78945
1.54964
1.24005
0.561724
0.796206
0.736105
1.53747
2.21998
3.91073
5.60661
6.28452
7.06874
6.85564
6.87015
5.63028
4.64458
2.17077
0.961449
-0.82022
-1.34464
-2.34843
-2.15668
-2.20288
-0.830165
0.468613
0.166199
-0.046109
-1.80868
-3.25126
-6.52352
-9.3827
-14.2757
-17.416
-21.2906
-23.5615
-26.4908
-28.0351
-29.9913
-30.4245
-31.1078
-33.8166
-36.6234
-41.3385
-45.9424
-52.7258
-59.4151
-68.58
-76.6598
-86.3229
-95.4505
-106.685
-118.108
-132.194
-146.401
-163.633
-186.12
-205.165
-219.821
-225.438
-208.659
-143.367
9.56499
5.78238
2.31956
-0.20668
-2.05501
-3.0007
-3.35075
-3.04706
-2.52998
-2.20954
-1.97838
-2.00466
-2.11292
-2.47248
-2.87184
-3.41791
-3.71637
-3.86901
-3.69608
-3.34994
-2.70742
-1.89788
-0.844989
0.212413
1.03669
1.70515
2.09549
2.32797
2.26012
2.06025
1.63659
1.36082
1.14567
1.1994
1.38388
1.86229
2.50606
3.41863
4.31577
4.90555
5.27447
5.25424
4.98884
4.27889
3.34851
2.06867
0.958482
-0.107427
-0.83326
-1.4191
-1.62997
-1.65572
-1.34648
-1.12567
-1.42551
-2.10825
-3.4128
-5.10233
-7.4496
-10.1089
-13.2572
-16.1834
-19.0679
-21.5494
-23.9118
-25.8921
-27.7508
-29.3329
-31.1512
-33.7205
-36.894
-40.9461
-45.6367
-51.2834
-57.5781
-64.7788
-72.292
-80.4199
-88.931
-98.247
-108.172
-119.009
-130.329
-142.346
-154.482
-163.632
-167.077
-160.737
-138.354
-93.6658
9.14187
6.20237
3.58992
1.48421
-0.0973497
-1.1266
-1.68923
-1.86579
-1.8408
-1.78846
-1.7665
-1.83051
-1.96806
-2.19512
-2.45973
-2.73091
-2.90102
-2.93993
-2.80215
-2.50258
-2.03254
-1.42947
-0.723807
-0.0120156
0.609987
1.11303
1.46217
1.66725
1.71589
1.65283
1.51006
1.39378
1.34193
1.4138
1.60787
1.94845
2.4045
2.94817
3.46693
3.844
4.03998
4.00526
3.74705
3.24429
2.55502
1.72165
0.891142
0.115043
-0.524072
-1.03035
-1.37044
-1.59156
-1.7361
-1.97081
-2.46649
-3.27559
-4.46318
-6.00685
-7.92692
-10.1315
-12.5593
-15.0112
-17.4261
-19.7095
-21.8835
-23.9248
-25.9088
-27.9018
-30.1134
-32.7549
-35.8996
-39.6346
-43.9547
-48.9081
-54.4369
-60.5276
-67.0391
-73.9651
-81.2525
-88.9326
-96.9218
-105.129
-113.253
-120.888
-127.142
-130.315
-128.423
-119.138
-100.168
-70.8711
8.38217
6.15063
4.12985
2.41957
1.06427
0.0748468
-0.584418
-0.975508
-1.19182
-1.32446
-1.4317
-1.55134
-1.69523
-1.86464
-2.03915
-2.19045
-2.2756
-2.2663
-2.14223
-1.90173
-1.5503
-1.10986
-0.612555
-0.108279
0.353422
0.741358
1.03507
1.23055
1.33123
1.3589
1.34408
1.33264
1.35871
1.45091
1.61953
1.86698
2.17537
2.5122
2.82071
3.04175
3.13621
3.07661
2.85586
2.47673
1.96745
1.36894
0.743852
0.138659
-0.407765
-0.882502
-1.28383
-1.63932
-1.99749
-2.44182
-3.05784
-3.89961
-5.00253
-6.37111
-7.99628
-9.83447
-11.8282
-13.8942
-15.9753
-18.0287
-20.0478
-22.0417
-24.0553
-26.1577
-28.4579
-31.0665
-34.0569
-37.4821
-41.3622
-45.7057
-50.488
-55.672
-61.1908
-66.9914
-73.0097
-79.1744
-85.359
-91.3694
-96.8832
-101.42
-104.238
-104.293
-100.414
-91.4851
-76.8502
-57.0413
7.49231
5.79619
4.22351
2.84465
1.69994
0.801836
0.13521
-0.335906
-0.662322
-0.896017
-1.07799
-1.23623
-1.38461
-1.52573
-1.65091
-1.74418
-1.78506
-1.75683
-1.64885
-1.4595
-1.19509
-0.871005
-0.510215
-0.142099
0.204221
0.506514
0.750568
0.93155
1.05287
1.12731
1.17446
1.21866
1.28149
1.37918
1.51891
1.699
1.90653
2.11828
2.30174
2.42309
2.45557
2.38137
2.19408
1.89794
1.50979
1.05594
0.569357
0.0791191
-0.393194
-0.838835
-1.26168
-1.68163
-2.1332
-2.66396
-3.32243
-4.14586
-5.15759
-6.36409
-7.75707
-9.31153
-10.9913
-12.7535
-14.5625
-16.3952
-18.2465
-20.1282
-22.0719
-24.1266
-26.3564
-28.8258
-31.5861
-34.6721
-38.1
-41.869
-45.9585
-50.3316
-54.9341
-59.7018
-64.5537
-69.3845
-74.0446
-78.3222
-81.9178
-84.4244
-85.309
-83.9366
-79.6737
-72.0475
-60.9817
-47.0786
6.55966
5.26479
4.03884
2.93342
1.98137
1.19638
0.574204
0.0962424
-0.265413
-0.541116
-0.757494
-0.934362
-1.08344
-1.20879
-1.30761
-1.37231
-1.39303
-1.36116
-1.27159
-1.12431
-0.924782
-0.683954
-0.41737
-0.143479
0.119481
0.356605
0.557973
0.719546
0.843138
0.936155
1.0102
1.079
1.15521
1.24806
1.36135
1.49267
1.63277
1.76628
1.87338
1.93362
1.92978
1.85022
1.69034
1.45292
1.14806
0.791422
0.401496
-0.00483836
-0.41562
-0.826564
-1.24225
-1.67691
-2.15341
-2.70065
-3.34794
-4.11936
-5.03055
-6.08689
-7.2836
-8.60635
-10.0341
-11.5433
-13.1138
-14.7332
-16.3996
-18.1234
-19.9265
-21.8415
-23.9077
-26.1644
-28.6439
-31.3679
-34.3447
-37.5685
-41.0185
-44.6585
-48.4374
-52.2884
-56.1257
-59.838
-63.2785
-66.2545
-68.518
-69.7619
-69.6279
-67.7403
-63.7755
-57.562
-49.198
-39.151
5.62417
4.63421
3.68068
2.80141
2.02229
1.35657
0.805596
0.360978
0.00778313
-0.271586
-0.493845
-0.672454
-0.816401
-0.93
-1.01339
-1.06371
-1.0767
-1.04855
-0.977387
-0.864341
-0.713926
-0.533986
-0.335046
-0.129128
0.0719309
0.258165
0.42266
0.562208
0.677401
0.77229
0.853457
0.928632
1.00496
1.08745
1.17779
1.27362
1.36847
1.45223
1.51245
1.53636
1.51297
1.43466
1.29818
1.10498
0.860845
0.574793
0.257229
-0.0824225
-0.437842
-0.807493
-1.19552
-1.61194
-2.0718
-2.59327
-3.19469
-3.8916
-4.69446
-5.60752
-6.62861
-7.74986
-8.95957
-10.2448
-11.5947
-13.003
-14.4702
-16.004
-17.6198
-19.3385
-21.1846
-23.1818
-25.3494
-27.6993
-30.2332
-32.9421
-35.8043
-38.7853
-41.8364
-44.8942
-47.8772
-50.6824
-53.1806
-55.212
-56.5855
-57.0826
-56.4711
-54.5342
-51.115
-46.1726
-39.8374
-32.4421
4.704
3.95083
3.21524
2.52481
1.89952
1.35112
0.883436
0.493646
0.174235
-0.0847449
-0.293515
-0.460941
-0.593553
-0.695212
-0.767307
-0.809401
-0.82016
-0.79841
-0.744059
-0.658752
-0.546171
-0.411975
-0.263379
-0.108404
0.0450909
0.190378
0.322611
0.439266
0.540219
0.627491
0.70464
0.77589
0.845106
0.914834
0.98555
1.05525
1.11938
1.1713
1.20302
1.20642
1.17443
1.10203
0.986889
0.829543
0.633143
0.402692
0.143908
-0.138162
-0.44044
-0.762833
-1.10879
-1.48532
-1.90238
-2.37165
-2.90488
-3.51217
-4.20062
-4.97352
-5.83029
-6.7669
-7.77714
-8.85415
-9.99236
-11.189
-12.4455
-13.7677
-15.1657
-16.6531
-18.2447
-19.9546
-21.7935
-23.7663
-25.8708
-28.0957
-30.42
-32.8116
-35.2267
-37.6085
-39.8855
-41.9698
-43.7553
-45.1175
-45.9158
-45.9998
-45.223
-43.4627
-40.6478
-36.789
-32.0035
-26.5224
3.80623
3.24178
2.68443
2.15404
1.66568
1.22906
0.848694
0.524548
0.253232
0.0293472
-0.153183
-0.300036
-0.415768
-0.503498
-0.564942
-0.600736
-0.610966
-0.595765
-0.555868
-0.49301
-0.410123
-0.311294
-0.201504
-0.0861666
0.0294398
0.140743
0.244339
0.338267
0.422061
0.49658
0.563618
0.625369
0.683798
0.740063
0.79405
0.844126
0.887138
0.918676
0.933585
0.926644
0.893274
0.830144
0.735547
0.609516
0.453634
0.270548
0.0632676
-0.16566
-0.414934
-0.68511
-0.978917
-1.30123
-1.65867
-2.05882
-2.50932
-3.01679
-3.58606
-4.2197
-4.9179
-5.67886
-6.49947
-7.37631
-8.30673
-9.28985
-10.3272
-11.423
-12.584
-13.8184
-15.1353
-16.5426
-18.0454
-19.6447
-21.3358
-23.1072
-24.9396
-26.8049
-28.6658
-30.4746
-32.1722
-33.6883
-34.9404
-35.836
-36.2751
-36.1574
-35.3917
-33.9101
-31.684
-28.7403
-25.1716
-21.1368
2.93181
2.52237
2.11466
1.7226
1.35716
1.02585
0.73283
0.479206
0.263756
0.0837122
-0.064412
-0.184132
-0.2785
-0.349839
-0.399718
-0.429097
-0.43861
-0.428907
-0.400967
-0.356342
-0.297267
-0.226641
-0.147866
-0.0645689
0.0197266
0.101943
0.17972
0.251585
0.31698
0.376153
0.42992
0.479334
0.525309
0.568269
0.607872
0.642869
0.671103
0.689683
0.695296
0.6846
0.654647
0.603234
0.529129
0.432134
0.312952
0.172894
0.0134483
-0.16421
-0.359684
-0.573711
-0.808345
-1.06692
-1.35378
-1.67387
-2.03209
-2.43277
-2.87919
-3.37326
-3.91551
-4.50529
-5.14119
-5.82165
-6.54558
-7.31292
-8.12505
-8.98486
-9.89661
-10.8654
-11.8962
-12.9933
-14.1587
-15.3912
-16.6855
-18.0311
-19.4119
-20.8049
-22.1804
-23.5007
-24.7207
-25.787
-26.6393
-27.2119
-27.4367
-27.2484
-26.5916
-25.4297
-23.7538
-21.5915
-19.0109
-16.119
2.07803
1.8004
1.52224
1.25276
0.999381
0.767432
0.560134
0.378798
0.223191
0.0920069
-0.0166532
-0.104855
-0.174514
-0.227212
-0.264149
-0.286202
-0.29407
-0.288458
-0.270249
-0.240639
-0.201207
-0.153892
-0.10091
-0.0445869
0.0128258
0.0693468
0.123423
0.174023
0.220656
0.263304
0.302281
0.338037
0.370943
0.401084
0.428105
0.451122
0.468736
0.479131
0.480255
0.470048
0.44668
0.408754
0.355428
0.28645
0.202079
0.102904
-0.0104002
-0.137362
-0.277974
-0.432897
-0.603557
-0.792118
-1.00133
-1.23425
-1.49395
-1.78314
-2.10394
-2.45769
-2.84493
-3.26554
-3.71898
-4.20463
-4.72214
-5.27173
-5.85445
-6.47216
-7.1274
-7.82308
-8.56195
-9.34595
-10.1755
-11.0489
-11.9613
-12.9047
-13.8666
-14.8304
-15.7743
-16.6717
-17.4905
-18.1939
-18.7412
-19.0888
-19.1932
-19.0141
-18.5192
-17.6895
-16.5242
-15.0453
-13.2986
-11.3529
1.24017
1.07924
0.917364
0.759782
0.610791
0.473558
0.350105
0.241394
0.147514
0.0679244
0.00170349
-0.0522199
-0.0948916
-0.127224
-0.149955
-0.163676
-0.168887
-0.166094
-0.155891
-0.139027
-0.116442
-0.0892526
-0.0587115
-0.0261215
0.00726072
0.0403236
0.0721813
0.102223
0.13012
0.155791
0.179327
0.200891
0.220605
0.238443
0.25415
0.267203
0.276813
0.281979
0.28158
0.274498
0.259731
0.236501
0.204318
0.162988
0.112578
0.0533197
-0.0145235
-0.0907967
-0.175593
-0.269355
-0.372922
-0.487514
-0.614649
-0.756008
-0.913265
-1.08792
-1.28117
-1.49379
-1.72619
-1.97842
-2.2503
-2.54164
-2.85237
-3.18274
-3.53336
-3.90527
-4.29982
-4.71847
-5.16253
-5.63279
-6.12913
-6.6501
-7.19254
-7.75123
-8.31855
-8.88426
-9.43525
-9.95553
-10.4262
-10.8257
-11.1304
-11.3159
-11.3577
-11.2343
-10.9288
-10.4324
-9.74636
-8.88437
-7.87296
-6.75036
-1220.08
-1238.97
-1258.35
-1278.15
-1298.29
-1318.71
-1339.34
-1360.12
-1381
-1401.94
-1422.91
-1443.86
-1464.78
-1485.64
-1506.44
-1527.15
-1547.78
-1568.32
-1588.77
-1609.13
-1629.43
-1649.65
-1669.82
-1689.96
-1710.06
-1730.17
-1750.27
-1770.4
-1790.56
-1810.78
-1831.05
-1851.39
-1871.81
-1892.32
-1912.92
-1933.64
-1954.46
-1975.39
-1996.44
-2017.61
-2038.89
-2060.28
-2081.77
-2103.33
-2124.95
-2146.62
-2168.29
-2189.94
-2211.53
-2233.03
-2254.39
-2275.56
-2296.48
-2317.11
-2337.38
-2357.2
-2376.51
-2395.2
-2413.19
-2430.37
-2446.61
-2461.8
-2475.79
-2488.45
-2499.62
-2509.14
-2516.83
-2522.52
-2526
-2527.09
-2525.54
-2521.15
-2513.66
-2502.83
-2488.39
-2470.08
-2447.63
-2420.8
-2389.34
-2353.02
-2311.67
-2265.13
-2213.33
-2156.23
-2093.9
-2026.47
-1954.17
-1877.34
-1796.36
-1711.71
682.001
365.003
231.401
162.702
121.79
94.695
75.2795
60.4952
48.6742
38.8297
30.3383
22.7825
15.8656
9.36379
3.09604
134.577
184.831
160.533
129.874
104.376
84.4428
68.7645
56.1251
45.635
36.6728
28.8019
21.7077
15.1548
8.95813
2.96412
8.17191
79.2085
96.025
91.8826
81.3955
69.9354
59.2101
49.605
41.0674
33.4241
26.4885
20.0916
14.0874
8.34976
2.76641
-23.9554
27.8053
52.4749
60.2357
59.3874
54.6923
48.5351
42.0169
35.605
29.4676
23.6362
18.0825
12.7535
7.58698
2.51814
-31.7957
3.49328
25.8336
37.1971
41.2258
40.9109
38.2204
34.322
29.8678
25.2046
20.5059
15.8486
11.257
6.72643
2.2373
-32.2967
-7.86989
10.1689
21.4932
27.4072
29.5047
29.1133
27.1826
24.3393
20.977
17.3339
13.549
9.69929
5.8244
1.94192
-30.2301
-12.8448
1.21849
11.1992
17.4049
20.5869
21.5451
20.9556
19.3296
17.03
14.3037
11.314
8.16672
4.92991
1.64788
-27.1681
-14.4976
-3.64943
4.68009
10.426
13.8928
15.5244
15.7647
14.9934
13.5096
11.5367
9.23634
6.72365
4.08063
1.36756
-23.7045
-14.3282
-5.9988
0.744358
5.72608
9.03358
10.8949
11.5851
11.3696
10.4783
9.09706
7.37099
5.41085
3.30136
1.10926
-20.0853
-13.112
-6.76209
-1.43011
2.7002
5.62039
7.43637
8.31086
8.42165
7.93666
7.00217
5.73962
4.24733
2.60468
0.877335
-16.4174
-11.2725
-6.50761
-2.40306
0.884274
3.31127
4.91919
5.80024
6.06931
5.84443
5.23525
4.33791
3.23409
1.99266
0.672714
-12.7458
-9.05287
-5.59284
-2.55881
-0.0713418
1.82118
3.12887
3.90155
4.21089
4.13647
3.75647
3.14266
2.35845
1.45916
0.49359
-9.08746
-6.60037
-4.25207
-2.16804
-0.432049
0.915888
1.87349
2.46614
2.7362
2.73403
2.51146
2.11778
1.59788
0.991924
0.336088
-5.44484
-4.00911
-2.64703
-1.42923
-0.404727
0.400894
0.983048
1.35328
1.53368
1.55195
1.43752
1.21909
0.923333
0.574546
0.194893
-1615.14
-1506.14
-1394.47
-1281.03
-1166.64
-1052
-937.643
-823.953
-711.179
-599.438
-488.741
-379.009
-270.095
-161.8
-53.8897
)
;

boundaryField
{
    hot
    {
        type            calculated;
        value           nonuniform List<scalar> 
120
(
997.211
-0.189232
-0.317967
-0.45027
-0.586967
-0.728236
-0.873364
-1.02056
-1.16674
-1.30751
-1.43718
-1.54923
-1.6369
-1.69411
-1.71646
-1.70613
-1.66928
-1.60964
-1.53048
-1.43592
-1.33045
-1.21852
-1.10423
-0.991099
-0.881917
-0.778757
-0.683009
-0.595466
-0.516439
-0.445868
-0.383426
-0.328607
-0.2808
-0.239341
-0.20356
-0.172804
-0.146458
-0.123954
-0.104778
-0.0884704
-0.0746243
-0.0628832
-0.0529363
-0.0445144
-0.0373854
-0.0313496
-0.0262358
-0.0218973
-0.0182083
-0.0150615
-0.0123642
-0.0100368
-0.00801022
-0.00622414
-0.00462511
-0.0031652
-0.00180054
-0.000490062
0.00080571
0.00212583
0.00351008
0.00500015
0.00664084
0.0084814
0.010577
0.0129901
0.0157925
0.0190674
0.0229113
0.0274369
0.032776
0.0390829
0.046538
0.0553522
0.0657716
0.0780824
0.0926162
0.109756
0.129939
0.153666
0.1815
0.214069
0.252065
0.296233
0.347361
0.406251
0.473684
0.550367
0.636863
0.733495
0.840238
0.95659
1.08143
1.2129
1.34829
1.484
1.61562
1.73805
1.84587
1.93376
1.99702
2.03211
2.03712
2.01195
1.95834
1.86914
1.7455
1.60145
1.44554
1.28525
1.12647
0.973404
0.828606
0.693292
0.567614
0.45095
0.342148
0.239712
0.141936
-1004.28
)
;
    }
    cold
    {
        type            calculated;
        value           nonuniform List<scalar> 
120
(
5.18524
-0.0522603
-0.0865762
-0.120062
-0.152302
-0.182806
-0.211007
-0.236266
-0.257897
-0.275214
-0.287592
-0.294547
-0.295815
-0.291423
-0.28172
-0.26889
-0.254281
-0.237632
-0.219589
-0.200786
-0.181802
-0.163138
-0.145196
-0.128276
-0.11258
-0.0982255
-0.0852574
-0.0736644
-0.0633939
-0.0543653
-0.046481
-0.0396347
-0.0337183
-0.028626
-0.0242579
-0.0205213
-0.017332
-0.0146143
-0.0123012
-0.0103333
-0.00865913
-0.00723339
-0.00601698
-0.00497588
-0.00408062
-0.0033055
-0.00262807
-0.00202853
-0.00148924
-0.000994198
-0.000528675
-7.87384e-05
0.00036912
0.000828382
0.0013129
0.0018373
0.00241745
0.00307086
0.00381731
0.00467933
0.00568297
0.00685851
0.00824139
0.00987324
0.0118031
0.0140889
0.0167992
0.0200147
0.0238314
0.0283625
0.0337419
0.0401279
0.047707
0.0566993
0.0673637
0.0800042
0.0949766
0.112697
0.133648
0.158391
0.187571
0.221926
0.262296
0.309624
0.364957
0.429439
0.504298
0.590809
0.690256
0.803854
0.932654
1.07741
1.23842
1.4153
1.60679
1.81049
2.02265
2.23801
2.44975
2.64968
2.82855
2.97671
3.08499
3.1457
3.15362
3.09604
2.96412
2.76641
2.51814
2.2373
1.94192
1.64788
1.36756
1.10926
0.877335
0.672714
0.49359
0.336088
0.194893
-53.8897
)
;
    }
    interface_left
    {
        type            calculated;
        value           nonuniform List<scalar> 
90
(
-292.068
-99.3765
-40.0466
-19.3163
-10.8789
-6.86581
-4.68124
-3.36195
-2.50275
-1.91181
-1.48867
-1.17628
-0.940119
-0.758195
-0.615917
-0.503274
-0.413193
-0.340559
-0.281592
-0.233448
-0.193954
-0.161429
-0.134553
-0.112283
-0.0937853
-0.0783884
-0.0655491
-0.0548245
-0.0458518
-0.0383327
-0.0320206
-0.026711
-0.0222337
-0.0184465
-0.01523
-0.0124832
-0.0101207
-0.00806903
-0.00626492
-0.00465277
-0.00318306
-0.00181075
-0.000493853
0.000807888
0.00213424
0.00352573
0.00502491
0.00667769
0.00853476
0.0106532
0.0130984
0.015946
0.0192844
0.0232178
0.0278698
0.0333872
0.0399458
0.0477563
0.0570723
0.0682001
0.0815111
0.0974572
0.116591
0.139591
0.167298
0.200754
0.241271
0.290506
0.35058
0.424235
0.515073
0.627896
0.769224
0.948104
1.1774
1.47595
1.87228
2.41148
3.16856
4.27666
5.99244
8.86362
14.2064
25.6029
54.0005
136.224
405.486
404.57
132.199
40.5643
)
;
    }
    interface_right
    {
        type            calculated;
        value           nonuniform List<scalar> 
90
(
-15.7384
-5.90493
-2.68756
-1.46273
-0.9106
-0.61982
-0.446815
-0.334511
-0.257049
-0.201273
-0.159828
-0.128291
-0.103847
-0.0846227
-0.0693265
-0.0570402
-0.0470947
-0.0389925
-0.0323569
-0.0268981
-0.0223902
-0.0186551
-0.0155512
-0.0129647
-0.0108033
-0.00899194
-0.00746911
-0.00618393
-0.00509412
-0.00416435
-0.00336477
-0.00267001
-0.00205817
-0.00151013
-0.00100886
-0.000538865
-8.56786e-05
0.000364596
0.000825732
0.00131181
0.00183764
0.00241924
0.00307434
0.00382288
0.00468768
0.00569509
0.00687586
0.00826605
0.00990818
0.0118525
0.0141588
0.0168978
0.020154
0.0240281
0.0286401
0.0341339
0.0406811
0.0484881
0.0578021
0.0689205
0.082202
0.0980796
0.117078
0.139833
0.167124
0.199902
0.23934
0.286889
0.344361
0.414034
0.498795
0.602353
0.729517
0.886624
1.08215
1.32767
1.63928
2.03999
2.56362
3.26167
4.21587
5.56278
7.5458
10.6358
15.8405
25.5855
46.477
98.7023
250.132
746.137
)
;
    }
    interface_top
    {
        type            calculated;
        value           nonuniform List<scalar> 
90
(
-29.9529
41.413
-52.8396
9.12004
-44.0623
0.724885
-37.0618
-8.82877
17.1434
-16.3233
16.332
-17.1093
17.7528
-18.5724
19.5055
-30.4604
5.7627
-26.0071
3.54671
-21.6761
2.85433
-18.7695
-1.26509
16.078
-5.23666
18.4889
-5.61026
22.3161
-7.25776
26.4037
-19.9051
14.9875
-18.4656
12.4728
-16.481
10.9053
-15.4112
4.97463
25.808
-0.977789
28.8895
-2.95385
33.7475
-7.22209
38.5646
-27.1538
21.2443
-27.4494
16.0321
-26.9979
11.8604
-28.1173
0.735724
30.3988
-11.4055
31.5601
-18.2086
33.8205
-28.0141
34.7063
-57.4944
5.97683
-58.833
-4.73171
-59.9274
-14.0517
-63.5078
-31.5912
0.057183
-50.2151
-5.71756
-62.7623
-11.2706
-78.8576
-19.3823
-114.122
-55.5423
-126.427
-76.5657
-145.821
-101.301
-187.778
-159.109
-125.998
-319.492
-317.202
-369.382
-488.718
-759.324
-1469.63
)
;
    }
    interface_bottom
    {
        type            calculated;
        value           nonuniform List<scalar> 
90
(
333.415
128.093
98.9075
42.9816
59.7144
28.6241
44.7941
26.9328
11.6425
27.3853
10.7226
25.7003
10.0406
24.9312
10.2148
27.7722
16.0961
24.489
17.5284
21.2334
17.9544
18.2562
17.5752
18.1347
16.5308
19.6653
14.9649
21.3241
12.6263
22.8711
6.50919
18.9766
5.32087
18.0419
4.42754
17.258
2.92438
13.4802
25.0614
8.78756
26.7222
5.87432
28.6927
1.76103
29.8897
-9.68294
19.3511
-8.41427
17.6067
-7.35223
16.544
-7.92066
10.54
29.9791
3.3151
31.938
-0.484165
34.4191
-5.80299
35.8328
-21.5549
20.4863
-18.9462
18.05
-16.9744
16.4707
-17.3741
8.12472
34.7547
-1.6543
37.3395
-6.6055
41.1828
-13.8638
44.5481
-38.876
21.9153
-39.1849
15.7682
-41.2105
9.24493
-48.6227
-10.8917
28.619
-50.2672
-6.21391
48.2619
-113.536
-69.2504
-57.5093
)
;
    }
    defaultFaces
    {
        type            empty;
    }
}


// ************************************************************************* //
