/*--------------------------------*- C++ -*----------------------------------*\
| =========                 |                                                 |
| \\      /  F ield         | OpenFOAM: The Open Source CFD Toolbox           |
|  \\    /   O peration     | Version:  5.x                                   |
|   \\  /    A nd           | Web:      www.OpenFOAM.org                      |
|    \\/     M anipulation  |                                                 |
\*---------------------------------------------------------------------------*/
FoamFile
{
    version     2.0;
    format      ascii;
    class       volScalarField;
    location    "16";
    object      gradTy;
}
// * * * * * * * * * * * * * * * * * * * * * * * * * * * * * * * * * * * * * //

dimensions      [0 -1 0 1 0 0 0];

internalField   nonuniform List<scalar> 
6300
(
998.233
994.828
991.811
989.434
987.941
987.562
988.508
990.964
995.08
1000.96
1008.67
1018.19
1029.47
1042.37
1056.69
-0.194382
-0.580703
-0.959435
-1.32467
-1.66926
-1.98453
-2.26012
-2.48413
-2.64372
-2.72623
-2.72078
-2.62034
-2.42389
-2.13799
-1.77728
-0.326696
-0.9763
-1.6141
-2.23075
-2.81472
-3.35168
-3.82418
-4.21175
-4.49177
-4.64129
-4.63994
-4.47366
-4.13894
-3.64624
-3.02129
-0.462783
-1.38369
-2.28993
-3.16951
-4.00717
-4.7833
-5.47318
-6.04692
-6.47031
-6.70725
-6.72403
-6.49541
-6.01197
-5.28677
-4.35866
-0.603531
-1.80572
-2.9924
-4.15017
-5.26112
-6.30111
-7.23829
-8.03239
-8.63523
-8.99333
-9.05347
-8.77194
-8.12671
-7.13011
-5.83695
-0.749152
-2.24328
-3.72376
-5.17762
-6.58604
-7.92171
-9.14644
-10.2091
-11.0449
-11.5773
-11.7246
-11.4122
-10.5928
-9.27002
-7.51738
-0.898938
-2.69448
-4.48169
-6.2505
-7.98365
-9.65321
-11.2166
-12.6126
-13.7578
-14.5464
-14.8552
-14.5593
-13.5622
-11.8397
-9.48395
-1.05105
-3.15399
-5.25802
-7.35899
-9.44479
-11.4908
-13.4542
-15.2667
-16.8273
-17.9953
-18.5905
-18.4074
-17.2568
-15.0426
-11.8619
-1.20233
-3.61238
-6.03736
-8.48262
-10.9457
-13.411
-15.8425
-18.1728
-20.2893
-22.0169
-23.1038
-23.2229
-22.015
-19.2119
-14.8554
-1.34819
-4.05584
-6.7964
-9.58842
-12.4442
-15.3649
-18.3318
-21.2926
-24.1401
-26.679
-28.5849
-29.3653
-28.3682
-24.9346
-18.8366
-1.48277
-4.46637
-7.50394
-10.6304
-13.8779
-17.2726
-20.8269
-24.5257
-28.2992
-31.9739
-35.1912
-37.2852
-37.1577
-33.3214
-24.5906
-1.59927
-4.82291
-8.12257
-11.5511
-15.1643
-19.0204
-23.1775
-27.6841
-32.5567
-37.7261
-42.9206
-47.4264
-49.6557
-46.6029
-34.1114
-1.69066
-5.10341
-8.61226
-12.2872
-16.2077
-20.4672
-25.1783
-30.4763
-36.5173
-43.453
-51.3386
-59.8437
-67.4355
-69.3232
-53.658
-1.75058
-5.28779
-8.93579
-12.7777
-16.9119
-21.4623
-26.5919
-32.5254
-39.5828
-48.2296
-59.1366
-73.1739
-90.9192
-109.596
-107.232
-1.77445
-5.36136
-9.06539
-12.9756
-17.2
-21.878
-27.2015
-33.4505
-41.0587
-50.7457
-63.804
-82.7958
-113.471
-170.908
-302.643
1070.91
1084.48
1098.52
1112.86
1127.33
1141.77
1156.03
1169.98
1183.51
1196.52
1208.93
1220.67
1231.69
1241.95
1251.4
1260.04
1267.84
1274.77
1280.85
1286.06
1290.4
1293.87
1296.48
1298.24
1299.14
1299.21
1298.45
1296.87
1294.48
1291.31
1287.35
1282.63
1277.16
1270.95
1264.02
1256.37
1248.02
1238.97
1229.25
1218.87
1207.83
1196.15
1183.85
1170.93
1157.41
1143.31
1128.63
1113.4
1097.62
1081.3
1064.46
1047.1
1029.24
1010.89
992.048
972.737
952.966
932.749
912.1
891.035
869.573
847.732
825.53
802.987
780.125
756.964
733.528
709.84
685.929
661.825
637.562
613.181
588.724
564.24
539.784
515.412
491.186
467.169
443.426
420.022
397.02
374.483
352.47
331.036
310.229
290.093
270.663
251.966
234.02
216.834
-1.39777
-1.03199
-0.660487
-0.297152
0.0464615
0.361807
0.643525
0.889203
1.09886
1.27433
1.41856
1.53514
1.62776
1.69997
1.75499
1.79559
1.8241
1.84246
1.85224
1.85475
1.85107
1.8421
1.82862
1.81133
1.79084
1.76773
1.74252
1.71574
1.68788
1.65944
1.63082
1.6024
1.57445
1.54712
1.52042
1.49422
1.46831
1.44237
1.41608
1.38915
1.36142
1.33288
1.30367
1.27412
1.24468
1.21585
1.18811
1.16181
1.13711
1.11393
1.09192
1.07052
1.04898
1.02651
1.00233
0.975834
0.946624
0.914572
0.879795
0.842602
0.803381
0.762478
0.720061
0.67601
0.629838
0.580679
0.527333
0.468366
0.402273
0.327653
0.243399
0.148854
0.0439181
-0.0708991
-0.194501
-0.325277
-0.461221
-0.600064
-0.739401
-0.876787
-1.0098
-1.13605
-1.25317
-1.35881
-1.45064
-1.52639
-1.58401
-1.62185
-1.63885
-1.63473
-2.36287
-1.72922
-1.0879
-0.463909
0.122429
0.656583
1.13
1.53946
1.88603
2.17375
2.40848
2.59686
2.74556
2.8608
2.94806
3.01199
3.05642
3.08447
3.09869
3.10114
3.09354
3.07734
3.05379
3.02398
2.98892
2.94953
2.90668
2.86125
2.81408
2.76597
2.7177
2.66991
2.62309
2.57751
2.5332
2.48992
2.44722
2.4045
2.36112
2.31651
2.27032
2.22249
2.1733
2.12334
2.07348
2.02469
1.97789
1.9338
1.89277
1.85468
1.81891
1.78441
1.7498
1.71355
1.67424
1.63071
1.58223
1.52863
1.47018
1.40758
1.34167
1.27324
1.20274
1.1301
1.05453
0.974515
0.887885
0.792007
0.684078
0.561473
0.422096
0.264674
0.0889705
-0.10414
-0.31271
-0.533869
-0.764063
-0.999307
-1.23544
-1.46829
-1.6938
-1.90799
-2.10696
-2.28675
-2.44339
-2.57291
-2.67159
-2.73634
-2.76512
-2.75731
-3.37861
-2.4376
-1.49052
-0.576596
0.273376
1.03865
1.70837
2.2801
2.75773
3.14927
3.46492
3.71548
3.91131
4.06168
4.17448
4.25621
4.31205
4.34616
4.36183
4.36175
4.34814
4.32291
4.28769
4.24393
4.19297
4.13603
4.07431
4.00901
3.94133
3.87249
3.80363
3.73576
3.66968
3.60582
3.54423
3.48451
3.42589
3.36732
3.30766
3.24589
3.18134
3.11383
3.04378
2.97219
2.9005
2.83041
2.76353
2.70115
2.64396
2.59185
2.54385
2.49825
2.45275
2.40481
2.35203
2.29248
2.22504
2.14945
2.06638
1.97714
1.88341
1.78679
1.68835
1.58824
1.48546
1.37772
1.26161
1.13286
0.986879
0.819315
0.62665
0.406704
0.158977
-0.115227
-0.412887
-0.729545
-1.05972
-1.39735
-1.73627
-2.07044
-2.39414
-2.70191
-2.98839
-3.24809
-3.47525
-3.66387
-3.80805
-3.90264
-3.94409
-3.93114
-4.46626
-3.15457
-1.84524
-0.597007
0.546475
1.55852
2.42807
3.15645
3.75359
4.23429
4.61529
4.91311
5.14272
5.31686
5.44587
5.5379
5.59921
5.63461
5.64787
5.64205
5.61972
5.5831
5.53411
5.47451
5.40586
5.32965
5.24734
5.16043
5.07052
4.97927
4.88836
4.7993
4.71331
4.63112
4.55281
4.47777
4.40473
4.33196
4.25749
4.17954
4.09686
4.00906
3.91672
3.82141
3.72548
3.63173
3.54291
3.46127
3.38808
3.32331
3.26557
3.21216
3.15942
3.10325
3.03975
2.96585
2.87976
2.78126
2.67163
2.55334
2.42949
2.30313
2.17651
2.05041
1.92369
1.79315
1.65367
1.49867
1.3209
1.11344
0.870623
0.58887
0.267239
-0.0924113
-0.485587
-0.905645
-1.3445
-1.79345
-2.24383
-2.68757
-3.11733
-3.52639
-3.90828
-4.25619
-4.56252
-4.81873
-5.01582
-5.14541
-5.20133
-5.1811
-5.6484
-3.86814
-2.11196
-0.466556
1.00889
2.28366
3.3511
4.22189
4.91721
5.46295
5.88552
6.20905
6.45408
6.63707
6.7706
6.86392
6.92376
6.95501
6.96147
6.94623
6.91199
6.86117
6.79593
6.71821
6.62976
6.53218
6.4271
6.3163
6.20175
6.0857
5.97053
5.85853
5.75161
5.65096
5.55681
5.46826
5.38334
5.29917
5.21245
5.12011
5.0199
4.91097
4.79408
4.67165
4.54745
4.42606
4.3121
4.20937
4.12018
4.04478
3.98118
3.92523
3.87116
3.81238
3.74259
3.65687
3.55247
3.42923
3.28949
3.13766
2.9793
2.81998
2.66405
2.51357
2.36752
2.22157
2.06818
1.89735
1.6978
1.4586
1.17076
0.828561
0.43035
-0.02122
-0.519479
-1.05457
-1.61467
-2.18738
-2.76087
-3.32474
-3.87023
-4.38992
-4.87702
-5.32409
-5.72189
-6.05867
-6.32071
-6.49419
-6.56816
-6.53768
-6.9473
-4.54689
-2.21898
-0.0911756
1.76048
3.30761
4.55763
5.54036
6.29657
6.86939
7.29874
7.61843
7.85519
8.02893
8.15362
8.23859
8.28988
8.31157
8.30676
8.27823
8.22861
8.16048
8.0762
7.97787
7.86727
7.74599
7.61562
7.47805
7.33565
7.19138
7.04865
6.91097
6.78139
6.66195
6.55324
6.45406
6.36137
6.27055
6.17604
6.07251
5.95602
5.82483
5.67991
5.52493
5.36588
5.2102
5.06558
4.93846
4.83291
4.74975
4.68622
4.63605
4.59012
4.53779
4.4688
4.37522
4.25274
4.10135
3.92517
3.73179
3.53087
3.33232
3.14413
2.9707
2.81158
2.66105
2.50815
2.3377
2.13211
1.87409
1.54947
1.14921
0.670585
0.117486
-0.500055
-1.16722
-1.86644
-2.57991
-3.29152
-3.98817
-4.66003
-5.30019
-5.90319
-6.46277
-6.96895
-7.40605
-7.75297
-7.98612
-8.08526
-8.04043
-8.38194
-5.12114
-2.03773
0.681968
2.95072
4.75959
6.14929
7.1853
7.94034
8.48279
8.87025
9.14762
9.34746
9.49184
9.59428
9.6622
9.69907
9.70672
9.68669
9.64105
9.57237
9.48352
9.37722
9.25572
9.12069
8.9734
8.81504
8.6473
8.47278
8.29538
8.12006
7.9523
7.79711
7.65806
7.5365
7.43108
7.3373
7.24778
7.15316
7.04415
6.91386
6.75902
6.58078
6.38461
6.17999
5.97898
5.79439
5.63702
5.51391
5.42696
5.37254
5.34127
5.31881
5.2877
5.23092
5.13564
4.99513
4.80964
4.58608
4.33722
4.07949
3.83017
3.6034
3.40763
3.2437
3.10432
2.97378
2.82905
2.64229
2.38585
2.03745
1.58303
1.0184
0.349313
-0.408854
-1.23338
-2.09739
-2.97482
-3.84344
-4.68699
-5.49522
-6.26371
-6.99164
-7.67808
-8.31527
-8.88308
-9.34884
-9.67085
-9.80947
-9.74429
-9.95649
-5.43991
-1.33272
2.10438
4.80302
6.81492
8.25006
9.23471
9.89016
10.3193
10.6002
10.7884
10.9196
11.0151
11.0846
11.1305
11.1503
11.1417
11.1035
11.037
10.9452
10.8317
10.7001
10.553
10.3918
10.2168
10.028
9.82632
9.61412
9.39645
9.1806
8.9756
8.78964
8.62903
8.4966
8.39138
8.30714
8.23245
8.15105
8.04652
7.90713
7.72699
7.50753
7.25655
6.98898
6.72422
6.48408
6.28634
6.14295
6.05744
6.02563
6.03388
6.06006
6.07464
6.04855
5.9613
5.80236
5.57284
5.2835
4.95551
4.6161
4.29562
4.01811
3.79881
3.64056
3.53497
3.45991
3.38099
3.25288
3.03012
2.67819
2.17563
1.5167
0.709495
-0.22201
-1.24259
-2.30892
-3.3823
-4.43134
-5.43654
-6.38751
-7.28549
-8.13968
-8.96419
-9.76134
-10.5069
-11.1516
-11.6195
-11.827
-11.7311
-11.6219
-5.16934
0.336985
4.58986
7.64363
9.70001
10.9986
11.7572
12.165
12.3683
12.463
12.5103
12.5422
12.5749
12.6082
12.6353
12.6417
12.6183
12.56
12.4686
12.3481
12.205
12.0444
11.8697
11.6818
11.479
11.2586
11.0195
10.7623
10.4939
10.2245
9.97051
9.74467
9.55846
9.41651
9.3205
9.26228
9.2258
9.18132
9.09815
8.95811
8.75065
8.47876
8.15144
7.79304
7.4331
7.11185
6.85654
6.68778
6.60974
6.62023
6.69987
6.81723
6.91934
6.95347
6.88943
6.71046
6.42142
6.03586
5.58953
5.12473
4.69852
4.34835
4.10142
3.961
3.92104
3.95103
4.00321
3.99923
3.85984
3.53532
2.99287
2.22806
1.2482
0.092665
-1.18631
-2.51067
-3.82514
-5.08264
-6.26441
-7.35631
-8.3705
-9.33058
-10.2898
-11.2817
-12.2761
-13.2087
-13.9432
-14.2815
-14.1316
-13.1344
-3.53669
3.8112
8.80177
11.9201
13.6756
14.5238
14.7839
14.733
14.5725
14.3926
14.2534
14.1624
14.1324
14.1394
14.1687
14.1746
14.1439
14.063
13.9405
13.7824
13.6019
13.4075
13.2042
12.9917
12.765
12.5148
12.2371
11.9255
11.5912
11.2448
10.9235
10.6412
10.4227
10.2689
10.1938
10.1847
10.2293
10.2659
10.2303
10.1048
9.86575
9.52847
9.08977
8.598
8.08497
7.64337
7.30085
7.10075
7.03333
7.11403
7.31034
7.59518
7.86076
7.99863
7.98192
7.77595
7.40788
6.87466
6.24908
5.57677
4.99091
4.52893
4.24969
4.13583
4.20549
4.40933
4.70545
4.9397
4.95535
4.70546
4.12959
3.24834
2.03919
0.584441
-1.0653
-2.72724
-4.35055
-5.8435
-7.22211
-8.43741
-9.53375
-10.523
-11.5686
-12.7987
-14.1346
-15.551
-16.8377
-17.4389
-17.1698
-13.4706
1.33521
10.6793
15.7096
18.1593
18.9584
18.8968
18.2592
17.4594
16.8057
16.2642
15.9279
15.6958
15.6375
15.6393
15.7369
15.761
15.7427
15.6268
15.4648
15.25
15.02
14.7844
14.5531
14.323
14.0862
13.8116
13.5047
13.1224
12.7073
12.2302
11.8213
11.4472
11.1951
11.009
10.9734
11.0311
11.2454
11.4557
11.4931
11.4163
11.1235
10.7254
10.1057
9.43479
8.63521
8.03342
7.54126
7.32385
7.24476
7.44247
7.79446
8.40192
8.98716
9.26745
9.348
9.07588
8.63323
7.84749
6.97693
5.90535
5.10589
4.44736
4.16075
4.0473
4.29757
4.73557
5.49758
6.19576
6.43401
6.34579
5.70679
4.74156
3.18459
1.35776
-0.92599
-2.99871
-5.06297
-6.76833
-8.41433
-9.68921
-10.8506
-11.6337
-12.5813
-14.1627
-15.8767
-18.0794
-20.7189
-21.849
-21.2509
-8.10632
14.0722
23.7587
26.3327
26.7748
25.4798
24.0987
21.9678
19.9752
18.8771
17.8402
17.452
16.9784
17.056
17.0007
17.4109
17.4083
17.4818
17.2567
17.0649
16.7392
16.446
16.1549
15.8998
15.664
15.4617
15.1545
14.8809
14.3663
13.9123
13.1174
12.6689
12.0775
11.8721
11.5323
11.6185
11.6516
12.2674
12.8942
12.9204
13.0385
12.5328
12.2414
11.1954
10.4567
8.90051
8.26551
7.38595
7.34768
7.05749
7.5487
7.9106
9.24059
10.5526
10.8238
11.2218
10.6213
10.3525
8.94236
7.9942
5.84199
5.01789
3.83018
3.82245
3.43495
4.11931
4.5952
6.38156
8.11407
8.38274
8.77917
7.7537
7.08685
4.71856
2.78903
-1.09054
-3.28231
-6.29215
-7.77852
-10.1409
-11.1043
-12.7122
-12.5073
-12.6812
-15.3355
-16.9148
-19.9789
-26.7732
-28.7474
-27.1293
24.9522
44.7981
47.0803
40.0257
37.8909
32.1245
30.3797
25.4765
21.202
20.8595
18.4814
19.0983
17.4666
18.6651
17.6911
19.6784
18.9451
19.65
18.8379
18.8571
18.1807
17.8683
17.4724
17.2179
16.956
16.9873
16.4483
16.6034
15.5221
15.6073
13.505
13.7211
12.1512
12.7417
11.4413
12.3394
11.4321
13.2727
15.1968
14.2144
15.5581
13.6328
14.8433
11.8416
12.6551
7.83853
8.84906
6.01845
7.73355
5.74434
7.84043
6.63202
10.1045
13.6161
12.1968
14.5329
11.6883
13.7148
9.37131
10.7447
3.86553
5.45293
1.51325
4.03047
1.27859
4.24073
2.56726
7.3426
12.1398
10.147
13.2596
9.2837
11.8818
5.62026
7.02797
-3.68591
-2.38818
-9.71542
-7.52752
-13.882
-11.5915
-17.1841
-12.8355
-9.20955
-18.0563
-15.8146
-16.5068
-39.7684
-40.8186
-36.2047
202.473
100.814
83.8463
46.6335
54.2363
32.9782
41.2088
28.0798
16.7669
25.7734
14.81
23.9828
13.8796
23.4029
14.1173
25.8638
18.4111
24.003
19.2222
21.6513
19.0981
19.411
18.5869
18.5471
17.8261
19.3344
16.7428
20.1067
14.9985
20.4528
10.5545
17.3458
9.1143
16.3347
8.1851
15.6602
7.25613
14.1581
21.6853
12.1593
22.7855
10.2175
23.5111
6.99462
22.9611
-1.61396
14.9643
-1.89439
13.4541
-1.45116
12.8911
-1.38652
10.9123
23.7806
8.16244
25.3047
5.74115
26.2501
1.56838
25.3793
-10.3024
13.8474
-10.1012
11.8264
-9.10553
11.0378
-8.7466
8.27248
25.9433
4.55969
27.9477
1.3474
29.4348
-4.52147
28.7223
-23.5776
10.9263
-26.8401
5.0249
-30.0717
-0.726512
-35.9712
-12.1226
12.2231
-36.7444
-10.4891
19.4657
-84.7476
-61.0455
-51.3894
198.761
180.118
162.509
145.881
130.166
115.29
101.172
87.7276
74.8714
62.5194
50.5887
38.9987
27.6708
16.5287
5.49729
-1.60759
-1.55066
-1.47034
-1.37143
-1.25897
-1.13773
-1.01178
-0.884373
-0.757813
-0.633575
-0.512401
-0.394444
-0.279407
-0.166668
-0.0553891
-2.70958
-2.61038
-2.4712
-2.30076
-2.10805
-1.90144
-1.68795
-1.47302
-1.26045
-1.05256
-0.850434
-0.654168
-0.463128
-0.276159
-0.0917606
-3.85869
-3.71005
-3.50332
-3.25232
-2.97102
-2.672
-2.36555
-2.0593
-1.7584
-1.46578
-1.1826
-0.908658
-0.642775
-0.383077
-0.127253
-5.07736
-4.86775
-4.57968
-4.23415
-3.85167
-3.44998
-3.0429
-2.64022
-2.24805
-1.86954
-1.5055
-1.15508
-0.816228
-0.486117
-0.161427
-6.39239
-6.10385
-5.71346
-5.25288
-4.7515
-4.2333
-3.71583
-3.21058
-2.72403
-2.2588
-1.81478
-1.38992
-0.980931
-0.58373
-0.193764
-7.83737
-7.44169
-6.91735
-6.31233
-5.66809
-5.01586
-4.3765
-3.76222
-3.17864
-2.62684
-2.10487
-1.60887
-1.13383
-0.674101
-0.223662
-9.45637
-8.90808
-8.20182
-7.4109
-6.59259
-5.78547
-5.01206
-4.2831
-3.60143
-2.96503
-2.36897
-1.80684
-1.27142
-0.755171
-0.250443
-11.3094
-10.5323
-9.57081
-8.53675
-7.50582
-6.52129
-5.6031
-4.75663
-3.97894
-3.26282
-2.59913
-1.97808
-1.38982
-0.824712
-0.273381
-13.4795
-12.3408
-11.0123
-9.65934
-8.37257
-7.19067
-6.12235
-5.16132
-4.29482
-3.50814
-2.78663
-2.1165
-1.48504
-0.880472
-0.291747
-16.0769
-14.3389
-12.4781
-10.7157
-9.13436
-7.74638
-6.53426
-5.4714
-4.53083
-3.68825
-2.9227
-2.21623
-1.55335
-0.920379
-0.304878
-19.2199
-16.4596
-13.8456
-11.5907
-9.70274
-8.12614
-6.79681
-5.65914
-4.6688
-3.7913
-2.99965
-2.27235
-1.59173
-0.942807
-0.312261
-22.9072
-18.4336
-14.8537
-12.0986
-9.95967
-8.25855
-6.86762
-5.69946
-4.69388
-3.80846
-3.01223
-2.28174
-1.59841
-0.946843
-0.313615
-26.462
-19.5138
-15.037
-11.99
-9.77871
-8.08068
-6.71559
-5.57713
-4.59876
-3.73636
-2.95904
-2.24395
-1.57331
-0.932529
-0.308967
-26.3363
-18.1223
-13.7903
-11.0456
-9.0844
-7.56975
-6.33686
-5.29464
-4.3876
-3.57916
-2.84358
-2.16168
-1.51833
-0.900986
-0.298687
-1.76441
-5.3304
-9.01099
-12.8934
-17.0832
-21.7174
-26.9846
-33.1606
-40.6754
-50.2484
-63.1904
-82.1476
-113.151
-171.841
-303.725
-1.7268
-5.21448
-8.80692
-12.5829
-16.6364
-21.0861
-26.0899
-31.8686
-38.7431
-47.1956
-57.9575
-72.0632
-90.4157
-110.188
-103.313
-1.66553
-5.02577
-8.47532
-12.0798
-15.9145
-20.0698
-24.6571
-29.8155
-35.7147
-42.5389
-50.4021
-59.029
-66.6935
-67.0392
-41.616
-1.58399
-4.77503
-8.03611
-11.4166
-14.9699
-18.7534
-22.8275
-27.2479
-32.0439
-37.1606
-42.3163
-46.663
-48.0529
-41.7852
-20.0642
-1.48642
-4.47563
-7.5139
-10.6335
-13.8652
-17.2351
-20.7573
-24.4194
-28.15
-31.7549
-34.7921
-36.3504
-34.73
-27.2624
-11.2953
-1.37748
-4.14214
-6.93516
-9.77253
-12.6646
-15.6108
-18.59
-21.5432
-24.3434
-26.7432
-28.2947
-28.2449
-25.4677
-18.6417
-7.12615
-1.26178
-3.78893
-6.32558
-8.8735
-11.4264
-13.9636
-16.4406
-18.7733
-20.8146
-22.3204
-22.9092
-22.0332
-19.0171
-13.2776
-4.85742
-1.14358
-3.4291
-5.70813
-7.97099
-10.1989
-12.3581
-14.3912
-16.2057
-17.6577
-18.5344
-18.5406
-17.3074
-14.4576
-9.775
-3.48773
-1.02653
-3.07376
-5.10187
-7.09271
-9.01915
-10.8401
-12.4937
-13.8897
-14.9002
-15.3529
-15.0327
-13.7042
-11.1709
-7.38668
-2.59594
-0.913535
-2.73166
-4.52148
-6.2591
-7.91263
-9.43813
-10.7751
-11.8414
-12.53
-12.7079
-12.2251
-10.9375
-8.75278
-5.6973
-1.98272
-0.806744
-2.40921
-3.97732
-5.48386
-6.89495
-8.16709
-9.24425
-10.0555
-10.5143
-10.5218
-9.97635
-8.79388
-6.93931
-4.46559
-1.54372
-0.707605
-2.11059
-3.47589
-4.77488
-5.97373
-7.03141
-7.89804
-8.51418
-8.81199
-8.7195
-8.16991
-7.11693
-5.55576
-3.54508
-1.21967
-0.616946
-1.83815
-3.02048
-4.1354
-5.15051
-6.02836
-6.72573
-7.19391
-7.38067
-7.23463
-6.71302
-5.79284
-4.48434
-2.84313
-0.974724
-0.535096
-1.59268
-2.61188
-3.56522
-4.42259
-5.15061
-5.71253
-6.06903
-6.18041
-6.01053
-5.53287
-4.73838
-3.64395
-2.29893
-0.786055
-0.461996
-1.37387
-2.249
-3.06166
-3.78447
-4.38819
-4.84195
-5.11434
-5.17544
-5.00014
-4.57271
-3.89218
-2.97757
-1.87128
-0.638517
-0.397311
-1.18056
-1.92948
-2.62047
-3.22904
-3.72987
-4.09729
-4.30634
-4.33459
-4.16482
-3.7883
-3.20851
-2.44429
-1.53145
-0.521719
-0.340518
-1.01109
-1.65019
-2.2365
-2.7484
-3.16419
-3.4626
-3.62387
-3.63125
-3.47304
-3.14502
-2.6529
-2.0142
-1.25891
-0.428322
-0.290985
-0.863483
-1.40755
-1.90419
-2.3345
-2.67999
-2.92313
-3.04826
-3.04288
-2.89916
-2.61569
-2.19907
-1.66505
-1.03864
-0.353018
-0.248028
-0.735614
-1.19783
-1.61792
-1.97949
-2.26686
-2.46558
-2.56327
-2.55056
-2.42231
-2.17879
-1.82677
-1.38006
-0.859497
-0.291886
-0.210953
-0.625361
-1.01736
-1.37229
-1.67601
-1.91527
-2.07819
-2.15492
-2.13846
-2.02549
-1.81725
-1.5202
-1.14635
-0.713015
-0.241977
-0.179083
-0.530669
-0.862619
-1.1622
-1.41728
-1.61669
-1.75064
-1.81129
-1.79337
-1.69482
-1.51736
-1.26697
-0.953949
-0.592708
-0.201038
-0.151782
-0.449611
-0.730354
-0.983012
-1.19722
-1.36356
-1.47398
-1.52221
-1.50427
-1.41893
-1.26813
-1.05722
-0.795025
-0.493531
-0.167322
-0.128461
-0.380416
-0.617589
-0.830521
-1.01038
-1.14925
-1.24049
-1.27907
-1.26196
-1.18849
-1.06062
-0.883085
-0.663387
-0.411514
-0.139463
-0.108589
-0.321485
-0.521654
-0.700994
-0.852
-0.968025
-1.04357
-1.0746
-1.05879
-0.995825
-0.88759
-0.738227
-0.554089
-0.343507
-0.116379
-0.0916885
-0.271392
-0.440181
-0.59114
-0.717906
-0.814899
-0.877571
-0.902646
-0.888349
-0.834595
-0.743119
-0.617514
-0.463153
-0.286987
-0.0972057
-0.0773392
-0.228876
-0.371087
-0.498085
-0.604484
-0.685602
-0.737672
-0.758031
-0.745308
-0.699556
-0.622344
-0.516766
-0.387358
-0.239921
-0.0812465
-0.0651711
-0.192835
-0.312555
-0.419332
-0.508614
-0.576475
-0.619789
-0.636386
-0.625199
-0.58636
-0.521266
-0.432564
-0.32408
-0.200658
-0.0679384
-0.0548622
-0.162311
-0.26301
-0.352725
-0.427616
-0.484393
-0.520456
-0.534033
-0.524288
-0.491395
-0.436579
-0.362098
-0.271173
-0.167852
-0.0568223
-0.0461338
-0.136472
-0.221091
-0.296411
-0.359197
-0.406691
-0.436735
-0.447874
-0.43945
-0.411652
-0.365546
-0.30305
-0.226873
-0.140396
-0.0475221
-0.0387452
-0.114604
-0.185629
-0.248799
-0.301395
-0.341106
-0.366139
-0.375299
-0.368062
-0.34462
-0.305892
-0.253502
-0.189724
-0.117384
-0.0397285
-0.0324894
-0.0960922
-0.15562
-0.20853
-0.252538
-0.285714
-0.306564
-0.314108
-0.307927
-0.288203
-0.255723
-0.211861
-0.15852
-0.0980611
-0.0331859
-0.0271891
-0.0804102
-0.130205
-0.17444
-0.211202
-0.238879
-0.256229
-0.262446
-0.257194
-0.240641
-0.213458
-0.1768
-0.13226
-0.0818046
-0.0276823
-0.0226922
-0.067107
-0.108652
-0.14554
-0.176175
-0.199213
-0.213625
-0.218746
-0.214308
-0.200461
-0.177773
-0.147211
-0.110106
-0.0680943
-0.0230414
-0.0188685
-0.0557965
-0.0903305
-0.120982
-0.146422
-0.165536
-0.177472
-0.181684
-0.177956
-0.16642
-0.147553
-0.122165
-0.0913603
-0.0564954
-0.0191157
-0.0156064
-0.0461483
-0.0747048
-0.100043
-0.121062
-0.136842
-0.146682
-0.150134
-0.147024
-0.137468
-0.121862
-0.10088
-0.0754333
-0.0466427
-0.0157813
-0.0128102
-0.0378785
-0.0613137
-0.0821021
-0.0993403
-0.112273
-0.120328
-0.12314
-0.12057
-0.112715
-0.0999055
-0.0826932
-0.0618284
-0.0382278
-0.0129337
-0.0103972
-0.0307426
-0.0497603
-0.0666264
-0.0806074
-0.0910912
-0.097614
-0.0998817
-0.0977843
-0.0914024
-0.0810057
-0.0670429
-0.050123
-0.0309888
-0.0104842
-0.00829579
-0.0245287
-0.0397007
-0.0531539
-0.0643027
-0.0726593
-0.0778544
-0.0796547
-0.0779738
-0.0728775
-0.0645819
-0.0534458
-0.0399549
-0.0247013
-0.00835683
-0.00644345
-0.0190515
-0.0308345
-0.0412813
-0.0499369
-0.0564225
-0.0604519
-0.0618448
-0.0605348
-0.0565738
-0.0501305
-0.0414837
-0.0310108
-0.0191711
-0.00648578
-0.00478475
-0.014147
-0.0228961
-0.0306523
-0.0370777
-0.041891
-0.0448802
-0.0459115
-0.0449363
-0.0419936
-0.037209
-0.0307896
-0.0230157
-0.0142281
-0.00481346
-0.00326997
-0.00966818
-0.0156472
-0.0209474
-0.0253377
-0.0286261
-0.0306678
-0.0313714
-0.030704
-0.0286924
-0.0254225
-0.021036
-0.0157244
-0.00972057
-0.0032885
-0.00185359
-0.00548043
-0.00886967
-0.0118741
-0.0143628
-0.016227
-0.0173844
-0.0177833
-0.0174051
-0.0162648
-0.0144113
-0.0119247
-0.00891375
-0.00551035
-0.00186417
-0.000492982
-0.00145765
-0.00235932
-0.00315893
-0.00382168
-0.00431855
-0.00462759
-0.00473487
-0.00463522
-0.0043325
-0.00383953
-0.0031776
-0.00237558
-0.00146869
-0.000496885
0.000852835
0.00252138
0.00408015
0.00546122
0.00660431
0.00745945
0.0079891
0.00816989
0.00799361
0.00746769
0.00661486
0.00547224
0.00408975
0.0025279
0.000855141
0.00222443
0.00657663
0.010643
0.0142466
0.0172302
0.0194634
0.020848
0.0213225
0.0208652
0.0194948
0.0172704
0.0142886
0.0106796
0.00660148
0.00223322
0.00366312
0.0108303
0.0175272
0.0234623
0.0283772
0.0320566
0.0343387
0.0351222
0.0343707
0.0321149
0.0284519
0.0235405
0.0175952
0.0108765
0.00367945
0.00521225
0.0154106
0.0249401
0.0333866
0.0403818
0.0456198
0.04887
0.0499876
0.0489205
0.0457121
0.0405
0.0335101
0.0250477
0.0154836
0.00523808
0.00691838
0.0204552
0.0331051
0.0443184
0.0536066
0.0605632
0.0648819
0.0663698
0.0649571
0.0607006
0.0537824
0.0445022
0.0332652
0.0205639
0.00695681
0.00883273
0.0261157
0.0422674
0.0565868
0.0684501
0.0773382
0.0828592
0.0847659
0.0829681
0.0775371
0.0687046
0.0568529
0.0424992
0.026273
0.00888838
0.0110126
0.0325617
0.0527021
0.0705604
0.0853593
0.0964511
0.103346
0.105734
0.103502
0.0967354
0.0857231
0.0709408
0.0530334
0.0327866
0.0110922
0.0135232
0.0399857
0.0647211
0.0866581
0.104842
0.118478
0.126962
0.129911
0.127183
0.118882
0.105359
0.0871985
0.0651917
0.0403051
0.0136362
0.016439
0.0486089
0.0786832
0.105361
0.127484
0.144082
0.15442
0.158029
0.154733
0.144654
0.128216
0.106127
0.0793496
0.0490612
0.016599
0.0198466
0.058687
0.0950032
0.127228
0.153961
0.174032
0.18655
0.190943
0.186992
0.174841
0.154996
0.12831
0.0959454
0.0593265
0.0200729
0.0238465
0.0705176
0.114164
0.152906
0.185064
0.209227
0.22432
0.22965
0.224945
0.210369
0.186525
0.154435
0.115495
0.0714211
0.0241661
0.0285558
0.084448
0.136731
0.183157
0.221717
0.250719
0.268868
0.275326
0.269751
0.252332
0.223781
0.185316
0.13861
0.085724
0.0290072
0.0341118
0.100885
0.163363
0.21887
0.265005
0.299746
0.321535
0.329354
0.322782
0.302024
0.26792
0.221918
0.166017
0.102686
0.0347491
0.0406749
0.120304
0.194835
0.261089
0.316205
0.357767
0.383901
0.393375
0.385661
0.360982
0.320321
0.265392
0.198583
0.122847
0.0415747
0.0484329
0.143262
0.232055
0.31104
0.376817
0.426498
0.457835
0.469329
0.460319
0.431038
0.382627
0.317115
0.237346
0.146853
0.0497033
0.0576053
0.17041
0.276084
0.370161
0.448604
0.507966
0.545546
0.559519
0.549053
0.514374
0.456806
0.378739
0.283554
0.17548
0.0593988
0.0684481
0.20251
0.328165
0.440138
0.533639
0.604558
0.649646
0.666679
0.654597
0.613604
0.545217
0.452247
0.338711
0.209668
0.0709802
0.081259
0.240445
0.389747
0.52294
0.634352
0.719085
0.773225
0.794053
0.780213
0.731854
0.650697
0.540034
0.404635
0.250551
0.084834
0.0963829
0.285244
0.462512
0.620864
0.75359
0.854851
0.919934
0.945496
0.929798
0.872877
0.776663
0.644996
0.483531
0.299513
0.101431
0.114218
0.338092
0.548411
0.736579
0.894674
1.01574
1.09408
1.12559
1.108
1.04118
0.927244
0.770648
0.578087
0.358239
0.121345
0.13522
0.400351
0.64969
0.873175
1.06147
1.20628
1.30075
1.33976
1.3204
1.24219
1.10744
0.921272
0.69159
0.428799
0.145285
0.159909
0.473575
0.768918
1.0342
1.25845
1.43179
1.54591
1.59448
1.57364
1.48247
1.32334
1.10211
0.828081
0.513748
0.174123
0.188871
0.559519
0.909015
1.22373
1.49077
1.69842
1.83659
1.89737
1.87571
1.76994
1.58237
1.31959
0.992559
0.616257
0.208948
0.222759
0.660147
1.07326
1.44635
1.76433
2.01329
2.18098
2.25752
2.23618
2.11421
1.89361
1.58169
1.19125
0.740295
0.251123
0.262291
0.777627
1.26531
1.70722
2.08582
2.38459
2.58867
2.68563
2.66651
2.52695
2.26825
1.8983
1.43196
0.89087
0.302374
0.308244
0.914307
1.48913
2.01204
2.46272
2.82164
3.07073
3.19432
3.18047
3.02241
2.72015
2.28183
1.72456
1.07436
0.364911
0.361434
1.07268
1.749
2.36701
2.90333
3.33495
3.63991
3.79845
3.79456
3.618
3.26652
2.74795
2.08169
1.299
0.44159
0.422695
1.25529
2.04935
2.77869
3.41663
3.93619
4.31076
4.51535
4.52853
4.33504
3.9289
3.31661
2.51965
1.57551
0.536164
0.492837
1.46466
2.39463
3.25383
4.01213
4.6381
5.09962
5.36515
5.406
5.19973
4.73442
4.01348
3.05982
1.91814
0.653634
0.572593
1.70309
2.78903
3.79903
4.69949
5.45419
6.02457
6.37093
6.45504
6.24427
5.71745
4.87194
3.73054
2.34605
0.800797
0.662544
1.97247
3.23614
4.42027
5.48804
6.39825
7.10504
7.5588
7.70883
7.50824
6.92174
5.93585
4.57005
2.88559
0.98708
0.763021
2.27395
3.73848
5.12228
6.38598
7.48354
8.36117
8.95756
9.20605
9.04017
8.40336
7.26354
5.63083
3.57375
1.22589
0.873992
2.60762
4.29687
5.90767
7.39927
8.7215
9.81256
10.5978
10.991
10.8991
10.2342
8.93349
6.98627
4.46384
1.53687
0.994924
2.97211
4.90969
6.77581
8.53012
10.1199
11.4762
12.5104
13.1127
13.1558
12.5067
11.0523
8.74113
5.63482
1.94977
1.12464
3.36408
5.57212
7.72156
9.77517
11.6805
13.3636
14.7228
15.6227
15.8931
15.3382
13.7662
11.0481
7.20769
2.51162
1.2612
3.77783
6.2752
8.73381
11.1232
13.3952
15.4758
17.254
18.5697
19.2034
18.8761
17.2757
14.1344
9.37473
3.30065
1.40177
4.20493
7.00516
9.79412
12.5525
15.2428
17.7979
20.1064
21.9903
23.181
23.2978
21.8554
18.3446
12.4545
4.4558
1.54259
4.63405
7.74289
10.8756
14.0292
17.184
20.2913
23.2534
25.8923
27.9042
28.8023
27.8712
24.207
16.9985
6.2449
1.67905
5.05105
8.46403
11.9424
15.505
19.1582
22.8855
26.6247
30.2295
33.4009
35.5769
35.7849
32.5306
24.0042
9.23967
1.80585
5.43958
9.13967
12.9509
16.9176
21.081
25.4712
30.0891
34.8676
39.5886
43.718
46.1027
44.5153
35.3417
14.8141
1.91732
5.78199
9.7381
13.8512
18.1935
22.8462
27.8985
33.442
39.5456
46.1869
53.0703
59.1788
61.7679
54.5636
26.7084
2.00795
6.06088
10.2275
14.5922
19.2539
24.3336
29.9848
36.4057
43.8499
52.6168
62.9606
74.6985
85.8211
88.126
56.3537
2.07284
6.26081
10.5791
15.127
20.024
25.4241
31.5363
38.6588
47.2354
57.9513
71.8824
90.645
115.997
145.353
142.204
2.10834
6.37017
10.7714
15.4191
20.4445
26.0199
32.3862
39.9019
49.1349
61.0527
77.4487
102.015
143.392
225.151
423.371
2.11248
6.38267
10.7925
15.449
20.4831
26.0662
32.4377
39.9521
49.1699
61.0438
77.3406
101.709
142.745
224.072
422.32
2.0852
6.29816
10.6422
15.2165
20.1402
25.5651
31.6954
38.8193
47.3602
57.9631
71.6268
89.8283
114.116
141.798
137.609
2.02834
6.1226
10.332
14.7414
19.4492
24.5739
30.2631
36.7022
44.1181
52.7565
62.7614
73.7204
83.1301
81.6554
41.1128
-16.6938
-13.613
-11.3018
-9.51107
-8.06642
-6.86091
-5.8272
-4.92067
-4.11023
-3.37317
-2.6922
-2.05356
-1.44587
-0.859322
-0.285092
-6.26317
-8.6836
-8.57856
-7.83058
-6.94949
-6.0809
-5.26427
-4.5058
-3.80105
-3.14243
-2.52181
-1.93134
-1.36367
-0.811933
-0.269607
-2.85049
-5.50795
-6.30174
-6.24248
-5.82381
-5.26474
-4.6609
-4.0536
-3.45981
-2.88528
-2.33046
-1.79326
-1.2704
-0.758002
-0.251959
-1.55133
-3.62648
-4.61726
-4.90392
-4.79558
-4.47965
-4.0599
-3.59198
-3.10517
-2.61442
-2.12685
-1.64522
-1.16984
-0.699654
-0.232831
-0.965728
-2.498
-3.42173
-3.83961
-3.91148
-3.7666
-3.49232
-3.14346
-2.75324
-2.34133
-1.9191
-1.49282
-1.06567
-0.638964
-0.212897
-0.657327
-1.79209
-2.57746
-3.01557
-3.17787
-3.14339
-2.9765
-2.72363
-2.41634
-2.07539
-1.71414
-1.34101
-0.961193
-0.577823
-0.192771
-0.473844
-1.32882
-1.9743
-2.38303
-2.58088
-2.61211
-2.52037
-2.34157
-2.1028
-1.82354
-1.51742
-1.19383
-0.859172
-0.517844
-0.172982
-0.354741
-1.011
-1.53556
-1.89692
-2.09958
-2.1662
-2.12467
-2.00113
-1.81735
-1.59032
-1.33283
-1.05433
-0.761773
-0.460315
-0.153959
-0.272592
-0.784653
-1.21011
-1.52102
-1.71272
-1.79538
-1.7859
-1.70251
-1.56192
-1.37823
-1.16282
-0.924594
-0.670547
-0.406184
-0.136018
-0.213441
-0.618435
-0.964212
-1.22789
-1.40157
-1.48853
-1.49845
-1.4436
-1.33641
-1.18818
-1.00862
-0.805837
-0.586477
-0.356079
-0.119376
-0.169489
-0.493335
-0.775318
-0.99724
-1.15064
-1.23517
-1.25597
-1.22103
-1.13938
-1.01986
-0.87056
-0.698581
-0.510067
-0.31035
-0.104156
-0.136045
-0.397301
-0.628126
-0.81417
-0.947506
-1.02607
-1.05218
-1.03089
-0.968637
-0.872218
-0.748238
-0.602802
-0.441434
-0.269116
-0.0904054
-0.110123
-0.322396
-0.512028
-0.667697
-0.782406
-0.853381
-0.881287
-0.869196
-0.821611
-0.743707
-0.640808
-0.518082
-0.380401
-0.232318
-0.0781128
-0.0897368
-0.263211
-0.419509
-0.549662
-0.64767
-0.710595
-0.738166
-0.73214
-0.695633
-0.632548
-0.547141
-0.443742
-0.326589
-0.19977
-0.0672224
-0.0735161
-0.215951
-0.345144
-0.453946
-0.537292
-0.592355
-0.618371
-0.616244
-0.588105
-0.536883
-0.465965
-0.378949
-0.279487
-0.171199
-0.0576489
-0.0604872
-0.177886
-0.284935
-0.375904
-0.446548
-0.494282
-0.518112
-0.518408
-0.496603
-0.454892
-0.395965
-0.322797
-0.238511
-0.14628
-0.0492886
-0.0499408
-0.147007
-0.235892
-0.311973
-0.371711
-0.412805
-0.434192
-0.435914
-0.41892
-0.384853
-0.335849
-0.274364
-0.203049
-0.124667
-0.0420291
-0.0413491
-0.121807
-0.195737
-0.259389
-0.309817
-0.345011
-0.363926
-0.366413
-0.353088
-0.325185
-0.284398
-0.232753
-0.172495
-0.106007
-0.0357554
-0.0343126
-0.10114
-0.162717
-0.215988
-0.258499
-0.288517
-0.305065
-0.307889
-0.297378
-0.27446
-0.240486
-0.197122
-0.146265
-0.0899611
-0.0303558
-0.0285241
-0.0841197
-0.135463
-0.180056
-0.215855
-0.241376
-0.255732
-0.258622
-0.250282
-0.231412
-0.203091
-0.166693
-0.123815
-0.0762072
-0.025724
-0.0237439
-0.0700511
-0.112897
-0.150229
-0.180347
-0.201987
-0.214359
-0.21715
-0.210496
-0.194925
-0.171303
-0.140764
-0.104648
-0.0644495
-0.0217618
-0.0197833
-0.058386
-0.0941578
-0.125409
-0.150725
-0.169032
-0.179637
-0.182237
-0.176899
-0.164028
-0.144318
-0.118705
-0.0883166
-0.0544197
-0.0183801
-0.0164921
-0.0486861
-0.0785573
-0.104711
-0.125969
-0.141423
-0.150474
-0.152835
-0.148533
-0.137878
-0.12143
-0.0999625
-0.0744204
-0.0458775
-0.0154985
-0.0137495
-0.040599
-0.0655375
-0.0874125
-0.105242
-0.118261
-0.125953
-0.128059
-0.124578
-0.115749
-0.102026
-0.0840487
-0.0626074
-0.0386099
-0.0130458
-0.0114578
-0.0338385
-0.0546445
-0.0729223
-0.0878543
-0.0987979
-0.10531
-0.107162
-0.104336
-0.0970181
-0.0855763
-0.0705396
-0.0525692
-0.0324298
-0.0109594
-0.00953737
-0.0281714
-0.0455068
-0.0607548
-0.0732357
-0.0824106
-0.0879034
-0.0895128
-0.0872135
-0.0811498
-0.071622
-0.0590671
-0.0440369
-0.0271736
-0.00918441
-0.00792295
-0.0234058
-0.0378183
-0.0505085
-0.0609124
-0.0685796
-0.0731926
-0.0745768
-0.0727038
-0.0676865
-0.0597692
-0.049313
-0.0367771
-0.0226991
-0.00767296
-0.00656061
-0.0193833
-0.0313254
-0.0418495
-0.0504889
-0.056869
-0.0607232
-0.0619022
-0.060377
-0.0562364
-0.0496792
-0.0410027
-0.0305879
-0.0188827
-0.00638354
-0.00540554
-0.015972
-0.0258169
-0.034499
-0.041634
-0.046912
-0.0501111
-0.0511049
-0.0498659
-0.0464639
-0.0410605
-0.0338993
-0.0252946
-0.0156175
-0.00528014
-0.00442028
-0.0130618
-0.0211158
-0.0282226
-0.0340682
-0.0383984
-0.0410301
-0.0418577
-0.0408564
-0.038081
-0.033662
-0.0277979
-0.0207459
-0.0128107
-0.00433148
-0.00357321
-0.0105593
-0.0170722
-0.0228218
-0.0275544
-0.031064
-0.0332015
-0.0338802
-0.0330785
-0.0308393
-0.0272668
-0.0225211
-0.0168104
-0.0103816
-0.00351035
-0.00283745
-0.00838542
-0.0135586
-0.0181272
-0.0218895
-0.0246821
-0.0263856
-0.0269306
-0.0262986
-0.0245231
-0.0216861
-0.0179144
-0.0133734
-0.00825967
-0.00279297
-0.00218981
-0.00647166
-0.0104648
-0.0139921
-0.0168981
-0.0190562
-0.0203742
-0.0207979
-0.0203127
-0.0189438
-0.0167543
-0.0138418
-0.0103339
-0.00638279
-0.00215837
-0.00161004
-0.00475831
-0.00769452
-0.0102884
-0.0124258
-0.0140135
-0.0149836
-0.0152962
-0.0149403
-0.0139343
-0.0123244
-0.0101824
-0.0076022
-0.00469565
-0.00158788
-0.00108013
-0.00319217
-0.00516183
-0.00690167
-0.00833504
-0.00939952
-0.0100496
-0.0102586
-0.0100192
-0.00934392
-0.00826389
-0.00682727
-0.00509704
-0.0031482
-0.00106458
-0.000583699
-0.00172488
-0.00278868
-0.00372768
-0.0045004
-0.00507322
-0.00542184
-0.00553214
-0.00540069
-0.00503458
-0.00445094
-0.00367596
-0.00274365
-0.00169431
-0.000572887
-0.000105464
-0.000311302
-0.000502179
-0.000669112
-0.000804516
-0.000902577
-0.000959495
-0.000973557
-0.000945083
-0.000876246
-0.000770817
-0.000633873
-0.000471492
-0.000290474
-9.80962e-05
0.00036924
0.0010919
0.00176771
0.00236758
0.00286546
0.00323952
0.00347312
0.00355552
0.00348252
0.0032567
0.00288744
0.00239057
0.00178774
0.00110549
0.000374047
0.000854933
0.00252762
0.00409035
0.00547508
0.0066214
0.00747917
0.00801071
0.0081925
0.00801624
0.00748926
0.00663432
0.00548859
0.00410211
0.0025356
0.000857757
0.00136644
0.00403968
0.00653658
0.00874813
0.0105777
0.0119453
0.0127912
0.0130781
0.0127935
0.0119495
0.0105831
0.00875376
0.00654149
0.00404301
0.00136762
0.00191936
0.00567417
0.00918094
0.0122864
0.0148547
0.0167738
0.0179596
0.0183605
0.017959
0.0167726
0.0148532
0.0122848
0.00917959
0.00567326
0.00191904
0.00253053
0.00748089
0.0121039
0.0161975
0.0195826
0.0221112
0.0236731
0.0242001
0.0236695
0.0221046
0.019574
0.0161886
0.0120962
0.00747561
0.00252867
0.00321858
0.00951484
0.0153946
0.0206005
0.024905
0.02812
0.0301051
0.030774
0.030098
0.028107
0.0248884
0.0205831
0.0153794
0.00950456
0.00321494
0.00400445
0.011838
0.019153
0.0256294
0.0309839
0.0349825
0.0374509
0.0382817
0.0374395
0.0349617
0.0309572
0.0256015
0.0191287
0.0118215
0.00399861
0.0049121
0.014521
0.0234937
0.0314373
0.0380042
0.0429075
0.0459336
0.046951
0.0459165
0.0428763
0.0379642
0.0313955
0.0234573
0.0144963
0.00490335
0.00596919
0.0176459
0.028549
0.038201
0.0461794
0.0521359
0.0558108
0.057045
0.055786
0.0520905
0.0461213
0.0381402
0.0284961
0.0176099
0.00595648
0.00720797
0.0213077
0.0344729
0.0461265
0.0557586
0.0629483
0.0673827
0.0688699
0.0673471
0.0628833
0.0556754
0.0460395
0.0343971
0.0212563
0.00718979
0.00866629
0.0256184
0.0414462
0.0554556
0.0670333
0.0756737
0.0810008
0.0827846
0.0809502
0.0755813
0.066915
0.0553319
0.0413385
0.0255454
0.00864044
0.0103887
0.0307098
0.049682
0.066473
0.0803474
0.0906994
0.097079
0.0992112
0.0970074
0.0905685
0.0801799
0.0662978
0.0495294
0.0306063
0.0103521
0.0124281
0.0367377
0.0594322
0.0795153
0.0961071
0.108483
0.116106
0.118648
0.116005
0.108298
0.0958701
0.0792675
0.0592164
0.0365913
0.0123763
0.0148469
0.043887
0.0709955
0.0949815
0.114794
0.129567
0.138661
0.141685
0.138518
0.129305
0.114459
0.0946313
0.0706906
0.04368
0.0147737
0.0177195
0.0523772
0.0847268
0.113346
0.136978
0.154594
0.165429
0.169022
0.165227
0.154225
0.136505
0.112851
0.0842962
0.0520849
0.0176161
0.0211344
0.06247
0.101048
0.135171
0.163341
0.184329
0.197227
0.201487
0.196941
0.183807
0.162673
0.134473
0.10044
0.0620573
0.0209884
0.0251972
0.074477
0.120464
0.16113
0.19469
0.21968
0.235021
0.240065
0.234618
0.218943
0.193747
0.160144
0.119605
0.0738943
0.0249911
0.030034
0.0887703
0.143573
0.192022
0.231988
0.26173
0.279965
0.285928
0.279395
0.260689
0.230657
0.19063
0.142361
0.0879476
0.029743
0.0357953
0.105794
0.171094
0.228804
0.276386
0.311768
0.333429
0.340466
0.332625
0.310299
0.274507
0.226839
0.169383
0.104633
0.0353844
0.0426614
0.126082
0.203884
0.272617
0.329256
0.371332
0.397045
0.405335
0.395911
0.369259
0.326603
0.269843
0.201468
0.124442
0.0420814
0.0508484
0.150269
0.24297
0.324829
0.392235
0.442256
0.47276
0.482501
0.471158
0.439329
0.38849
0.320912
0.239559
0.147954
0.0500296
0.0606159
0.179122
0.289584
0.387074
0.467285
0.52673
0.562889
0.574306
0.560628
0.522598
0.461997
0.381544
0.284769
0.175854
0.0594599
0.0722756
0.21356
0.345205
0.461315
0.556752
0.627371
0.670197
0.683533
0.667005
0.621539
0.549288
0.453509
0.338408
0.208946
0.0706436
0.0862036
0.25469
0.411612
0.549909
0.663449
0.747308
0.797979
0.813496
0.793473
0.739075
0.652912
0.53889
0.402015
0.248176
0.0838996
0.102854
0.303849
0.490949
0.655693
0.790754
0.890288
0.950169
0.968132
0.943808
0.878665
0.775879
0.640136
0.477402
0.294653
0.0996011
0.122777
0.362654
0.585809
0.782084
0.942726
1.0608
1.13146
1.15213
1.12248
1.04439
0.921727
0.760122
0.566683
0.349672
0.118184
0.14664
0.43307
0.699332
0.933215
1.12425
1.26422
1.34746
1.37105
1.33479
1.24106
1.09461
0.902211
0.672329
0.41474
0.140156
0.175259
0.517488
0.835334
1.11409
1.34124
1.50703
1.60488
1.63154
1.58699
1.47434
1.29939
1.07032
0.797211
0.491609
0.166104
0.209632
0.618837
0.998475
1.3308
1.60082
1.79701
1.91174
1.94144
1.88649
1.75086
1.54175
1.26901
0.944651
0.582296
0.196705
0.250988
0.740713
1.19446
1.59078
1.91167
2.14354
2.27763
2.31013
2.24199
2.07841
1.82829
1.50354
1.11847
0.689115
0.232734
0.30085
0.887565
1.43033
1.90311
2.28433
2.55796
2.71404
2.7487
2.66375
2.46604
2.16663
1.77996
1.32303
0.8147
0.27507
0.361118
1.06493
1.7148
2.27901
2.73168
3.05399
3.23476
3.27031
3.1638
2.92428
2.56555
2.10515
1.56327
0.962017
0.324703
0.434179
1.27975
2.05872
2.73237
3.26954
3.64829
3.8563
3.89055
3.7562
3.46527
3.03508
2.4869
1.84473
1.13437
0.382732
0.523062
1.5408
2.47579
3.28047
3.9174
4.36113
4.59849
4.62783
4.45732
4.10294
3.58652
2.9339
2.17352
1.33539
0.450356
0.631654
1.85931
2.98333
3.94504
4.69941
5.21724
5.48511
5.50387
5.28608
4.85312
4.23252
3.45571
2.5563
1.56898
0.528863
0.764998
2.24978
3.60356
4.75356
5.64567
6.24689
6.54467
6.54415
6.26423
5.73357
4.98698
4.06263
3.0001
1.83923
0.619592
0.929739
2.7312
4.36528
5.74113
6.79388
7.48721
7.81135
7.77841
7.41646
6.76393
5.86484
4.76548
3.51217
2.15028
0.723888
1.13477
3.32882
5.30632
6.95303
8.19165
8.98385
9.32594
9.24108
8.77044
7.96545
6.88175
5.57519
4.09963
2.50611
0.843027
1.3922
4.07681
6.47702
8.44828
9.89938
10.793
11.137
10.9716
10.3565
9.36047
8.05337
6.50223
4.76897
2.91022
0.978112
1.71894
5.02228
7.94555
10.3047
11.9942
12.9837
13.3016
13.0142
12.2072
10.9714
9.3944
7.55568
5.52543
3.36525
1.12994
2.13908
6.23164
9.80579
12.626
14.575
15.6408
15.8866
15.4177
14.3554
12.8192
10.9171
8.74207
6.37209
3.87242
1.29881
2.6881
7.80096
12.1895
15.5523
17.769
18.8673
18.9676
18.2331
16.8327
14.9211
12.6293
10.0638
7.30876
4.43092
1.48434
3.41997
9.87322
15.2855
19.2744
21.7397
22.7865
22.6284
21.5108
19.6649
17.2868
14.5315
11.517
8.33068
5.03713
1.6852
4.42037
12.6683
19.37
24.0543
26.6953
27.5425
26.9553
25.294
22.8667
19.9142
16.6135
13.0894
9.42703
5.68383
1.89888
5.83241
16.537
24.8553
30.2531
32.8963
33.2944
32.028
29.6089
26.433
22.7833
18.8506
14.7577
10.5795
6.35947
2.12145
7.91124
22.0629
32.3685
38.3645
40.6564
40.2019
37.9011
34.4492
30.3282
25.8487
21.1989
16.485
11.7609
7.04758
2.3474
11.1504
30.2594
42.8743
49.0481
50.3233
48.3914
44.5734
39.754
34.4722
29.0322
23.5915
18.2195
12.9346
7.72654
2.56959
16.6059
42.9654
57.8528
63.1333
62.2171
57.8902
51.941
45.3799
38.7257
32.216
25.9363
19.8933
14.0548
8.36997
2.77941
26.8199
63.638
79.5024
81.5214
76.4788
68.5154
59.7331
51.07
42.8788
35.24
28.1164
21.425
15.0684
8.94783
2.96718
48.7153
98.8612
110.766
104.813
92.7684
79.7085
67.4421
56.4322
46.6479
37.9059
29.9963
22.724
15.9178
9.42849
3.12278
103.447
160.64
154.431
132.334
109.763
90.3501
74.278
60.9428
49.6929
39.9935
31.4334
23.6992
16.5472
9.78156
3.2366
262.138
266.448
209.127
160.182
124.564
98.6712
79.213
64.0047
51.661
41.2897
32.2969
24.2698
16.9082
9.98134
3.30056
781.913
415.052
258.007
178.774
132.61
102.523
81.1963
65.0771
52.2588
41.6285
32.4894
24.3781
16.9671
10.0102
3.30917
1.93446
5.83346
9.82388
13.9703
18.3423
23.0153
28.0677
33.5708
39.5574
45.9421
52.3211
57.4961
58.4134
48.1622
13.8001
1.80481
5.4354
9.12873
12.9257
16.8644
20.9757
25.2731
29.7323
34.2494
38.5602
42.091
43.7152
41.4674
32.6581
16.1981
1.65417
4.97455
8.32988
11.7393
15.2138
18.7498
22.3165
25.8357
29.1475
31.958
33.7672
33.8061
31.0825
24.8044
15.6302
1.49149
4.4787
7.47692
10.4876
13.5017
16.4931
19.4073
22.1462
24.547
26.3567
27.2133
26.6598
24.2525
19.8469
14.0587
1.32458
3.97182
6.61149
9.23225
11.8123
14.3135
16.6732
18.7949
20.5375
21.7086
22.069
21.3664
19.4209
16.2722
12.3259
1.15957
3.47247
5.76492
8.01753
10.2017
12.2753
14.1771
15.8225
17.0997
17.8714
17.9876
17.3153
15.792
13.4944
10.6794
1.00081
2.99354
4.95816
6.87117
8.7017
10.4085
11.9372
13.2182
14.1672
14.6901
14.6954
14.1156
12.9378
11.2345
9.17198
0.85094
2.5427
4.20301
5.80723
7.3253
8.71986
9.94491
10.9457
11.6606
12.0265
11.9885
11.514
10.6096
9.33439
7.79943
0.711184
2.12332
3.50394
4.82943
6.07238
7.20061
8.17673
8.95882
9.50272
9.7666
9.71785
9.34215
8.65231
7.69395
6.54335
0.581661
1.73543
2.86001
3.93415
4.93417
5.83345
6.60252
7.20999
7.62467
7.81902
7.77395
7.48421
6.96326
6.24549
5.38402
0.461686
1.37674
2.26651
3.11298
3.89669
4.5965
5.18988
5.6539
5.96683
6.11073
6.07452
5.85728
5.47082
4.94046
4.3033
0.350022
1.04334
1.71628
2.35458
2.94313
3.46597
3.90663
4.24888
4.478
4.58249
4.55603
4.39948
4.12216
3.74211
3.28478
0.245081
0.730326
1.2007
1.64592
2.05527
2.41762
2.72178
2.957
3.11381
3.18517
3.16763
3.06242
2.8762
2.621
2.31337
0.145054
0.432175
0.710271
0.973143
1.21439
1.42748
1.6059
1.74352
1.83508
1.87677
1.86688
1.80639
1.69924
1.55232
1.37498
-1005.63
-1016.98
-1028.62
-1040.74
-1053.5
-1067.08
-1081.61
-1097.21
-1113.97
-1131.95
-1151.19
-1171.67
-1193.36
-1216.17
-1240.01
-17.2721
23.7431
-35.7586
-0.0857655
-33.0873
-6.03912
-28.484
-9.45678
8.25933
-11.5065
8.5702
-11.652
9.45295
-12.8292
9.57473
-21.722
-0.393379
-19.7433
-1.74387
-16.6614
-1.40854
-13.7548
-1.70452
10.2361
-1.91307
12.7852
-1.3845
15.5228
-2.30259
17.3435
-11.3995
8.88124
-11.4936
6.99654
-10.3046
6.37036
-8.87201
4.9127
18.9781
3.53402
21.7471
2.79028
24.6688
-0.359616
25.9494
-15.2173
12.4688
-17.6038
7.90522
-18.286
4.84678
-18.8751
0.119111
19.5504
-5.30961
20.0594
-10.319
19.7087
-18.6755
16.2889
-41.706
-6.5209
-46.7626
-16.1516
-49.9966
-23.9071
-53.619
-33.8563
-14.4279
-44.8877
-20.5046
-55.877
-28.4919
-70.8776
-40.6025
-100.233
-71.3059
-116.532
-92.852
-137.999
-119.245
-176.63
-167.924
-161.163
-292.146
-310.245
-360.482
-453.978
-628.805
-987.068
3.82818
4.24068
-8.58539
-7.37629
-13.4017
-10.3743
-12.6251
-7.58239
-2.55942
-4.11527
-1.0416
-3.55054
-0.930623
-4.34727
-2.50209
-8.12923
-6.29663
-9.07992
-6.53318
-7.95198
-5.12269
-5.46484
-1.56493
2.32104
1.99389
4.74646
3.43547
5.87619
3.36137
5.07898
-0.0890267
1.54376
-1.61868
0.674326
-1.41077
1.28504
0.332209
4.48672
8.69818
7.79706
10.7559
8.45789
11.0321
6.85066
8.40181
0.299417
1.70561
-3.75514
-1.46196
-5.54803
-2.74925
-5.3717
-0.536719
4.28437
1.35249
4.09657
-1.11978
0.860939
-6.993
-6.52599
-19.2671
-19.0507
-27.7061
-26.4721
-33.2265
-31.7044
-36.7733
-33.4063
-30.3178
-36.1961
-36.0785
-44.69
-46.0149
-57.5808
-61.135
-77.8257
-82.8555
-97.4927
-103.728
-120.096
-129.906
-151.565
-165.157
-185.316
-232.261
-263.997
-298.219
-336.895
-364.685
-310.942
8.14129
3.80191
-1.62256
-4.24902
-6.75177
-7.10861
-7.26875
-5.67949
-3.9047
-3.39059
-2.6145
-2.8347
-2.62164
-3.44242
-3.81889
-5.27848
-5.55308
-6.09179
-5.6122
-5.35988
-4.27005
-3.28359
-1.40544
0.472643
1.46582
2.55895
2.85271
3.36525
2.93037
2.72947
1.42809
1.11111
0.400153
0.65631
0.598313
1.45349
2.18158
3.97841
5.77999
6.50132
7.33435
7.10901
7.12321
5.80558
4.7549
2.12344
0.830473
-1.0724
-1.64331
-2.72447
-2.53898
-2.6072
-1.17286
0.182221
-0.159117
-0.403615
-2.28465
-3.8253
-7.29292
-10.3215
-15.487
-18.8055
-22.8901
-25.2894
-28.3746
-30.0105
-32.0753
-32.5553
-33.2953
-36.1384
-39.0825
-43.9956
-48.7906
-55.8207
-62.7507
-72.2094
-80.5698
-90.5514
-100.012
-111.637
-123.501
-138.118
-152.931
-170.895
-194.274
-214.168
-229.542
-235.481
-217.971
-149.649
8.90037
4.92672
1.31218
-1.29885
-3.19094
-4.12515
-4.4305
-4.04275
-3.43357
-3.04217
-2.7517
-2.74172
-2.82287
-3.17632
-3.57489
-4.13301
-4.42809
-4.5689
-4.36279
-3.97271
-3.26745
-2.38527
-1.24478
-0.100412
0.794883
1.52361
1.95595
2.2197
2.16352
1.96575
1.52882
1.24693
1.0275
1.09185
1.29359
1.80613
2.49312
3.46441
4.41854
5.04587
5.43802
5.4164
5.13337
4.37733
3.38564
2.02136
0.835009
-0.306293
-1.08842
-1.72344
-1.96187
-2.00488
-1.69337
-1.47554
-1.80862
-2.54557
-3.93805
-5.73496
-8.22334
-11.038
-14.3647
-17.4551
-20.4988
-23.117
-25.6077
-27.6968
-29.6572
-31.3279
-33.2418
-35.9334
-39.2486
-43.4691
-48.3453
-54.2021
-60.7228
-68.1721
-75.9471
-84.3583
-93.175
-102.83
-113.13
-124.386
-136.164
-148.674
-161.303
-170.844
-174.449
-167.831
-144.424
-97.6609
8.62865
5.53432
2.8017
0.615904
-1.00961
-2.04742
-2.59046
-2.72509
-2.64902
-2.54866
-2.48525
-2.51778
-2.6323
-2.84553
-3.10145
-3.36664
-3.5256
-3.54589
-3.37866
-3.03976
-2.51999
-1.85931
-1.09016
-0.315248
0.363324
0.914593
1.30144
1.53433
1.60003
1.54589
1.40576
1.29224
1.24563
1.32897
1.54076
1.90694
2.39468
2.97449
3.52704
3.92844
4.13684
4.09953
3.82398
3.28775
2.55224
1.66237
0.774011
-0.0580516
-0.746044
-1.29417
-1.6668
-1.91377
-2.07963
-2.34067
-2.87725
-3.74422
-5.00975
-6.64957
-8.6846
-11.0175
-13.5834
-16.1727
-18.7208
-21.1286
-23.4195
-25.5692
-27.6566
-29.7507
-32.0691
-34.8309
-38.1112
-41.999
-46.4882
-51.6277
-57.3579
-63.6658
-70.4085
-77.5812
-85.1316
-93.0932
-101.382
-109.903
-118.344
-126.28
-132.777
-136.068
-134.076
-124.358
-104.508
-73.8509
7.97195
5.62022
3.50299
1.72306
0.324637
-0.682941
-1.33935
-1.71168
-1.90031
-2.00287
-2.0816
-2.17673
-2.30061
-2.4543
-2.61572
-2.7543
-2.82389
-2.79403
-2.64283
-2.36842
-1.9766
-1.49072
-0.945016
-0.39259
0.113822
0.541046
0.867318
1.08835
1.20771
1.24847
1.24295
1.23978
1.27521
1.37966
1.56413
1.83125
2.16213
2.52232
2.85164
3.08733
3.18787
3.12407
2.8883
2.48344
1.93938
1.29947
0.630209
-0.0190145
-0.606823
-1.11933
-1.55447
-1.9412
-2.33063
-2.81082
-3.47196
-4.3708
-5.54436
-6.99699
-8.71879
-10.6635
-12.7704
-14.9515
-17.1465
-19.3105
-21.4363
-23.5332
-25.648
-27.8524
-30.2595
-32.9836
-36.1006
-39.6647
-43.6964
-48.2042
-53.1629
-58.5348
-64.2523
-70.2616
-76.4977
-82.8873
-89.3003
-95.5344
-101.254
-105.957
-108.869
-108.901
-104.825
-95.4733
-80.1548
-59.4244
7.15834
5.36932
3.71949
2.28179
1.09709
0.176903
-0.496247
-0.961719
-1.27443
-1.49027
-1.65322
-1.79317
-1.92482
-2.05082
-2.16168
-2.24016
-2.26418
-2.21571
-2.08323
-1.86492
-1.56742
-1.20707
-0.808329
-0.402445
-0.0204122
0.314109
0.585986
0.790045
0.929862
1.01895
1.07806
1.13302
1.20672
1.31643
1.46981
1.66512
1.88871
2.11598
2.31245
2.44225
2.47698
2.3977
2.19758
1.88108
1.46605
0.980395
0.459131
-0.0668113
-0.574413
-1.05422
-1.51015
-1.96302
-2.44917
-3.01864
-3.72254
-4.59993
-5.67519
-6.95489
-8.42999
-10.0739
-11.8484
-13.7079
-15.615
-17.5451
-19.4925
-21.4692
-23.5081
-25.66
-27.991
-30.5681
-33.4439
-36.6546
-40.2165
-44.1288
-48.3704
-52.9036
-57.6731
-62.6128
-67.6398
-72.645
-77.4732
-81.9041
-85.6254
-88.2119
-89.1072
-87.6475
-83.17
-75.1789
-63.593
-49.0413
6.28567
4.9188
3.63141
2.47714
1.48956
0.681986
0.048778
-0.430748
-0.787013
-1.05284
-1.25692
-1.4205
-1.55611
-1.66804
-1.75318
-1.8033
-1.80776
-1.75722
-1.6461
-1.47432
-1.24761
-0.977589
-0.680781
-0.37681
-0.0850809
0.178541
0.403485
0.585427
0.726259
0.833809
0.920366
1.00049
1.08762
1.19155
1.31637
1.45952
1.61126
1.75526
1.87055
1.93541
1.93157
1.84668
1.67584
1.422
1.09586
0.714068
0.296285
-0.1395
-0.580483
-1.02197
-1.46862
-1.93532
-2.44608
-3.03124
-3.72159
-4.54237
-5.50987
-6.62957
-7.89621
-9.29448
-10.802
-12.3939
-14.0485
-15.7527
-17.5043
-19.3135
-21.2034
-23.2073
-25.366
-27.72
-30.3027
-33.1365
-36.2298
-39.5767
-43.1557
-46.9297
-50.8461
-54.8359
-58.8106
-62.6547
-66.2156
-69.2927
-71.6274
-72.899
-72.7333
-70.7375
-66.5731
-60.0601
-51.3007
-40.7835
5.39967
4.3539
3.35172
2.43252
1.62291
0.936066
0.372582
-0.0772005
-0.42976
-0.704278
-0.918863
-1.08804
-1.22147
-1.32377
-1.39504
-1.43217
-1.43051
-1.38591
-1.29629
-1.16279
-0.990144
-0.786672
-0.56355
-0.333559
-0.109292
0.0986431
0.282879
0.439979
0.57055
0.678867
0.771901
0.857847
0.944293
1.03657
1.13646
1.24152
1.34488
1.43583
1.50119
1.52741
1.50282
1.41935
1.27357
1.06698
0.805766
0.499517
0.159323
-0.204739
-0.585863
-0.982289
-1.39826
-1.84421
-2.33589
-2.89235
-3.53283
-4.27353
-5.12536
-6.09261
-7.17283
-8.35755
-9.63427
-10.9892
-12.4106
-13.8917
-15.4328
-17.0418
-18.7341
-20.5317
-22.4595
-24.5423
-26.7998
-29.2442
-31.8775
-34.6901
-37.6597
-40.7506
-43.9127
-47.0803
-50.169
-53.0717
-55.654
-57.7497
-59.1594
-59.6548
-58.9937
-56.9493
-53.3576
-48.1756
-41.5393
-33.7966
4.52202
3.72584
2.95215
2.22969
1.57906
1.01209
0.532216
0.135891
-0.185361
-0.442506
-0.646703
-0.807579
-0.932202
-1.02473
-1.08664
-1.11745
-1.11567
-1.08001
-1.0103
-0.908237
-0.777708
-0.6247
-0.456871
-0.282745
-0.110679
0.0521661
0.200626
0.332002
0.446143
0.545178
0.632875
0.71371
0.791786
0.869811
0.948303
1.02514
1.09553
1.15241
1.18733
1.19168
1.15797
1.08088
0.957928
0.789714
0.579595
0.332918
0.0557954
-0.246347
-0.570156
-0.915425
-1.28568
-1.68821
-2.13341
-2.63349
-3.20073
-3.84566
-4.57564
-5.394
-6.29997
-7.28917
-8.35489
-9.48974
-10.6876
-11.9456
-13.2646
-14.6508
-16.1144
-17.6694
-19.331
-21.1138
-23.0287
-25.0809
-27.268
-29.5782
-31.9898
-34.4697
-36.9725
-39.4392
-41.7958
-43.9508
-45.7939
-47.1953
-48.0084
-48.0763
-47.2461
-45.3894
-42.4321
-38.3853
-33.3712
-27.6318
3.66209
3.06504
2.47845
1.92302
1.41433
0.962255
0.5711
0.240424
-0.0337478
-0.257463
-0.437425
-0.579841
-0.689677
-0.770314
-0.823602
-0.850216
-0.850222
-0.823732
-0.771488
-0.695305
-0.598272
-0.484717
-0.359921
-0.229636
-0.0994725
0.025703
0.142264
0.248116
0.342751
0.427069
0.502969
0.572774
0.638572
0.701593
0.761725
0.817246
0.864818
0.899772
0.916648
0.909915
0.874723
0.807544
0.706581
0.571885
0.405156
0.209239
-0.0126309
-0.257691
-0.52449
-0.813526
-1.12759
-1.47174
-1.85287
-2.27889
-2.75774
-3.29633
-3.89963
-4.57024
-5.30825
-6.11163
-6.97696
-7.9005
-8.87932
-9.91229
-11.0008
-12.1492
-13.3642
-14.6544
-16.029
-17.496
-19.0609
-20.7245
-22.482
-24.3213
-26.2226
-28.1568
-30.085
-31.9577
-33.7139
-35.2801
-36.5706
-37.4889
-37.9311
-37.7921
-36.977
-35.4149
-33.0758
-29.9879
-26.2481
-22.0225
2.82234
2.38902
1.95969
1.54889
1.16794
0.824524
0.522719
0.263411
0.0450212
-0.135621
-0.28241
-0.399225
-0.48941
-0.555501
-0.599197
-0.621528
-0.623165
-0.604782
-0.5674
-0.512648
-0.442887
-0.361184
-0.271145
-0.176625
-0.0813655
0.0113571
0.0990303
0.180081
0.253908
0.320769
0.381524
0.437287
0.48903
0.537205
0.581454
0.620456
0.651931
0.67282
0.679613
0.668771
0.637175
0.582496
0.503439
0.399809
0.272372
0.122549
-0.0480446
-0.238116
-0.447186
-0.675969
-0.926564
-1.20242
-1.50805
-1.84859
-2.22914
-2.65419
-3.12711
-3.64982
-4.2228
-4.84525
-5.51559
-6.23205
-6.99337
-7.79936
-8.65129
-9.55208
-10.506
-11.5183
-12.5941
-13.7377
-14.9512
-16.2332
-17.5783
-18.9756
-20.4083
-21.8526
-23.2776
-24.6444
-25.9058
-27.0065
-27.8836
-28.4687
-28.6908
-28.4818
-27.784
-26.5591
-24.798
-22.5294
-19.8247
-16.7957
2.00113
1.70718
1.41416
1.13166
0.867387
0.626776
0.413041
0.227367
0.0693227
-0.062642
-0.170678
-0.257084
-0.323972
-0.373076
-0.405701
-0.422791
-0.425095
-0.413352
-0.388493
-0.351779
-0.304875
-0.249837
-0.189012
-0.12487
-0.0598045
0.00407839
0.065124
0.122233
0.174878
0.223036
0.267036
0.307356
0.344389
0.378226
0.408493
0.434257
0.454037
0.465913
0.467712
0.457253
0.432603
0.392284
0.335414
0.26174
0.17155
0.0654933
-0.0556896
-0.191462
-0.341777
-0.507284
-0.689443
-0.890488
-1.11326
-1.36096
-1.63673
-1.94341
-2.28315
-2.6573
-3.06638
-3.51018
-3.98807
-4.49928
-5.04338
-5.62051
-6.23164
-6.87865
-7.56409
-8.29092
-9.06194
-9.87912
-10.7429
-11.6513
-12.5996
-13.5792
-14.5773
-15.5765
-16.5543
-17.483
-18.3293
-19.0549
-19.6173
-19.9713
-20.0713
-19.8756
-19.3503
-18.4757
-17.2511
-15.6992
-13.8683
-11.8301
1.19451
1.02408
0.853504
0.688262
0.532805
0.390379
0.263008
0.151596
0.0561307
-0.0240585
-0.0900295
-0.142984
-0.18408
-0.21432
-0.23451
-0.245287
-0.247189
-0.24075
-0.226598
-0.205523
-0.178517
-0.146766
-0.111596
-0.0743906
-0.0364841
0.000940899
0.0369414
0.0708658
0.102363
0.131343
0.157901
0.18221
0.204399
0.224441
0.242067
0.256725
0.267579
0.27357
0.273515
0.266227
0.250649
0.225961
0.191648
0.147513
0.0936384
0.030281
-0.0422608
-0.123803
-0.214419
-0.31455
-0.425052
-0.547184
-0.682518
-0.832793
-0.999743
-1.18492
-1.38953
-1.61439
-1.85985
-2.12594
-2.41242
-2.71905
-3.0457
-3.39255
-3.76022
-4.14971
-4.5624
-4.99976
-5.46311
-5.95326
-6.47004
-7.01194
-7.57568
-8.15582
-8.74445
-9.33094
-9.90168
-10.44
-10.9263
-11.3382
-11.6511
-11.8393
-11.8777
-11.7436
-11.4196
-10.8963
-10.1753
-9.27072
-8.21044
-7.0344
-1262.7
-1283.88
-1305.52
-1327.56
-1349.9
-1372.48
-1395.23
-1418.09
-1441.01
-1463.95
-1486.86
-1509.72
-1532.51
-1555.2
-1577.78
-1600.23
-1622.56
-1644.77
-1666.85
-1688.82
-1710.67
-1732.44
-1754.12
-1775.73
-1797.3
-1818.84
-1840.37
-1861.9
-1883.45
-1905.03
-1926.66
-1948.35
-1970.11
-1991.95
-2013.88
-2035.91
-2058.04
-2080.28
-2102.63
-2125.1
-2147.67
-2170.34
-2193.1
-2215.94
-2238.83
-2261.74
-2284.65
-2307.53
-2330.33
-2353.02
-2375.55
-2397.86
-2419.9
-2441.61
-2462.91
-2483.74
-2504
-2523.6
-2542.44
-2560.4
-2577.35
-2593.18
-2607.72
-2620.84
-2632.38
-2642.15
-2649.98
-2655.69
-2659.06
-2659.89
-2657.94
-2652.99
-2644.76
-2633.02
-2617.48
-2597.87
-2573.92
-2545.36
-2511.94
-2473.44
-2429.67
-2380.46
-2325.74
-2265.49
-2199.76
-2128.71
-2052.58
-1971.7
-1886.5
-1797.47
714.893
382.687
242.659
170.647
127.755
99.3434
78.9818
63.4749
51.0745
40.7462
31.8368
23.9084
16.6499
9.82681
3.24915
141.453
193.981
168.45
136.279
109.528
88.6153
72.1656
58.9033
47.8955
38.4903
30.23
22.7844
15.9066
9.40258
3.11119
9.00403
83.3317
100.88
96.4882
85.4614
73.4236
62.1614
52.0767
43.1133
35.0892
27.808
21.0924
14.7892
8.76567
2.90421
-24.697
29.4611
55.2485
63.3321
62.4055
57.4556
50.979
44.1281
37.3916
30.9447
24.8202
18.9879
13.3919
7.96665
2.64414
-32.9589
3.96144
27.3205
39.1857
43.3724
43.0136
40.1703
36.0648
31.3797
26.4777
21.54
16.647
11.8236
7.06485
2.34984
-33.5313
-7.97671
10.8862
22.7174
28.8841
31.0559
30.6233
28.5808
25.5843
22.046
18.2149
14.2363
10.1907
6.11923
2.04018
-31.4105
-13.223
1.48337
11.9135
18.3906
21.702
22.6859
22.0503
20.3307
17.9068
15.0371
11.8924
8.58345
5.18117
1.73182
-28.2435
-14.988
-3.64332
5.06245
11.0623
14.6755
16.3676
16.6035
15.7811
14.2133
12.1341
9.71272
7.06949
4.29017
1.43772
-24.6519
-14.8422
-6.13126
0.917152
6.12026
9.56996
11.5054
12.2149
11.9767
11.0312
9.5733
7.75478
5.69156
3.47226
1.16662
-20.894
-13.5979
-6.95678
-1.38304
2.93149
5.97843
7.86902
8.77389
8.87935
8.36132
7.37297
6.04145
4.46965
2.74064
0.923068
-17.0822
-11.6987
-6.7151
-2.42417
1.01015
3.5431
5.21818
6.13212
6.40539
6.16164
5.51572
4.5683
3.40488
2.09753
0.708059
-13.2642
-9.39978
-5.78069
-2.60875
-0.0098484
1.96561
3.32844
4.13098
4.4484
4.36409
3.95995
3.31114
2.48404
1.53654
0.519715
-9.45822
-6.85551
-4.39915
-2.2203
-0.406451
1.0007
1.99893
2.61491
2.8931
2.8863
2.6488
2.23222
1.68357
1.04487
0.353988
-5.66745
-4.16491
-2.74012
-1.46687
-0.39638
0.444686
1.05162
1.43657
1.62275
1.63918
1.51669
1.28535
0.973104
0.60536
0.20532
-1695.94
-1581.38
-1464.03
-1344.86
-1224.72
-1104.33
-984.248
-864.883
-746.489
-629.188
-512.989
-397.808
-283.489
-169.823
-56.5617
)
;

boundaryField
{
    hot
    {
        type            calculated;
        value           nonuniform List<scalar> 
120
(
998.233
-0.194382
-0.326696
-0.462783
-0.603531
-0.749152
-0.898938
-1.05105
-1.20233
-1.34819
-1.48277
-1.59927
-1.69066
-1.75058
-1.77445
-1.76441
-1.7268
-1.66553
-1.58399
-1.48642
-1.37748
-1.26178
-1.14358
-1.02653
-0.913535
-0.806744
-0.707605
-0.616946
-0.535096
-0.461996
-0.397311
-0.340518
-0.290985
-0.248028
-0.210953
-0.179083
-0.151782
-0.128461
-0.108589
-0.0916885
-0.0773392
-0.0651711
-0.0548622
-0.0461338
-0.0387452
-0.0324894
-0.0271891
-0.0226922
-0.0188685
-0.0156064
-0.0128102
-0.0103972
-0.00829579
-0.00644345
-0.00478475
-0.00326997
-0.00185359
-0.000492982
0.000852835
0.00222443
0.00366312
0.00521225
0.00691838
0.00883273
0.0110126
0.0135232
0.016439
0.0198466
0.0238465
0.0285558
0.0341118
0.0406749
0.0484329
0.0576053
0.0684481
0.081259
0.0963829
0.114218
0.13522
0.159909
0.188871
0.222759
0.262291
0.308244
0.361434
0.422695
0.492837
0.572593
0.662544
0.763021
0.873992
0.994924
1.12464
1.2612
1.40177
1.54259
1.67905
1.80585
1.91732
2.00795
2.07284
2.10834
2.11248
2.0852
2.02834
1.93446
1.80481
1.65417
1.49149
1.32458
1.15957
1.00081
0.85094
0.711184
0.581661
0.461686
0.350022
0.245081
0.145054
-1005.63
)
;
    }
    cold
    {
        type            calculated;
        value           nonuniform List<scalar> 
120
(
5.49729
-0.0553891
-0.0917606
-0.127253
-0.161427
-0.193764
-0.223662
-0.250443
-0.273381
-0.291747
-0.304878
-0.312261
-0.313615
-0.308967
-0.298687
-0.285092
-0.269607
-0.251959
-0.232831
-0.212897
-0.192771
-0.172982
-0.153959
-0.136018
-0.119376
-0.104156
-0.0904054
-0.0781128
-0.0672224
-0.0576489
-0.0492886
-0.0420291
-0.0357554
-0.0303558
-0.025724
-0.0217618
-0.0183801
-0.0154985
-0.0130458
-0.0109594
-0.00918441
-0.00767296
-0.00638354
-0.00528014
-0.00433148
-0.00351035
-0.00279297
-0.00215837
-0.00158788
-0.00106458
-0.000572887
-9.80962e-05
0.000374047
0.000857757
0.00136762
0.00191904
0.00252867
0.00321494
0.00399861
0.00490335
0.00595648
0.00718979
0.00864044
0.0103521
0.0123763
0.0147737
0.0176161
0.0209884
0.0249911
0.029743
0.0353844
0.0420814
0.0500296
0.0594599
0.0706436
0.0838996
0.0996011
0.118184
0.140156
0.166104
0.196705
0.232734
0.27507
0.324703
0.382732
0.450356
0.528863
0.619592
0.723888
0.843027
0.978112
1.12994
1.29881
1.48434
1.6852
1.89888
2.12145
2.3474
2.56959
2.77941
2.96718
3.12278
3.2366
3.30056
3.30917
3.24915
3.11119
2.90421
2.64414
2.34984
2.04018
1.73182
1.43772
1.16662
0.923068
0.708059
0.519715
0.353988
0.20532
-56.5617
)
;
    }
    interface_left
    {
        type            calculated;
        value           nonuniform List<scalar> 
90
(
-303.725
-103.313
-41.616
-20.0642
-11.2953
-7.12615
-4.85742
-3.48773
-2.59594
-1.98272
-1.54372
-1.21967
-0.974724
-0.786055
-0.638517
-0.521719
-0.428322
-0.353018
-0.291886
-0.241977
-0.201038
-0.167322
-0.139463
-0.116379
-0.0972057
-0.0812465
-0.0679384
-0.0568223
-0.0475221
-0.0397285
-0.0331859
-0.0276823
-0.0230414
-0.0191157
-0.0157813
-0.0129337
-0.0104842
-0.00835683
-0.00648578
-0.00481346
-0.0032885
-0.00186417
-0.000496885
0.000855141
0.00223322
0.00367945
0.00523808
0.00695681
0.00888838
0.0110922
0.0136362
0.016599
0.0200729
0.0241661
0.0290072
0.0347491
0.0415747
0.0497033
0.0593988
0.0709802
0.084834
0.101431
0.121345
0.145285
0.174123
0.208948
0.251123
0.302374
0.364911
0.44159
0.536164
0.653634
0.800797
0.98708
1.22589
1.53687
1.94977
2.51162
3.30065
4.4558
6.2449
9.23967
14.8141
26.7084
56.3537
142.204
423.371
422.32
137.609
41.1128
)
;
    }
    interface_right
    {
        type            calculated;
        value           nonuniform List<scalar> 
90
(
-16.6938
-6.26317
-2.85049
-1.55133
-0.965728
-0.657327
-0.473844
-0.354741
-0.272592
-0.213441
-0.169489
-0.136045
-0.110123
-0.0897368
-0.0735161
-0.0604872
-0.0499408
-0.0413491
-0.0343126
-0.0285241
-0.0237439
-0.0197833
-0.0164921
-0.0137495
-0.0114578
-0.00953737
-0.00792295
-0.00656061
-0.00540554
-0.00442028
-0.00357321
-0.00283745
-0.00218981
-0.00161004
-0.00108013
-0.000583699
-0.000105464
0.00036924
0.000854933
0.00136644
0.00191936
0.00253053
0.00321858
0.00400445
0.0049121
0.00596919
0.00720797
0.00866629
0.0103887
0.0124281
0.0148469
0.0177195
0.0211344
0.0251972
0.030034
0.0357953
0.0426614
0.0508484
0.0606159
0.0722756
0.0862036
0.102854
0.122777
0.14664
0.175259
0.209632
0.250988
0.30085
0.361118
0.434179
0.523062
0.631654
0.764998
0.929739
1.13477
1.3922
1.71894
2.13908
2.6881
3.41997
4.42037
5.83241
7.91124
11.1504
16.6059
26.8199
48.7153
103.447
262.138
781.913
)
;
    }
    interface_top
    {
        type            calculated;
        value           nonuniform List<scalar> 
90
(
-34.8177
42.1413
-57.9139
8.57825
-48.3375
-0.174628
-40.7288
-10.3256
17.6453
-18.3017
16.8266
-19.0582
18.3907
-20.529
20.3159
-33.1774
5.63853
-28.3463
3.28106
-23.6191
2.59079
-20.4466
-1.76535
16.7217
-5.94823
19.2946
-6.28183
23.3868
-7.96339
27.7717
-21.3377
15.7036
-19.8058
13.0404
-17.688
11.3792
-16.5373
5.09162
27.1876
-1.20864
30.4566
-3.28974
35.6176
-7.8149
40.7329
-28.9766
22.3505
-29.339
16.7715
-28.8997
12.287
-30.1183
0.432618
31.818
-12.5053
32.8945
-19.7176
35.1524
-30.0795
35.9339
-61.0887
5.57295
-62.4273
-5.76754
-63.5091
-15.624
-67.1629
-33.9773
-1.17127
-53.3864
-7.4518
-66.4011
-13.5313
-82.9832
-22.2728
-118.976
-59.5036
-131.596
-81.2761
-151.562
-106.853
-194.812
-166.278
-133.218
-331.57
-330.489
-385.69
-510.961
-794.561
-1538.64
)
;
    }
    interface_bottom
    {
        type            calculated;
        value           nonuniform List<scalar> 
90
(
351.967
135.262
105.828
45.9029
64.4026
30.7199
48.557
29.0474
12.2433
29.6731
11.1721
27.9379
10.3551
27.2173
10.4785
30.6605
17.1785
27.1045
18.8557
23.4761
19.3209
20.2435
19.0631
19.2274
18.0739
20.8601
16.4255
22.6129
13.9529
24.2417
7.62143
20.3319
6.25852
19.3751
5.2081
18.5447
3.52381
14.5486
26.6794
9.56566
28.4073
6.43978
30.446
2.0584
31.6579
-9.98093
20.5747
-8.65189
18.756
-7.56035
17.6429
-8.20799
11.283
31.8219
3.60849
33.8701
-0.446798
36.4533
-6.09545
37.8909
-22.6785
21.7151
-19.8915
19.1906
-17.8169
17.5508
-18.2848
8.70553
36.9114
-1.69542
39.6264
-6.98702
43.647
-14.7067
47.1334
-41.1022
23.2182
-41.3495
16.8261
-43.5741
9.88793
-51.4352
-11.4339
30.4847
-53.264
-6.49931
51.351
-120.526
-73.4878
-61.0104
)
;
    }
    defaultFaces
    {
        type            empty;
    }
}


// ************************************************************************* //
