/*--------------------------------*- C++ -*----------------------------------*\
| =========                 |                                                 |
| \\      /  F ield         | OpenFOAM: The Open Source CFD Toolbox           |
|  \\    /   O peration     | Version:  5.x                                   |
|   \\  /    A nd           | Web:      www.OpenFOAM.org                      |
|    \\/     M anipulation  |                                                 |
\*---------------------------------------------------------------------------*/
FoamFile
{
    version     2.0;
    format      ascii;
    class       volScalarField;
    location    "15.2";
    object      gradTx;
}
// * * * * * * * * * * * * * * * * * * * * * * * * * * * * * * * * * * * * * //

dimensions      [0 -1 0 1 0 0 0];

internalField   nonuniform List<scalar> 
6300
(
0.318532
0.587343
1.12119
1.91215
2.94751
4.20878
5.67066
7.29999
9.05499
10.8852
12.7321
14.5317
16.2174
17.7254
18.9993
0.0492328
0.321816
0.863567
1.66725
2.72108
4.00764
5.50269
7.17378
8.97927
10.8678
12.7789
14.6449
16.3947
17.9589
19.2764
-0.493134
-0.213345
0.343543
1.17173
2.26141
3.59753
5.15815
6.91265
8.81996
10.8274
12.8702
14.8737
16.7568
18.4386
19.8468
-1.31578
-1.02611
-0.448275
0.414203
1.5548
2.9624
4.6192
6.49815
8.56002
10.7508
13.0003
15.2224
17.3196
19.1911
20.7452
-2.42856
-2.12751
-1.52522
-0.62192
0.580684
2.07754
3.8576
5.90018
8.17056
10.6151
13.1572
15.6955
18.1075
20.2604
22.0298
-3.84289
-3.5306
-2.90366
-1.95783
-0.68818
0.908991
2.83296
5.07388
7.60636
10.3813
13.3173
16.2943
19.1539
21.7127
23.791
-5.56996
-5.24882
-4.60144
-3.61805
-2.28505
-0.586858
1.49083
3.9555
6.79916
9.98583
13.4358
17.0097
20.5005
23.6449
26.1682
-7.61864
-7.29372
-6.63571
-5.62834
-4.24759
-2.46269
-0.238798
2.45761
5.64842
9.32653
13.4298
17.8078
22.1928
26.1976
29.3782
-9.99266
-9.67214
-9.01977
-8.01248
-6.61472
-4.778
-2.44143
0.464793
4.00983
8.24157
13.1483
18.5984
24.2647
29.5741
33.7706
-12.6876
-12.3828
-11.7592
-10.7875
-9.42128
-7.59363
-5.21419
-2.16734
1.68403
6.48105
12.3231
19.1722
26.6928
34.0626
39.9388
-15.6878
-15.4128
-14.8471
-13.9575
-12.6897
-10.9615
-8.65483
-5.60445
-1.58791
3.67501
10.4901
19.0738
29.2711
40.0442
48.9629
-18.9634
-18.7338
-18.2592
-17.5063
-16.4188
-14.9083
-12.8396
-10.0082
-6.10669
-0.683713
6.88806
17.3611
31.273
47.8791
63.0047
-22.4689
-22.3002
-21.95
-21.39
-20.5712
-19.4135
-17.7876
-15.4823
-12.1474
-7.19171
0.384175
12.2087
30.58
57.1934
86.9647
-26.1434
-26.0486
-25.851
-25.5329
-25.0629
-24.3874
-23.4152
-21.9865
-19.8094
-16.3203
-10.3689
0.508944
21.644
63.3486
133.885
-29.9131
-29.9
-29.8727
-29.8281
-29.7605
-29.6583
-29.4995
-29.2395
-28.7835
-27.9117
-26.0491
-21.4486
-7.86254
40.6708
245.801
19.9351
20.5541
20.9547
21.1379
21.112
20.8913
20.4939
19.9404
19.2519
18.4493
17.552
16.5776
15.5413
14.4565
13.3343
12.1844
11.0146
9.83172
8.64134
7.4483
6.2567
5.07004
3.89132
2.72309
1.56749
0.426303
-0.69903
-1.80739
-2.89798
-3.97026
-5.02399
-6.05914
-7.07586
-8.07442
-9.05514
-10.0183
-10.9641
-11.8926
-12.8037
-13.6971
-14.5725
-15.4293
-16.2673
-17.0861
-17.8859
-18.6669
-19.4297
-20.175
-20.9037
-21.6168
-22.315
-22.999
-23.6688
-24.3242
-24.9645
-25.5885
-26.1948
-26.7818
-27.3479
-27.8917
-28.4118
-28.9071
-29.3765
-29.8191
-30.2335
-30.6181
-30.9707
-31.2882
-31.5667
-31.8014
-31.987
-32.1174
-32.1865
-32.1883
-32.1172
-31.9685
-31.7385
-31.4247
-31.0263
-30.5435
-29.9783
-29.334
-28.6155
-27.829
-26.9823
-26.0843
-25.1454
-24.1771
-23.1917
-22.2016
20.2385
20.868
21.2671
21.4383
21.3921
21.1452
20.7182
20.1341
19.4157
18.5852
17.6627
16.6661
15.6108
14.5098
13.374
12.2126
11.0332
9.84219
8.64491
7.44599
6.24936
5.05841
3.87605
2.70474
1.5466
0.403357
-0.723564
-1.83307
-2.92439
-3.99702
-5.05077
-6.08568
-7.102
-8.10008
-9.08037
-10.0432
-10.989
-11.9176
-12.8291
-13.723
-14.599
-15.4563
-16.2946
-17.1134
-17.9128
-18.693
-19.4546
-20.1986
-20.9259
-21.6379
-22.3353
-23.0191
-23.6893
-24.3458
-24.9877
-25.6137
-26.2222
-26.8115
-27.3798
-27.9255
-28.4472
-28.9439
-29.4149
-29.8592
-30.276
-30.6639
-31.0209
-31.344
-31.6293
-31.8718
-32.066
-32.2052
-32.283
-32.2928
-32.2285
-32.0851
-31.8586
-31.5464
-31.1473
-30.6618
-30.0917
-29.4405
-28.713
-27.9155
-27.0557
-26.1428
-25.1875
-24.2016
-23.1979
-22.1898
20.8632
21.5131
21.9072
22.0513
21.9607
21.6577
21.1685
20.5205
19.7406
18.8531
17.8798
16.8389
15.7457
14.6128
13.4503
12.2665
11.0683
9.86137
8.65059
7.44014
6.23363
5.03423
3.84467
2.66729
1.50411
0.3568
-0.773263
-1.88503
-2.97775
-4.05102
-5.10471
-6.13901
-7.15436
-8.15135
-9.13063
-10.0928
-11.0383
-11.9673
-12.8796
-13.7748
-14.6521
-15.5106
-16.3497
-17.1686
-17.9672
-18.7457
-19.5048
-20.2458
-20.9702
-21.6795
-22.3752
-23.0583
-23.7294
-24.388
-25.0334
-25.6637
-26.2771
-26.8712
-27.444
-27.9934
-28.5182
-29.0176
-29.4911
-29.9386
-30.3598
-30.7539
-31.1195
-31.4538
-31.753
-32.0117
-32.2235
-32.3812
-32.4771
-32.5035
-32.4535
-32.3211
-32.1018
-31.7927
-31.3924
-30.9014
-30.3217
-29.6566
-28.9111
-28.0913
-27.2052
-26.2621
-25.2732
-24.2512
-23.2103
-22.1651
21.847
22.5258
22.9067
23.0015
22.8345
22.4377
21.8467
21.0965
20.2197
19.2443
18.1936
17.0864
15.9375
14.758
13.5568
12.3408
11.1156
9.88581
8.65553
7.42835
6.20745
4.99569
3.79556
2.60924
1.43862
0.285298
-0.849409
-1.96448
-3.0592
-4.13323
-5.18657
-6.21964
-7.23316
-8.22808
-9.20547
-10.1663
-11.1113
-12.0409
-12.9547
-13.8521
-14.732
-15.5929
-16.4336
-17.2529
-18.0503
-18.826
-19.5809
-20.3169
-21.0359
-21.7405
-22.4329
-23.1147
-23.7869
-24.4492
-25.1003
-25.738
-26.3594
-26.9614
-27.5412
-28.0964
-28.6256
-29.1282
-29.6046
-30.0556
-30.4821
-30.8847
-31.2626
-31.6139
-31.9345
-32.2186
-32.4587
-32.6459
-32.7707
-32.8239
-32.7966
-32.6818
-32.474
-32.1697
-31.7677
-31.2684
-30.6741
-29.9881
-29.2155
-28.3624
-27.4363
-26.447
-25.4062
-24.3279
-23.2283
-22.1248
23.2534
23.9669
24.3175
24.3281
24.0385
23.497
22.7534
21.8545
20.8403
19.7432
18.5883
17.3938
16.1728
14.9342
13.6844
12.4281
11.1691
9.91067
8.65575
7.40726
6.16791
4.9402
3.72638
2.52843
1.34809
0.186876
-0.953928
-2.07329
-3.17051
-4.24525
-5.29767
-6.32843
-7.33871
-8.33002
-9.30408
-10.2625
-11.2066
-12.1369
-13.0533
-13.9546
-14.839
-15.7043
-16.5481
-17.3685
-18.1644
-18.9359
-19.6843
-20.4119
-21.1222
-21.8189
-22.5055
-23.1848
-23.8584
-24.5261
-25.1862
-25.8353
-26.4693
-27.0834
-27.6736
-28.2366
-28.7708
-29.2762
-29.7541
-30.2073
-30.6386
-31.0505
-31.4439
-31.8177
-32.1682
-32.4886
-32.7696
-32.9999
-33.1673
-33.2595
-33.2655
-33.1761
-32.9846
-32.6872
-32.2827
-31.772
-31.1579
-30.4442
-29.6356
-28.738
-27.7583
-26.7058
-25.5928
-24.435
-23.2518
-22.0646
25.1821
25.9303
26.2171
26.0865
25.6048
24.8465
23.8834
22.7779
21.5796
20.3251
19.0396
17.7391
16.4329
15.126
13.8209
12.5191
11.2216
9.93014
8.64645
7.37278
6.1114
4.86453
3.63417
2.4221
1.22989
0.0589564
-1.08941
-2.21409
-3.31423
-4.38944
-5.43995
-6.46673
-7.47155
-8.45677
-9.42514
-10.3794
-11.3216
-12.253
-13.1735
-14.0813
-14.9735
-15.8464
-16.6961
-17.5192
-18.3136
-19.079
-19.8172
-20.5318
-21.2279
-21.9115
-22.5883
-23.263
-23.9381
-24.6139
-25.2876
-25.9543
-26.6073
-27.2396
-27.8447
-28.418
-28.9573
-29.4632
-29.9391
-30.3902
-30.8228
-31.2424
-31.6529
-32.0549
-32.4449
-32.8149
-33.153
-33.4441
-33.6716
-33.819
-33.8714
-33.8169
-33.6473
-33.3586
-32.9501
-32.4242
-31.7847
-31.0363
-30.1836
-29.2313
-28.1847
-27.0514
-25.8434
-24.5786
-23.2808
-21.9783
27.787
28.5574
28.7171
28.3501
27.5689
26.4903
25.218
23.8345
22.3993
20.9511
19.512
18.092
16.6936
15.3149
13.9525
12.6033
11.2653
9.93807
8.62249
7.32036
6.03379
4.76489
3.51545
2.28702
1.08092
-0.101565
-1.25909
-2.39028
-3.49391
-4.56925
-5.61641
-6.63667
-7.63257
-8.60775
-9.56654
-10.5134
-11.4521
-12.3848
-13.3117
-14.2302
-15.1357
-16.0219
-16.8823
-17.711
-18.5043
-19.2612
-19.9839
-20.6779
-21.3514
-22.0137
-22.674
-23.3401
-24.0166
-24.7042
-25.3989
-26.0926
-26.7749
-27.4345
-28.0613
-28.648
-29.1915
-29.6932
-30.1593
-30.5996
-31.0252
-31.4471
-31.8738
-32.3089
-32.7499
-33.1869
-33.6037
-33.9795
-34.2909
-34.5149
-34.6309
-34.6229
-34.4812
-34.2019
-33.7863
-33.2395
-32.568
-31.7782
-30.8748
-29.8601
-28.7355
-27.5041
-26.1756
-24.7692
-23.3162
-21.8561
31.3099
32.0631
31.9753
31.2094
29.9608
28.4127
26.7124
24.965
23.2372
21.5635
19.9563
18.4135
16.9255
15.4799
14.0648
12.6711
11.2932
9.92894
8.57894
7.2453
5.93058
4.63703
3.36634
2.11965
0.897822
-0.298129
-1.46677
-2.60621
-3.71438
-4.78966
-5.83162
-6.84169
-7.82342
-8.78227
-9.72508
-10.6591
-11.591
-12.525
-13.4619
-14.3979
-15.3255
-16.2344
-17.1138
-17.9537
-18.7474
-19.4923
-20.1915
-20.8536
-21.4909
-22.1184
-22.7511
-23.4018
-24.079
-24.7842
-25.5112
-26.247
-26.9748
-27.6764
-28.3354
-28.9401
-29.4853
-29.974
-30.4166
-30.8296
-31.2325
-31.6446
-32.0821
-32.5542
-33.0602
-33.5875
-34.1132
-34.6071
-35.0358
-35.3659
-35.5683
-35.6213
-35.5129
-35.241
-34.8112
-34.234
-33.5213
-32.6835
-31.7259
-30.647
-29.4396
-28.0966
-26.6194
-25.0269
-23.3613
-21.683
36.1446
36.7793
36.2094
34.7631
32.7837
30.5539
28.2739
26.0672
23.9965
22.0799
20.3076
18.6558
17.096
15.6005
14.1461
12.716
11.3012
9.89902
8.51159
7.14282
5.79669
4.4761
3.18254
1.91634
0.67736
-0.534107
-1.71658
-2.86722
-3.98225
-5.05808
-6.09277
-7.08751
-8.04717
-8.97987
-9.89619
-10.808
-11.7267
-12.661
-13.6132
-14.5777
-15.5419
-16.4893
-17.4018
-18.263
-19.0605
-19.789
-20.4526
-21.0645
-21.6444
-22.2155
-22.8019
-23.4253
-24.1009
-24.8326
-25.6104
-26.4128
-27.2121
-27.9791
-28.6875
-29.3176
-29.8604
-30.3206
-30.7162
-31.074
-31.4262
-31.8052
-32.2401
-32.7504
-33.3395
-33.99
-34.6679
-35.3284
-35.9221
-36.4004
-36.7205
-36.8517
-36.7797
-36.507
-36.0479
-35.4231
-34.6545
-33.7608
-32.7512
-31.6186
-30.3387
-28.8819
-27.2289
-25.3899
-23.4242
-21.4337
42.9688
43.2295
41.705
39.0837
35.9664
32.7671
29.7295
26.9732
24.5337
22.3881
20.4849
18.7653
17.1735
15.6616
14.1919
12.7387
11.2905
9.84769
8.41714
7.00754
5.62583
4.27609
2.9592
1.67372
0.417181
-0.81192
-2.0123
-3.17955
-4.3066
-5.38575
-6.41145
-7.38385
-8.3097
-9.20102
-10.0738
-10.9467
-11.84
-12.7709
-13.7467
-14.7577
-15.7826
-16.7942
-17.7637
-18.6638
-19.4726
-20.1789
-20.788
-21.3214
-21.8102
-22.2903
-22.7993
-23.3733
-24.0415
-24.8145
-25.674
-26.5828
-27.4955
-28.3661
-29.1521
-29.8204
-30.354
-30.7602
-31.0696
-31.3263
-31.5808
-31.8851
-32.2892
-32.833
-33.5298
-34.3528
-35.2474
-36.1454
-36.9744
-37.6623
-38.1445
-38.3742
-38.3351
-38.0411
-37.523
-36.8187
-35.9674
-35.0049
-33.9533
-32.8019
-31.4924
-29.9494
-28.1058
-25.935
-23.5225
-21.0613
53.04
52.2495
48.7792
44.1174
39.2661
34.7466
30.7794
27.4228
24.6472
22.3467
20.3977
18.6904
17.1354
15.6616
14.2134
12.754
11.2718
9.77838
8.29229
6.83187
5.40872
4.02861
2.69047
1.3893
0.117386
-1.13118
-2.35578
-3.54984
-4.69996
-5.7904
-6.80686
-7.74722
-8.6219
-9.44888
-10.2509
-11.0562
-11.899
-12.8162
-13.8293
-14.9175
-16.0423
-17.1594
-18.2253
-19.1959
-20.0322
-20.7085
-21.2322
-21.6421
-21.9883
-22.3235
-22.7026
-23.1854
-23.8311
-24.6715
-25.6664
-26.7468
-27.8391
-28.8744
-29.786
-30.5169
-31.0306
-31.3387
-31.4984
-31.5815
-31.6634
-31.8207
-32.137
-32.6946
-33.5381
-34.6122
-35.8215
-37.0612
-38.2294
-39.2199
-39.9315
-40.2831
-40.2573
-39.8974
-39.2657
-38.4258
-37.44
-36.3766
-35.2987
-34.2122
-32.9822
-31.4492
-29.4535
-26.828
-23.6905
-20.466
68.9287
65.1272
57.5687
49.4235
42.0867
35.9298
30.9489
27.0352
24.076
21.7986
19.9619
18.3957
16.9802
15.6241
14.2508
12.802
11.2687
9.6983
8.13017
6.60231
5.12938
3.72052
2.36832
1.06262
-0.216148
-1.48505
-2.74329
-3.98346
-5.17928
-6.30162
-7.31184
-8.20513
-9.00275
-9.73262
-10.4233
-11.1114
-11.851
-12.7232
-13.8034
-15.0247
-16.313
-17.598
-18.8242
-19.9212
-20.8219
-21.4577
-21.8399
-22.0545
-22.1817
-22.2933
-22.4563
-22.7626
-23.34
-24.3058
-25.5351
-26.8935
-28.2645
-29.5606
-30.6798
-31.5255
-32.0029
-32.1307
-32.0372
-31.8381
-31.6368
-31.5269
-31.6368
-32.1442
-33.2137
-34.6766
-36.3511
-38.0796
-39.7399
-41.1788
-42.2363
-42.7352
-42.6598
-42.1445
-41.3077
-40.2422
-39.0239
-37.7687
-36.6562
-35.8288
-34.9078
-33.6146
-31.7079
-28.4577
-23.9834
-19.4083
96.5377
83.4138
67.2028
53.5656
43.2085
35.4194
29.5812
25.2727
22.5229
20.6154
19.1361
17.8836
16.7392
15.6112
14.3964
12.9715
11.3186
9.61482
7.90989
6.29349
4.75767
3.33075
1.97909
0.697092
-0.563955
-1.85435
-3.15685
-4.48099
-5.76439
-6.97427
-7.9852
-8.80074
-9.48111
-10.0727
-10.5995
-11.0923
-11.6117
-12.3308
-13.5742
-15.0352
-16.5884
-18.121
-19.6088
-20.9291
-21.9928
-22.5719
-22.6886
-22.5928
-22.3973
-22.1888
-22.0035
-21.9493
-22.2895
-23.5603
-25.2177
-27.0218
-28.7974
-30.5013
-31.9669
-33.0643
-33.4784
-33.2411
-32.7275
-32.0977
-31.4785
-30.9161
-30.564
-30.7841
-32.3225
-34.4361
-36.8024
-39.196
-41.5687
-43.6862
-45.3453
-46.0136
-45.6956
-44.8542
-43.6784
-42.2785
-40.6606
-38.9549
-37.6027
-37.5797
-37.3692
-36.6632
-35.8965
-31.85
-24.4211
-17.2511
151.216
106.144
73.1288
52.9832
40.6312
32.099
26.01
21.2653
19.7563
18.8153
17.9835
17.2154
16.4739
15.7232
14.844
13.4692
11.4414
9.53269
7.56186
5.86838
4.22894
2.83241
1.48943
0.301272
-0.8696
-2.20627
-3.53929
-5.03722
-6.45539
-7.93342
-8.93988
-9.59098
-10.0873
-10.506
-10.8246
-11.0347
-11.0849
-11.1834
-13.0312
-14.9129
-16.8933
-18.7083
-20.6343
-22.3063
-23.8611
-24.3518
-23.8431
-23.2744
-22.6312
-22.0505
-21.3616
-20.5679
-19.8985
-22.258
-24.6884
-27.1909
-29.4334
-31.7845
-33.7839
-35.5868
-35.8913
-34.7489
-33.5846
-32.3417
-31.2379
-30.0021
-28.667
-27.525
-30.6028
-33.8311
-37.2142
-40.342
-43.7642
-46.8534
-49.8804
-50.7116
-49.4844
-48.0447
-46.3716
-44.6279
-42.4231
-39.6316
-36.6345
-39.6
-40.5436
-39.7987
-44.8077
-40.1124
-24.4855
-12.2071
277.445
111.511
60.5215
41.1771
32.553
25.26
20.5025
12.598
16.1716
16.8576
16.7388
16.5087
16.2215
16.0198
16.005
14.9068
11.3925
9.53977
6.81424
5.36529
3.35029
2.25684
0.776741
-0.119517
-0.936569
-2.56349
-3.68431
-5.7083
-7.0602
-9.57161
-10.4063
-10.6041
-10.8051
-11.0833
-11.206
-11.2071
-10.4883
-7.51694
-12.4396
-14.648
-17.4364
-19.1356
-22.0253
-23.8522
-27.2613
-27.5706
-25.0839
-24.0628
-22.775
-22.0677
-20.8706
-19.0071
-13.1459
-20.8533
-24.0552
-27.734
-29.9128
-33.5737
-35.8836
-40.2664
-40.3875
-36.2879
-34.5545
-32.385
-31.1869
-29.2308
-26.4915
-18.1891
-28.6661
-33.0029
-37.993
-41.0634
-46.439
-50.1096
-57.577
-58.373
-53.5788
-51.5708
-49.1657
-47.6408
-45.0301
-40.6039
-27.0799
-44.5313
-46.149
-34.6481
-67.6925
-64.1159
-19.7277
0.565215
-21.1229
-19.9747
-18.8752
-17.8397
-16.8801
-16.0048
-15.2189
-14.525
-13.9234
-13.4134
-12.9931
-12.6603
-12.413
-12.2492
-12.1676
-21.0924
-19.9258
-18.8109
-17.7636
-16.7957
-15.9152
-15.1268
-14.4323
-13.8318
-13.3235
-12.9054
-12.5748
-12.3292
-12.1668
-12.0859
-21.029
-19.8248
-18.6789
-17.6079
-16.6236
-15.7332
-14.9404
-14.2457
-13.6476
-13.1434
-12.73
-12.4039
-12.1623
-12.0026
-11.9232
-20.9281
-19.6654
-18.4718
-17.3652
-16.3572
-15.4536
-14.6558
-13.9623
-13.3693
-12.8725
-12.467
-12.1486
-11.9132
-11.7581
-11.681
-20.7817
-19.4365
-18.1774
-17.0238
-15.9862
-15.0679
-14.2669
-13.578
-12.9947
-12.51
-12.117
-11.8099
-11.5839
-11.4353
-11.3616
-20.5771
-19.1212
-17.7773
-16.5662
-15.4958
-14.5647
-13.7655
-13.0881
-12.5215
-12.0555
-11.6809
-11.39
-11.177
-11.0374
-10.9683
-20.295
-18.6935
-17.2442
-15.9676
-14.866
-13.9294
-13.1422
-12.4871
-11.9476
-11.5095
-11.1608
-10.8922
-10.6966
-10.5688
-10.5058
-19.9042
-18.1136
-16.538
-15.194
-14.0708
-13.1445
-12.3866
-11.7702
-11.2722
-10.8739
-10.5605
-10.3212
-10.1481
-10.0355
-9.98005
-19.3533
-17.3183
-15.6003
-14.1992
-13.0788
-12.191
-11.4894
-10.9349
-10.4971
-10.1531
-9.88602
-9.68408
-9.53891
-9.44494
-9.39876
-18.551
-16.2058
-14.3455
-12.9235
-11.854
-11.0511
-10.4448
-9.98282
-9.62812
-9.3551
-9.14631
-8.99002
-8.87841
-8.80646
-8.77119
-17.3259
-14.6081
-12.652
-11.2954
-10.3624
-9.71458
-9.25578
-8.92332
-8.67733
-8.49279
-8.35401
-8.25117
-8.17814
-8.13121
-8.10822
-15.3339
-12.2484
-10.3589
-9.24346
-8.58562
-8.18886
-7.94032
-7.77722
-7.66499
-7.58461
-7.52566
-7.48239
-7.45169
-7.4319
-7.42218
-11.8535
-8.69276
-7.29154
-6.73384
-6.54761
-6.51481
-6.53934
-6.58017
-6.62069
-6.65493
-6.68153
-6.70095
-6.71424
-6.72243
-6.72631
-5.33507
-3.37744
-3.38057
-3.85266
-4.3561
-4.78336
-5.12196
-5.38337
-5.58258
-5.7328
-5.8445
-5.92557
-5.98179
-6.01718
-6.03426
7.51968
3.89869
0.999426
-0.940086
-2.2407
-3.14053
-3.78172
-4.24869
-4.59338
-4.84913
-5.03801
-5.17496
-5.27011
-5.33016
-5.35921
-33.3808
-33.4438
-33.5753
-33.7868
-34.0984
-34.5421
-35.1698
-36.068
-37.3913
-39.4456
-42.9326
-49.8137
-66.9454
-123.665
-365.741
-36.4898
-36.6182
-36.8859
-37.3164
-37.9504
-38.8544
-40.1369
-41.9805
-44.709
-48.9363
-55.9245
-68.4818
-93.165
-144.342
-238.209
-39.5097
-39.696
-40.0835
-40.7047
-41.615
-42.904
-44.7145
-47.2788
-50.986
-56.5098
-65.0492
-78.7292
-100.986
-135.372
-175.861
-42.4004
-42.6342
-43.1191
-43.8924
-45.0169
-46.5915
-48.7686
-51.7835
-56.0014
-61.9893
-70.6039
-83.0201
-100.385
-122.164
-141.63
-45.1288
-45.3981
-45.9546
-46.8363
-48.1063
-49.8606
-52.241
-55.4528
-59.7879
-65.6449
-73.5185
-83.8743
-96.7173
-110.562
-120.917
-47.6705
-47.9627
-48.5643
-49.5107
-50.8594
-52.695
-55.1361
-58.3421
-62.5175
-67.9002
-74.7095
-83.0009
-92.3544
-101.382
-107.395
-50.0092
-50.3127
-50.9346
-51.9057
-53.2745
-55.1092
-57.4999
-60.5581
-64.4086
-69.1648
-74.8715
-81.3899
-88.2174
-94.2963
-98.0476
-52.1373
-52.4417
-53.0626
-54.0248
-55.3661
-57.1372
-59.4003
-62.224
-65.6706
-69.7695
-74.4696
-79.5642
-84.6001
-88.8266
-91.3054
-54.0542
-54.3509
-54.9535
-55.8807
-57.1593
-58.8235
-60.9114
-63.4574
-66.4796
-69.9566
-73.7939
-77.7792
-81.5448
-84.5705
-86.2845
-55.765
-56.0476
-56.6193
-57.4925
-58.6847
-60.2158
-62.1044
-64.3602
-66.9726
-69.8936
-73.0152
-76.1468
-79.0033
-81.2253
-82.4537
-57.2797
-57.5437
-58.0757
-58.8829
-59.9748
-61.3599
-63.0424
-65.0153
-67.2514
-69.6911
-72.2295
-74.7054
-76.9023
-78.5699
-79.4759
-58.6112
-58.8538
-59.341
-60.0758
-61.0612
-62.2975
-63.7788
-65.4877
-67.3887
-69.4202
-71.4871
-73.4578
-75.1687
-76.4435
-77.1271
-59.7741
-59.9941
-60.4343
-61.0947
-61.9734
-63.065
-64.3571
-65.8267
-67.4354
-69.1245
-70.8116
-72.3906
-73.7379
-74.7275
-75.253
-60.7844
-60.9815
-61.3748
-61.9619
-62.7378
-63.6932
-64.8121
-66.0692
-67.4263
-68.8302
-70.2111
-71.4842
-72.5556
-73.3337
-73.7439
-61.6578
-61.8327
-62.1808
-62.6981
-63.3776
-64.2079
-65.1713
-66.2421
-67.3847
-68.552
-69.6855
-70.7178
-71.5769
-72.1954
-72.5195
-62.4097
-62.5636
-62.8692
-63.3217
-63.9128
-64.6301
-65.4558
-66.3653
-67.3259
-68.2971
-69.2303
-70.0715
-70.7654
-71.2614
-71.5201
-63.0548
-63.1893
-63.4558
-63.849
-64.3603
-64.9771
-65.6823
-66.4528
-67.2599
-68.0686
-68.8388
-69.5274
-70.0914
-70.4921
-70.7005
-63.6064
-63.7233
-63.9543
-64.2942
-64.7345
-65.2629
-65.8633
-66.515
-67.1927
-67.8668
-68.5041
-69.0699
-69.5306
-69.8565
-70.0254
-64.077
-64.178
-64.3773
-64.6699
-65.0474
-65.4986
-66.0087
-66.5591
-67.1281
-67.6904
-68.2189
-68.6855
-69.0635
-69.3299
-69.4676
-64.4774
-64.5643
-64.7357
-64.9865
-65.3092
-65.6935
-66.126
-66.5905
-67.0681
-67.5377
-67.9767
-68.3625
-68.6739
-68.8926
-69.0055
-64.8176
-64.8921
-65.0388
-65.2532
-65.5284
-65.8549
-66.221
-66.6127
-67.0136
-67.4061
-67.7715
-68.0913
-68.3485
-68.5288
-68.6217
-65.1059
-65.1696
-65.2949
-65.4777
-65.7118
-65.9888
-66.2984
-66.6284
-66.965
-67.2933
-67.5978
-67.8635
-68.0767
-68.2257
-68.3024
-65.3501
-65.4044
-65.5112
-65.6667
-65.8654
-66.1
-66.3616
-66.6396
-66.9222
-67.197
-67.4511
-67.6723
-67.8493
-67.9728
-68.0363
-65.5566
-65.6028
-65.6936
-65.8256
-65.9941
-66.1926
-66.4134
-66.6475
-66.8848
-67.115
-67.3273
-67.5117
-67.659
-67.7616
-67.8144
-65.731
-65.7702
-65.8473
-65.9592
-66.1019
-66.2697
-66.456
-66.6531
-66.8525
-67.0454
-67.223
-67.3769
-67.4997
-67.5851
-67.629
-65.8781
-65.9114
-65.9767
-66.0716
-66.1923
-66.334
-66.4911
-66.657
-66.8246
-66.9864
-67.1351
-67.2638
-67.3662
-67.4375
-67.4741
-66.0022
-66.0304
-66.0857
-66.166
-66.268
-66.3877
-66.5202
-66.6598
-66.8007
-66.9365
-67.0611
-67.1688
-67.2545
-67.314
-67.3445
-66.1066
-66.1305
-66.1773
-66.2452
-66.3314
-66.4325
-66.5442
-66.6618
-66.7803
-66.8943
-66.9989
-67.0891
-67.1608
-67.2107
-67.2362
-66.1945
-66.2147
-66.2543
-66.3117
-66.3846
-66.4699
-66.5641
-66.6632
-66.7629
-66.8588
-66.9466
-67.0223
-67.0824
-67.1242
-67.1455
-66.2683
-66.2854
-66.319
-66.3675
-66.4291
-66.5012
-66.5807
-66.6642
-66.7482
-66.8289
-66.9027
-66.9663
-67.0168
-67.0518
-67.0697
-66.3303
-66.3448
-66.3732
-66.4143
-66.4664
-66.5273
-66.5944
-66.6649
-66.7358
-66.8038
-66.8659
-66.9194
-66.9619
-66.9913
-67.0064
-66.3822
-66.3945
-66.4185
-66.4534
-66.4975
-66.549
-66.6058
-66.6654
-66.7253
-66.7827
-66.8351
-66.8802
-66.916
-66.9408
-66.9535
-66.4256
-66.436
-66.4564
-66.486
-66.5234
-66.5672
-66.6153
-66.6658
-66.7165
-66.765
-66.8094
-66.8475
-66.8778
-66.8987
-66.9094
-66.4617
-66.4706
-66.488
-66.5131
-66.545
-66.5822
-66.6231
-66.6661
-66.7091
-66.7503
-66.788
-66.8203
-66.846
-66.8637
-66.8728
-66.4917
-66.4993
-66.5142
-66.5357
-66.5629
-66.5946
-66.6296
-66.6662
-66.7029
-66.7381
-66.7702
-66.7978
-66.8196
-66.8347
-66.8425
-66.5164
-66.5229
-66.5357
-66.5542
-66.5776
-66.6049
-66.6349
-66.6664
-66.6979
-66.728
-66.7556
-66.7792
-66.7979
-66.8109
-66.8175
-66.5366
-66.5422
-66.5533
-66.5693
-66.5896
-66.6132
-66.6392
-66.6664
-66.6937
-66.7198
-66.7436
-66.7641
-66.7803
-66.7915
-66.7972
-66.5528
-66.5578
-66.5675
-66.5815
-66.5992
-66.6199
-66.6427
-66.6665
-66.6904
-66.7132
-66.734
-66.7519
-66.766
-66.7758
-66.7808
-66.5656
-66.57
-66.5786
-66.5911
-66.6068
-66.6252
-66.6454
-66.6666
-66.6877
-66.708
-66.7264
-66.7423
-66.7548
-66.7635
-66.768
-66.5753
-66.5793
-66.5871
-66.5984
-66.6126
-66.6292
-66.6475
-66.6666
-66.6857
-66.704
-66.7207
-66.735
-66.7463
-66.7541
-66.7582
-66.5823
-66.586
-66.5932
-66.6036
-66.6168
-66.6321
-66.649
-66.6666
-66.6843
-66.7011
-66.7165
-66.7297
-66.7402
-66.7474
-66.7511
-66.5867
-66.5902
-66.597
-66.6069
-66.6194
-66.6339
-66.6499
-66.6666
-66.6833
-66.6993
-66.7139
-66.7264
-66.7363
-66.7432
-66.7467
-66.5887
-66.5921
-66.5988
-66.6084
-66.6206
-66.6347
-66.6503
-66.6666
-66.6829
-66.6985
-66.7127
-66.7249
-66.7346
-66.7413
-66.7447
-66.5884
-66.5918
-66.5985
-66.6081
-66.6204
-66.6346
-66.6503
-66.6666
-66.683
-66.6987
-66.7129
-66.7252
-66.7349
-66.7416
-66.745
-66.5857
-66.5892
-66.5961
-66.6061
-66.6187
-66.6335
-66.6497
-66.6666
-66.6836
-66.6998
-66.7146
-66.7272
-66.7373
-66.7442
-66.7478
-66.5805
-66.5842
-66.5916
-66.6022
-66.6157
-66.6313
-66.6486
-66.6666
-66.6846
-66.7019
-66.7176
-66.7311
-66.7418
-66.7492
-66.753
-66.5727
-66.5768
-66.5848
-66.5964
-66.611
-66.6281
-66.6469
-66.6666
-66.6863
-66.7051
-66.7222
-66.737
-66.7486
-66.7567
-66.7608
-66.562
-66.5666
-66.5755
-66.5884
-66.6047
-66.6238
-66.6447
-66.6666
-66.6885
-66.7094
-66.7285
-66.7449
-66.7579
-66.7669
-66.7715
-66.5482
-66.5534
-66.5635
-66.5781
-66.5965
-66.6181
-66.6417
-66.6665
-66.6913
-66.7151
-66.7367
-66.7553
-66.77
-66.7802
-66.7854
-66.5308
-66.5368
-66.5483
-66.565
-66.5862
-66.6109
-66.638
-66.6665
-66.6949
-66.7222
-66.747
-66.7683
-66.7852
-66.7969
-66.8029
-66.5094
-66.5162
-66.5296
-66.5489
-66.5734
-66.602
-66.6335
-66.6664
-66.6994
-66.7309
-66.7597
-66.7845
-66.804
-66.8176
-66.8245
-66.4831
-66.4911
-66.5067
-66.5293
-66.5578
-66.5912
-66.6278
-66.6663
-66.7048
-66.7416
-66.7753
-66.8042
-66.827
-66.8429
-66.851
-66.4513
-66.4607
-66.479
-66.5054
-66.5389
-66.578
-66.621
-66.6661
-66.7113
-66.7546
-66.7941
-66.828
-66.8549
-66.8736
-66.8831
-66.4131
-66.4241
-66.4456
-66.4767
-66.5161
-66.5621
-66.6128
-66.6659
-66.7191
-66.7702
-66.8168
-66.8568
-66.8886
-66.9106
-66.9218
-66.3672
-66.3801
-66.4055
-66.4422
-66.4887
-66.543
-66.6028
-66.6655
-66.7285
-66.7888
-66.844
-66.8914
-66.929
-66.955
-66.9683
-66.3123
-66.3276
-66.3576
-66.4009
-66.4558
-66.5201
-66.5908
-66.6651
-66.7396
-66.8111
-66.8765
-66.9328
-66.9774
-67.0083
-67.0241
-66.2468
-66.2649
-66.3003
-66.3516
-66.4166
-66.4926
-66.5764
-66.6644
-66.7528
-66.8377
-66.9154
-66.9822
-67.0353
-67.0721
-67.0909
-66.1688
-66.1902
-66.232
-66.2927
-66.3696
-66.4597
-66.5591
-66.6635
-66.7685
-66.8694
-66.9617
-67.0413
-67.1045
-67.1483
-67.1707
-66.0759
-66.1012
-66.1507
-66.2225
-66.3136
-66.4203
-66.5382
-66.6622
-66.787
-66.907
-67.017
-67.1118
-67.1871
-67.2394
-67.2661
-65.9655
-65.9954
-66.0539
-66.1389
-66.2468
-66.3733
-66.5131
-66.6604
-66.8087
-66.9516
-67.0827
-67.1958
-67.2857
-67.3481
-67.3801
-65.8344
-65.8696
-65.9389
-66.0393
-66.167
-66.3169
-66.4828
-66.6578
-66.8343
-67.0045
-67.1608
-67.2959
-67.4034
-67.4781
-67.5164
-65.6787
-65.7204
-65.8021
-65.9208
-66.0719
-66.2494
-66.4462
-66.6541
-66.8642
-67.0671
-67.2537
-67.4152
-67.5438
-67.6333
-67.6792
-65.4941
-65.5432
-65.6396
-65.7798
-65.9584
-66.1686
-66.402
-66.649
-66.899
-67.141
-67.364
-67.5572
-67.7114
-67.8188
-67.8739
-65.2755
-65.3333
-65.4468
-65.6121
-65.823
-66.0716
-66.3483
-66.6417
-66.9394
-67.2282
-67.4949
-67.7265
-67.9115
-68.0405
-68.1068
-65.0167
-65.0846
-65.2181
-65.4127
-65.6614
-65.9552
-66.2829
-66.6314
-66.9859
-67.3309
-67.6501
-67.928
-68.1505
-68.3059
-68.3857
-64.7108
-64.7904
-64.947
-65.1756
-65.4685
-65.8153
-66.2032
-66.6169
-67.0392
-67.4513
-67.834
-68.168
-68.4361
-68.6236
-68.7202
-64.3496
-64.4426
-64.626
-64.894
-65.2382
-65.6468
-66.1055
-66.5964
-67.0995
-67.5923
-68.0515
-68.4538
-68.7776
-69.0046
-69.1216
-63.9237
-64.0322
-64.2462
-64.5595
-64.963
-65.4437
-65.9853
-66.5675
-67.1668
-67.7566
-68.3087
-68.7942
-69.1863
-69.4619
-69.6042
-63.4226
-63.5486
-63.7973
-64.1625
-64.6342
-65.1984
-65.8369
-66.5268
-67.2407
-67.9472
-68.6119
-69.1995
-69.6759
-70.0119
-70.1856
-62.834
-62.9796
-63.2676
-63.6916
-64.2411
-64.9015
-65.6528
-66.4694
-67.3198
-68.1668
-68.9688
-69.6818
-70.263
-70.6744
-70.8877
-62.1444
-62.3118
-62.6436
-63.1335
-63.7711
-64.5415
-65.4233
-66.3885
-67.4012
-68.4177
-69.3875
-70.2558
-70.9679
-71.4744
-71.7379
-61.3386
-61.5298
-61.9098
-62.4727
-63.2091
-64.104
-65.1359
-66.2746
-67.4799
-68.7009
-69.8765
-70.9383
-71.8155
-72.4433
-72.771
-60.3999
-60.6169
-61.0489
-61.6915
-62.5369
-63.5715
-64.7744
-66.1145
-67.5478
-69.0157
-70.4446
-71.7488
-72.8364
-73.6204
-74.0317
-59.3107
-59.5546
-60.0417
-60.7697
-61.7332
-62.9221
-64.3177
-65.8897
-67.5917
-69.3575
-71.0994
-72.7096
-74.068
-75.0564
-75.578
-58.052
-58.3236
-58.8674
-59.6842
-60.7732
-62.1291
-63.7385
-65.5746
-67.5912
-69.716
-71.8456
-73.8453
-75.5566
-76.8164
-77.4865
-56.6049
-56.9035
-57.5035
-58.4098
-59.6278
-61.1601
-63.0018
-65.1342
-67.5156
-70.071
-72.6819
-75.1812
-77.3587
-78.9859
-79.8602
-54.9505
-55.2741
-55.9268
-56.9191
-58.2643
-59.9762
-62.0633
-64.5209
-67.3192
-70.3874
-73.5958
-76.7404
-79.543
-81.6782
-82.8409
-53.0715
-53.4163
-54.1145
-55.1832
-56.6462
-58.5318
-60.8675
-63.6709
-66.9353
-70.6066
-74.5538
-78.5372
-82.1906
-85.0456
-86.629
-50.9532
-51.313
-52.045
-53.1736
-54.7347
-56.7749
-59.3469
-62.5009
-66.2688
-70.6341
-75.4866
-80.5631
-85.3926
-89.2961
-91.5165
-48.585
-48.9515
-49.7003
-50.8636
-52.4907
-54.6489
-57.422
-60.9047
-65.1875
-70.3231
-76.2637
-82.7604
-89.2376
-94.7152
-97.9459
-45.9624
-46.3246
-47.0678
-48.2315
-49.8779
-52.0959
-55.0043
-58.7529
-63.514
-69.4531
-76.6546
-84.9711
-93.7766
-101.694
-106.619
-43.0885
-43.4331
-44.1435
-45.2644
-46.8683
-49.0635
-52.0033
-55.898
-61.0225
-67.7065
-76.2711
-86.8422
-98.9318
-110.752
-118.711
-39.9754
-40.2878
-40.9343
-41.9618
-43.4483
-45.5141
-48.3393
-52.1891
-57.4481
-64.6537
-74.4941
-87.6587
-104.274
-122.493
-136.329
-36.6456
-36.9105
-37.4607
-38.3407
-39.6262
-41.4376
-43.9638
-47.5017
-52.5218
-59.7712
-70.4088
-86.0788
-108.502
-137.276
-163.555
-33.1321
-33.3352
-33.7583
-34.4382
-35.4389
-36.8647
-38.8858
-41.785
-46.0475
-52.5359
-62.8287
-79.8094
-108.319
-153.791
-209.031
-29.4777
-29.6073
-29.8777
-30.3132
-30.9565
-31.8785
-33.1982
-35.1218
-38.0274
-42.6588
-50.6043
-65.5338
-96.3564
-163.522
-292.866
-25.7335
-25.782
-25.8828
-26.0442
-26.2807
-26.6163
-27.0914
-27.7769
-28.8089
-30.4805
-33.5301
-40.2216
-59.1554
-130.073
-466.523
-21.9559
-21.9206
-21.8459
-21.7231
-21.5362
-21.2575
-20.8386
-20.1915
-19.1466
-17.3456
-13.927
-6.40812
14.1457
87.7728
427.42
-18.2031
-18.0867
-17.8427
-17.4469
-16.8558
-15.9963
-14.7444
-12.8826
-10.0097
-5.33448
2.82826
18.3531
50.5899
120.882
255.992
-14.5315
-14.3416
-13.9453
-13.3065
-12.362
-11.0079
-9.07408
-6.27626
-2.12489
4.25418
14.4703
31.5086
60.6063
108.976
178.396
24.2739
9.90684
4.13464
1.14413
-0.668964
-1.87163
-2.71284
-3.3206
-3.76811
-4.10034
-4.34629
-4.52517
-4.64984
-4.72874
-4.76699
15.3466
9.40005
5.05307
2.2212
0.33599
-0.969084
-1.90323
-2.58814
-3.09788
-3.47951
-3.76398
-3.97204
-4.11771
-4.2102
-4.25512
10.5487
7.78237
4.91931
2.64085
0.938065
-0.324123
-1.26667
-1.97731
-2.51659
-2.92613
-3.23469
-3.46222
-3.62248
-3.72465
-3.7744
7.67169
6.23184
4.37951
2.66072
1.23416
0.0988708
-0.791168
-1.48545
-2.02537
-2.44285
-2.76164
-2.99908
-3.16755
-3.27549
-3.32819
5.79454
4.96771
3.74694
2.47762
1.32797
0.35155
-0.451598
-1.10077
-1.61917
-2.02809
-2.34506
-2.58382
-2.75461
-2.86466
-2.91856
4.49154
3.9771
3.14805
2.2114
1.30147
0.483898
-0.218957
-0.806879
-1.289
-1.67714
-1.98278
-2.21575
-2.38383
-2.49278
-2.54634
3.54574
3.20494
2.62386
1.92661
1.21082
0.536576
-0.0661288
-0.586461
-1.02407
-1.38349
-1.67096
-1.8927
-2.05411
-2.15936
-2.21128
2.83657
2.59963
2.18032
1.65467
1.09131
0.53957
0.0294967
-0.423488
-0.813423
-1.13979
-1.40475
-1.61153
-1.76336
-1.86295
-1.91226
2.29191
2.12093
1.81061
1.4089
0.96371
0.513627
0.0854764
-0.304294
-0.646921
-0.938706
-1.17895
-1.36852
-1.50886
-1.60146
-1.64745
1.86598
1.73897
1.50435
1.19332
0.839502
0.472449
0.114802
-0.217836
-0.51572
-0.77341
-0.988335
-1.15967
-1.28751
-1.37232
-1.41458
1.52823
1.43171
1.25115
1.00744
0.724479
0.424733
0.12676
-0.155509
-0.412428
-0.637804
-0.827981
-0.981015
-1.09602
-1.17271
-1.21104
1.2575
1.18282
1.04178
0.8488
0.621108
0.375783
0.127811
-0.110787
-0.331036
-0.526636
-0.693413
-0.828759
-0.931141
-0.999726
-1.0341
1.03862
0.979987
0.86847
0.714262
0.529978
0.328668
0.122351
-0.0788056
-0.266758
-0.435479
-0.580668
-0.699387
-0.789723
-0.850492
-0.881026
0.860451
0.813873
0.7248
0.600605
0.450666
0.285026
0.113308
-0.0559936
-0.215832
-0.36066
-0.486298
-0.58972
-0.668829
-0.722247
-0.749148
0.714619
0.677261
0.605515
0.50482
0.382253
0.245604
0.102584
-0.0397523
-0.175329
-0.299166
-0.407351
-0.496931
-0.565771
-0.612411
-0.635945
0.594723
0.564523
0.506327
0.424221
0.323615
0.210605
0.0913852
-0.0282049
-0.142977
-0.248537
-0.341319
-0.418541
-0.478126
-0.518613
-0.53908
0.495795
0.471221
0.423739
0.356466
0.273588
0.179915
0.0804428
-0.020003
-0.11702
-0.206781
-0.286091
-0.352395
-0.403737
-0.438715
-0.456424
0.413928
0.393823
0.354891
0.299543
0.231055
0.153251
0.0701757
-0.0141816
-0.0961025
-0.172279
-0.239892
-0.296635
-0.34071
-0.370804
-0.386061
0.346019
0.329495
0.297441
0.251743
0.194991
0.130246
0.0607983
-0.010052
-0.0791724
-0.143724
-0.20124
-0.24967
-0.287389
-0.313193
-0.326291
0.289583
0.275948
0.249462
0.211616
0.164475
0.110505
0.0523947
-0.00712378
-0.0654146
-0.120052
-0.168897
-0.210142
-0.242339
-0.264403
-0.275614
0.242611
0.231324
0.209371
0.177943
0.138699
0.0936399
0.0449682
-0.00504792
-0.0541934
-0.100402
-0.141829
-0.176895
-0.204323
-0.223146
-0.23272
0.203477
0.194104
0.175858
0.149696
0.11696
0.0792824
0.0384749
-0.00357665
-0.0450109
-0.0840724
-0.119176
-0.148952
-0.172282
-0.188312
-0.196471
0.170849
0.163045
0.147841
0.126012
0.098652
0.0670976
0.0328454
-0.00253403
-0.0374759
-0.0704906
-0.100221
-0.125484
-0.145307
-0.158942
-0.165887
0.143638
0.137124
0.124423
0.106169
0.0832558
0.0567856
0.0279983
-0.00179527
-0.0312787
-0.0591891
-0.0843667
-0.105794
-0.122628
-0.134218
-0.140124
0.12095
0.115498
0.104861
0.0895589
0.0703292
0.0480824
0.0238497
-0.00127184
-0.0261736
-0.0497849
-0.071116
-0.0892935
-0.103589
-0.113439
-0.118461
0.102048
0.0974708
0.0885372
0.0756759
0.0594973
0.0407577
0.0203182
-0.000901016
-0.0219645
-0.0419638
-0.0600545
-0.0754879
-0.0876362
-0.0960125
-0.100285
0.0863235
0.082468
0.0749403
0.0640961
0.0504432
0.0346133
0.0173279
-0.00063831
-0.0184942
-0.0354677
-0.0508379
-0.0639628
-0.074302
-0.081435
-0.0850745
0.0732756
0.0700147
0.0636458
0.0544661
0.0429006
0.0294794
0.0148102
-0.000452211
-0.0156364
-0.0300847
-0.0431802
-0.0543716
-0.0631936
-0.0692829
-0.0723908
0.0624915
0.0597191
0.0543027
0.0464924
0.0366462
0.025212
0.0127043
-0.00032039
-0.0132897
-0.0256408
-0.0368443
-0.0464254
-0.0539823
-0.0592006
-0.0618646
0.0536321
0.051259
0.0466216
0.039932
0.0314943
0.0216897
0.0109573
-0.000227027
-0.0113721
-0.0219936
-0.0316347
-0.0398845
-0.0463946
-0.0508917
-0.053188
0.0464203
0.0443709
0.0403653
0.0345852
0.0272915
0.0188117
0.00952393
-0.000160916
-0.00981794
-0.019027
-0.0273909
-0.0345515
-0.0402044
-0.0441105
-0.0461055
0.0406313
0.0388409
0.035341
0.0302891
0.023912
0.0164946
0.00836627
-0.000114121
-0.00857478
-0.0166473
-0.0239826
-0.0302653
-0.0352268
-0.0386562
-0.040408
0.0360852
0.0344977
0.0313941
0.0269131
0.0212548
0.014671
0.00745303
-8.10261e-05
-0.00760107
-0.0147794
-0.0213049
-0.0268961
-0.031313
-0.0343666
-0.0359266
0.0326411
0.0312072
0.0284033
0.0243544
0.0192402
0.0132876
0.00675925
-5.76577e-05
-0.0068646
-0.0133647
-0.0192759
-0.0243423
-0.0283457
-0.0311139
-0.0325283
0.0301926
0.0288678
0.026277
0.0225351
0.0178078
0.0123039
0.00626581
-4.12107e-05
-0.00634111
-0.012359
-0.0178333
-0.0225265
-0.0262358
-0.0288011
-0.030112
0.0286638
0.0274073
0.0249498
0.0214
0.0169145
0.011691
0.0059591
-2.9711e-05
-0.00601338
-0.0117307
-0.0169329
-0.0213938
-0.0249201
-0.0273592
-0.0286057
0.0280074
0.0267805
0.024381
0.0209145
0.0165336
0.011431
0.00583075
-2.17782e-05
-0.00587054
-0.0114602
-0.0165471
-0.0209099
-0.0243592
-0.0267453
-0.0279648
0.0282026
0.026968
0.0245529
0.0210637
0.0166538
0.0115166
0.00587753
-1.646e-05
-0.00590761
-0.0115386
-0.0166639
-0.0210603
-0.0245365
-0.0269413
-0.0281704
0.0292551
0.0279748
0.0254706
0.0218523
0.0172788
0.0119506
0.0061013
-1.31184e-05
-0.00612527
-0.0119682
-0.0172869
-0.0218496
-0.0254575
-0.0279536
-0.0292294
0.0311964
0.0298315
0.0271617
0.023304
0.0184277
0.0127465
0.00650912
-1.13523e-05
-0.00652986
-0.0127617
-0.0184347
-0.0233016
-0.0271503
-0.0298132
-0.0311742
0.0340853
0.0325942
0.0296775
0.025463
0.0201355
0.0139284
0.00711351
-1.095e-05
-0.00713352
-0.013943
-0.0201422
-0.0254607
-0.0296665
-0.0325765
-0.0340639
0.0380094
0.0363467
0.0330942
0.0283946
0.0224539
0.0155323
0.00793285
-1.18635e-05
-0.00795453
-0.0155481
-0.0224612
-0.0283921
-0.0330823
-0.0363275
-0.0379862
0.0430878
0.0412028
0.0375157
0.0321879
0.0254533
0.0176067
0.00899192
-1.42029e-05
-0.00901787
-0.0176257
-0.025462
-0.032185
-0.0375015
-0.0411799
-0.04306
0.0494749
0.0473103
0.0430761
0.0369581
0.0292246
0.0202146
0.0103227
-1.82495e-05
-0.010356
-0.020239
-0.0292359
-0.0369543
-0.0430578
-0.0472808
-0.0494392
0.0573648
0.0548546
0.0499444
0.0428498
0.0338822
0.0234347
0.0119651
-2.44895e-05
-0.0120099
-0.0234675
-0.0338973
-0.0428447
-0.0499199
-0.054815
-0.0573169
0.0669975
0.0640651
0.0583293
0.050042
0.0395671
0.0273644
0.0139686
-3.36728e-05
-0.0140301
-0.0274095
-0.039588
-0.0500349
-0.0582956
-0.0640106
-0.0669316
0.078666
0.075222
0.0684855
0.0587529
0.0464518
0.0321224
0.0163932
-4.69026e-05
-0.0164789
-0.0321852
-0.0464808
-0.058743
-0.0684386
-0.0751461
-0.0785743
0.0927257
0.0886648
0.0807219
0.0692469
0.0547446
0.0378523
0.0193114
-6.5768e-05
-0.0194315
-0.0379403
-0.0547852
-0.0692332
-0.0806562
-0.0885584
-0.092597
0.109605
0.104803
0.0954107
0.0818427
0.0646967
0.0447267
0.0228101
-9.2535e-05
-0.0229792
-0.0448506
-0.0647538
-0.0818234
-0.0953181
-0.104653
-0.109424
0.129818
0.124127
0.112999
0.0969228
0.0766092
0.0529528
0.0269933
-0.000130419
-0.0272316
-0.0531273
-0.0766898
-0.0968955
-0.112868
-0.123916
-0.129562
0.153981
0.147228
0.134021
0.114945
0.0908427
0.0627777
0.0319849
-0.000183968
-0.032321
-0.0630239
-0.0909564
-0.114906
-0.133837
-0.14693
-0.153621
0.182833
0.174809
0.159118
0.136457
0.107827
0.0744963
0.0379319
-0.000259615
-0.0384062
-0.0748437
-0.107988
-0.136402
-0.158859
-0.174389
-0.182325
0.217255
0.207714
0.189056
0.162111
0.128077
0.0884597
0.0450085
-0.000366443
-0.045678
-0.0889501
-0.128303
-0.162035
-0.188689
-0.207121
-0.216539
0.258303
0.246948
0.224746
0.192688
0.152202
0.105085
0.0534206
-0.00051728
-0.0543657
-0.105777
-0.152522
-0.19258
-0.224228
-0.246111
-0.257291
0.307233
0.293712
0.267279
0.229116
0.180931
0.124868
0.0634111
-0.000730239
-0.0647453
-0.125845
-0.181382
-0.228963
-0.266548
-0.292531
-0.305804
0.36555
0.349443
0.317954
0.272503
0.215129
0.148395
0.0752656
-0.00103089
-0.0771491
-0.149775
-0.215766
-0.272288
-0.316923
-0.347775
-0.363534
0.435051
0.415851
0.378324
0.324168
0.255825
0.176362
0.0893188
-0.00145533
-0.0919778
-0.17831
-0.256725
-0.323863
-0.376868
-0.413497
-0.432204
0.517881
0.494985
0.450238
0.385681
0.304243
0.209592
0.105962
-0.00205453
-0.109716
-0.212342
-0.305513
-0.385252
-0.448184
-0.49166
-0.513862
0.616608
0.589288
0.535906
0.458916
0.361833
0.249056
0.125651
-0.00290043
-0.13095
-0.252938
-0.363625
-0.45831
-0.533006
-0.584595
-0.610934
0.734303
0.701685
0.637966
0.5461
0.430317
0.2959
0.148913
-0.00409457
-0.156394
-0.30138
-0.432848
-0.545245
-0.633871
-0.695059
-0.726293
0.874645
0.835674
0.759567
0.64989
0.51174
0.35147
0.176353
-0.00578031
-0.186915
-0.359206
-0.515313
-0.648682
-0.753786
-0.82632
-0.863335
1.04204
0.995445
0.904474
0.773447
0.60852
0.417348
0.208665
-0.00816
-0.223575
-0.42827
-0.613565
-0.771742
-0.896314
-0.98224
-1.02608
1.24179
1.18602
1.07719
0.920538
0.723522
0.495384
0.24663
-0.0115192
-0.267678
-0.510802
-0.730645
-0.918133
-1.06567
-1.16738
-1.21925
1.48026
1.41344
1.28311
1.09565
0.86013
0.587732
0.291118
-0.0162611
-0.32083
-0.609498
-0.870187
-1.09226
-1.26685
-1.38713
-1.44844
1.76512
1.68496
1.5287
1.30414
1.02234
0.696892
0.343079
-0.0229545
-0.385021
-0.72762
-1.03654
-1.29935
-1.50574
-1.64781
-1.72019
2.10563
2.00932
1.82169
1.55236
1.21486
0.825744
0.403523
-0.0324021
-0.46273
-0.869124
-1.23491
-1.5456
-1.78929
-1.95687
-2.0422
2.513
2.39708
2.17142
1.8479
1.44321
0.97758
0.47348
-0.0457364
-0.557056
-1.03882
-1.47153
-1.83838
-2.12568
-2.32302
-2.42344
3.00086
2.86102
2.58907
2.19981
1.71387
1.15612
0.553932
-0.0645547
-0.671901
-1.24258
-1.75387
-2.18639
-2.52452
-2.75647
-2.87441
3.58581
3.41669
3.08818
2.61884
2.03438
1.36552
0.645697
-0.0911092
-0.812203
-1.48758
-2.09088
-2.59994
-2.99707
-3.26908
-3.40726
4.28818
4.08302
3.68507
3.1178
2.41349
1.6103
0.74925
-0.128575
-0.984248
-1.78262
-2.49332
-3.09121
-3.55649
-3.87461
-4.03603
5.133
4.8832
4.3995
3.7119
2.86125
1.89525
0.864444
-0.181422
-1.19607
-2.13854
-2.97409
-3.67454
-4.21808
-4.58893
-4.77686
6.15124
5.84576
5.2555
4.4192
3.38907
2.2252
0.990088
-0.255943
-1.45802
-2.56868
-3.54865
-4.3668
-4.99957
-5.43024
-5.64817
7.38158
7.00606
6.28232
5.26108
4.00976
2.60461
1.12331
-0.360985
-1.78345
-3.08957
-4.23557
-5.18775
-5.92136
-6.41926
-6.67077
8.87264
8.40812
7.51569
6.26269
4.73723
3.03689
1.25859
-0.508962
-2.18964
-3.72163
-5.05705
-6.16046
-7.00679
-7.57934
-7.86798
10.6862
10.1073
8.99941
7.45347
5.5861
3.52329
1.38639
-0.717258
-2.69908
-4.49017
-6.03961
-7.31164
-8.2823
-8.93651
-9.26557
12.9018
12.1737
10.7873
8.8674
6.57067
4.0611
1.49109
-1.01015
-3.34096
-5.42647
-7.21478
-8.67204
-9.77752
-10.5194
-10.8916
15.6228
14.6971
12.9455
10.543
7.70298
4.64086
1.54802
-1.42137
-4.15317
-6.56913
-8.6198
-10.2767
-11.5251
-12.359
-12.7761
18.9866
17.7941
15.5556
12.5223
8.98948
5.2419
1.51922
-1.9976
-5.18466
-7.9654
-10.2982
-12.1648
-13.5607
-14.4878
-14.95
23.1783
21.6173
18.7176
14.8484
10.425
5.82561
1.34745
-2.8028
-6.49829
-9.67267
-12.3003
-14.3798
-15.9215
-16.9393
-17.4449
28.4538
26.3702
22.5525
17.5593
11.9828
6.32504
0.947947
-3.92379
-8.17375
-11.7595
-14.683
-16.9681
-18.6462
-19.7464
-20.2908
35.1761
32.327
27.2036
20.6752
13.5968
6.62952
0.197472
-5.47654
-10.3104
-14.3063
-17.5088
-19.9778
-21.7719
-22.9394
-23.5146
43.8766
39.8631
32.8302
24.1729
15.1336
6.56223
-1.07945
-7.61272
-13.0289
-17.4038
-20.844
-23.4562
-25.3324
-26.5437
-27.1375
55.3639
49.4958
39.5845
27.9357
16.3454
5.84928
-3.12614
-10.5247
-16.4704
-21.1504
-24.7539
-27.4453
-29.3546
-30.5766
-31.1726
70.9259
61.9358
47.5454
31.6575
16.7972
4.08028
-6.2679
-14.4455
-20.7907
-25.6443
-29.2971
-31.9774
-33.8539
-35.0439
-35.6213
92.7306
78.1258
56.5457
34.6656
15.7603
0.666408
-10.917
-19.639
-26.1468
-30.9719
-34.5156
-37.0674
-38.8295
-39.9365
-40.4706
124.677
99.1591
65.754
35.6076
12.0765
-5.18518
-17.553
-26.3699
-32.6714
-37.1892
-40.4225
-42.7057
-44.2598
-45.2267
-45.6905
174.343
125.669
72.6991
31.9552
4.03863
-14.435
-26.6548
-34.8477
-40.4344
-44.2984
-46.9889
-48.8499
-50.0976
-50.8658
-51.2321
257.809
155.161
71.1535
19.3949
-10.5571
-28.0277
-38.5527
-45.135
-49.3936
-52.2223
-54.131
-55.4197
-56.268
-56.7837
-57.0278
412.556
171.708
47.2122
-8.30874
-33.8205
-46.4435
-53.1883
-57.0358
-59.3454
-60.7847
-61.7035
-62.2948
-62.669
-62.8898
-62.9924
734.555
107.455
-24.629
-56.852
-66.0341
-68.941
-69.8355
-70.0041
-69.9013
-69.7083
-69.503
-69.3202
-69.1761
-69.0776
-69.0278
-10.6382
-10.3801
-9.84382
-8.98583
-7.73189
-5.96379
-3.49698
-0.0436497
4.84614
11.87
22.0646
36.7672
56.9016
79.7981
88.5397
-6.64946
-6.3371
-5.6916
-4.66878
-3.19546
-1.16023
1.60011
5.31847
10.3161
17.0066
25.8407
37.0711
50.0966
62.1213
66.9606
-2.9736
-2.62775
-1.91721
-0.802709
0.778636
2.91779
5.73865
9.40064
14.092
19.999
27.2203
35.5787
44.2915
51.6288
55.2321
0.35587
0.716378
1.45269
2.59602
4.19446
6.31364
9.03557
12.4527
16.6513
21.6762
27.4627
33.7305
39.8599
44.8699
47.7496
3.32426
3.68413
4.41503
5.53912
7.08907
9.10631
11.6368
14.7223
18.3834
22.5908
27.2238
32.0206
36.5468
40.2404
42.6062
5.9322
6.28028
6.98358
8.05581
9.51589
11.3852
13.6827
16.4159
19.568
23.0784
26.82
30.581
34.0653
36.9376
38.9251
8.19144
8.5206
9.18259
10.184
11.5329
13.2356
15.2923
17.6901
20.3936
23.3336
26.3959
29.4173
32.195
34.5185
36.2234
10.1209
10.4275
11.0415
11.9642
13.1955
14.7314
16.5603
18.6581
20.9824
23.4657
26.0118
28.4966
30.778
32.7174
34.208
11.7432
12.0262
12.5911
13.4353
14.5529
15.9335
17.5587
19.3993
21.4116
23.5344
25.6884
27.7786
29.7025
31.3643
32.6906
13.0819
13.3424
13.8609
14.6321
15.6468
16.8904
18.3411
19.9682
21.7296
23.5715
25.4283
27.226
28.8886
30.3462
31.5457
14.1595
14.3998
14.8773
15.5848
16.5111
17.6394
18.9465
20.402
21.9666
23.593
25.2265
26.8081
28.2788
29.5856
30.6878
14.996
15.2196
15.663
16.3182
17.1727
18.2088
19.4031
20.7259
22.1411
23.6067
25.076
26.5003
27.8321
29.029
30.0582
15.6083
15.819
16.2363
16.8517
17.652
18.6193
19.7304
20.9567
22.2645
23.6159
24.9698
26.2844
27.5195
28.6394
29.6163
16.0092
16.2112
16.6109
17.1995
17.9637
18.8855
19.9418
21.1052
22.3437
23.6219
24.9023
26.1474
27.3212
28.3922
29.3354
16.2074
16.4051
16.7959
17.3711
18.1173
19.0164
20.0456
21.178
22.3824
23.6248
24.8696
26.0809
27.225
28.2723
29.1988
69.0143
69.0217
65.3102
52.8542
46.7331
37.9997
32.0261
19.7332
27.689
30.0856
31.4025
32.1576
33.5304
34.6463
37.4345
36.7292
31.6129
29.1825
25.8209
23.9943
21.2078
18.6814
12.3928
18.2885
20.5159
22.7468
24.1969
26.8863
28.8876
33.254
33.6905
30.8245
29.4397
27.3341
26.0803
23.8701
21.402
14.4868
22.1787
25.3452
28.9715
31.3714
35.8389
39.0395
45.7802
46.7077
43.1261
41.3956
38.7195
37.0758
34.1063
30.5666
20.4627
31.967
36.5593
41.6085
44.6685
50.0646
53.6503
60.9892
61.1227
54.3353
50.9862
46.044
43.1093
38.2389
33.4266
21.0996
32.6165
36.7004
40.4801
42.5242
46.1025
48.3735
53.4053
52.8491
46.591
43.6145
40.409
38.5831
37.4971
32.474
18.3617
43.7738
33.5585
-18.521
-58.9652
-132.851
-333.477
-979.752
63.0145
60.2961
56.3983
50.3393
44.8599
39.2497
34.4026
30.0411
30.4019
31.1411
31.8016
32.3685
33.0167
33.5866
34.0535
33.2584
31.0968
29.0141
26.8368
24.9498
23.0172
21.2299
19.6331
20.8361
22.2314
23.7165
25.1578
26.8337
28.4409
30.1023
30.5083
29.7027
28.7194
27.5159
26.3584
25.0133
23.6415
22.426
24.5317
26.8524
29.3684
31.8247
34.6573
37.3368
40.088
40.9931
40.1627
38.9986
37.4778
35.9424
34.0831
32.0955
30.272
33.2742
36.4399
39.7035
42.6544
45.8424
48.5874
51.102
51.0923
48.5877
45.7863
42.5283
39.4029
35.8956
32.363
28.9636
30.8384
32.8247
34.6772
36.1014
37.5238
38.4787
39.0919
37.5873
33.9598
30.0853
25.8276
21.2712
15.8283
8.17803
-1.82999
-9.36048
-31.025
-72.3174
-128.739
-216.047
-358.691
-559.454
54.9125
53.2678
50.5976
46.9893
43.1742
39.4003
36.0793
33.5486
32.5692
32.3097
32.3351
32.4619
32.6151
32.6747
32.4893
31.7549
30.4665
28.9818
27.4344
25.9703
24.6171
23.5037
22.8414
23.1066
23.817
24.7492
25.7807
26.8794
27.916
28.758
29.0702
28.8364
28.316
27.6311
26.9062
26.1947
25.6558
25.5823
26.5746
28.078
29.851
31.7356
33.6957
35.5305
37.0537
37.7771
37.6793
37.1146
36.2569
35.2747
34.2444
33.388
33.1317
34.3456
36.179
38.2485
40.2985
42.2573
43.8559
44.8492
44.6541
43.2671
41.2435
38.8213
36.2459
33.5885
31.1074
29.2325
28.8995
29.1413
29.491
29.6807
29.6181
29.076
27.828
25.3824
21.6841
17.1082
11.6761
5.2361
-2.66191
-12.7226
-25.5891
-42.1414
-67.3438
-104.327
-154.035
-219.558
-300.208
-376.777
48.4058
47.7153
46.1468
43.9363
41.4285
38.898
36.6173
34.8218
33.6994
33.0674
32.722
32.5168
32.3478
32.1149
31.7153
31.0487
30.1187
29.0391
27.9115
26.8309
25.8713
25.1276
24.7139
24.7355
25.083
25.6383
26.3067
27.0144
27.6707
28.1762
28.4183
28.3823
28.1489
27.8035
27.4344
27.1271
26.9995
27.2036
27.8814
28.9151
30.1723
31.5374
32.9141
34.1726
35.1703
35.7434
35.8677
35.6522
35.2146
34.6759
34.1548
33.816
33.8738
34.5247
35.5775
36.8211
38.0735
39.1904
39.9956
40.3071
39.932
38.8626
37.2741
35.3347
33.2065
31.0273
28.9785
27.281
26.1328
25.3021
24.5351
23.6234
22.4027
20.6897
18.2884
14.9816
10.6719
5.36425
-1.0237
-8.69937
-18.0376
-29.5828
-44.0402
-62.4652
-86.6968
-118.012
-156.554
-201.284
-247.598
-283.948
43.5407
43.4263
42.6198
41.3108
39.7149
38.0351
36.4563
35.125
34.123
33.412
32.9065
32.5192
32.1722
31.7948
31.3253
30.7215
29.9857
29.1651
28.3207
27.5168
26.8144
26.2761
25.9592
25.8948
26.0496
26.3642
26.7757
27.2228
27.6425
27.9734
28.1663
28.2122
28.1429
28.0097
27.8734
27.8004
27.8655
28.1423
28.6752
29.4298
30.3381
31.3223
32.3021
33.1899
33.8982
34.3553
34.545
34.5094
34.3173
34.0514
33.8024
33.6724
33.7614
34.1247
34.7009
35.3805
36.0434
36.572
36.846
36.7532
36.2091
35.2054
33.8099
32.1195
30.2402
28.278
26.3436
24.5382
22.9087
21.3711
19.7876
18.0109
15.8963
13.2944
10.053
6.02496
1.09711
-4.82397
-11.869
-20.2405
-30.2349
-42.2488
-56.7776
-74.4271
-95.8497
-121.287
-150.166
-180.726
-209.334
-230.232
39.9226
40.133
39.8156
39.0976
38.1212
37.0263
35.9381
34.9535
34.1269
33.4599
32.9205
32.4629
32.0398
31.6068
31.1284
30.5836
29.9745
29.3248
28.6713
28.056
27.5208
27.1053
26.8403
26.7383
26.7856
26.9503
27.1928
27.4706
27.7417
27.9687
28.1259
28.2073
28.2286
28.22
28.2207
28.2746
28.426
28.712
29.1494
29.7229
30.3942
31.1128
31.8224
32.4651
32.9875
33.3515
33.5465
33.5914
33.526
33.4021
33.2783
33.2129
33.2536
33.4176
33.6751
33.9638
34.206
34.3197
34.224
33.849
33.1478
32.1118
30.7701
29.1758
27.3931
25.4883
23.523
21.5418
19.552
17.506
15.3185
12.8847
10.0915
6.82015
2.95022
-1.63577
-7.04725
-13.3935
-20.8039
-29.4441
-39.5239
-51.2926
-65.02
-80.9542
-99.219
-119.605
-141.354
-162.98
-182.168
-196.066
37.2094
37.599
37.5874
37.2557
36.6975
36.0071
35.2702
34.554
33.9005
33.3237
32.8158
32.3566
31.9209
31.4839
31.0264
30.538
30.021
29.4897
28.9667
28.4791
28.0545
27.7176
27.4861
27.3665
27.3519
27.4242
27.5586
27.7275
27.9038
28.0644
28.194
28.2888
28.357
28.4164
28.4911
28.6079
28.7923
29.0633
29.4273
29.8748
30.3819
30.9158
31.4388
31.9129
32.3045
32.5907
32.7636
32.832
32.8181
32.7526
32.6694
32.6005
32.5679
32.5756
32.6038
32.6135
32.5536
32.3684
32.0038
31.4139
30.5685
29.4579
28.0938
26.5033
24.7217
22.7854
20.7252
18.5577
16.2761
13.8448
11.2038
8.27627
4.97529
1.20796
-3.12122
-8.10759
-13.8453
-20.4303
-27.9674
-36.5744
-46.3805
-57.5153
-70.0843
-84.1244
-99.5316
-115.958
-132.718
-148.74
-162.62
-172.878
35.1562
35.6419
35.8194
35.7395
35.4633
35.0544
34.5718
34.0635
33.5631
33.0876
32.6406
32.2161
31.8032
31.3903
30.9682
30.5331
30.0878
29.642
29.2106
28.8112
28.4617
28.1777
27.9703
27.8432
27.7928
27.8083
27.8744
27.9735
28.0883
28.2043
28.3118
28.4082
28.4977
28.5904
28.7005
28.8436
29.0337
29.2801
29.5848
29.9403
30.3307
30.7341
31.1253
31.4789
31.7732
31.9925
32.1307
32.1909
32.1844
32.1279
32.0396
31.9353
31.824
31.7036
31.5589
31.363
31.0812
30.6752
30.1076
29.3468
28.3705
27.1687
25.7434
24.1059
22.2727
20.2607
18.0818
15.7377
13.2157
10.4857
7.5017
4.20564
0.530731
-3.59502
-8.24608
-13.4973
-19.4227
-26.0957
-33.5899
-41.9774
-51.3231
-61.6724
-73.0296
-85.3256
-98.3752
-111.83
-125.144
-137.582
-148.288
-156.444
33.5934
34.1279
34.4213
34.5053
34.4197
34.2074
33.9096
33.5612
33.1891
32.8101
32.4326
32.0583
31.685
31.3093
30.9284
30.5424
30.1549
29.7733
29.408
29.0709
28.774
28.5274
28.3382
28.2093
28.1384
28.1192
28.1423
28.1965
28.2708
28.3559
28.4454
28.5373
28.6333
28.739
28.8622
29.0112
29.1934
29.4128
29.6687
29.955
30.2604
30.5697
30.8654
31.1303
31.3492
31.5109
31.6097
31.6453
31.6225
31.5487
31.4324
31.2799
31.0928
30.8663
30.5873
30.236
29.7875
29.2142
28.4894
27.5896
26.4971
25.2012
23.6982
21.99
20.0812
17.9763
15.6759
13.174
10.4549
7.49211
4.24909
0.680659
-3.26447
-7.64135
-12.5065
-17.9158
-23.923
-30.5782
-37.9255
-45.9999
-54.8199
-64.3776
-74.6224
-85.441
-96.6352
-107.902
-118.83
-128.917
-137.625
-144.475
32.404
32.9606
33.3243
33.5146
33.5579
33.4831
33.3194
33.0927
32.8244
32.5298
32.2193
31.8985
31.57
31.2352
30.8955
30.5533
30.213
29.8808
29.5644
29.2725
29.0133
28.7939
28.6192
28.4912
28.4091
28.369
28.365
28.3902
28.4374
28.5006
28.5754
28.6599
28.7546
28.8621
28.9861
29.1308
29.2993
29.4925
29.7086
29.942
30.1843
30.4243
30.6495
30.8476
31.0072
31.1196
31.1792
31.1837
31.1335
31.0305
30.877
30.6738
30.4183
30.1041
29.7195
29.2488
28.673
27.9712
27.123
26.1098
24.9164
23.5317
21.9485
20.1628
18.1721
15.9732
13.5603
10.9231
8.04483
4.90217
1.46513
-2.30174
-6.43779
-10.9844
-15.9829
-21.4729
-27.49
-34.0634
-41.2136
-48.9477
-57.2538
-66.0927
-75.388
-85.0149
-94.7892
-104.463
-113.728
-122.236
-129.637
-135.632
31.5064
32.0704
32.476
32.7352
32.8653
32.8863
32.8192
32.6837
32.4967
32.2721
32.0204
31.7491
31.4635
31.1678
30.8657
30.5611
30.259
29.9649
29.6852
29.4264
29.1948
28.9956
28.8323
28.7069
28.6189
28.5662
28.5453
28.5516
28.5806
28.6281
28.691
28.7675
28.8572
28.9609
29.08
29.2158
29.3691
29.539
29.723
29.9159
30.1111
30.2997
30.4725
30.6198
30.7327
30.8039
30.8278
30.8005
30.72
30.5846
30.393
30.1425
29.8282
29.4427
28.9754
28.4128
27.7395
26.9388
25.9939
24.8892
23.6109
22.1476
20.4901
18.6307
16.5626
14.2781
11.7678
9.01914
6.01554
2.7362
-0.843755
-4.75239
-9.01976
-13.6763
-18.7513
-24.2707
-30.2552
-36.7176
-43.6603
-51.0712
-58.9194
-67.1494
-75.6753
-84.3752
-93.0873
-101.611
-109.713
-117.147
-123.672
-129.092
30.8437
31.4079
31.8378
32.141
32.3289
32.4158
32.4171
32.348
32.2225
32.0528
31.8491
31.6197
31.3712
31.1092
30.8388
30.5649
30.2928
30.0277
29.7753
29.5408
29.3294
29.145
28.9907
28.8681
28.7774
28.7174
28.6859
28.6801
28.6968
28.7331
28.7867
28.8557
28.9393
29.0372
29.1492
29.2752
29.4144
29.565
29.7239
29.8864
30.0467
30.1977
30.3317
30.441
30.518
30.5561
30.5495
30.4938
30.3849
30.2194
29.9935
29.7026
29.3403
28.8989
28.3681
27.736
26.9893
26.1136
25.0946
23.9182
22.5717
21.0432
19.3222
17.3991
15.2644
12.908
10.3185
7.48227
4.38336
1.00316
-2.67924
-6.68631
-11.041
-15.7655
-20.8795
-26.3985
-32.3317
-38.6797
-45.4321
-52.5644
-60.0344
-67.7791
-75.7111
-83.7169
-91.6558
-99.3641
-106.661
-113.363
-119.299
-124.329
30.3765
30.9379
31.3816
31.7121
31.9374
32.0679
32.1157
32.0928
32.0113
31.8819
31.7144
31.5172
31.2976
31.062
30.8163
30.5658
30.316
30.072
29.839
29.6217
29.4244
29.2506
29.103
28.983
28.8912
28.8271
28.7892
28.7757
28.7843
28.8129
28.8595
28.9225
29.0005
29.0927
29.198
29.3153
29.443
29.5787
29.7191
29.8598
29.9953
30.1197
30.2263
30.3083
30.3589
30.372
30.3418
30.2631
30.1311
29.9409
29.6874
29.3649
28.9663
28.4833
27.9062
27.224
26.4244
25.4946
24.4216
23.1922
21.7942
20.2156
18.4452
16.4721
14.2854
11.8736
9.22432
6.32365
3.15629
-0.294636
-4.04708
-8.11945
-12.5296
-17.2936
-22.4242
-27.9294
-33.8103
-40.0589
-46.6564
-53.5705
-60.753
-68.1379
-75.6398
-83.1535
-90.5555
-97.7079
-104.465
-110.682
-116.229
-121
30.0785
30.6368
31.0877
31.4339
31.6815
31.8387
31.9153
31.9216
31.8683
31.7653
31.6219
31.4465
31.2466
31.029
30.8
30.5653
30.3302
30.1
29.8796
29.6733
29.4851
29.3181
29.1749
29.0569
28.9648
28.8985
28.857
28.8389
28.8427
28.8664
28.9085
28.9671
29.041
29.1288
29.229
29.34
29.4597
29.5853
29.7135
29.84
29.9597
30.067
30.1559
30.2202
30.2535
30.2499
30.2036
30.1089
29.9606
29.753
29.4804
29.1363
28.7133
28.2029
27.5955
26.8807
26.0467
25.0817
23.9733
22.7089
21.2764
19.664
17.8599
15.8526
13.6304
11.1812
8.49204
5.5491
2.33757
-1.15816
-4.95411
-9.06601
-13.5084
-18.2934
-23.4293
-28.9191
-34.7587
-40.9351
-47.4242
-54.1893
-61.1794
-68.3274
-75.5504
-82.7498
-89.8135
-96.62
-103.044
-108.965
-114.275
-118.888
29.9333
30.4898
30.9437
31.2971
31.5551
31.7249
31.8153
31.8358
31.7962
31.7062
31.5748
31.4104
31.2205
31.0121
30.7915
30.5646
30.3369
30.1136
29.8993
29.6984
29.5146
29.3511
29.21
29.0931
29.001
28.9337
28.8905
28.8704
28.8719
28.8933
28.933
28.9895
29.0612
29.1466
29.2441
29.3517
29.4673
29.5879
29.7101
29.8295
29.9415
30.0404
30.1207
30.1763
30.201
30.189
30.1345
30.0316
29.8749
29.6585
29.3761
29.0211
28.5858
28.0617
27.4394
26.7084
25.8576
24.8752
23.7492
22.4674
21.0177
19.3882
17.5671
15.5424
13.3023
10.8342
8.12516
5.1613
1.92815
-1.58928
-5.40603
-9.53651
-13.9936
-18.7875
-23.9243
-29.4046
-35.2219
-41.3604
-47.7939
-54.4837
-61.3774
-68.4081
-75.4941
-82.5404
-89.4407
-96.0813
-102.347
-108.128
-113.325
-117.862
-970.976
-341.363
-179.937
-127.85
-106.262
-95.2248
-88.7014
-84.4761
-81.5814
-79.5332
-78.0645
-77.0182
-76.2984
-75.8463
-75.6281
-557.272
-362.791
-240.025
-174.801
-139.595
-119.383
-106.983
-98.9323
-93.476
-89.671
-86.9813
-85.0888
-83.7997
-82.9958
-82.6094
-380.937
-312.5
-242.566
-191.734
-157.931
-135.729
-120.915
-110.793
-103.718
-98.6927
-95.1001
-92.5553
-90.8147
-89.7269
-89.2034
-290.045
-263.7
-226.005
-191.637
-164.665
-144.684
-130.155
-119.605
-111.911
-106.28
-102.17
-99.2164
-97.1761
-95.8928
-95.273
-236.516
-226.25
-206.113
-184.14
-164.406
-148.186
-135.413
-125.56
-118.04
-112.345
-108.083
-104.963
-102.78
-101.394
-100.722
-202.034
-198.668
-188.054
-174.402
-160.633
-148.24
-137.75
-129.182
-122.342
-116.977
-112.853
-109.772
-107.584
-106.182
-105.497
-178.444
-178.332
-173.032
-164.78
-155.482
-146.388
-138.163
-131.075
-125.166
-120.368
-116.578
-113.686
-111.601
-110.25
-109.587
-161.644
-163.182
-160.958
-156.203
-150.126
-143.667
-137.439
-131.788
-126.877
-122.752
-119.403
-116.794
-114.882
-113.631
-113.012
-149.369
-151.792
-151.416
-148.945
-145.152
-140.712
-136.135
-131.762
-127.799
-124.357
-121.487
-119.203
-117.503
-116.377
-115.817
-140.284
-143.2
-143.967
-143.007
-140.822
-137.894
-134.627
-131.324
-128.199
-125.39
-122.983
-121.027
-119.547
-118.557
-118.06
-133.556
-136.754
-138.245
-138.292
-137.233
-135.414
-133.152
-130.707
-128.281
-126.02
-124.027
-122.373
-121.101
-120.241
-119.807
-128.651
-132.012
-133.966
-134.684
-134.401
-133.376
-131.858
-130.07
-128.196
-126.38
-124.732
-123.335
-122.243
-121.497
-121.118
-125.221
-128.677
-130.922
-132.074
-132.31
-131.828
-130.834
-129.519
-128.051
-126.569
-125.186
-123.989
-123.039
-122.383
-122.049
-123.045
-126.552
-128.967
-130.381
-130.934
-130.791
-130.13
-129.12
-127.918
-126.659
-125.454
-124.393
-123.541
-122.948
-122.644
-121.988
-125.517
-128.012
-129.549
-130.252
-130.272
-129.771
-128.911
-127.841
-126.693
-125.578
-124.585
-123.783
-123.222
-122.933
)
;

boundaryField
{
    hot
    {
        type            calculated;
        value           nonuniform List<scalar> 
120
(
0.2511
-0.0191186
-0.563243
-1.38829
-2.50381
-3.9208
-5.64993
-7.69935
-10.0721
-12.763
-15.7556
-19.0198
-22.5103
-26.1666
-29.9163
-33.3654
-36.4583
-39.464
-42.343
-45.0626
-47.5984
-49.9343
-52.062
-53.9806
-55.6948
-57.214
-58.5506
-59.7192
-60.735
-61.6139
-62.3711
-63.021
-63.5771
-64.0516
-64.4556
-64.7988
-65.0899
-65.3364
-65.5449
-65.7211
-65.8697
-65.9951
-66.1006
-66.1894
-66.264
-66.3266
-66.3791
-66.423
-66.4595
-66.4898
-66.5147
-66.5351
-66.5516
-66.5645
-66.5743
-66.5814
-66.5859
-66.5879
-66.5875
-66.5848
-66.5795
-66.5716
-66.5609
-66.5469
-66.5293
-66.5076
-66.4811
-66.449
-66.4103
-66.3639
-66.3085
-66.2423
-66.1634
-66.0695
-65.958
-65.8254
-65.6682
-65.4817
-65.2609
-64.9996
-64.6907
-64.3261
-63.8964
-63.3909
-62.7975
-62.1024
-61.2906
-60.3456
-59.2496
-57.9842
-56.5305
-54.87
-52.9859
-50.864
-48.4943
-45.8731
-43.0036
-39.8987
-36.5806
-33.0823
-29.4459
-25.7216
-21.9645
-18.2316
-14.578
-10.7015
-6.72628
-3.05891
0.26669
3.235
5.84563
8.10939
10.0443
11.6724
13.0166
14.0992
14.9399
15.5553
15.9584
16.1578
)
;
    }
    cold
    {
        type            calculated;
        value           nonuniform List<scalar> 
120
(
-12.1473
-12.0658
-11.9034
-11.6618
-11.3432
-10.9511
-10.4901
-9.96629
-9.38732
-8.76245
-8.10253
-7.41976
-6.72726
-6.03845
-5.36635
-4.7764
-4.26618
-3.78667
-3.34122
-2.9319
-2.55961
-2.22417
-1.92452
-1.65891
-1.42512
-1.22061
-1.0427
-0.888677
-0.755897
-0.641855
-0.544225
-0.460878
-0.389902
-0.32959
-0.278439
-0.235133
-0.198529
-0.167639
-0.141614
-0.119729
-0.101364
-0.0859935
-0.0731757
-0.0625376
-0.0537681
-0.0466095
-0.0408506
-0.0363208
-0.0328858
-0.0304433
-0.0289207
-0.028273
-0.0284811
-0.0295519
-0.0315182
-0.0344398
-0.0384054
-0.0435352
-0.0499847
-0.0579493
-0.0676699
-0.0794407
-0.0936178
-0.110629
-0.130989
-0.155312
-0.184331
-0.218919
-0.260116
-0.309159
-0.367516
-0.43693
-0.519471
-0.617588
-0.734181
-0.872683
-1.03715
-1.23235
-1.46391
-1.73846
-2.06372
-2.44877
-2.90414
-3.44207
-4.07667
-4.82415
-5.70297
-6.73396
-7.94043
-9.34807
-10.9848
-12.8803
-15.0654
-17.5709
-20.4262
-23.6572
-27.2845
-31.3197
-35.7634
-40.6018
-45.8041
-51.3216
-57.0871
-63.0171
-69.0153
-75.5745
-82.5147
-89.075
-95.1207
-100.556
-105.328
-109.422
-112.858
-115.677
-117.936
-119.698
-121.022
-121.964
-122.567
-122.86
)
;
    }
    interface_left
    {
        type            calculated;
        value           nonuniform List<scalar> 
90
(
-563.573
-297.423
-195.757
-149.358
-124.423
-109.227
-99.1187
-91.9861
-86.7439
-82.7779
-79.7125
-77.3044
-75.3886
-73.8492
-72.6025
-71.5862
-70.7536
-70.0684
-69.5026
-69.0341
-68.6453
-68.3218
-68.0524
-67.8277
-67.6401
-67.4833
-67.3523
-67.2426
-67.1509
-67.0743
-67.0102
-66.9567
-66.9121
-66.8751
-66.8444
-66.8192
-66.7986
-66.7821
-66.7691
-66.7592
-66.7521
-66.7476
-66.7455
-66.7459
-66.7487
-66.7539
-66.7619
-66.7727
-66.7867
-66.8044
-66.8263
-66.8531
-66.8855
-66.9247
-66.9717
-67.0281
-67.0956
-67.1764
-67.2729
-67.3882
-67.5261
-67.6908
-67.8878
-68.1236
-68.406
-68.7446
-69.1513
-69.6404
-70.2298
-70.942
-71.8051
-72.8548
-74.1371
-75.7121
-77.6594
-80.0871
-83.145
-87.0477
-92.1132
-98.8363
-108.032
-121.156
-141.07
-174.155
-236.681
-376.011
-746.299
708.742
342.764
217.835
)
;
    }
    interface_right
    {
        type            calculated;
        value           nonuniform List<scalar> 
90
(
34.7585
18.6571
11.7515
8.18697
6.05369
4.64021
3.63969
2.90011
2.337
1.89911
1.55322
1.27673
1.05366
0.872365
0.724153
0.602417
0.502047
0.419037
0.350214
0.293041
0.245473
0.205852
0.172825
0.145288
0.122331
0.103206
0.087299
0.0741005
0.0631927
0.0542323
0.0469386
0.041084
0.0364865
0.0330037
0.0305275
0.0289814
0.0283175
0.0285147
0.0295787
0.0315414
0.0344622
0.0384296
0.0435643
0.050022
0.0579993
0.0677387
0.0795366
0.0937522
0.110819
0.131256
0.155688
0.184861
0.219668
0.261173
0.310652
0.369623
0.439906
0.523672
0.623518
0.742554
0.884504
1.05383
1.25591
1.49717
1.78542
2.13002
2.54238
3.03632
3.62872
4.34027
5.19647
6.22895
7.47723
8.99116
10.8342
13.0884
15.8609
19.2946
23.5838
28.9994
35.9305
44.9571
56.9846
73.5136
97.23
133.444
194.012
309.215
567.213
1254.81
)
;
    }
    interface_top
    {
        type            calculated;
        value           nonuniform List<scalar> 
90
(
69.0143
69.0217
65.3102
52.8542
46.7331
37.9997
32.0261
19.7332
27.689
30.0856
31.4025
32.1576
33.5304
34.6463
37.4345
36.7292
31.6129
29.1825
25.8209
23.9943
21.2078
18.6814
12.3928
18.2885
20.5159
22.7468
24.1969
26.8863
28.8876
33.254
33.6905
30.8245
29.4397
27.3341
26.0803
23.8701
21.402
14.4868
22.1787
25.3452
28.9715
31.3714
35.8389
39.0395
45.7802
46.7077
43.1261
41.3956
38.7195
37.0758
34.1063
30.5666
20.4627
31.967
36.5593
41.6085
44.6685
50.0646
53.6503
60.9892
61.1227
54.3353
50.9862
46.044
43.1093
38.2389
33.4266
21.0996
32.6165
36.7004
40.4801
42.5242
46.1025
48.3735
53.4053
52.8491
46.591
43.6145
40.409
38.5831
37.4971
32.474
18.3617
43.7738
33.5585
-18.521
-58.9652
-132.851
-333.477
-979.752
)
;
    }
    interface_bottom
    {
        type            calculated;
        value           nonuniform List<scalar> 
90
(
277.445
111.511
60.5215
41.1771
32.553
25.26
20.5025
12.598
16.1716
16.8576
16.7388
16.5087
16.2215
16.0198
16.005
14.9068
11.3925
9.53977
6.81424
5.36529
3.35029
2.25684
0.776741
-0.119517
-0.936569
-2.56349
-3.68431
-5.7083
-7.0602
-9.57161
-10.4063
-10.6041
-10.8051
-11.0833
-11.206
-11.2071
-10.4883
-7.51694
-12.4396
-14.648
-17.4364
-19.1356
-22.0253
-23.8522
-27.2613
-27.5706
-25.0839
-24.0628
-22.775
-22.0677
-20.8706
-19.0071
-13.1459
-20.8533
-24.0552
-27.734
-29.9128
-33.5737
-35.8836
-40.2664
-40.3875
-36.2879
-34.5545
-32.385
-31.1869
-29.2308
-26.4915
-18.1891
-28.6661
-33.0029
-37.993
-41.0634
-46.439
-50.1096
-57.577
-58.373
-53.5788
-51.5708
-49.1657
-47.6408
-45.0301
-40.6039
-27.0799
-44.5313
-46.149
-34.6481
-67.6925
-64.1159
-19.7277
0.565215
)
;
    }
    defaultFaces
    {
        type            empty;
    }
}


// ************************************************************************* //
