/*--------------------------------*- C++ -*----------------------------------*\
| =========                 |                                                 |
| \\      /  F ield         | OpenFOAM: The Open Source CFD Toolbox           |
|  \\    /   O peration     | Version:  5.x                                   |
|   \\  /    A nd           | Web:      www.OpenFOAM.org                      |
|    \\/     M anipulation  |                                                 |
\*---------------------------------------------------------------------------*/
FoamFile
{
    version     2.0;
    format      ascii;
    class       volScalarField;
    location    "18.3";
    object      gradTy;
}
// * * * * * * * * * * * * * * * * * * * * * * * * * * * * * * * * * * * * * //

dimensions      [0 -1 0 1 0 0 0];

internalField   nonuniform List<scalar> 
6300
(
994.146
982.553
971.306
960.633
950.752
941.873
934.188
927.869
923.06
919.869
918.361
918.552
920.403
923.821
928.66
-0.173749
-0.519323
-0.8589
-1.18775
-1.50007
-1.78873
-2.04511
-2.2592
-2.4201
-2.51688
-2.53995
-2.48281
-2.34382
-2.12764
-1.84568
-0.291729
-0.872227
-1.44346
-1.99797
-2.52645
-3.01713
-3.45551
-3.82442
-4.10468
-4.27656
-4.3222
-4.22875
-3.99192
-3.61897
-3.12993
-0.412661
-1.23439
-2.04474
-2.83424
-3.59061
-4.29781
-4.93539
-5.4783
-5.89764
-6.1625
-6.24354
-6.11806
-5.77615
-5.22641
-4.499
-0.537189
-1.60791
-2.66686
-3.70363
-4.70392
-5.64809
-6.50989
-7.25574
-7.84502
-8.23221
-8.37137
-8.22377
-7.76815
-7.01145
-5.99596
-0.665383
-1.99319
-3.31116
-4.60948
-5.87334
-7.08073
-8.20034
-9.18971
-9.9945
-10.5499
-10.7859
-10.6375
-10.0612
-9.0553
-7.67591
-0.796528
-2.3883
-3.97509
-5.54977
-7.09919
-8.60113
-10.021
-11.3082
-12.3933
-13.1871
-13.5849
-13.479
-12.7839
-11.4725
-9.614
-0.928956
-2.78837
-4.6511
-6.51531
-8.37247
-10.2036
-11.9743
-13.6288
-15.0833
-16.2202
-16.8873
-16.9097
-16.1227
-14.4369
-11.9213
-1.05988
-3.1851
-5.32563
-7.48788
-9.67177
-11.8664
-14.0436
-16.1493
-18.0908
-19.7229
-20.8346
-21.1495
-20.3605
-18.2308
-14.7773
-1.18534
-3.56652
-5.97841
-8.43877
-10.9603
-13.5465
-16.1845
-18.8339
-21.4077
-23.7458
-25.5786
-26.4933
-25.9386
-23.3485
-18.505
-1.30032
-3.9172
-6.58269
-9.32845
-12.1842
-15.1747
-18.3141
-21.5938
-24.9603
-28.274
-31.2404
-33.3064
-33.5522
-30.7196
-23.7781
-1.39903
-4.21926
-7.10668
-10.1081
-13.2731
-16.6539
-20.3032
-24.2669
-28.5654
-33.1494
-37.8024
-41.9397
-44.2439
-42.1995
-32.2877
-1.47555
-4.45411
-7.5166
-10.7242
-14.1463
-17.8646
-21.9778
-26.6051
-31.8849
-37.9556
-44.88
-52.4057
-59.2843
-61.5468
-49.2881
-1.52459
-4.60502
-7.7814
-11.1257
-14.723
-18.6803
-23.1383
-28.2906
-34.4133
-41.908
-51.3559
-63.5186
-78.9405
-95.4149
-94.7775
-1.5424
-4.65993
-7.87828
-11.274
-14.9398
-18.9952
-23.6042
-29.0057
-35.5693
-43.9071
-55.1168
-71.3719
-97.5438
-146.394
-258.11
934.225
939.996
946.342
953.121
960.192
967.421
974.686
981.874
988.889
995.645
1002.07
1008.11
1013.71
1018.83
1023.44
1027.52
1031.05
1034.02
1036.4
1038.21
1039.43
1040.07
1040.12
1039.58
1038.47
1036.78
1034.53
1031.71
1028.34
1024.43
1019.98
1015
1009.5
1003.49
996.98
989.974
982.479
974.504
966.056
957.142
947.77
937.948
927.684
916.987
905.865
894.327
882.381
870.037
857.302
844.182
830.685
816.817
802.584
787.993
773.049
757.76
742.135
726.182
709.913
693.338
676.47
659.322
641.909
624.245
606.344
588.224
569.9
551.393
532.721
513.91
494.984
475.974
456.914
437.842
418.798
399.827
380.976
362.294
343.831
325.638
307.764
290.256
273.161
256.519
240.369
224.745
209.672
195.171
181.256
167.932
-1.54278
-1.24704
-0.943378
-0.643446
-0.357086
-0.09176
0.147637
0.358616
0.540707
0.694967
0.823474
0.92888
1.01405
1.08183
1.13482
1.17538
1.20551
1.22691
1.24101
1.24896
1.25172
1.25009
1.24471
1.23614
1.22488
1.21136
1.19602
1.17927
1.16155
1.14326
1.1248
1.10649
1.0886
1.07129
1.0546
1.03843
1.02261
1.00686
0.990909
0.974499
0.957457
0.939735
0.921425
0.902759
0.884072
0.86575
0.848165
0.831597
0.816178
0.801846
0.788338
0.775203
0.761861
0.747671
0.732027
0.71443
0.694561
0.672307
0.647752
0.621136
0.592765
0.562918
0.531742
0.499156
0.4648
0.428014
0.387873
0.343271
0.293038
0.236085
0.171551
0.0989233
0.0181297
-0.0704258
-0.165875
-0.266945
-0.372049
-0.479394
-0.587082
-0.693186
-0.795803
-0.893066
-0.98314
-1.0642
-1.13446
-1.19219
-1.23583
-1.26413
-1.27629
-1.27214
-2.60391
-2.09112
-1.56646
-1.05086
-0.56168
-0.111635
0.291363
0.643775
0.945603
1.19941
1.40937
1.58048
1.71792
1.82668
1.91127
1.97564
2.02314
2.05655
2.07817
2.08989
2.09323
2.08946
2.0796
2.06454
2.04505
2.02183
1.99558
1.967
1.93681
1.90571
1.87439
1.84347
1.81341
1.7845
1.75681
1.73016
1.7042
1.67841
1.65223
1.62515
1.59683
1.56714
1.53626
1.50462
1.47286
1.44174
1.41198
1.38416
1.35856
1.3351
1.3133
1.29234
1.27111
1.24844
1.22315
1.19433
1.1614
1.12418
1.08288
1.03803
0.990309
0.94034
0.888509
0.834779
0.778573
0.718736
0.653599
0.581123
0.499133
0.405583
0.298838
0.177907
0.0426062
-0.10637
-0.267482
-0.438462
-0.616496
-0.798436
-0.98099
-1.16087
-1.33489
-1.49993
-1.65296
-1.79093
-1.91078
-2.00948
-2.0842
-2.13262
-2.15319
-2.14551
-3.7149
-2.95239
-2.17657
-1.42035
-0.710028
-0.0638807
0.507806
1.00164
1.41951
1.76684
2.05106
2.28039
2.46293
2.60617
2.71668
2.80003
2.86087
2.90298
2.92942
2.9427
2.94481
2.9374
2.9218
2.89914
2.87039
2.83648
2.79832
2.75688
2.71318
2.66828
2.62324
2.57902
2.53638
2.49578
2.45732
2.42073
2.38537
2.35035
2.31467
2.27743
2.23799
2.1961
2.15202
2.10647
2.06056
2.01559
1.97285
1.93337
1.89771
1.8658
1.83691
1.80969
1.78232
1.75281
1.71922
1.68003
1.63429
1.58178
1.52299
1.45895
1.39096
1.32032
1.2479
1.17386
1.09746
1.01699
0.92979
0.83258
0.721781
0.593995
0.446471
0.277504
0.0867004
-0.124911
-0.354946
-0.599881
-0.855377
-1.11665
-1.37879
-1.63706
-1.88693
-2.12413
-2.34449
-2.54378
-2.71758
-2.86131
-2.97048
-3.04121
-3.07081
-3.05841
-4.89736
-3.8327
-2.75836
-1.72362
-0.765833
0.0912352
0.836498
1.46905
1.99513
2.42528
2.77195
3.04781
3.26468
3.43293
3.56132
3.657
3.72573
3.77211
3.7998
3.81173
3.81027
3.79729
3.77434
3.74266
3.70334
3.65742
3.60596
3.55018
3.49143
3.43122
3.37108
3.31247
3.25657
3.20413
3.15533
3.10971
3.06622
3.02339
2.97953
2.93305
2.88283
2.82839
2.77007
2.70902
2.64707
2.58639
2.52919
2.47725
2.43161
2.39231
2.35827
2.32739
2.29677
2.26318
2.22351
2.17528
2.11705
2.04857
1.9708
1.88565
1.79558
1.703
1.60972
1.51644
1.42235
1.32502
1.22051
1.10371
0.968988
0.810924
0.625076
0.408635
0.160847
-0.116834
-0.42087
-0.746011
-1.08586
-1.43352
-1.78212
-2.12526
-2.45714
-2.7725
-3.0663
-3.33328
-3.56763
-3.76284
-3.91206
-4.00896
-4.04888
-4.03002
-6.17477
-4.72695
-3.28312
-1.91604
-0.676578
0.407396
1.32755
2.08982
2.70896
3.20399
3.59485
3.90023
4.13648
4.31715
4.45311
4.55283
4.62284
4.66821
4.69292
4.70013
4.69236
4.67163
4.63952
4.59726
4.54588
4.48639
4.41992
4.34784
4.27189
4.19413
4.1168
4.04209
3.97188
3.90735
3.84885
3.79569
3.74622
3.69801
3.64823
3.59417
3.53384
3.46634
3.39212
3.31297
3.23183
3.15229
3.07803
3.01213
2.95648
2.91134
2.87518
2.84478
2.81559
2.7824
2.7402
2.68503
2.61465
2.52882
2.42931
2.31955
2.20388
2.08675
1.97163
1.86026
1.75197
1.64348
1.52898
1.40071
1.24988
1.06793
0.847806
0.584977
0.278109
-0.0707394
-0.456332
-0.87089
-1.30505
-1.74896
-2.19324
-2.6296
-3.05109
-3.45188
-3.82666
-4.16972
-4.47399
-4.73054
-4.92895
-5.05871
-5.11154
-5.0838
-7.57179
-5.61537
-3.69722
-1.92459
-0.363258
0.959639
2.04619
2.91694
3.60176
4.13299
4.54111
4.85249
5.08858
5.26605
5.39738
5.49172
5.55573
5.59438
5.61156
5.6104
5.59344
5.56269
5.51964
5.46531
5.40045
5.32578
5.24228
5.15142
5.05532
4.95678
4.85909
4.76562
4.67934
4.60225
4.53502
4.47671
4.42478
4.37526
4.32343
4.26468
4.19554
4.11434
4.02162
3.92015
3.81462
3.71091
3.61517
3.53261
3.46655
3.41775
3.38412
3.36075
3.34049
3.31491
3.27587
3.217
3.13478
3.02904
2.90289
2.76221
2.61458
2.46785
2.32842
2.1999
2.08214
1.97082
1.85752
1.73042
1.57581
1.38013
1.13223
0.824938
0.456023
0.0284603
-0.449894
-0.967357
-1.51002
-2.06371
-2.6156
-3.1552
-3.67469
-4.16857
-4.63256
-5.06188
-5.44895
-5.78186
-6.04457
-6.21912
-6.29015
-6.25019
-9.11254
-6.44859
-3.90169
-1.62878
0.29349
1.85235
3.07572
4.01202
4.71596
5.2395
5.62695
5.91345
6.1254
6.28167
6.39521
6.47459
6.52544
6.5518
6.55694
6.54374
6.51471
6.47182
6.41636
6.34889
6.2695
6.17825
6.07561
5.96291
5.84263
5.71859
5.59567
5.47919
5.37395
5.28335
5.20872
5.14896
5.10023
5.05623
5.00897
4.95055
4.87498
4.77929
4.6641
4.53358
4.39516
4.25845
4.13372
4.02969
3.95213
3.90269
3.87862
3.87262
3.87339
3.86716
3.84042
3.78292
3.68912
3.55898
3.3977
3.21519
3.02432
2.83874
2.66978
2.52433
2.40333
2.30131
2.20618
2.10003
1.96112
1.76778
1.50243
1.15387
0.718617
0.201025
-0.386919
-1.02732
-1.69889
-2.38085
-3.05544
-3.70958
-4.335
-4.92811
-5.48822
-6.0147
-6.50175
-6.93414
-7.28698
-7.52849
-7.62845
-7.57141
-10.8123
-7.11325
-3.7116
-0.82812
1.47342
3.22799
4.51852
5.44159
6.08987
6.54196
6.8581
7.08177
7.24235
7.35882
7.44224
7.49853
7.53039
7.53977
7.52872
7.49988
7.45592
7.39905
7.33039
7.24964
7.15564
7.04715
6.92346
6.78534
6.63539
6.47884
6.32299
6.17662
6.0475
5.94148
5.86106
5.80537
5.76893
5.74194
5.71064
5.66114
5.58345
5.47239
5.32872
5.15842
4.97329
4.78881
4.6225
4.48874
4.39727
4.35114
4.3472
4.37478
4.41646
4.44898
4.44934
4.40117
4.29584
4.1338
3.92316
3.68027
3.42648
3.18578
2.97737
2.81363
2.69724
2.62196
2.57076
2.51687
2.42489
2.25918
1.9925
1.60768
1.09984
0.474953
-0.248342
-1.04234
-1.87271
-2.70854
-3.52464
-4.3052
-5.04176
-5.73506
-6.39219
-7.02421
-7.63318
-8.20085
-8.6896
-9.04159
-9.19273
-9.11029
-12.6485
-7.3497
-2.77552
0.810323
3.4406
5.27131
6.48983
7.26621
7.74564
8.03955
8.22177
8.34034
8.42219
8.48296
8.5277
8.55701
8.56708
8.55647
8.52547
8.4771
8.41504
8.34257
8.2611
8.16879
8.06196
7.93721
7.79138
7.6241
7.43697
7.23738
7.03595
6.84852
6.68711
6.56204
6.47712
6.43335
6.42333
6.43317
6.43785
6.41167
6.33931
6.21177
6.03102
5.80396
5.54986
5.29236
5.0638
4.88627
4.77655
4.73825
4.76982
4.85605
4.97217
5.07655
5.1276
5.10121
4.98368
4.77811
4.49454
4.16056
3.8093
3.48584
3.22017
3.03432
2.93152
2.90754
2.93882
2.98817
2.99445
2.89563
2.65235
2.23833
1.64927
0.89028
-0.0082476
-1.00524
-2.0389
-3.06488
-4.04519
-4.96435
-5.81094
-6.59421
-7.33242
-8.06695
-8.82412
-9.5812
-10.2892
-10.8439
-11.0933
-10.9673
-14.4484
-6.54302
-0.416541
3.82457
6.55887
8.19569
9.09718
9.51769
9.66777
9.69714
9.67627
9.65091
9.63152
9.6293
9.63451
9.64229
9.63264
9.6016
9.5463
9.4731
9.38819
9.29807
9.20645
9.10787
8.9931
8.85661
8.68923
8.49042
8.25548
7.9976
7.72774
7.48195
7.27339
7.12378
7.03294
7.01175
7.04813
7.13087
7.20849
7.22773
7.17367
7.02682
6.79907
6.4875
6.13041
5.75333
5.4307
5.18527
5.0521
5.02388
5.11289
5.29344
5.54398
5.78007
5.91659
5.93171
5.79752
5.53397
5.13778
4.66498
4.15139
3.70202
3.34735
3.13475
3.05168
3.11292
3.28026
3.52091
3.7148
3.73955
3.55752
3.12051
2.44292
1.50607
0.373201
-0.915774
-2.21654
-3.48731
-4.65413
-5.72829
-6.67156
-7.51844
-8.27814
-9.07726
-10.0153
-11.0324
-12.1095
-13.0858
-13.5347
-13.3144
-15.4186
-3.17511
4.6569
9.00853
11.2577
12.1794
12.3977
12.1592
11.7642
11.4277
11.1378
10.9535
10.8167
10.7655
10.7382
10.7533
10.7297
10.6823
10.5936
10.4867
10.3696
10.2565
10.1626
10.0711
9.95628
9.82132
9.63314
9.40959
9.10784
8.7759
8.3857
8.06262
7.77563
7.60175
7.4893
7.5081
7.60703
7.83678
8.06406
8.15016
8.14247
7.95923
7.68866
7.23745
6.74057
6.13673
5.68729
5.32344
5.17732
5.14151
5.32491
5.63081
6.13736
6.62771
6.88112
6.97795
6.79835
6.48156
5.89206
5.22886
4.4017
3.7825
3.27061
3.04932
2.96463
3.16614
3.5167
4.12154
4.67925
4.88175
4.83038
4.34963
3.61043
2.40465
0.979944
-0.808817
-2.43688
-4.05896
-5.39606
-6.68026
-7.67057
-8.56781
-9.16674
-9.88719
-11.0923
-12.3967
-14.0746
-16.087
-16.9392
-16.4629
-11.9362
6.54547
14.7418
17.2194
17.8678
17.1757
16.3557
15.0256
13.7764
13.0908
12.4471
12.1874
11.8786
11.8672
11.7807
11.92
11.8606
11.8226
11.6669
11.5147
11.345
11.1872
11.115
11.0676
10.9484
10.8625
10.6278
10.4412
10.0035
9.63797
8.94686
8.5912
8.11489
7.99113
7.75655
7.88895
7.97743
8.54616
9.12283
9.20756
9.36394
9.01732
8.83826
8.05308
7.50469
6.29771
5.82055
5.14803
5.14365
4.94344
5.36046
5.6792
6.75403
7.81647
8.07109
8.4222
7.99667
7.8218
6.7524
6.02882
4.35251
3.70843
2.77541
2.76719
2.46545
3.00471
3.38696
4.79002
6.15517
6.3895
6.72153
5.9509
5.44981
3.61848
2.11093
-0.933239
-2.66582
-5.04091
-6.21408
-8.05536
-8.80349
-10.0467
-9.88023
-9.99903
-12.0264
-13.2228
-15.5579
-20.7589
-22.2565
-20.9931
13.8299
31.077
33.0619
28.0642
26.4078
22.3556
21.0475
17.775
14.9767
14.693
13.2028
13.4916
12.5116
13.0765
12.4976
13.3722
12.9601
13.1316
12.7347
12.5672
12.303
11.9938
12.0313
12.1669
11.8919
12.1173
11.5527
11.8339
10.7948
10.9682
9.02439
9.29291
7.94587
8.5395
7.49475
8.33248
7.65568
9.24349
10.8894
10.1612
11.3092
9.83353
10.8601
8.5272
9.21661
5.40721
6.23461
4.00998
5.39147
3.85609
5.53703
4.63834
7.38806
10.168
9.12161
10.9843
8.83359
10.4497
7.11429
8.20031
2.81649
4.05004
0.94809
2.90735
0.754868
3.06904
1.78692
5.51275
9.25911
7.75623
10.2002
7.1637
9.2044
4.36579
5.45439
-2.94661
-1.96972
-7.75383
-6.07018
-11.0047
-9.22367
-13.5554
-10.183
-7.3626
-14.157
-12.4093
-12.9144
-30.7633
-31.5498
-27.9835
156.936
77.5854
61.4366
34.0971
38.3974
23.584
28.5681
19.8416
12.556
18.0327
11.3971
16.6229
10.9201
15.9329
11.1214
16.6776
13.2192
15.2594
13.4725
13.7589
13.326
12.3013
12.8067
13.8577
12.1151
14.5099
11.2601
15.1279
9.84031
15.3476
5.9164
12.3213
4.98259
11.4474
4.52246
10.9572
4.07319
9.8574
16.0752
8.41329
17.0327
7.04684
17.7198
4.64951
17.4071
-2.15995
11.0439
-2.32055
9.83989
-1.86244
9.42858
-1.65589
7.97882
18.0298
5.98325
19.3261
4.2465
20.208
1.10961
19.6886
-8.24822
10.6351
-8.16707
8.96872
-7.38741
8.31229
-7.0243
6.20612
19.9221
3.43971
21.5708
1.06556
22.8653
-3.42189
22.4631
-18.4639
8.46245
-21.22
3.60414
-23.6242
-0.841218
-28.1577
-9.69079
9.11938
-28.5881
-8.35133
14.7044
-65.3373
-47.1104
-39.6892
153.924
139.477
125.834
112.952
100.78
89.259
78.326
67.9155
57.9614
48.3982
39.1616
30.1892
21.42
12.7948
4.25542
-1.25012
-1.20507
-1.14203
-1.06471
-0.977034
-0.882661
-0.784748
-0.68578
-0.587536
-0.491144
-0.397166
-0.305711
-0.216538
-0.129161
-0.0429236
-2.10686
-2.0284
-1.91921
-1.78603
-1.63583
-1.47504
-1.3091
-1.14217
-0.977181
-0.8159
-0.659147
-0.506985
-0.358906
-0.214004
-0.0711067
-2.99988
-2.88245
-2.72038
-2.52437
-2.30519
-2.07257
-1.83442
-1.59662
-1.36311
-1.13612
-0.916534
-0.704171
-0.498095
-0.296841
-0.0986049
-3.94646
-3.7811
-3.55548
-3.28583
-2.98798
-2.67562
-2.35937
-2.04677
-1.74249
-1.44893
-1.16669
-0.895063
-0.632456
-0.376656
-0.125076
-4.96719
-4.73997
-4.43457
-4.07544
-3.68527
-3.28251
-2.88067
-2.48856
-2.11115
-1.75041
-1.40621
-1.07693
-0.760004
-0.452248
-0.150118
-6.08788
-5.77695
-5.36734
-4.89606
-4.39509
-3.88846
-3.3922
-2.91565
-2.4631
-2.03533
-1.63079
-1.24643
-0.878375
-0.522209
-0.173263
-7.34233
-6.91253
-6.36168
-5.74632
-5.11053
-4.48399
-3.88398
-3.31869
-2.79026
-2.29702
-1.83515
-1.39963
-0.984845
-0.584946
-0.193988
-8.77657
-8.16905
-7.42047
-6.61692
-5.81667
-5.05294
-4.34099
-3.68486
-3.08218
-2.52732
-2.01316
-1.53207
-1.07642
-0.638735
-0.21173
-10.4542
-9.56657
-8.53414
-7.48413
-6.48622
-5.57004
-4.74214
-3.99753
-3.32626
-2.7169
-2.15806
-1.63906
-1.15002
-0.681836
-0.225927
-12.4597
-11.1088
-9.66534
-8.29918
-7.07398
-5.99879
-5.05996
-4.23681
-3.50841
-2.85592
-2.2631
-1.71605
-1.20277
-0.712652
-0.236067
-14.8835
-12.7436
-10.7191
-8.97321
-7.51164
-6.29114
-5.26204
-4.38129
-3.6146
-2.93525
-2.32236
-1.75927
-1.23233
-0.72993
-0.241755
-17.7238
-14.263
-11.494
-9.36283
-7.70817
-6.39201
-5.31571
-4.41168
-3.63341
-2.94809
-2.33177
-1.76632
-1.23735
-0.732969
-0.242776
-20.4584
-15.0905
-11.631
-9.27581
-7.56613
-6.25295
-5.19704
-4.31627
-3.55925
-2.89189
-2.29031
-1.73686
-1.21778
-0.721809
-0.239152
-20.3514
-14.0093
-10.6637
-8.54318
-7.0275
-5.85655
-4.90318
-4.09707
-3.39538
-2.76988
-2.20069
-1.673
-1.1751
-0.697324
-0.231172
-1.53123
-4.62555
-7.81803
-11.1833
-14.8115
-18.8192
-23.3668
-28.688
-35.1467
-43.35
-54.402
-70.5275
-96.7887
-146.291
-257.121
-1.49667
-4.51909
-7.63089
-10.8992
-14.4038
-18.2452
-22.5571
-27.5254
-33.4197
-40.6439
-49.8079
-61.7686
-77.2523
-93.7965
-87.5751
-1.44192
-4.35055
-7.33503
-10.451
-13.7621
-17.3445
-21.2916
-25.7196
-30.7691
-36.5907
-43.2715
-50.5627
-56.979
-57.1112
-35.3411
-1.36994
-4.12932
-6.94785
-9.86719
-12.932
-16.1903
-19.692
-23.4821
-27.5822
-31.9406
-36.311
-39.9644
-41.0689
-35.6354
-17.0738
-1.28442
-3.86699
-6.49065
-9.18234
-11.9675
-14.8671
-17.892
-21.0294
-24.2157
-27.2821
-29.8485
-31.1361
-29.6992
-23.2761
-9.63009
-1.18936
-3.5761
-5.98618
-8.43258
-10.9233
-13.4569
-16.0139
-18.5425
-20.9323
-22.9705
-24.2737
-24.1997
-21.7922
-15.9326
-6.08506
-1.08874
-3.26899
-5.45646
-7.652
-9.84944
-12.0303
-14.1554
-16.152
-17.8931
-19.1694
-19.655
-18.8837
-16.2824
-11.3584
-4.15288
-0.986181
-2.95685
-4.92111
-6.87008
-8.78703
-10.6423
-12.3863
-13.9388
-15.1765
-15.9173
-15.9092
-14.8385
-12.3854
-8.36857
-2.98473
-0.884799
-2.64914
-4.39635
-6.11035
-7.76738
-9.33169
-10.7499
-11.9443
-12.8051
-13.1852
-12.9012
-11.753
-9.57448
-6.32798
-2.22325
-0.787065
-2.35331
-3.89465
-5.39016
-6.8121
-8.12244
-9.26898
-10.1813
-10.7675
-10.9141
-10.4934
-9.38304
-7.50512
-4.88335
-1.69911
-0.694802
-2.07477
-3.42475
-4.72104
-5.93428
-7.02691
-7.95068
-8.64472
-9.03501
-9.0371
-8.56455
-7.54603
-5.95231
-3.82932
-1.32355
-0.609227
-1.81705
-2.99211
-4.10957
-5.1402
-6.0486
-6.79187
-7.31906
-7.57211
-7.48963
-7.01478
-6.10844
-4.76701
-3.04109
-1.04614
-0.531029
-1.58208
-2.59944
-3.5584
-4.43098
-5.18492
-5.78309
-6.18373
-6.34217
-6.21459
-5.76464
-4.97297
-3.8487
-2.43968
-0.836326
-0.460472
-1.37051
-2.24732
-3.06718
-3.80412
-4.4294
-4.91145
-5.21658
-5.31083
-5.1634
-4.75177
-4.06844
-3.12812
-1.9732
-0.67463
-0.397489
-1.18199
-1.93474
-2.63354
-3.2548
-3.77333
-4.16265
-4.39584
-4.44731
-4.29566
-3.92757
-3.34237
-2.55654
-1.60649
-0.548131
-0.341778
-1.01552
-1.65962
-2.25374
-2.77678
-3.20697
-3.52227
-3.70127
-3.72481
-3.57821
-3.25411
-2.75562
-2.09899
-1.31498
-0.44795
-0.292881
-0.869623
-1.41921
-1.92329
-2.36324
-2.72039
-2.97651
-3.11464
-3.12045
-2.984
-2.70175
-2.27868
-1.72988
-1.08112
-0.367816
-0.250248
-0.742578
-1.2104
-1.63736
-2.00718
-2.30397
-2.51267
-2.61987
-2.61488
-2.49103
-2.24717
-1.88904
-1.43017
-0.892069
-0.30319
-0.213283
-0.632551
-1.02996
-1.39109
-1.70184
-1.94871
-2.11931
-2.20302
-2.19183
-2.08138
-1.87194
-1.56934
-1.18549
-0.738279
-0.250714
-0.181386
-0.5377
-0.874714
-1.17981
-1.44084
-1.6464
-1.78628
-1.85205
-1.83772
-1.74046
-1.56139
-1.30606
-0.984809
-0.612509
-0.207864
-0.153971
-0.45625
-0.741624
-0.999139
-1.21836
-1.38968
-1.50471
-1.55671
-1.54118
-1.45636
-1.30378
-1.08856
-0.819572
-0.509198
-0.172709
-0.13049
-0.386536
-0.627878
-0.845052
-1.02914
-1.17206
-1.26689
-1.30825
-1.29274
-1.21932
-1.08966
-0.908387
-0.683073
-0.424021
-0.143754
-0.110436
-0.327033
-0.530912
-0.713935
-0.868509
-0.987834
-1.0662
-1.09929
-1.08452
-1.02132
-0.911385
-0.758797
-0.569999
-0.353574
-0.119826
-0.093348
-0.276361
-0.448425
-0.602573
-0.73235
-0.832046
-0.896941
-0.92356
-0.909924
-0.855773
-0.762726
-0.63435
-0.476108
-0.295156
-0.0999972
-0.0788174
-0.233292
-0.378379
-0.508132
-0.617078
-0.700423
-0.754261
-0.77578
-0.76346
-0.717233
-0.638596
-0.530641
-0.397986
-0.246602
-0.0835261
-0.066481
-0.196741
-0.31898
-0.428137
-0.519581
-0.589288
-0.634021
-0.651496
-0.640538
-0.601197
-0.534824
-0.444081
-0.332867
-0.206168
-0.0698158
-0.0560206
-0.165759
-0.268665
-0.360442
-0.437176
-0.495493
-0.532707
-0.546956
-0.537324
-0.50393
-0.447974
-0.371736
-0.278502
-0.172436
-0.0583825
-0.0471593
-0.139521
-0.226078
-0.303191
-0.367559
-0.416352
-0.447338
-0.458997
-0.450609
-0.422328
-0.375208
-0.311191
-0.233045
-0.14425
-0.0488321
-0.039657
-0.117312
-0.190049
-0.254791
-0.308756
-0.349574
-0.37539
-0.384957
-0.377707
-0.353808
-0.314174
-0.260457
-0.194984
-0.120661
-0.0408419
-0.0333068
-0.0985175
-0.159572
-0.213872
-0.259081
-0.293213
-0.314725
-0.322593
-0.316367
-0.296212
-0.262919
-0.217886
-0.163067
-0.10089
-0.034146
-0.0279308
-0.0826092
-0.133783
-0.179267
-0.217097
-0.245614
-0.263534
-0.270015
-0.264697
-0.247738
-0.219816
-0.18211
-0.136259
-0.0842895
-0.0285252
-0.0233764
-0.0691341
-0.111946
-0.149976
-0.181581
-0.205373
-0.220287
-0.225628
-0.22111
-0.206877
-0.183506
-0.15199
-0.113699
-0.0703242
-0.0237973
-0.0195128
-0.0577046
-0.0934279
-0.125147
-0.151488
-0.171296
-0.183686
-0.188088
-0.184269
-0.172361
-0.152851
-0.126573
-0.0946695
-0.0585473
-0.0198109
-0.0162283
-0.047989
-0.0776904
-0.104052
-0.125932
-0.142369
-0.152633
-0.156254
-0.153046
-0.143123
-0.126897
-0.105062
-0.0785694
-0.0485856
-0.0164393
-0.0134269
-0.0397034
-0.0642716
-0.0860706
-0.104154
-0.117729
-0.126193
-0.129161
-0.126485
-0.118262
-0.104836
-0.0867846
-0.0648934
-0.0401254
-0.0135762
-0.0110263
-0.0326039
-0.0527755
-0.0706687
-0.0855058
-0.096637
-0.103569
-0.105988
-0.103775
-0.0970139
-0.0859883
-0.0711732
-0.0532148
-0.032902
-0.0111318
-0.00895572
-0.0264805
-0.0428614
-0.0573889
-0.0694312
-0.0784608
-0.0840785
-0.0860312
-0.084224
-0.0787265
-0.0697712
-0.0577445
-0.043171
-0.0266906
-0.00903005
-0.00715357
-0.0211514
-0.0342342
-0.0458348
-0.0554483
-0.0626537
-0.0671329
-0.0686848
-0.0672349
-0.06284
-0.0556867
-0.0460841
-0.0344513
-0.0212987
-0.00720568
-0.00556618
-0.0164576
-0.0266363
-0.0356605
-0.0431373
-0.0487395
-0.0522199
-0.0534227
-0.0522907
-0.0488688
-0.0433027
-0.0358335
-0.0267869
-0.0165598
-0.00560234
-0.00414609
-0.0122586
-0.0198399
-0.0265606
-0.0321281
-0.0362986
-0.0388884
-0.0397817
-0.0389364
-0.0363864
-0.0322404
-0.026678
-0.0199421
-0.012328
-0.00417064
-0.00285073
-0.00842862
-0.013641
-0.0182615
-0.0220888
-0.0249553
-0.0267349
-0.027348
-0.0267659
-0.0250121
-0.0221614
-0.0183375
-0.0137072
-0.00847351
-0.00286661
-0.00164117
-0.00485236
-0.00785315
-0.0105132
-0.0127165
-0.0143668
-0.0153912
-0.0157442
-0.0154091
-0.0143994
-0.0127582
-0.0105568
-0.00789113
-0.00487815
-0.00165029
-0.000481005
-0.00142222
-0.0023019
-0.0030819
-0.00372827
-0.00421272
-0.00451386
-0.00461815
-0.00452062
-0.00422508
-0.00374408
-0.00309843
-0.00231629
-0.00143199
-0.000484461
0.000664714
0.00196521
0.00318014
0.00425656
0.0051475
0.00581401
0.00622682
0.00636773
0.00623033
0.00582041
0.0051557
0.00426513
0.0031876
0.00197027
0.000666507
0.00183052
0.00541203
0.00875833
0.0117238
0.0141791
0.0160169
0.0171563
0.0175468
0.0171705
0.0160428
0.0142123
0.0117585
0.00878855
0.00543254
0.00183778
0.00305155
0.00902217
0.0146009
0.0195452
0.0236395
0.0267046
0.0286057
0.0292584
0.0286323
0.0267532
0.0237016
0.0196102
0.0146575
0.00906059
0.00306514
0.00436458
0.0129044
0.0208841
0.0279569
0.0338144
0.0382005
0.040922
0.0418578
0.0409642
0.0382775
0.033913
0.02806
0.0209739
0.0129653
0.00438614
0.00580909
0.0171754
0.027797
0.0372123
0.0450111
0.0508522
0.0544782
0.0557273
0.054541
0.0509669
0.0451579
0.0373658
0.0279307
0.0172662
0.0058412
0.00742845
0.0219637
0.0355474
0.04759
0.057567
0.0650418
0.0696847
0.071288
0.0697757
0.065208
0.0577798
0.0478125
0.0357412
0.0220952
0.00747496
0.00927115
0.0274125
0.0443679
0.059402
0.0718603
0.0811977
0.0870017
0.0890118
0.0871318
0.0814354
0.0721645
0.0597201
0.0446449
0.0276005
0.00933766
0.0113922
0.0336849
0.0545224
0.0730023
0.0883207
0.0998069
0.106953
0.109437
0.107138
0.100145
0.0887529
0.0734542
0.054916
0.033952
0.0114867
0.0138548
0.0409675
0.0663139
0.0887978
0.107442
0.12143
0.130141
0.133182
0.130403
0.121908
0.108054
0.0894378
0.0668712
0.0413458
0.0139886
0.0167319
0.0494766
0.080093
0.107259
0.129796
0.146716
0.157267
0.160969
0.157637
0.147392
0.130661
0.108164
0.080881
0.0500114
0.0169211
0.0201084
0.0594633
0.0962676
0.128935
0.15605
0.176423
0.189148
0.193641
0.189671
0.177379
0.157273
0.130214
0.0973809
0.060219
0.0203757
0.0240832
0.0712211
0.115314
0.154467
0.186985
0.211442
0.226745
0.232188
0.227484
0.212791
0.188712
0.156273
0.116886
0.0722883
0.0244607
0.0287723
0.0850931
0.13779
0.184607
0.223517
0.252816
0.271189
0.277779
0.272232
0.254721
0.225955
0.187156
0.14001
0.0865999
0.0293053
0.0343111
0.101481
0.16435
0.220235
0.266723
0.301776
0.323814
0.331799
0.325286
0.304465
0.270165
0.223834
0.167484
0.103608
0.0350636
0.0408581
0.120855
0.195759
0.262387
0.31787
0.359772
0.386198
0.395884
0.388275
0.363568
0.322729
0.267468
0.200184
0.123859
0.0419206
0.0485988
0.143766
0.232915
0.312277
0.378445
0.428514
0.460203
0.471978
0.463136
0.433873
0.385305
0.319451
0.239162
0.148006
0.0500988
0.0577493
0.170855
0.276866
0.371328
0.4502
0.510016
0.548036
0.562387
0.552177
0.517582
0.459884
0.381455
0.285686
0.176842
0.059867
0.0685611
0.202871
0.328836
0.441203
0.535186
0.606653
0.652304
0.669849
0.658149
0.617333
0.548856
0.4555
0.341287
0.211323
0.071551
0.0813257
0.24068
0.390246
0.523843
0.635807
0.721213
0.776087
0.797616
0.784337
0.736288
0.655104
0.544026
0.407826
0.252614
0.0855473
0.0963795
0.285286
0.462746
0.621502
0.754867
0.856973
0.923023
0.949553
0.934667
0.878252
0.782107
0.649995
0.487566
0.302136
0.10234
0.114108
0.33784
0.548232
0.73679
0.895631
1.01777
1.0974
1.13024
1.11383
1.0478
0.934083
0.777016
0.583276
0.361632
0.122526
0.134951
0.399654
0.648879
0.872711
1.06188
1.20807
1.30426
1.34514
1.32745
1.25046
1.11616
0.929501
0.69836
0.433253
0.146839
0.159404
0.472217
0.767155
1.0327
1.25798
1.43309
1.54954
1.60068
1.58226
1.49291
1.33458
1.11287
0.837027
0.51967
0.176195
0.188021
0.55719
0.905838
1.22065
1.4889
1.69884
1.84015
1.90453
1.88632
1.78324
1.59702
1.33384
1.00452
0.624221
0.211743
0.221411
0.65641
1.06802
1.44092
1.76031
2.01224
2.18419
2.26572
2.2493
2.13131
1.91289
1.60073
1.20739
0.75112
0.254934
0.260231
0.77187
1.25707
1.69835
2.07855
2.38118
2.59102
2.6949
2.68281
2.5491
2.29386
1.92399
1.45397
0.905731
0.307624
0.305177
0.905686
1.47662
1.99819
2.45064
2.81455
3.07141
3.20462
3.20076
3.05129
2.7544
2.31679
1.75486
1.09497
0.372215
0.35696
1.06003
1.73044
2.34602
2.88421
3.32223
3.63766
3.80951
3.81981
3.65583
3.31266
2.79592
2.12378
1.32785
0.451857
0.416272
1.23706
2.02233
2.74759
3.38733
3.91503
4.30361
4.52657
4.55987
4.38478
3.99145
3.38293
2.57866
1.61631
0.550748
0.483744
1.43875
2.35588
3.20853
3.96824
4.60442
5.08456
5.37531
5.44462
5.26526
4.81966
4.10587
3.1433
1.97646
0.674588
0.559883
1.66673
2.7342
3.734
4.63492
5.40214
5.99699
6.3778
6.50205
6.33059
5.83408
5.00157
3.84977
2.43035
0.831278
0.644988
1.92205
3.15951
4.32811
5.39443
6.31953
7.05804
7.55842
7.7648
7.62162
7.08182
6.11897
4.74207
3.00901
1.03205
0.739059
2.20486
3.63261
4.99322
6.252
7.36645
8.28443
8.94317
9.27026
9.18804
8.6233
7.52388
5.88167
3.75702
1.29333
0.841679
2.51409
4.15233
5.72903
7.20975
8.54978
9.6908
10.5582
11.0599
11.0895
10.536
9.3057
7.35628
4.74046
1.64
0.951895
2.84705
4.71475
6.53145
8.26519
9.87126
11.2872
12.4271
13.1774
13.3958
12.9188
11.5868
9.29365
6.06043
2.11133
1.0681
3.19904
5.31257
7.39146
9.40924
11.3248
13.0751
14.5665
15.6644
16.1849
15.8952
14.5355
11.8838
7.87753
2.77263
1.18797
3.56312
5.93441
8.29386
10.6243
12.8929
15.0428
16.9791
18.5522
19.5366
19.6145
18.3813
15.4145
10.4575
3.73974
1.30837
3.92987
6.56445
9.2164
11.8821
14.5436
17.1586
19.6438
21.8486
23.5179
24.2442
23.4311
20.3271
14.2604
5.23576
1.42546
4.28753
7.18238
10.1294
13.1427
16.2265
19.3646
22.5031
25.517
28.1539
29.9427
30.0717
27.2971
20.1172
7.73656
1.53481
4.6224
7.76408
10.9962
14.3544
17.8716
21.5704
25.4488
29.447
33.3787
36.794
38.7284
37.3263
29.5854
12.3849
1.63165
4.91968
8.28296
11.7753
15.4558
19.3904
23.6513
28.3113
33.4231
38.9619
44.6734
49.7019
51.7573
45.6227
22.2896
1.71133
5.16469
8.71218
12.4237
16.3806
20.6825
25.455
30.8598
37.1027
44.4251
53.0268
62.74
71.8755
73.6031
46.9483
1.76968
5.34429
9.02747
12.9016
17.0659
21.6477
26.8194
32.8262
40.0324
48.9996
60.6082
76.1788
97.1376
121.293
118.303
1.80356
5.44848
9.21011
13.1779
17.4612
22.2032
27.6039
33.9595
41.739
51.7395
65.438
85.8754
120.179
187.834
351.889
1.81116
5.47158
9.24956
13.235
17.5378
22.3013
27.7251
34.104
41.9031
51.9111
65.5876
85.9421
120.061
187.429
351.377
1.79231
5.41303
9.14487
13.0718
17.2944
21.9408
27.1828
33.262
40.5331
49.535
61.0992
76.45
96.8508
119.955
115.982
1.74838
5.27729
8.90466
12.7032
16.7567
21.1667
26.059
31.5922
37.9611
45.3791
53.9809
63.4508
71.7628
71.2848
38.9136
-12.8985
-10.5221
-8.7382
-7.35534
-6.23922
-5.3075
-4.50831
-3.80727
-3.1804
-2.61021
-2.08334
-1.58918
-1.11893
-0.665022
-0.220631
-4.83988
-6.7122
-6.63255
-6.05543
-5.37493
-4.70374
-4.07247
-3.486
-2.94095
-2.43148
-1.95135
-1.49449
-1.05524
-0.628304
-0.208633
-2.20308
-4.25784
-4.87232
-4.82727
-4.50413
-4.07222
-3.6055
-3.13596
-2.67675
-2.23237
-1.80317
-1.38756
-0.983005
-0.586533
-0.194964
-1.19918
-2.80363
-3.57008
-3.79219
-3.70884
-3.46484
-3.14045
-2.7787
-2.40225
-2.02269
-1.64554
-1.27294
-0.905147
-0.541354
-0.180153
-0.746606
-1.93136
-2.6458
-2.96922
-3.02507
-2.91327
-2.70133
-2.43164
-2.1299
-1.81133
-1.48473
-1.15497
-0.824508
-0.494371
-0.164721
-0.508231
-1.38568
-1.99307
-2.33202
-2.45772
-2.43122
-2.30229
-2.10682
-1.86921
-1.60553
-1.32611
-1.03747
-0.743639
-0.447045
-0.149142
-0.366393
-1.02752
-1.52673
-1.8429
-1.99603
-2.0203
-1.94945
-1.81124
-1.62662
-1.41065
-1.17388
-0.923573
-0.664684
-0.400626
-0.133827
-0.274314
-0.781807
-1.18748
-1.467
-1.62381
-1.67541
-1.64337
-1.54788
-1.40578
-1.2302
-1.03105
-0.815627
-0.589313
-0.356107
-0.119105
-0.210799
-0.606792
-0.935836
-1.17632
-1.32462
-1.38861
-1.38133
-1.31688
-1.20817
-1.06612
-0.899504
-0.71524
-0.518724
-0.31422
-0.105223
-0.165062
-0.478265
-0.745686
-0.94963
-1.08399
-1.15128
-1.15899
-1.1166
-1.03372
-0.919083
-0.780211
-0.623357
-0.453677
-0.275452
-0.0923461
-0.131076
-0.381527
-0.599613
-0.771259
-0.889917
-0.955325
-0.971435
-0.944438
-0.881303
-0.788873
-0.673399
-0.540377
-0.39456
-0.240071
-0.0805701
-0.105213
-0.307264
-0.485785
-0.62968
-0.732817
-0.793596
-0.813807
-0.797362
-0.749225
-0.674658
-0.578769
-0.466279
-0.341461
-0.20817
-0.0699318
-0.0851672
-0.249337
-0.395999
-0.5164
-0.605127
-0.660032
-0.681628
-0.672289
-0.635494
-0.575247
-0.495662
-0.400739
-0.294245
-0.179702
-0.0604217
-0.0694015
-0.203565
-0.324448
-0.425113
-0.50092
-0.549595
-0.570928
-0.566275
-0.538047
-0.489259
-0.423204
-0.34323
-0.252615
-0.154522
-0.0519967
-0.0568568
-0.167016
-0.266934
-0.351085
-0.415549
-0.458142
-0.478269
-0.47663
-0.454872
-0.415259
-0.36041
-0.293108
-0.216177
-0.132419
-0.0445906
-0.0467803
-0.137576
-0.220368
-0.290725
-0.345364
-0.382286
-0.400721
-0.400953
-0.384093
-0.351835
-0.30626
-0.24967
-0.184479
-0.113143
-0.0381231
-0.0386234
-0.113693
-0.182436
-0.241278
-0.287481
-0.319266
-0.33581
-0.337144
-0.324003
-0.297657
-0.259758
-0.212204
-0.157047
-0.096423
-0.0325072
-0.0319783
-0.0942026
-0.151378
-0.200607
-0.239608
-0.266828
-0.281458
-0.283384
-0.27308
-0.251501
-0.219958
-0.180015
-0.133411
-0.0819884
-0.0276541
-0.0265358
-0.0782175
-0.125838
-0.167036
-0.199914
-0.22313
-0.235928
-0.238113
-0.229986
-0.212263
-0.185988
-0.152452
-0.11312
-0.0695752
-0.0234769
-0.0220583
-0.0650519
-0.104757
-0.139242
-0.166927
-0.186664
-0.197767
-0.200002
-0.193554
-0.178962
-0.15706
-0.128912
-0.0957525
-0.0589351
-0.0198937
-0.0183607
-0.0541693
-0.087301
-0.116169
-0.13946
-0.156194
-0.165762
-0.167921
-0.162775
-0.150735
-0.132468
-0.108853
-0.0809247
-0.0498389
-0.0168285
-0.0152968
-0.0451451
-0.0728046
-0.096969
-0.116544
-0.130699
-0.1389
-0.140911
-0.136783
-0.126831
-0.111591
-0.0917864
-0.0682891
-0.042079
-0.014212
-0.0127505
-0.0376406
-0.0607349
-0.0809553
-0.0973904
-0.109339
-0.116336
-0.118162
-0.114836
-0.106598
-0.0938812
-0.0772843
-0.0575369
-0.0354694
-0.0119824
-0.0106283
-0.031383
-0.0506604
-0.0675698
-0.0813519
-0.0914159
-0.0973616
-0.0989897
-0.0962989
-0.0894739
-0.078866
-0.0649694
-0.0483954
-0.0298453
-0.0100844
-0.00885474
-0.0261509
-0.0422301
-0.0563553
-0.0678949
-0.0763522
-0.081385
-0.0828161
-0.0806321
-0.0749764
-0.0661339
-0.0545134
-0.0406258
-0.0250619
-0.00846949
-0.0073681
-0.0217638
-0.0351562
-0.046936
-0.056578
-0.0636659
-0.0679092
-0.0691523
-0.0673758
-0.0626912
-0.0553305
-0.0456313
-0.0340199
-0.0209925
-0.00709525
-0.00611786
-0.0180732
-0.029202
-0.039001
-0.0470343
-0.0529545
-0.0565163
-0.0575849
-0.0561384
-0.0522641
-0.0461507
-0.0380768
-0.0283972
-0.0175269
-0.00592461
-0.00506229
-0.0149565
-0.0241712
-0.0322917
-0.0389578
-0.0438806
-0.0468542
-0.0477637
-0.0465866
-0.0433915
-0.0383319
-0.0316371
-0.0236011
-0.0145695
-0.00492541
-0.00416667
-0.0123115
-0.0199
-0.0265921
-0.0320916
-0.0361598
-0.0386254
-0.0393911
-0.0384358
-0.0358134
-0.0316483
-0.0261285
-0.0194962
-0.0120374
-0.00406973
-0.00340196
-0.0100526
-0.0162512
-0.0217206
-0.0262192
-0.0295516
-0.0315767
-0.0322133
-0.0314424
-0.0293063
-0.0259053
-0.0213923
-0.0159652
-0.00985858
-0.00333331
-0.00274362
-0.00810775
-0.0131085
-0.017523
-0.0211565
-0.023851
-0.0254919
-0.0260127
-0.0253968
-0.0236773
-0.0209343
-0.0172906
-0.0129061
-0.00797038
-0.00269503
-0.00217076
-0.00641516
-0.0103728
-0.0138677
-0.0167458
-0.0188819
-0.0201848
-0.0206013
-0.0201175
-0.018759
-0.0165886
-0.0137033
-0.0102296
-0.00631797
-0.00213639
-0.00166534
-0.00492165
-0.00795836
-0.0106406
-0.0128503
-0.0144911
-0.0154931
-0.0158149
-0.0154455
-0.0144043
-0.0127392
-0.0105244
-0.00785717
-0.00485297
-0.00164105
-0.00121156
-0.0035806
-0.00578999
-0.00774167
-0.00934968
-0.010544
-0.0112735
-0.0115082
-0.01124
-0.0104828
-0.00927135
-0.00765976
-0.00571866
-0.00353219
-0.00119443
-0.00079531
-0.00235039
-0.00380052
-0.0050813
-0.00613627
-0.00691949
-0.00739754
-0.00755078
-0.00737404
-0.00687657
-0.00608133
-0.00502385
-0.0037505
-0.00231643
-0.0007833
-0.000403739
-0.00119303
-0.00192864
-0.0025777
-0.00311151
-0.00350686
-0.00374703
-0.0038224
-0.00373072
-0.00347706
-0.00307337
-0.00253781
-0.0018939
-0.00116945
-0.0003954
-2.4794e-05
-7.29288e-05
-0.000116833
-0.000154096
-0.000182864
-0.000201963
-0.000210929
-0.000209969
-0.000199841
-0.000181704
-0.000156937
-0.000126983
-9.3223e-05
-5.69041e-05
-1.91255e-05
0.000353144
0.00104424
0.00169037
0.00226362
0.00273908
0.00309592
0.0033183
0.00339611
0.00332549
0.00310907
0.00275591
0.00228121
0.00170569
0.00105464
0.000356823
0.000741634
0.00219263
0.00354819
0.00474925
0.0057434
0.00648718
0.00694792
0.00710527
0.00695208
0.00649479
0.00575314
0.00475943
0.00355705
0.00219865
0.000743764
0.00115253
0.00340729
0.00551328
0.00737854
0.00892158
0.010075
0.0107882
0.0110301
0.0107898
0.0100779
0.0089254
0.00738254
0.00551676
0.00340965
0.00115337
0.00159837
0.00472523
0.00764551
0.0102316
0.0123703
0.0139683
0.0149558
0.0152895
0.0149551
0.0139671
0.0123687
0.0102298
0.00764403
0.00472422
0.00159801
0.00209273
0.00618661
0.0100098
0.0133951
0.0161945
0.0182856
0.0195772
0.020013
0.0195741
0.01828
0.0161872
0.0133875
0.0100032
0.00618211
0.00209113
0.00265066
0.00783593
0.0126782
0.0169655
0.0205105
0.0231581
0.0247929
0.0253438
0.024787
0.0231473
0.0204966
0.0169511
0.0126656
0.00782739
0.00264764
0.00328916
0.00972342
0.0157318
0.0210514
0.0254494
0.0287338
0.0307612
0.0314436
0.0307518
0.0287166
0.0254274
0.0210284
0.0157118
0.00970981
0.00328435
0.00402769
0.0119066
0.0192638
0.0257771
0.0311616
0.0351821
0.0376634
0.0384976
0.0376493
0.0351565
0.0311288
0.0257428
0.0192339
0.0118863
0.00402051
0.00488876
0.0144519
0.0233816
0.0312866
0.0378209
0.0426993
0.045709
0.0467198
0.0456887
0.042662
0.0377733
0.0312368
0.0233382
0.0144225
0.00487835
0.00589865
0.0174372
0.0282109
0.0377476
0.04563
0.0515138
0.0551426
0.0563597
0.0551135
0.0514605
0.0455619
0.0376764
0.0281489
0.0173951
0.00588375
0.0070882
0.0209534
0.033899
0.0453574
0.0548268
0.0618938
0.0662509
0.0677098
0.0662095
0.0618182
0.05473
0.0452561
0.0338109
0.0208936
0.00706704
0.0084938
0.0251082
0.0406198
0.054348
0.0656917
0.0741554
0.0793713
0.0811145
0.0793127
0.0740483
0.0655545
0.0542046
0.0404949
0.0250235
0.00846382
0.0101585
0.0300287
0.0485788
0.0649943
0.0785561
0.0886721
0.0949029
0.0969806
0.0948199
0.0885205
0.0783622
0.0647915
0.0484022
0.0299089
0.0101161
0.0121334
0.0358659
0.0580199
0.077622
0.093813
0.105886
0.113318
0.11579
0.113201
0.105672
0.093539
0.0773354
0.0577704
0.0356965
0.0120735
0.0144791
0.042799
0.0692328
0.0926179
0.111929
0.126323
0.135177
0.138112
0.135011
0.126021
0.111542
0.0922133
0.0688804
0.0425598
0.0143945
0.017268
0.0510416
0.0825625
0.110443
0.133459
0.150607
0.161145
0.164626
0.160911
0.15018
0.132912
0.109871
0.0820649
0.0507039
0.0171486
0.0205864
0.0608484
0.09842
0.131644
0.159063
0.17948
0.192014
0.196134
0.191684
0.178877
0.158291
0.130838
0.0977174
0.0603716
0.0204177
0.0245371
0.0725232
0.117296
0.156877
0.189529
0.213826
0.228723
0.233595
0.228257
0.212975
0.188439
0.155738
0.116304
0.07185
0.0242989
0.0292431
0.0864292
0.139776
0.186922
0.225794
0.254699
0.272394
0.278143
0.271736
0.253497
0.224257
0.185314
0.138376
0.0854788
0.0289069
0.0348518
0.103001
0.166561
0.222712
0.268981
0.303354
0.32436
0.331131
0.323431
0.301658
0.26681
0.220441
0.164584
0.101659
0.0343772
0.0415398
0.12276
0.19849
0.265362
0.320428
0.36129
0.386209
0.394165
0.384898
0.358895
0.317363
0.262157
0.195699
0.120865
0.0408697
0.0495188
0.14633
0.236569
0.31621
0.381736
0.430296
0.459834
0.469159
0.457984
0.426916
0.377409
0.311686
0.232629
0.143656
0.0485729
0.0590439
0.174463
0.282007
0.376859
0.454822
0.512511
0.547494
0.558387
0.544882
0.507738
0.448714
0.370472
0.276444
0.170687
0.0577085
0.0704223
0.208063
0.336257
0.449234
0.541986
0.61049
0.651881
0.664553
0.648193
0.603752
0.533363
0.440217
0.328404
0.202733
0.0685369
0.0840248
0.248224
0.401071
0.535653
0.645986
0.727293
0.776207
0.790877
0.771002
0.717783
0.633813
0.522923
0.389985
0.240699
0.081363
0.100301
0.296265
0.478568
0.638909
0.770138
0.866588
0.924309
0.941185
0.916961
0.853163
0.752954
0.620937
0.462916
0.285642
0.0965428
0.119797
0.353793
0.571312
0.762377
0.918438
1.03277
1.10077
1.12003
1.0904
1.01382
0.89418
0.737006
0.549216
0.338794
0.114491
0.143178
0.422762
0.682424
0.910149
1.09571
1.23114
1.31107
1.33282
1.29643
1.20439
1.06146
0.874333
0.651228
0.401585
0.135686
0.171261
0.505564
0.81571
1.0872
1.30778
1.46804
1.56175
1.586
1.54109
1.43028
1.25944
1.03664
0.771665
0.475663
0.160683
0.20505
0.60514
0.975835
1.2996
1.56174
1.75114
1.86066
1.88719
1.8315
1.69785
1.49351
1.22821
0.913647
0.562917
0.190112
0.24579
0.725124
1.16855
1.55478
1.8662
2.08971
2.21719
2.24547
2.17604
2.0145
1.76989
1.454
1.08074
0.665498
0.224694
0.295033
0.870042
1.40097
1.86191
2.23169
2.49497
2.6426
2.67159
2.58453
2.38882
2.09575
1.71963
1.27697
0.785829
0.265235
0.354731
1.04557
1.68199
2.23232
2.67114
2.98051
3.15038
3.17829
3.06847
2.83074
2.47928
2.03145
1.50687
0.926608
0.312631
0.42736
1.25888
2.02277
2.68017
3.20048
3.56291
3.75673
3.7806
3.64121
3.35164
2.92972
2.39656
1.77542
1.09079
0.367864
0.516097
1.51915
2.4375
3.22319
3.83944
4.26238
4.48108
4.49627
4.31822
3.96442
3.45738
2.82277
2.08805
1.28157
0.431982
0.625068
1.83824
2.94433
3.88386
4.61261
5.10365
5.34674
5.34612
5.11726
4.6836
4.07361
3.31847
2.45052
1.50228
0.506079
0.759704
2.23168
3.56683
4.69088
5.55085
6.11707
6.38162
6.35442
6.05848
5.52521
4.79061
3.89249
2.86871
1.7563
0.591251
0.927276
2.72011
4.3359
5.68126
6.69304
7.33995
7.61905
7.54933
7.16449
6.50659
5.62113
4.55375
3.34844
2.04687
0.688536
1.1377
3.33149
5.29273
6.90326
8.08857
8.81821
9.09869
8.96301
8.46007
7.64597
6.57796
5.31078
3.895
2.37683
0.798834
1.40479
4.10434
6.49308
8.42052
9.8005
10.6083
10.8673
10.6317
9.97167
8.96163
7.67307
6.17096
4.51263
2.74833
0.922786
1.74828
5.09301
8.01374
10.3179
11.9097
12.7795
12.9792
12.595
11.7263
10.4706
8.91642
7.13959
5.20382
3.16236
1.06064
2.19718
6.3761
9.96253
12.7099
14.5202
15.4161
15.4965
14.8948
13.7495
12.1869
10.3143
8.21854
5.96839
3.6182
1.21206
2.79568
8.07062
12.4939
15.7527
17.7656
18.6188
18.4873
17.5721
16.0624
14.1185
11.8671
9.40465
6.80238
4.11289
1.37597
3.6139
10.3565
15.8339
19.6607
21.8163
22.5053
22.0223
20.6621
18.6768
16.2634
13.5664
10.6878
7.69691
4.64049
1.55029
4.76904
13.5211
20.3199
24.7291
26.8852
27.2057
26.1664
24.186
21.5884
18.6051
15.3919
12.0488
8.6369
5.19152
1.73179
6.47001
18.0419
26.4654
31.362
33.2287
32.8503
30.9639
28.1383
24.7679
21.1064
17.3074
13.4574
9.60012
5.75248
1.91598
9.12104
24.7491
35.0599
40.099
41.1311
39.542
36.4134
32.469
28.1493
23.703
19.2582
14.8712
10.5566
6.30566
2.09699
13.5873
35.1486
47.3151
51.6184
50.8536
47.3026
42.4293
37.0601
31.6186
26.2984
21.1687
16.2345
11.4688
6.82946
2.26778
21.9518
52.072
65.0306
66.6572
62.5104
55.9812
48.7894
41.7011
35.0036
28.7615
22.9435
17.4807
12.2931
7.29932
2.42044
39.8881
80.9128
90.6153
85.7048
75.8215
65.1196
55.0773
46.0706
38.0721
30.93
24.4713
18.5358
12.9826
7.68937
2.54668
84.7349
131.505
126.347
108.205
89.7007
73.7997
60.6457
49.7397
40.5456
32.6236
25.6359
19.3252
13.4917
7.9748
2.63867
214.789
218.156
171.096
130.957
101.771
80.5718
64.6527
52.2198
42.1356
33.6682
26.3301
19.783
13.7809
8.13465
2.68982
640.823
339.826
211.037
146.102
108.296
83.6764
66.2384
53.0685
42.6026
33.9284
26.4749
19.8624
13.8228
8.15461
2.69567
1.67323
5.0458
8.49771
12.0851
15.8687
19.9147
24.2927
29.068
34.2769
39.8626
45.5135
50.2785
51.7161
44.3208
18.0389
1.5676
4.72146
7.93128
11.2338
14.664
18.2515
22.0125
25.9338
29.939
33.8234
37.1336
38.9717
37.7675
31.3802
18.9723
1.44328
4.34115
7.27207
10.2548
13.302
16.4145
19.5719
22.7156
25.7218
28.358
30.2256
30.7071
29.0017
24.4599
17.5634
1.30765
3.92775
6.56097
9.21132
11.8746
14.5327
17.1448
19.635
21.8744
23.6612
24.7034
24.6296
23.0727
19.8943
15.5431
1.1672
3.50123
5.8327
8.15481
10.4524
12.6968
14.8397
16.8049
18.4798
19.7088
20.2968
20.0345
18.7655
16.5014
13.5373
1.02711
3.07725
5.11375
7.12282
9.08316
10.9622
12.7121
14.2652
15.531
16.3977
16.7405
16.4458
15.4529
13.8082
11.6986
0.891104
2.66689
4.42222
6.13951
7.79514
9.35684
10.7813
12.0125
12.9815
13.6106
13.822
13.5556
12.7925
11.5801
10.0399
0.761522
2.27697
3.7687
5.21785
6.601
7.88858
9.04367
10.0217
10.7719
11.2411
11.3815
11.1621
10.5817
9.68008
8.53893
0.639537
1.91076
3.15777
4.36217
5.50241
6.55278
7.483
8.25869
8.84299
9.20013
9.30088
9.12971
8.69215
8.0196
7.16839
0.525398
1.56877
2.58942
3.57066
4.49369
5.33708
6.07683
6.68695
7.14113
7.4154
7.49194
7.3635
7.03738
6.53758
5.90351
0.418676
1.24951
2.06049
2.83737
3.56458
4.22504
4.80026
5.27112
5.6191
5.82829
5.88786
5.79482
5.55614
5.18966
4.723
0.31847
0.950108
1.56564
2.15374
2.70225
3.19822
3.62807
3.97817
4.23586
4.39074
4.43635
4.37172
4.20262
3.94183
3.60837
0.223566
0.666803
1.09824
1.50968
1.89246
2.23753
2.53562
2.77765
2.95542
3.06246
3.09505
3.05308
2.94076
2.76666
2.54317
0.132555
0.395292
0.65085
0.894267
1.12038
1.32383
1.49923
1.64138
1.7457
1.80865
1.8283
1.8048
1.74069
1.64088
1.51238
-1000.25
-1000.84
-1001.69
-1002.98
-1004.86
-1007.49
-1011
-1015.52
-1021.13
-1027.9
-1035.89
-1045.09
-1055.49
-1067.05
-1079.71
-3.80178
24.9218
-21.1607
4.43606
-20.1176
-0.838444
-17.2428
-3.76344
8.78483
-5.54108
8.7643
-5.91172
9.2341
-7.04256
9.16059
-13.7907
1.73351
-12.5542
0.644043
-10.546
0.733713
-8.60085
0.378454
9.32905
0.0717505
11.2064
0.292603
13.2086
-0.609153
14.4818
-7.78359
7.83336
-7.9195
6.34631
-7.06183
5.84197
-6.01571
4.68742
15.6343
3.57284
17.7958
2.94505
20.0651
0.462297
21.0646
-11.1215
10.5668
-12.8716
7.13835
-13.2906
4.91214
-13.6408
1.38526
16.8078
-2.66507
17.587
-6.50577
17.6555
-13.0908
15.278
-31.7066
-2.89706
-35.8887
-10.5205
-38.6148
-16.6757
-41.7218
-24.7946
-7.94702
-33.9455
-12.3988
-43.2202
-18.4653
-56.262
-28.2147
-82.8736
-55.3877
-97.3196
-74.0743
-116.146
-96.9661
-149.858
-139.589
-130.832
-248.025
-260.36
-300.274
-376.257
-519.329
-813.263
9.74552
9.33687
-1.08854
-0.857486
-5.74363
-3.92157
-5.82621
-2.43212
0.984918
-0.291028
1.77738
-0.155612
1.61949
-0.972084
0.265202
-3.94022
-2.68543
-4.80959
-3.01146
-4.15232
-2.12372
-2.45584
0.407057
3.27085
2.95901
4.98964
3.91792
5.7237
3.71658
4.97965
0.933369
2.15162
-0.320726
1.42573
-0.209245
1.86117
1.10414
4.3213
7.58741
6.87154
9.17284
7.3649
9.37636
6.10468
7.33143
1.01506
2.14918
-2.07095
-0.223739
-3.36093
-1.1013
-3.08821
0.796394
4.6828
2.46904
4.74051
0.674416
2.34843
-3.8805
-3.42097
-13.6814
-13.4199
-20.4504
-19.3503
-24.8878
-23.5211
-27.7007
-24.7009
-21.9088
-26.7923
-26.4739
-33.8075
-34.7062
-44.8049
-47.6782
-62.645
-66.7767
-79.8678
-84.9287
-99.4799
-107.521
-126.516
-137.432
-153.94
-194.588
-220.668
-248.354
-279.671
-302.107
-257.627
11.8026
8.17616
3.6385
1.21785
-1.0293
-1.63817
-2.03966
-1.13382
-0.0571152
0.143135
0.552429
0.260801
0.292843
-0.415212
-0.792753
-1.95247
-2.2387
-2.71306
-2.43486
-2.32262
-1.58179
-0.911728
0.43428
1.78543
2.47295
3.24007
3.39948
3.72922
3.33308
3.12272
2.06926
1.78418
1.20283
1.37425
1.30743
1.95171
2.50102
3.88447
5.27435
5.82529
6.46689
6.28458
6.29505
5.26907
4.46008
2.42269
1.44146
-0.00748353
-0.408483
-1.20279
-0.999915
-0.990779
0.204734
1.34186
1.14418
1.01988
-0.411349
-1.5786
-4.30178
-6.68333
-10.8078
-13.4425
-16.72
-18.622
-21.103
-22.3795
-24.0181
-24.3079
-24.8179
-27.1298
-29.5301
-33.661
-37.699
-43.7524
-49.7267
-58.0187
-65.2639
-73.9788
-82.117
-92.1877
-102.303
-114.809
-127.222
-142.286
-162.127
-178.664
-191.203
-195.872
-181.244
-124.873
11.541
8.32832
5.31775
3.04409
1.32664
0.347315
-0.134944
-0.080864
0.163662
0.276976
0.337522
0.211848
0.0326728
-0.333536
-0.723604
-1.22178
-1.52025
-1.69945
-1.61848
-1.39729
-0.937143
-0.340198
0.454873
1.25638
1.87304
2.36637
2.63653
2.78078
2.68283
2.48064
2.09947
1.8442
1.64319
1.66667
1.80095
2.17986
2.69755
3.43922
4.17019
4.64932
4.94821
4.92752
4.70707
4.12189
3.35856
2.31037
1.40822
0.547914
-0.0258684
-0.479596
-0.618524
-0.600706
-0.301825
-0.0759054
-0.285303
-0.817663
-1.87615
-3.26394
-5.21383
-7.43468
-10.0783
-12.538
-14.969
-17.0588
-19.0513
-20.7152
-22.2763
-23.5966
-25.1307
-27.3385
-30.0928
-33.6467
-37.788
-42.8121
-48.4362
-54.8982
-61.633
-68.9185
-76.5208
-84.8297
-93.6396
-103.232
-113.193
-123.749
-134.422
-142.414
-145.383
-139.858
-120.488
-81.907
10.6665
8.18936
5.93573
4.0693
2.61957
1.6169
0.997317
0.697707
0.573229
0.486629
0.390588
0.239738
0.0416267
-0.217717
-0.499004
-0.778871
-0.973786
-1.06071
-1.00427
-0.816311
-0.489764
-0.0542523
0.465898
0.993205
1.4504
1.8137
2.05453
2.18076
2.18231
2.09594
1.94803
1.82568
1.75993
1.79915
1.94183
2.20773
2.57114
3.00896
3.42822
3.73248
3.88926
3.85764
3.64386
3.23076
2.66678
1.9873
1.31426
0.690267
0.183418
-0.210169
-0.463304
-0.615822
-0.703783
-0.86728
-1.25019
-1.89806
-2.86719
-4.14034
-5.73611
-7.57775
-9.61389
-11.6752
-13.7097
-15.636
-17.4729
-19.1995
-20.8815
-22.5775
-24.474
-26.7604
-29.5042
-32.7868
-36.6061
-41.0081
-45.9392
-51.385
-57.2094
-63.402
-69.907
-76.7502
-83.8496
-91.1243
-98.3055
-105.047
-110.575
-113.396
-111.795
-103.781
-87.396
-62.1036
9.60029
7.72799
5.99561
4.49388
3.2682
2.33428
1.66826
1.22351
0.927646
0.70925
0.52192
0.335006
0.13805
-0.0710194
-0.277184
-0.459042
-0.583589
-0.629171
-0.580212
-0.435681
-0.200086
0.109007
0.465791
0.83014
1.16212
1.43649
1.63664
1.75935
1.80746
1.79891
1.7588
1.72469
1.72454
1.78164
1.90427
2.0942
2.33655
2.60439
2.8508
3.02693
3.10051
3.04896
2.86654
2.55576
2.14017
1.65378
1.14852
0.662762
0.228439
-0.144161
-0.454147
-0.725085
-0.998166
-1.34391
-1.83476
-2.51708
-3.42169
-4.55344
-5.90559
-7.44201
-9.11449
-10.8524
-12.6075
-14.3433
-16.0545
-17.7493
-19.4677
-21.2711
-23.2569
-25.5246
-28.1411
-31.1553
-34.5865
-38.443
-42.702
-47.3278
-52.2564
-57.4366
-62.8073
-68.3026
-73.8082
-79.1524
-84.0526
-88.092
-90.6261
-90.7472
-87.4418
-79.7555
-67.1302
-50.0323
8.48391
7.06574
5.72398
4.52163
3.4974
2.66662
2.0213
1.53568
1.17127
0.88791
0.653438
0.445526
0.252718
0.0723066
-0.0895439
-0.220911
-0.306266
-0.332927
-0.29293
-0.185329
-0.0153842
0.204454
0.455659
0.714556
0.957663
1.16703
1.33117
1.44623
1.51509
1.54825
1.56182
1.57573
1.60762
1.6707
1.77073
1.90615
2.0662
2.23163
2.37555
2.47002
2.49296
2.42972
2.2751
2.0327
1.71657
1.3485
0.955766
0.562295
0.185693
-0.167184
-0.500063
-0.830094
-1.18673
-1.61037
-2.14239
-2.81475
-3.64784
-4.64785
-5.80842
-7.109
-8.51942
-10.0035
-11.5317
-13.0845
-14.6582
-16.2638
-17.9298
-19.7003
-21.6326
-23.7849
-26.2038
-28.9214
-31.9526
-35.2968
-38.935
-42.8327
-46.9393
-51.1951
-55.5264
-59.8381
-63.9973
-67.8177
-71.0376
-73.303
-74.151
-73.0311
-69.3962
-62.8411
-53.3039
-41.308
7.37332
6.29402
5.25221
4.29353
3.44867
2.73255
2.14508
1.67398
1.29889
0.996878
0.747429
0.535032
0.350283
0.189663
0.0549681
-0.0482564
-0.112674
-0.131881
-0.102204
-0.0239566
0.0982701
0.255536
0.435253
0.622518
0.802609
0.9635
1.0972
1.2005
1.27495
1.32667
1.36519
1.40174
1.44667
1.50745
1.5871
1.68352
1.789
1.89076
1.97241
2.01704
2.01044
1.94302
1.81102
1.61681
1.36873
1.07976
0.765101
0.438576
0.10983
-0.217944
-0.549002
-0.895705
-1.27769
-1.71967
-2.24677
-2.87979
-3.63244
-4.50982
-5.5084
-6.61655
-7.81693
-9.08997
-10.419
-11.7941
-13.2145
-14.6898
-16.2402
-17.895
-19.6898
-21.6599
-23.8349
-26.2345
-28.8665
-31.7257
-34.7929
-38.0351
-41.4055
-44.8435
-48.2718
-51.5914
-54.6725
-57.3459
-59.3951
-60.5529
-60.5081
-58.9351
-55.5547
-50.2199
-43.0176
-34.353
6.29106
5.46834
4.66078
3.9016
3.2146
2.61329
2.10132
1.67409
1.32133
1.03019
0.788105
0.584762
0.413138
0.269724
0.154199
0.0685516
0.0158486
-0.00119454
0.0186084
0.0741075
0.161484
0.274297
0.403984
0.540808
0.6752
0.799117
0.906997
0.996289
1.06754
1.1241
1.17137
1.21569
1.26288
1.31698
1.3793
1.44782
1.51712
1.5788
1.62255
1.6378
1.61546
1.54926
1.43651
1.27843
1.07977
0.847963
0.591505
0.318037
0.032551
-0.263994
-0.575428
-0.910521
-1.28228
-1.70638
-2.19864
-2.77257
-3.43743
-4.19723
-5.05057
-5.99125
-7.00976
-8.09563
-9.24008
-10.4384
-11.6917
-13.0076
-14.4001
-15.8882
-17.4943
-19.2398
-21.1424
-23.2128
-25.453
-27.8547
-30.3984
-33.0528
-35.7741
-38.5053
-41.1736
-43.6879
-45.9341
-47.7724
-49.0358
-49.5338
-49.065
-47.4412
-44.5271
-40.2878
-34.8368
-28.4623
5.24477
4.62056
3.99942
3.40546
2.85684
2.36509
1.93522
1.56664
1.25471
0.99252
0.77264
0.588457
0.434998
0.309244
0.21002
0.137524
0.0926176
0.0760221
0.0875983
0.125839
0.187632
0.26831
0.361981
0.462131
0.562395
0.65734
0.743065
0.817559
0.880765
0.934365
0.981283
1.02498
1.06858
1.11415
1.16201
1.21044
1.25565
1.29208
1.31314
1.31208
1.28305
1.2219
1.12668
0.99784
0.837932
0.651035
0.441772
0.214167
-0.0294427
-0.289248
-0.568434
-0.873188
-1.21219
-1.59558
-2.03359
-2.53508
-3.10637
-3.75061
-4.46767
-5.25452
-6.10629
-7.01759
-7.98416
-9.00422
-10.0795
-11.2159
-12.4227
-13.7124
-15.0985
-16.5941
-18.2088
-19.9473
-21.8076
-23.7799
-25.8451
-27.9746
-30.1291
-32.258
-34.2979
-36.1709
-37.7837
-39.0274
-39.7788
-39.9072
-39.285
-37.8056
-35.4077
-32.1006
-27.986
-23.2638
4.23474
3.76811
3.29867
2.84374
2.41691
2.0275
1.68054
1.37731
1.11614
0.893587
0.705423
0.547551
0.416594
0.310183
0.226966
0.166369
0.128214
0.112258
0.11777
0.143224
0.186149
0.243164
0.310193
0.382825
0.456778
0.528356
0.594813
0.654585
0.707319
0.753738
0.795319
0.833854
0.870933
0.907473
0.943339
0.977141
1.00624
1.02695
1.035
1.02605
0.996301
0.942987
0.864678
0.761373
0.634336
0.485689
0.317822
0.132709
-0.0687517
-0.287238
-0.525271
-0.787193
-1.07881
-1.40679
-1.77781
-2.19773
-2.67092
-3.19983
-3.78492
-4.425
-5.11775
-5.86066
-6.65188
-7.49111
-8.38018
-9.32326
-10.3266
-11.3982
-12.546
-13.7775
-15.0974
-16.5069
-18.0018
-19.5718
-21.1999
-22.861
-24.5217
-26.1397
-27.6629
-29.029
-30.1656
-30.9916
-31.4196
-31.3621
-30.7396
-29.493
-27.5976
-25.0765
-22.01
-18.5356
3.25735
2.91961
2.57692
2.24144
1.92297
1.62865
1.3628
1.12726
0.921841
0.744998
0.594447
0.467745
0.362695
0.277574
0.211181
0.162738
0.131681
0.117412
0.119056
0.135278
0.164199
0.203419
0.250149
0.301427
0.354391
0.406546
0.455989
0.501539
0.542758
0.579863
0.613527
0.644607
0.673837
0.701543
0.727415
0.750391
0.768662
0.779818
0.781098
0.769725
0.743246
0.699822
0.638414
0.558828
0.461603
0.347761
0.21845
0.074532
-0.0838041
-0.257339
-0.447972
-0.65869
-0.89335
-1.15629
-1.45187
-1.78395
-2.15551
-2.56839
-3.02328
-3.51988
-4.05726
-4.63441
-5.25072
-5.9065
-6.6033
-7.34404
-8.13277
-8.97425
-9.87327
-10.8337
-11.8575
-12.9437
-14.0878
-15.2805
-16.5073
-17.748
-18.976
-20.1581
-21.2543
-22.2177
-22.9951
-23.5291
-23.7599
-23.6307
-23.093
-22.1149
-20.6885
-18.8378
-16.6215
-14.1323
2.30678
2.07815
1.84474
1.61455
1.39422
1.18873
1.00134
0.833752
0.686321
0.558469
0.449045
0.356672
0.280007
0.2179
0.16945
0.133966
0.110865
0.0995424
0.0992352
0.108926
0.127296
0.152736
0.183429
0.217471
0.253032
0.288503
0.322629
0.354583
0.383972
0.410792
0.4353
0.457864
0.478776
0.498091
0.515498
0.530247
0.541164
0.546734
0.545244
0.534979
0.514412
0.482372
0.438146
0.3815
0.312612
0.231922
0.139924
0.0369287
-0.0771593
-0.203008
-0.341938
-0.4959
-0.667343
-0.858989
-1.07356
-1.31351
-1.58077
-1.87664
-2.20176
-2.5562
-2.9397
-3.35195
-3.79289
-4.26297
-4.76334
-5.29588
-5.86307
-6.46767
-7.11228
-7.79877
-8.52765
-9.29743
-10.104
-10.9401
-11.7949
-12.6534
-13.4965
-14.3004
-15.0371
-15.6741
-16.1755
-16.5031
-16.6188
-16.4875
-16.0809
-15.3822
-14.3908
-13.1255
-11.6261
-9.95181
1.376
1.24364
1.10795
0.973505
0.844126
0.722762
0.611426
0.511255
0.422648
0.345447
0.279135
0.223025
0.176399
0.138604
0.109092
0.0874047
0.0731328
0.065852
0.0650585
0.07012
0.0802529
0.094531
0.111925
0.13137
0.151841
0.172436
0.192439
0.211356
0.228926
0.245086
0.259912
0.273536
0.28605
0.297426
0.307443
0.315657
0.321406
0.323854
0.322065
0.315105
0.302138
0.282511
0.255804
0.221842
0.180657
0.132409
0.0772787
0.0153439
-0.0535332
-0.129791
-0.214207
-0.307887
-0.412188
-0.528611
-0.658656
-0.803678
-0.964775
-1.14272
-1.33794
-1.5506
-1.78067
-2.02811
-2.29302
-2.57574
-2.87696
-3.19775
-3.53941
-3.90337
-4.29087
-4.70271
-5.13885
-5.59805
-6.07755
-6.57273
-7.07686
-7.58085
-8.07312
-8.53952
-8.96336
-9.3257
-9.60582
-9.78212
-9.83339
-9.74061
-9.48914
-9.07108
-8.48754
-7.7503
-6.88228
-5.91655
-1092.23
-1104.25
-1116.84
-1129.93
-1143.47
-1157.4
-1171.65
-1186.18
-1200.94
-1215.89
-1230.99
-1246.21
-1261.53
-1276.92
-1292.36
-1307.85
-1323.37
-1338.92
-1354.49
-1370.08
-1385.69
-1401.33
-1417.01
-1432.73
-1448.5
-1464.33
-1480.24
-1496.22
-1512.29
-1528.46
-1544.73
-1561.11
-1577.61
-1594.23
-1610.98
-1627.87
-1644.88
-1662.04
-1679.34
-1696.77
-1714.34
-1732.04
-1749.86
-1767.79
-1785.81
-1803.9
-1822.04
-1840.21
-1858.38
-1876.5
-1894.56
-1912.51
-1930.3
-1947.89
-1965.23
-1982.24
-1998.88
-2015.06
-2030.7
-2045.7
-2059.98
-2073.43
-2085.92
-2097.34
-2107.56
-2116.43
-2123.81
-2129.55
-2133.46
-2135.38
-2135.11
-2132.45
-2127.19
-2119.1
-2107.96
-2093.52
-2075.57
-2053.86
-2028.18
-1998.33
-1964.14
-1925.49
-1882.28
-1834.49
-1782.16
-1725.41
-1664.43
-1599.5
-1530.95
-1459.2
585.179
312.947
198.259
139.315
104.232
81.0108
64.3804
51.7234
41.6081
33.1875
25.9269
19.468
13.5565
8.00067
2.64529
114.339
157.896
137.227
111.019
89.2093
72.1597
58.7521
47.9461
38.9801
31.3219
24.5978
18.5381
12.9415
7.64966
2.53114
5.72261
67.0705
81.7329
78.3244
69.4255
59.6661
50.5217
42.3283
35.044
28.5221
22.6039
17.1451
12.0215
7.12529
2.36072
-21.7742
22.9294
44.309
51.1192
50.5018
46.557
41.3399
35.8011
30.3451
25.1186
20.1502
15.4169
10.8741
6.46917
2.14718
-28.3748
2.1124
21.4543
31.3415
34.9052
34.7197
32.4794
29.1908
25.4166
21.4566
17.4613
13.4981
9.58873
5.73006
1.90597
-28.6674
-7.55917
8.05433
17.8868
23.0576
24.9367
24.6669
23.0658
20.6735
17.8297
14.7402
11.5254
8.25255
4.95634
1.65261
-26.7607
-11.7359
0.435284
9.09375
14.5012
17.3026
18.1855
17.7319
16.3819
14.4483
12.1442
9.61072
6.93967
4.19009
1.40073
-24.0086
-13.0589
-3.67116
3.55153
8.55072
11.5867
13.0406
13.294
12.6738
11.4374
9.77744
7.83357
5.70527
3.46361
1.16094
-20.9217
-12.8198
-5.61269
0.232682
4.56331
7.4527
9.09609
9.72964
9.58169
8.8499
7.69457
6.24078
4.5842
2.79812
0.940348
-17.7105
-11.6861
-6.19257
-1.57156
2.01702
4.56457
6.16129
6.94665
7.07337
6.68586
5.91009
4.85071
3.59258
2.2043
0.742658
-14.4655
-10.0217
-5.90006
-2.34347
0.511665
2.62716
4.03775
4.82222
5.07917
4.91002
4.40914
3.65934
2.73108
1.68381
0.56862
-11.2241
-8.03502
-5.04254
-2.41397
-0.254078
1.39465
2.54029
3.22529
3.51104
3.46589
3.15708
2.64642
1.98856
1.23125
0.416646
-7.99918
-5.85183
-3.8211
-2.01579
-0.50869
0.665191
1.50344
2.02755
2.27379
2.28538
2.10685
1.78066
1.34549
0.835976
0.283364
-4.79147
-3.55202
-2.37426
-1.31942
-0.430098
0.271345
0.78069
1.10767
1.27117
1.29494
1.20427
1.02387
0.776726
0.483784
0.164179
-1377.25
-1284.64
-1189.65
-1093.09
-995.656
-897.947
-800.433
-703.453
-607.224
-511.853
-417.354
-323.664
-230.661
-138.18
-46.0234
)
;

boundaryField
{
    hot
    {
        type            calculated;
        value           nonuniform List<scalar> 
120
(
994.146
-0.173749
-0.291729
-0.412661
-0.537189
-0.665383
-0.796528
-0.928956
-1.05988
-1.18534
-1.30032
-1.39903
-1.47555
-1.52459
-1.5424
-1.53123
-1.49667
-1.44192
-1.36994
-1.28442
-1.18936
-1.08874
-0.986181
-0.884799
-0.787065
-0.694802
-0.609227
-0.531029
-0.460472
-0.397489
-0.341778
-0.292881
-0.250248
-0.213283
-0.181386
-0.153971
-0.13049
-0.110436
-0.093348
-0.0788174
-0.066481
-0.0560206
-0.0471593
-0.039657
-0.0333068
-0.0279308
-0.0233764
-0.0195128
-0.0162283
-0.0134269
-0.0110263
-0.00895572
-0.00715357
-0.00556618
-0.00414609
-0.00285073
-0.00164117
-0.000481005
0.000664714
0.00183052
0.00305155
0.00436458
0.00580909
0.00742845
0.00927115
0.0113922
0.0138548
0.0167319
0.0201084
0.0240832
0.0287723
0.0343111
0.0408581
0.0485988
0.0577493
0.0685611
0.0813257
0.0963795
0.114108
0.134951
0.159404
0.188021
0.221411
0.260231
0.305177
0.35696
0.416272
0.483744
0.559883
0.644988
0.739059
0.841679
0.951895
1.0681
1.18797
1.30837
1.42546
1.53481
1.63165
1.71133
1.76968
1.80356
1.81116
1.79231
1.74838
1.67323
1.5676
1.44328
1.30765
1.1672
1.02711
0.891104
0.761522
0.639537
0.525398
0.418676
0.31847
0.223566
0.132555
-1000.25
)
;
    }
    cold
    {
        type            calculated;
        value           nonuniform List<scalar> 
120
(
4.25542
-0.0429236
-0.0711067
-0.0986049
-0.125076
-0.150118
-0.173263
-0.193988
-0.21173
-0.225927
-0.236067
-0.241755
-0.242776
-0.239152
-0.231172
-0.220631
-0.208633
-0.194964
-0.180153
-0.164721
-0.149142
-0.133827
-0.119105
-0.105223
-0.0923461
-0.0805701
-0.0699318
-0.0604217
-0.0519967
-0.0445906
-0.0381231
-0.0325072
-0.0276541
-0.0234769
-0.0198937
-0.0168285
-0.014212
-0.0119824
-0.0100844
-0.00846949
-0.00709525
-0.00592461
-0.00492541
-0.00406973
-0.00333331
-0.00269503
-0.00213639
-0.00164105
-0.00119443
-0.0007833
-0.0003954
-1.91255e-05
0.000356823
0.000743764
0.00115337
0.00159801
0.00209113
0.00264764
0.00328435
0.00402051
0.00487835
0.00588375
0.00706704
0.00846382
0.0101161
0.0120735
0.0143945
0.0171486
0.0204177
0.0242989
0.0289069
0.0343772
0.0408697
0.0485729
0.0577085
0.0685369
0.081363
0.0965428
0.114491
0.135686
0.160683
0.190112
0.224694
0.265235
0.312631
0.367864
0.431982
0.506079
0.591251
0.688536
0.798834
0.922786
1.06064
1.21206
1.37597
1.55029
1.73179
1.91598
2.09699
2.26778
2.42044
2.54668
2.63867
2.68982
2.69567
2.64529
2.53114
2.36072
2.14718
1.90597
1.65261
1.40073
1.16094
0.940348
0.742658
0.56862
0.416646
0.283364
0.164179
-46.0234
)
;
    }
    interface_left
    {
        type            calculated;
        value           nonuniform List<scalar> 
90
(
-257.121
-87.5751
-35.3411
-17.0738
-9.63009
-6.08506
-4.15288
-2.98473
-2.22325
-1.69911
-1.32355
-1.04614
-0.836326
-0.67463
-0.548131
-0.44795
-0.367816
-0.30319
-0.250714
-0.207864
-0.172709
-0.143754
-0.119826
-0.0999972
-0.0835261
-0.0698158
-0.0583825
-0.0488321
-0.0408419
-0.034146
-0.0285252
-0.0237973
-0.0198109
-0.0164393
-0.0135762
-0.0111318
-0.00903005
-0.00720568
-0.00560234
-0.00417064
-0.00286661
-0.00165029
-0.000484461
0.000666507
0.00183778
0.00306514
0.00438614
0.0058412
0.00747496
0.00933766
0.0114867
0.0139886
0.0169211
0.0203757
0.0244607
0.0293053
0.0350636
0.0419206
0.0500988
0.059867
0.071551
0.0855473
0.10234
0.122526
0.146839
0.176195
0.211743
0.254934
0.307624
0.372215
0.451857
0.550748
0.674588
0.831278
1.03205
1.29333
1.64
2.11133
2.77263
3.73974
5.23576
7.73656
12.3849
22.2896
46.9483
118.303
351.889
351.377
115.982
38.9136
)
;
    }
    interface_right
    {
        type            calculated;
        value           nonuniform List<scalar> 
90
(
-12.8985
-4.83988
-2.20308
-1.19918
-0.746606
-0.508231
-0.366393
-0.274314
-0.210799
-0.165062
-0.131076
-0.105213
-0.0851672
-0.0694015
-0.0568568
-0.0467803
-0.0386234
-0.0319783
-0.0265358
-0.0220583
-0.0183607
-0.0152968
-0.0127505
-0.0106283
-0.00885474
-0.0073681
-0.00611786
-0.00506229
-0.00416667
-0.00340196
-0.00274362
-0.00217076
-0.00166534
-0.00121156
-0.00079531
-0.000403739
-2.4794e-05
0.000353144
0.000741634
0.00115253
0.00159837
0.00209273
0.00265066
0.00328916
0.00402769
0.00488876
0.00589865
0.0070882
0.0084938
0.0101585
0.0121334
0.0144791
0.017268
0.0205864
0.0245371
0.0292431
0.0348518
0.0415398
0.0495188
0.0590439
0.0704223
0.0840248
0.100301
0.119797
0.143178
0.171261
0.20505
0.24579
0.295033
0.354731
0.42736
0.516097
0.625068
0.759704
0.927276
1.1377
1.40479
1.74828
2.19718
2.79568
3.6139
4.76904
6.47001
9.12104
13.5873
21.9518
39.8881
84.7349
214.789
640.823
)
;
    }
    interface_top
    {
        type            calculated;
        value           nonuniform List<scalar> 
90
(
-15.3943
39.2213
-37.7004
10.6711
-31.2909
3.3396
-26.0735
-4.39233
15.5287
-10.3987
14.735
-11.2126
15.7533
-12.5926
17.0357
-22.1242
6.19937
-18.8331
4.42171
-15.6837
3.75943
-13.5899
0.365011
14.265
-2.95396
16.2166
-3.42715
19.2914
-4.95605
22.5473
-15.4552
13.104
-14.327
11.0345
-12.7629
9.7447
-11.9584
4.84164
22.0493
-0.116393
24.6206
-1.80792
28.6414
-5.37741
32.6295
-21.8891
18.2873
-22.0343
14.0894
-21.5812
10.7738
-22.4519
1.66143
26.5172
-8.28698
27.8731
-13.926
30.1436
-22.1718
31.31
-47.3519
7.15002
-48.6568
-1.76832
-49.7567
-9.56297
-53.0892
-24.7715
3.5817
-41.1243
-0.746431
-52.2854
-4.77964
-66.9184
-11.058
-99.985
-44.0588
-111.317
-62.864
-128.98
-85.1003
-167.064
-138.076
-104.919
-283.778
-278.019
-321.342
-423.221
-655.583
-1266.46
)
;
    }
    interface_bottom
    {
        type            calculated;
        value           nonuniform List<scalar> 
90
(
277.875
106.687
78.1493
34.2459
45.6571
22.3551
33.5291
20.6175
9.87328
20.5644
9.4259
19.0434
9.17898
18.1206
9.52348
19.1348
12.9525
16.6675
13.6848
14.415
13.8746
12.2545
13.1381
14.9574
11.8962
16.1926
10.5513
17.5837
8.55284
18.8617
2.97373
14.9012
2.30226
13.9815
1.88203
13.2965
0.926383
10.128
20.0967
6.27518
21.5054
4.00059
23.2228
0.717469
24.3321
-8.84167
15.4767
-7.70741
13.9879
-6.69805
13.1135
-6.99443
8.24928
24.2569
2.44843
25.9592
-0.534794
28.1436
-4.80723
29.5015
-17.919
16.8054
-15.8466
14.7057
-14.2082
13.352
-14.4429
6.52719
28.3977
-1.39474
30.6064
-5.3583
33.913
-11.2748
36.8848
-32.142
18.0949
-32.6177
12.7262
-34.1323
7.36961
-40.1617
-9.18956
23.1778
-41.3305
-5.30283
39.1948
-92.8328
-56.6801
-47.1096
)
;
    }
    defaultFaces
    {
        type            empty;
    }
}


// ************************************************************************* //
