/*--------------------------------*- C++ -*----------------------------------*\
| =========                 |                                                 |
| \\      /  F ield         | OpenFOAM: The Open Source CFD Toolbox           |
|  \\    /   O peration     | Version:  5.x                                   |
|   \\  /    A nd           | Web:      www.OpenFOAM.org                      |
|    \\/     M anipulation  |                                                 |
\*---------------------------------------------------------------------------*/
FoamFile
{
    version     2.0;
    format      ascii;
    class       volScalarField;
    location    "13.8";
    object      gradTy;
}
// * * * * * * * * * * * * * * * * * * * * * * * * * * * * * * * * * * * * * //

dimensions      [0 -1 0 1 0 0 0];

internalField   nonuniform List<scalar> 
6300
(
1003.93
1011.93
1020.37
1029.55
1039.74
1051.2
1064.16
1078.84
1095.38
1113.89
1134.42
1156.94
1181.33
1207.41
1234.93
-0.223037
-0.665939
-1.09902
-1.51473
-1.90403
-2.2561
-2.55812
-2.79556
-2.9529
-3.01502
-2.96925
-2.80784
-2.53061
-2.1468
-1.67554
-0.375263
-1.12085
-1.85107
-2.55393
-3.21481
-3.8158
-4.3353
-4.74822
-5.02718
-5.14473
-5.07694
-4.8081
-4.3358
-3.67496
-2.85924
-0.532414
-1.59109
-2.63049
-3.6351
-4.58547
-5.457
-6.21903
-6.83485
-7.26289
-7.45978
-7.38568
-7.01184
-6.32952
-5.358
-4.14827
-0.695717
-2.08059
-3.44468
-4.77045
-6.03493
-7.20763
-8.24892
-9.1092
-9.72967
-10.0457
-9.99409
-9.52399
-8.61236
-7.2791
-5.59648
-0.865588
-2.59089
-4.29716
-5.96708
-7.57614
-9.08965
-10.4598
-11.6233
-12.5008
-12.9994
-13.0209
-12.4776
-11.3168
-9.54959
-7.27364
-1.04133
-3.12017
-5.18597
-7.22452
-9.21283
-11.115
-12.8772
-14.4233
-15.6507
-16.4301
-16.6124
-16.0487
-14.6276
-12.3286
-9.27609
-1.22086
-3.66246
-6.10201
-8.53212
-10.9356
-13.2801
-15.5107
-17.542
-19.2486
-20.4576
-20.9497
-20.4771
-18.816
-15.8611
-11.7488
-1.40049
-4.20679
-7.02744
-9.86628
-12.7174
-15.5589
-18.3434
-20.9853
-23.3437
-25.202
-26.2515
-26.094
-24.2978
-20.5511
-14.9304
-1.5748
-4.73675
-7.93462
-11.1881
-14.5088
-17.8946
-21.3184
-24.712
-27.9388
-30.7552
-32.7599
-33.3492
-31.7302
-27.1147
-19.2614
-1.73673
-5.23077
-8.7862
-12.4424
-16.2352
-20.1921
-24.3236
-28.6052
-32.944
-37.1197
-40.6836
-42.8124
-42.1588
-36.9162
-25.6819
-1.87806
-5.66335
-9.53693
-13.5601
-17.7971
-22.3149
-27.1787
-32.4408
-38.1122
-44.0955
-50.0421
-55.0575
-57.1764
-52.7092
-36.6088
-1.9902
-6.0076
-10.138
-14.4638
-19.0783
-24.0914
-29.635
-35.8671
-42.9679
-51.1078
-60.3314
-70.1988
-78.7798
-80.1354
-59.703
-2.06534
-6.23878
-10.5436
-15.0786
-19.9608
-25.3373
-31.4026
-38.4244
-46.7841
-57.0361
-69.9764
-86.626
-107.608
-129.349
-124.558
-2.09771
-6.33849
-10.7191
-15.3461
-20.3486
-25.8942
-32.2134
-39.6434
-48.7076
-60.2756
-75.9116
-98.72
-135.676
-205.093
-364.763
1261.17
1285.57
1310.3
1335.14
1359.88
1384.31
1408.27
1431.59
1454.14
1475.79
1496.46
1516.06
1534.54
1551.85
1567.95
1582.82
1596.43
1608.78
1619.85
1629.65
1638.18
1645.45
1651.46
1656.22
1659.75
1662.07
1663.2
1663.15
1661.94
1659.6
1656.14
1651.59
1645.96
1639.28
1631.57
1622.85
1613.14
1602.45
1590.82
1578.25
1564.76
1550.39
1535.14
1519.05
1502.12
1484.39
1465.87
1446.59
1426.56
1405.79
1384.31
1362.13
1339.27
1315.74
1291.55
1266.72
1241.28
1215.23
1188.6
1161.41
1133.69
1105.45
1076.72
1047.54
1017.92
987.9
957.503
926.763
895.716
864.404
832.87
801.167
769.353
737.491
705.651
673.908
642.344
611.04
580.081
549.552
519.539
490.121
461.377
433.378
406.191
379.872
354.468
330.016
306.54
284.052
-1.18849
-0.724373
-0.257575
0.194886
0.619071
1.00492
1.34641
1.64124
1.89011
2.09587
2.26274
2.39552
2.49907
2.57792
2.63608
2.67691
2.70318
2.71712
2.72053
2.7149
2.70146
2.68128
2.65531
2.62441
2.58937
2.55095
2.50984
2.46672
2.42223
2.37697
2.33146
2.28616
2.2414
2.19736
2.15407
2.11138
2.06903
2.02668
1.98396
1.94057
1.89635
1.85134
1.80579
1.76017
1.71507
1.67117
1.62908
1.58927
1.55192
1.51692
1.48381
1.45185
1.42006
1.38742
1.35292
1.31576
1.27542
1.23174
1.18483
1.13506
1.0829
1.02875
0.972772
0.914747
0.853997
0.789356
0.719229
0.641739
0.554921
0.456961
0.346431
0.222489
0.0850179
-0.0653186
-0.227101
-0.398256
-0.576204
-0.75803
-0.940647
-1.12091
-1.29569
-1.46189
-1.61642
-1.75618
-1.87809
-1.97913
-2.05657
-2.10815
-2.13243
-2.12897
-2.01502
-1.2117
-0.406563
0.369782
1.09283
1.74553
2.31842
2.80873
3.21898
3.55525
3.8257
4.03925
4.2046
4.32965
4.42119
4.48481
4.52501
4.54535
4.54867
4.5373
4.51318
4.47803
4.43337
4.38059
4.321
4.25583
4.18624
4.11336
4.03826
3.96197
3.88541
3.8094
3.7345
3.66107
3.58912
3.5184
3.44838
3.37837
3.30764
3.23557
3.16182
3.08639
3.00975
2.93275
2.85653
2.78238
2.71152
2.64484
2.58279
2.52518
2.4712
2.41945
2.36815
2.31531
2.25909
2.19798
2.13105
2.05803
1.97927
1.8956
1.80805
1.71754
1.62459
1.52897
1.42959
1.32439
1.21051
1.08448
0.942673
0.781678
0.598799
0.392414
0.162236
-0.0905861
-0.36353
-0.652901
-0.954128
-1.2621
-1.57149
-1.87693
-2.17318
-2.45511
-2.71761
-2.95549
-3.16346
-3.33624
-3.46886
-3.55714
-3.59828
-3.59138
-2.8933
-1.70183
-0.514309
0.621202
1.66763
2.60081
3.40905
4.09125
4.65406
5.10908
5.47029
5.75205
5.96782
6.12928
6.24614
6.32608
6.37506
6.3977
6.39758
6.37765
6.34042
6.28809
6.22272
6.14619
6.06029
5.96669
5.867
5.7628
5.65561
5.54695
5.43821
5.33062
5.22512
5.12224
5.02203
4.92403
4.82734
4.73073
4.63288
4.53265
4.42932
4.32285
4.21389
4.10385
3.99466
3.88854
3.78758
3.69343
3.60693
3.5279
3.45505
3.38612
3.31813
3.2478
3.17201
3.08829
2.99517
2.89231
2.78053
2.66147
2.53718
2.40962
2.28001
2.1484
2.01333
1.87172
1.71905
1.54976
1.35786
1.13773
0.884844
0.596437
0.271907
-0.087025
-0.476443
-0.8906
-1.32246
-1.76426
-2.20811
-2.64627
-3.07138
-3.47639
-3.85431
-4.19792
-4.49956
-4.75124
-4.94504
-5.07404
-5.13337
-5.12122
-3.84421
-2.18602
-0.54692
1.00116
2.40581
3.63627
4.6815
5.54598
6.24467
6.79831
7.22955
7.56019
7.8095
7.99345
8.12455
8.21222
8.26338
8.28312
8.27535
8.24327
8.18971
8.11728
8.02847
7.92564
7.811
7.68666
7.55462
7.41688
7.27545
7.1324
6.98971
6.84921
6.71233
6.57993
6.4521
6.32814
6.20653
6.08522
5.9619
5.83452
5.70173
5.56322
5.41994
5.27406
5.12873
4.98758
4.85417
4.73134
4.62066
4.52203
4.43357
4.35174
4.2718
4.18844
4.09664
3.99244
3.87357
3.73974
3.59255
3.43511
3.27131
3.10489
2.93854
2.77304
2.6067
2.4352
2.25176
2.04779
1.8139
1.54114
1.22223
0.852664
0.431299
-0.0393886
-0.553559
-1.10265
-1.67629
-2.26334
-2.85276
-3.43424
-3.99839
-4.53655
-5.04029
-5.50064
-5.90749
-6.24945
-6.51443
-6.69117
-6.77129
-6.7513
-4.88905
-2.64273
-0.448446
1.58768
3.39489
4.93855
6.21435
7.23956
8.04426
8.66391
9.13379
9.48554
9.74543
9.93382
10.0656
10.151
10.197
10.2083
10.1883
10.14
10.0663
9.97019
9.85456
9.72224
9.57586
9.41787
9.25061
9.07642
8.89781
8.71748
8.53823
8.36275
8.19327
8.0312
7.87681
7.72903
7.5855
7.44278
7.29696
7.14439
6.98255
6.81064
6.62991
6.44369
6.25696
6.07566
5.90571
5.75195
5.61721
5.50169
5.4027
5.31483
5.23058
5.14143
5.0393
4.91788
4.7737
4.60656
4.4195
4.2181
4.00936
3.80022
3.59601
3.39903
3.20766
3.01602
2.81418
2.58906
2.32607
2.01112
1.63272
1.18362
0.661856
0.0710024
-0.580255
-1.2792
-2.01069
-2.75887
-3.50873
-4.24706
-4.96269
-5.64617
-6.28863
-6.88028
-7.40877
-7.85839
-8.21076
-8.44732
-8.55328
-8.52181
-6.04674
-3.02428
-0.121993
2.50413
4.7638
6.62696
8.1085
9.25115
10.1109
10.7457
11.2087
11.5438
11.7849
11.9563
12.074
12.1473
12.1814
12.1791
12.1425
12.0738
11.9759
11.8519
11.7054
11.5398
11.3581
11.1632
10.9573
10.7431
10.5234
10.3017
10.0821
9.86839
9.66428
9.47216
9.29272
9.12455
8.96402
8.80555
8.64245
8.46835
8.27862
8.07147
7.84851
7.61476
7.37808
7.14811
6.93464
6.74585
6.58675
6.45822
6.35649
6.27337
6.19702
6.11373
6.01033
5.87671
5.70747
5.50267
5.26768
5.01221
4.74852
4.48902
4.2436
4.01744
3.80952
3.61204
3.41057
3.18532
2.91352
2.57292
2.14542
1.61962
0.992308
0.268767
-0.537891
-1.40854
-2.32068
-3.25162
-4.18098
-5.09222
-5.973
-6.81457
-7.60987
-8.3506
-9.02338
-9.60715
-10.0737
-10.3913
-10.533
-10.485
-7.32908
-3.23259
0.602312
3.94841
6.70386
8.86515
10.491
11.6706
12.5018
13.0757
13.4683
13.7378
13.9253
14.0569
14.1468
14.2006
14.2188
14.2
14.1436
14.0506
13.9236
13.7667
13.5845
13.3811
13.1604
12.9249
12.6768
12.4183
12.1526
11.884
11.618
11.361
11.1188
10.8957
10.6932
10.5099
10.3404
10.1758
10.0046
9.8156
9.60056
9.35585
9.08346
8.79082
8.49034
8.19756
7.92881
7.69774
7.51306
7.37687
7.28423
7.22286
7.17419
7.11569
7.02558
6.88752
6.6931
6.44291
6.146
5.81881
5.48227
5.15815
4.86406
4.61018
4.39693
4.21435
4.04174
3.84914
3.60055
3.26037
2.80017
2.20226
1.46179
0.586677
-0.402936
-1.47769
-2.60316
-3.74624
-4.87891
-5.98085
-7.03941
-8.04922
-9.00936
-9.91844
-10.7658
-11.5245
-12.1506
-12.5886
-12.7854
-12.7135
-8.72454
-3.06416
2.03048
6.2431
9.4992
11.8741
13.5156
14.5916
15.263
15.6666
15.905
16.0501
16.1462
16.2175
16.2715
16.3052
16.3093
16.2751
16.1975
16.0762
15.9144
15.7182
15.4938
15.2476
14.9839
14.7048
14.4112
14.1041
13.7861
13.4624
13.1411
12.8325
12.5461
12.2894
12.0662
11.8754
11.7098
11.5555
11.3925
11.2005
10.9653
10.6802
10.3477
9.97829
9.59161
9.21254
8.86886
8.58297
8.36966
8.23297
8.1671
8.1542
8.16562
8.16331
8.10999
7.97963
7.75915
7.45053
7.06803
6.63902
6.19826
5.78417
5.42674
5.14455
4.94032
4.80243
4.70181
4.59373
4.41956
4.12077
3.65332
2.9903
2.12529
1.06957
-0.145261
-1.47366
-2.86015
-4.25569
-5.62091
-6.93178
-8.17581
-9.35521
-10.4822
-11.5749
-12.6359
-13.6324
-14.4983
-15.1329
-15.4245
-15.3157
-10.147
-2.08134
4.72842
9.91473
13.5626
15.9379
17.3535
18.0936
18.4087
18.4938
18.4749
18.4315
18.4014
18.4016
18.424
18.4512
18.4534
18.4114
18.3129
18.1585
17.9536
17.7084
17.4333
17.1379
16.828
16.504
16.1636
15.8043
15.4262
15.0358
14.6445
14.2706
13.929
13.6337
13.3909
13.2033
13.0617
12.9465
12.8207
12.6462
12.4006
12.0715
11.6636
11.1894
10.6807
10.1753
9.72449
9.36246
9.11476
8.98592
8.97256
9.04938
9.17574
9.28329
9.30428
9.20043
8.95106
8.56351
8.05605
7.47513
6.87489
6.32766
5.88016
5.56578
5.38735
5.33603
5.37182
5.43272
5.41728
5.22328
4.78737
4.06852
3.06272
1.78097
0.275351
-1.38652
-3.10461
-4.80922
-6.44156
-7.9793
-9.40556
-10.7369
-12.0044
-13.2773
-14.5989
-15.9282
-17.1792
-18.171
-18.6401
-18.4646
-11.2531
0.709405
9.76341
15.8013
19.4578
21.3828
22.1625
22.2062
21.8839
21.4691
21.0784
20.7917
20.6114
20.5516
20.5679
20.6313
20.6594
20.6269
20.5067
20.3116
20.0485
19.7399
19.4
19.0468
18.6902
18.3251
17.9409
17.5294
17.0819
16.6086
16.1207
15.6601
15.2433
14.9005
14.634
14.4631
14.3733
14.3506
14.3173
14.1923
13.9544
13.5742
13.0732
12.4484
11.763
11.0576
10.4505
9.97556
9.68695
9.57086
9.64649
9.87158
10.2113
10.5263
10.6767
10.6292
10.3404
9.84765
9.14834
8.33764
7.47375
6.72615
6.14053
5.78995
5.65002
5.74296
6.00447
6.38047
6.67096
6.67303
6.3278
5.55891
4.39651
2.81379
0.920062
-1.21925
-3.36929
-5.46754
-7.39911
-9.18796
-10.7725
-12.2111
-13.5191
-14.9101
-16.551
-18.3371
-20.2337
-21.9615
-22.7843
-22.4568
-10.6968
7.68763
19.1406
25.1169
27.8468
28.4781
28.0324
26.8468
25.4934
24.4109
23.5332
23
22.6491
22.5934
22.6452
22.8635
22.954
22.9703
22.8098
22.5643
22.2106
21.8179
21.3876
20.9623
20.5662
20.1755
19.7591
19.3084
18.7764
18.2041
17.5593
16.9884
16.4529
16.059
15.7413
15.608
15.5903
15.7716
15.9476
15.9028
15.7146
15.2527
14.6629
13.7964
12.8757
11.8004
10.9878
10.3221
10.0124
9.88135
10.1068
10.5303
11.284
12.0079
12.3357
12.4069
12.0251
11.4307
10.4025
9.27817
7.90659
6.89276
6.06384
5.71207
5.57866
5.90836
6.47341
7.4525
8.34107
8.62398
8.47936
7.61702
6.33662
4.29553
1.91945
-1.03551
-3.70753
-6.36491
-8.56125
-10.69
-12.3485
-13.8728
-14.9136
-16.1821
-18.2933
-20.5862
-23.5303
-27.0549
-28.5841
-27.8283
-2.69272
24.6475
36.4035
39.1063
39.2568
37.1234
34.9669
31.7287
28.7124
27.0574
25.4913
24.9456
24.2612
24.4801
24.4825
25.279
25.3554
25.5677
25.235
24.9724
24.4283
23.9497
23.3675
22.8355
22.4339
22.0628
21.6262
21.204
20.5285
19.9039
18.891
18.2653
17.4584
17.1073
16.5829
16.5861
16.5202
17.2002
17.8955
17.8198
17.8687
17.1152
16.651
15.2221
14.2108
12.1645
11.3138
10.1556
10.0805
9.67839
10.2818
10.7133
12.3995
14.0597
14.3639
14.837
14.0156
13.6382
11.7951
10.5746
7.82417
6.79306
5.29997
5.31974
4.84035
5.73481
6.34607
8.65482
10.8833
11.1905
11.6643
10.277
9.37206
6.25963
3.75244
-1.25919
-4.06681
-7.92606
-9.82061
-12.869
-14.1177
-16.2304
-15.9799
-16.2404
-19.7738
-21.8971
-25.991
-35.0211
-37.6739
-35.5762
40.5732
64.0488
66.7034
56.7705
53.9546
45.801
43.4579
36.2899
29.9698
29.5749
25.979
27.0897
24.5715
26.6773
25.1753
28.7303
27.5597
28.9487
27.558
27.7844
26.5506
26.2293
25.2739
24.5197
24.2563
24.043
23.4715
23.4632
22.206
22.1618
19.6639
19.802
17.8063
18.4043
16.6633
17.6627
16.3749
18.6057
20.9526
19.5561
21.177
18.5601
20.0271
16.0455
17.0355
10.8058
12.0815
8.42868
10.6184
8.02649
10.7036
9.0885
13.5516
18.0632
16.1481
19.1304
15.3656
17.9554
12.2902
14.0735
5.26503
7.35786
2.35683
5.64545
2.12298
5.96838
3.77364
9.97212
16.1913
13.5164
17.5288
12.2419
15.5856
7.35159
9.19128
-4.65714
-2.91212
-12.3168
-9.41874
-17.6398
-14.6428
-21.9915
-16.3103
-11.5857
-23.2848
-20.3705
-21.3433
-52.1707
-53.6041
-47.5452
266.204
133.431
115.128
64.1856
76.3384
46.1113
58.8967
39.6301
22.6953
36.7019
19.6897
34.4595
18.2237
34.0698
18.5866
38.9867
26.0785
36.3327
27.5527
32.6997
27.3591
29.4225
26.891
25.4976
26.0073
26.5394
24.5064
27.5214
22.1374
27.9534
16.6418
24.4116
14.4202
23.0698
12.7982
22.0336
11.1635
19.8446
29.4008
16.9478
30.5884
14.1249
31.2497
9.71046
30.2571
-1.35995
19.9468
-1.71077
18.0427
-1.21213
17.3067
-1.28822
14.6346
31.3215
10.8805
33.1402
7.56568
34.1604
2.05983
32.8252
-12.9914
18.1384
-12.5228
15.7797
-11.2035
14.9003
-10.8845
11.26
34.3072
6.2128
36.7845
1.77895
38.4714
-6.06217
37.2214
-30.5091
14.2986
-34.4229
6.9951
-38.5639
-0.269754
-46.5149
-15.2628
16.7196
-47.8387
-13.2462
26.2956
-111.647
-80.3225
-67.5521
260.399
235.994
212.938
191.161
170.577
151.09
132.593
114.977
98.13
81.9426
66.3065
51.1162
36.269
21.6648
7.20553
-2.09542
-2.02283
-1.91933
-1.79121
-1.64509
-1.48723
-1.32302
-1.15672
-0.991397
-0.829007
-0.670548
-0.516239
-0.365709
-0.218158
-0.0725028
-3.53227
-3.40564
-3.2262
-3.00532
-2.75486
-2.48578
-2.20737
-1.9268
-1.64908
-1.37732
-1.11298
-0.856205
-0.606208
-0.361494
-0.120118
-5.03123
-4.84125
-4.57448
-4.24901
-3.88321
-3.49365
-3.09387
-2.69399
-2.3008
-1.91822
-1.54782
-1.18939
-0.841419
-0.501486
-0.166591
-6.62195
-6.35357
-5.9814
-5.53297
-5.03529
-4.51169
-3.98044
-3.45446
-2.94188
-2.4469
-1.97067
-1.5121
-1.06858
-0.636436
-0.211349
-8.33986
-7.9696
-7.4645
-6.86613
-6.21321
-5.53734
-4.86169
-4.20148
-3.56534
-2.95681
-2.37582
-1.81975
-1.28436
-0.764319
-0.253714
-10.2294
-9.72034
-9.04075
-8.25375
-7.414
-6.5627
-5.72744
-4.9244
-4.16113
-3.43916
-2.75602
-2.10671
-1.48475
-0.882761
-0.292898
-12.349
-11.6414
-10.7242
-9.694
-8.62624
-7.57193
-6.5609
-5.60748
-4.71558
-3.88264
-3.10234
-2.36631
-1.66516
-0.989062
-0.328015
-14.7782
-13.7719
-12.5206
-11.1716
-9.82492
-8.53775
-7.33667
-6.22898
-5.211
-4.27342
-3.40435
-2.59099
-1.8205
-1.0803
-0.358109
-17.6272
-16.1474
-14.4145
-12.6468
-10.9639
-9.41737
-8.01896
-6.76068
-5.62597
-4.59566
-3.65059
-2.77277
-1.94554
-1.15352
-0.382223
-21.0425
-18.7758
-16.3432
-14.0368
-11.9665
-10.1487
-8.56103
-7.1687
-5.93648
-4.83258
-3.82956
-2.90391
-2.03536
-1.20598
-0.399486
-25.1814
-21.5697
-18.1456
-15.1907
-12.7163
-10.6499
-8.9076
-7.41653
-6.1186
-4.96858
-3.93109
-2.97793
-2.08598
-1.23556
-0.40922
-30.044
-24.1756
-19.4786
-15.8638
-13.058
-10.8269
-9.00282
-7.47111
-6.15273
-4.99198
-3.94824
-2.99071
-2.09504
-1.24102
-0.411052
-34.7397
-25.6098
-19.729
-15.7278
-12.825
-10.5966
-8.80559
-7.31226
-6.02915
-4.8983
-3.87912
-2.94161
-2.06242
-1.22242
-0.405014
-34.5953
-23.7943
-18.0998
-14.4932
-11.9173
-9.92872
-8.3106
-6.9431
-5.75324
-4.6929
-3.72828
-2.83413
-1.9906
-1.18122
-0.391587
-2.08928
-6.31243
-10.6731
-15.276
-20.2485
-25.7557
-32.0258
-39.3933
-48.3806
-59.8638
-75.442
-98.3498
-135.972
-207.484
-368.761
-2.04746
-6.18342
-10.4456
-14.9292
-19.7476
-25.045
-31.0134
-37.9219
-46.1631
-56.3289
-69.3199
-86.4188
-108.775
-133.054
-125.273
-1.97714
-5.96671
-10.0644
-14.3496
-18.9141
-23.868
-29.3478
-35.5248
-42.6089
-50.8317
-60.3445
-70.8355
-80.2429
-80.8888
-50.3711
-1.88229
-5.67491
-9.55275
-13.5761
-17.8101
-22.3258
-27.198
-32.4974
-38.2639
-44.4384
-50.6899
-56.0045
-57.7936
-50.3637
-24.2361
-1.76795
-5.32391
-8.94005
-12.6562
-16.5104
-20.5357
-24.7515
-29.1454
-33.6352
-37.9913
-41.6856
-43.6219
-41.7464
-32.8226
-13.6183
-1.63966
-4.93108
-8.25786
-11.6402
-15.0918
-18.6133
-22.1811
-25.7266
-29.099
-32.0034
-33.9017
-33.886
-30.5938
-22.4203
-8.57829
-1.50298
-4.51366
-7.53703
-10.5762
-13.6245
-16.6586
-19.6262
-22.4278
-24.8879
-26.7139
-27.4467
-26.425
-22.8309
-15.9542
-5.84006
-1.36299
-4.08739
-6.8052
-9.50565
-12.1671
-14.75
-17.1864
-19.3661
-21.117
-22.1835
-22.2099
-20.7503
-17.3473
-11.7364
-4.18923
-1.22411
-3.66567
-6.08537
-8.46215
-10.7642
-12.9429
-14.9249
-16.6021
-17.8213
-18.3753
-18.0049
-16.425
-13.3971
-8.86307
-3.11569
-1.08984
-3.25909
-5.39532
-7.47047
-9.44687
-11.2724
-12.8748
-14.1561
-14.9874
-15.209
-14.6397
-13.1052
-10.4926
-6.83234
-2.37823
-0.962799
-2.87544
-4.74765
-6.54731
-8.23425
-9.75669
-11.0477
-12.0224
-12.5768
-12.5918
-11.9449
-10.5339
-8.31561
-5.35284
-1.85073
-0.844753
-2.51982
-4.15034
-5.7024
-7.1358
-8.40163
-9.44027
-10.1805
-10.5407
-10.4343
-9.78057
-8.52314
-6.6556
-4.24786
-1.46164
-0.736725
-2.19514
-3.60748
-4.93984
-6.15367
-7.20428
-8.03997
-8.60235
-8.82862
-8.65688
-8.03538
-6.93604
-5.37067
-3.4057
-1.16771
-0.639134
-1.90243
-3.12014
-4.25957
-5.28486
-6.15613
-6.82942
-7.25757
-7.39285
-7.1917
-6.62198
-5.6725
-4.36322
-2.75312
-0.941425
-0.551932
-1.64138
-2.68713
-3.65853
-4.52295
-5.24544
-5.78905
-6.11612
-6.19066
-5.98241
-5.47226
-4.6588
-3.56465
-2.2405
-0.764551
-0.474735
-1.41067
-2.30572
-3.13176
-3.85958
-4.45892
-4.89903
-5.14998
-5.18481
-4.98273
-4.53313
-3.83999
-2.92576
-1.8333
-0.62458
-0.406933
-1.20834
-1.97222
-2.67319
-3.28541
-3.78295
-4.14035
-4.3339
-4.34345
-4.1549
-3.76308
-3.17469
-2.41064
-1.50681
-0.512688
-0.347782
-1.03205
-1.68241
-2.27621
-2.79087
-3.20426
-3.49541
-3.64555
-3.63963
-3.46821
-3.12951
-2.63137
-1.99256
-1.24302
-0.422496
-0.296472
-0.87931
-1.43188
-1.93418
-2.36662
-2.71045
-2.94839
-3.06556
-3.05073
-2.89767
-2.60665
-2.18571
-1.65136
-1.02851
-0.349295
-0.252177
-0.747583
-1.21624
-1.64064
-2.0039
-2.29016
-2.4852
-2.57722
-2.55779
-2.4229
-2.174
-1.81879
-1.3716
-0.853153
-0.289543
-0.214095
-0.63443
-1.03132
-1.38955
-1.69464
-1.9332
-2.09354
-2.16625
-2.14501
-2.0273
-1.81517
-1.51574
-1.14132
-0.70915
-0.240537
-0.181467
-0.537554
-0.873234
-1.17537
-1.43156
-1.63056
-1.76272
-1.82053
-1.7992
-1.69724
-1.51696
-1.26474
-0.951124
-0.590451
-0.200184
-0.153593
-0.454848
-0.738442
-0.993076
-1.20819
-1.37432
-1.48351
-1.52974
-1.50937
-1.42158
-1.2687
-1.05638
-0.793601
-0.492301
-0.166845
-0.129839
-0.384402
-0.623757
-0.838223
-1.01883
-1.15762
-1.24803
-1.28519
-1.26635
-1.1911
-1.06169
-0.883066
-0.662821
-0.410924
-0.139222
-0.109635
-0.324514
-0.526351
-0.70688
-0.858491
-0.974514
-1.0495
-1.07954
-1.06248
-0.998235
-0.888857
-0.738643
-0.554019
-0.343297
-0.11628
-0.0924788
-0.273682
-0.443739
-0.595613
-0.722865
-0.819895
-0.882194
-0.906575
-0.891391
-0.836701
-0.744376
-0.618113
-0.463336
-0.286985
-0.0971847
-0.0779296
-0.230588
-0.373751
-0.501442
-0.60822
-0.68939
-0.741209
-0.761081
-0.747725
-0.701296
-0.623459
-0.517379
-0.387631
-0.24001
-0.0812626
-0.0656026
-0.194087
-0.314504
-0.42179
-0.511356
-0.579263
-0.622405
-0.638659
-0.627021
-0.587697
-0.52215
-0.43308
-0.324335
-0.20076
-0.0679632
-0.0551645
-0.163187
-0.264373
-0.354442
-0.429528
-0.486331
-0.522269
-0.535602
-0.525538
-0.492305
-0.437174
-0.362439
-0.271337
-0.167914
-0.0568366
-0.046328
-0.137033
-0.22196
-0.297498
-0.360393
-0.407886
-0.437827
-0.448788
-0.440143
-0.412117
-0.36581
-0.303162
-0.226893
-0.140381
-0.0475123
-0.0388456
-0.114892
-0.186067
-0.249331
-0.301953
-0.341625
-0.366562
-0.375588
-0.368203
-0.344623
-0.30579
-0.253342
-0.18956
-0.117263
-0.0396844
-0.0325053
-0.0961327
-0.155665
-0.208551
-0.252504
-0.285596
-0.306344
-0.313781
-0.307506
-0.287719
-0.255221
-0.211393
-0.158139
-0.0978121
-0.0330993
-0.0271252
-0.0802167
-0.129878
-0.173974
-0.210596
-0.238138
-0.255369
-0.261494
-0.256192
-0.239641
-0.21252
-0.175986
-0.13163
-0.0814059
-0.0275458
-0.0225496
-0.0666823
-0.107954
-0.144587
-0.174992
-0.197837
-0.212104
-0.21714
-0.212687
-0.198901
-0.176354
-0.146011
-0.109194
-0.0675241
-0.0228474
-0.0186452
-0.0551341
-0.0892513
-0.119524
-0.144638
-0.163492
-0.175249
-0.179375
-0.175661
-0.164245
-0.145601
-0.120532
-0.0901287
-0.0557295
-0.0188558
-0.0152972
-0.0452324
-0.0732177
-0.0980427
-0.118629
-0.134074
-0.143693
-0.147052
-0.143984
-0.134605
-0.119309
-0.0987545
-0.0738375
-0.0456531
-0.015446
-0.0124067
-0.0366846
-0.0593783
-0.0795048
-0.0961887
-0.1087
-0.116484
-0.119191
-0.116689
-0.109075
-0.0966684
-0.0800063
-0.059815
-0.0369811
-0.0125116
-0.0098881
-0.0292368
-0.0473211
-0.0633569
-0.0766462
-0.0866075
-0.0928006
-0.0949472
-0.0929443
-0.0868701
-0.0769824
-0.0637084
-0.0476272
-0.0294446
-0.00996158
-0.00766625
-0.022667
-0.0366862
-0.0491158
-0.0594145
-0.0671314
-0.0719262
-0.073584
-0.0720259
-0.0673135
-0.0596475
-0.0493595
-0.0368984
-0.022811
-0.00771718
-0.00567475
-0.0167785
-0.0271551
-0.0363542
-0.0439751
-0.0496842
-0.0532299
-0.0544536
-0.0532975
-0.0498076
-0.044133
-0.0365193
-0.0272989
-0.016876
-0.00570926
-0.00385391
-0.0113947
-0.0184416
-0.0246884
-0.0298631
-0.0337392
-0.0361458
-0.0369755
-0.0361893
-0.0338186
-0.0299648
-0.0247947
-0.0185342
-0.0114576
-0.00387614
-0.00214903
-0.00635397
-0.0102835
-0.013767
-0.0166527
-0.0188143
-0.0201565
-0.0206195
-0.0201812
-0.0188594
-0.0167104
-0.0138274
-0.0103361
-0.00638965
-0.00216165
-0.00050879
-0.00150442
-0.00243513
-0.00326062
-0.003945
-0.0044583
-0.0047778
-0.00488907
-0.00478666
-0.00447448
-0.00396571
-0.00328227
-0.00245398
-0.00151722
-0.000513315
0.00111621
0.00330004
0.00534019
0.00714776
0.00864387
0.0097631
0.0104563
0.010693
0.0104622
0.0097739
0.0086577
0.00716222
0.00535278
0.00330859
0.00111923
0.00277494
0.00820424
0.013277
0.0177724
0.0214944
0.0242802
0.0260074
0.0265994
0.0260288
0.0243193
0.0215444
0.0178247
0.0133225
0.00823516
0.00278588
0.00451738
0.013356
0.0216146
0.0289339
0.0349949
0.0395323
0.0423467
0.0433129
0.0423862
0.0396044
0.0350871
0.0290303
0.0216985
0.013413
0.00453754
0.00639599
0.0189105
0.0306043
0.040969
0.0495531
0.0559808
0.0599692
0.0613407
0.0600314
0.0560944
0.0496985
0.0411212
0.0307367
0.0190004
0.0064278
0.00846726
0.0250348
0.0405167
0.0542405
0.0656083
0.0741227
0.0794085
0.0812297
0.0795009
0.0742916
0.0658245
0.0544666
0.0407136
0.0251684
0.00851453
0.0107933
0.0319127
0.0516497
0.0691477
0.0836447
0.0945061
0.101253
0.103583
0.101387
0.0947506
0.0839575
0.0694749
0.0519346
0.0321061
0.0108617
0.0134439
0.0397504
0.0643373
0.0861385
0.104205
0.117746
0.126164
0.12908
0.126355
0.118096
0.104652
0.086606
0.0647444
0.0400267
0.0135416
0.016498
0.0487819
0.0789589
0.105722
0.127907
0.144543
0.154894
0.158494
0.155166
0.14504
0.128542
0.106386
0.0795371
0.0491744
0.0166368
0.0200466
0.0592762
0.0959506
0.128484
0.155462
0.175704
0.188313
0.192716
0.188697
0.176407
0.156362
0.129424
0.0967694
0.0598319
0.0202432
0.0241947
0.0715444
0.115817
0.155103
0.187694
0.212165
0.227427
0.232786
0.227971
0.213158
0.188966
0.156432
0.116975
0.0723301
0.0244726
0.0290647
0.0859487
0.139147
0.186368
0.225565
0.255019
0.273418
0.279918
0.274186
0.256422
0.227361
0.188247
0.140783
0.0870588
0.0294573
0.0347992
0.102912
0.166627
0.223206
0.270199
0.305547
0.32767
0.335544
0.328755
0.307529
0.272736
0.225858
0.168936
0.10448
0.0353537
0.0415653
0.122929
0.19906
0.266698
0.322919
0.365258
0.391815
0.401349
0.393346
0.368056
0.326501
0.270443
0.202321
0.125142
0.0423482
0.0495582
0.146578
0.237389
0.318117
0.385278
0.435925
0.467778
0.47933
0.46994
0.439876
0.390334
0.323404
0.241994
0.149703
0.0506636
0.0590066
0.174539
0.28272
0.378955
0.459102
0.519642
0.557834
0.571852
0.560886
0.525219
0.466239
0.386419
0.28922
0.178951
0.0605672
0.0701775
0.207603
0.336344
0.450962
0.546538
0.618874
0.664675
0.681718
0.668984
0.626746
0.556614
0.461499
0.345521
0.213831
0.0723808
0.0833824
0.246696
0.399774
0.53619
0.65011
0.736528
0.791482
0.812259
0.797564
0.747641
0.664334
0.551065
0.412729
0.25549
0.0864931
0.0989837
0.292895
0.474771
0.637035
0.772777
0.876027
0.942017
0.967428
0.950602
0.891714
0.792856
0.658035
0.493062
0.30531
0.103376
0.117401
0.34745
0.563386
0.756293
0.918001
1.04139
1.12073
1.15192
1.13284
1.06354
0.946346
0.78594
0.589208
0.364979
0.123602
0.139118
0.411802
0.667989
0.897213
1.08983
1.23735
1.33286
1.37131
1.34996
1.26861
1.12984
0.939066
0.704446
0.436552
0.147874
0.16469
0.487608
0.79131
1.06355
1.29295
1.46943
1.58459
1.63223
1.60873
1.51355
1.34943
1.12264
0.842785
0.522557
0.177054
0.194747
0.576756
0.936476
1.25962
1.53283
1.74408
1.88322
1.94252
1.91728
1.80634
1.61255
1.34304
1.00916
0.626109
0.212209
0.230002
0.681378
1.10703
1.49037
1.81572
2.06879
2.23726
2.31152
2.28533
2.15665
1.92824
1.60814
1.20966
0.751081
0.254666
0.271247
0.803859
1.30696
1.76138
2.14879
2.45222
2.65673
2.75025
2.72453
2.57619
2.3076
1.92765
1.4519
0.90232
0.306092
0.319354
0.946826
1.54069
2.07892
2.54017
2.90433
3.15326
3.27176
3.24888
3.07922
2.76429
2.31366
1.74541
1.08594
0.368596
0.375261
1.11312
1.81304
2.44989
2.99896
3.43645
3.74032
3.89144
3.87514
3.68309
3.3152
2.78132
2.10227
1.30975
0.444877
0.439957
1.30576
2.12918
2.88181
3.5352
4.06134
4.43344
4.62734
4.62342
4.40905
3.98136
3.34978
2.53789
1.5838
0.53843
0.514447
1.52783
2.49448
3.38261
4.15979
4.79317
5.25029
5.50059
5.5178
5.28313
4.78909
4.04342
3.07225
1.92123
0.653847
0.599705
1.78234
2.91427
3.96044
4.88422
5.64738
6.21071
6.53566
6.58706
6.33728
5.77151
4.89365
3.73147
2.33946
0.797253
0.696605
2.07206
3.3936
4.62323
5.72015
6.64031
7.33665
7.76065
7.86542
7.61082
6.97064
5.94127
4.55027
2.86197
0.976972
0.805832
2.3992
3.93673
5.37814
6.6788
7.78861
8.65165
9.20727
9.39329
9.15207
8.43997
7.23999
5.57549
3.52105
1.20456
0.927762
2.76509
4.54658
6.23075
7.76995
9.10823
10.1801
10.9105
11.2178
11.0203
10.2481
8.86124
6.87146
4.36209
1.49649
1.06232
3.16975
5.22397
7.184
9.00056
10.6128
11.9455
12.9074
13.3928
13.2874
12.4829
10.9012
8.52819
5.4505
1.87684
1.2088
3.61135
5.96674
8.23682
10.373
12.3115
13.9683
15.2353
15.978
16.04
15.2574
13.4905
10.6743
6.88331
2.38221
1.36574
4.08567
6.76871
9.38256
11.8826
14.2056
16.2618
17.9271
19.0358
19.3789
18.7155
16.8083
13.4972
8.80922
3.07041
1.53069
4.58559
7.61867
10.6073
13.5152
16.2849
18.8266
21.0052
22.6251
23.4168
23.0371
21.1009
17.2763
11.4648
4.03777
1.70014
5.10061
8.49947
11.8879
15.2437
18.5223
21.6434
24.4713
26.7894
28.268
28.4394
26.7049
22.435
15.2423
5.45546
1.86945
5.61673
9.38746
13.1911
17.0257
20.8691
24.6635
28.2914
31.5364
34.0269
35.165
34.0694
29.6234
20.821
7.65375
2.03292
6.11652
10.2525
14.4726
18.8015
23.2497
27.7992
32.3771
36.8071
40.7248
43.4416
43.7605
39.8369
29.4308
11.3382
2.18405
6.57986
11.0592
15.6785
20.4944
25.5598
30.915
36.5654
42.4334
48.2565
53.3832
56.3973
54.5517
43.3783
18.2058
2.31592
6.98518
11.7685
16.7478
22.0138
27.6685
33.8257
40.6025
48.0906
56.2714
64.7917
72.4086
75.7439
67.0469
32.8783
2.42178
7.31125
12.3416
17.6179
23.263
29.4282
36.3059
44.1453
53.2665
64.0503
76.8269
91.3927
105.291
108.404
69.4869
2.49576
7.53943
12.7439
18.2317
24.151
30.693
38.1179
46.7977
57.2874
70.4449
87.6192
110.839
142.328
178.947
175.579
2.5335
7.65588
12.9494
18.5457
24.6064
31.3445
39.0584
48.1931
59.4552
74.0496
94.2121
124.544
175.8
277.257
523.191
2.53275
7.65343
12.9446
18.537
24.5913
31.318
39.0119
48.1109
59.3087
73.7871
93.7423
123.716
174.411
275.234
521.384
2.49365
7.53256
12.7304
18.2076
24.109
30.6198
37.9896
46.5708
56.8834
69.7208
86.3149
108.496
138.211
172.286
167.801
2.41871
7.30127
12.3221
17.5835
23.2035
29.325
36.1256
43.8282
52.7044
63.0451
75.0071
88.0432
98.9832
96.114
44.1578
-21.9325
-17.8765
-14.836
-12.4817
-10.5836
-9.00034
-7.64327
-6.45355
-5.39021
-4.42335
-3.5302
-2.69267
-1.89581
-1.12672
-0.373801
-8.22727
-11.4027
-11.2614
-10.277
-9.11884
-7.97782
-6.90556
-5.91001
-4.98522
-4.12115
-3.30707
-2.53264
-1.78819
-1.06467
-0.353528
-3.74363
-7.23191
-8.27232
-8.19291
-7.64211
-6.9075
-6.1145
-5.31728
-4.53802
-3.7842
-3.05637
-2.35176
-1.666
-0.99403
-0.330411
-2.037
-4.76103
-6.0608
-6.43606
-6.29297
-5.87765
-5.32634
-4.71203
-4.07312
-3.42918
-2.78953
-2.15775
-1.53424
-0.917577
-0.305349
-1.26786
-3.27917
-4.49124
-5.03912
-5.13283
-4.94219
-4.58187
-4.12383
-3.61166
-3.07115
-2.51719
-1.95799
-1.39771
-0.838034
-0.279223
-0.862863
-2.35231
-3.38288
-3.95753
-4.17013
-4.12451
-3.90521
-3.57319
-3.16985
-2.72244
-2.24847
-1.75897
-1.26074
-0.757885
-0.25284
-0.621947
-1.74408
-2.59112
-3.12732
-3.3867
-3.42742
-3.30681
-3.07203
-2.75862
-2.39216
-1.99051
-1.56599
-1.12698
-0.679248
-0.226897
-0.465584
-1.32687
-2.01521
-2.48932
-2.75508
-2.84233
-2.78767
-2.62544
-2.38421
-2.08628
-1.74843
-1.38306
-0.99926
-0.603813
-0.201952
-0.357746
-1.02975
-1.58805
-1.99597
-2.24742
-2.35577
-2.34321
-2.2337
-2.04916
-1.8081
-1.52545
-1.21291
-0.879624
-0.532826
-0.178426
-0.280105
-0.811578
-1.26531
-1.61127
-1.83911
-1.95314
-1.96607
-1.89403
-1.75332
-1.5588
-1.32321
-1.05715
-0.769365
-0.467114
-0.1566
-0.222418
-0.647387
-1.0174
-1.30858
-1.50982
-1.62069
-1.64792
-1.60203
-1.49485
-1.33801
-1.14211
-0.916466
-0.669146
-0.407137
-0.136638
-0.178524
-0.521352
-0.824236
-1.06834
-1.24327
-1.34632
-1.38054
-1.35257
-1.27086
-1.14433
-0.981648
-0.790831
-0.579121
-0.353052
-0.118602
-0.144505
-0.423051
-0.671879
-0.876132
-1.02663
-1.11973
-1.15632
-1.14043
-1.07797
-0.975738
-0.84072
-0.679698
-0.499062
-0.304784
-0.102478
-0.117753
-0.345383
-0.550471
-0.721245
-0.849832
-0.93238
-0.968537
-0.96061
-0.912694
-0.829909
-0.717845
-0.582178
-0.428473
-0.262089
-0.0881925
-0.0964668
-0.283367
-0.452887
-0.595647
-0.704999
-0.777237
-0.811359
-0.808555
-0.771623
-0.704407
-0.611353
-0.497181
-0.366683
-0.22461
-0.075634
-0.07937
-0.233417
-0.373882
-0.493243
-0.585932
-0.648557
-0.679815
-0.680194
-0.651575
-0.596841
-0.519519
-0.423517
-0.312929
-0.191921
-0.0646669
-0.0655311
-0.192898
-0.309529
-0.409358
-0.487738
-0.541654
-0.56971
-0.571962
-0.549658
-0.504955
-0.440654
-0.359979
-0.266409
-0.163567
-0.0551435
-0.0542576
-0.159833
-0.256841
-0.340362
-0.406529
-0.452704
-0.47752
-0.480778
-0.463291
-0.426675
-0.373156
-0.305391
-0.226326
-0.139089
-0.0469135
-0.0450251
-0.132717
-0.213516
-0.283417
-0.339198
-0.378584
-0.400295
-0.403996
-0.390202
-0.360128
-0.315547
-0.258647
-0.191915
-0.118039
-0.03983
-0.0374302
-0.110384
-0.177758
-0.236273
-0.283248
-0.316736
-0.335571
-0.339361
-0.328416
-0.303654
-0.26649
-0.218729
-0.162465
-0.0999958
-0.0337538
-0.0311587
-0.0919266
-0.148152
-0.197141
-0.236663
-0.26506
-0.281294
-0.284956
-0.276222
-0.255788
-0.224789
-0.184714
-0.137322
-0.0845721
-0.0285563
-0.0259627
-0.0766229
-0.123568
-0.16458
-0.197803
-0.221827
-0.235744
-0.239155
-0.232149
-0.215257
-0.18939
-0.155778
-0.115899
-0.0714155
-0.0241203
-0.0216452
-0.0638984
-0.103103
-0.137429
-0.165328
-0.185611
-0.197488
-0.200587
-0.194941
-0.180956
-0.159368
-0.131194
-0.0976714
-0.0602108
-0.0203406
-0.0180477
-0.0532906
-0.086025
-0.114738
-0.138141
-0.15523
-0.165326
-0.168091
-0.163522
-0.151932
-0.133919
-0.110322
-0.0821781
-0.050679
-0.0171238
-0.0150421
-0.0444242
-0.0717389
-0.0957344
-0.115338
-0.129705
-0.138254
-0.140686
-0.136976
-0.127368
-0.112347
-0.0926061
-0.0690142
-0.0425746
-0.0143878
-0.012524
-0.0369931
-0.0597571
-0.07978
-0.0961693
-0.108217
-0.11543
-0.117544
-0.114524
-0.106562
-0.0940505
-0.077564
-0.0578271
-0.0356831
-0.0120605
-0.0104076
-0.0307459
-0.0496782
-0.0663482
-0.0800148
-0.0900867
-0.0961464
-0.097965
-0.0955047
-0.088914
-0.078514
-0.0647785
-0.0483112
-0.029818
-0.0100794
-0.00862236
-0.0254747
-0.0411698
-0.0550014
-0.066356
-0.0747414
-0.0798071
-0.0813568
-0.0793525
-0.0739107
-0.0652929
-0.0538896
-0.0402016
-0.0248175
-0.00838988
-0.00710952
-0.0210069
-0.0339552
-0.0453743
-0.0547586
-0.0617008
-0.0659086
-0.0672159
-0.0655866
-0.0611124
-0.0540056
-0.0445868
-0.0332695
-0.0205414
-0.00694487
-0.00581999
-0.0171979
-0.0278024
-0.0371598
-0.0448566
-0.0505584
-0.0540238
-0.0551138
-0.0537957
-0.0501417
-0.0443234
-0.0366021
-0.0273167
-0.0168683
-0.0057034
-0.00471241
-0.0139258
-0.0225153
-0.0300981
-0.0363397
-0.0409686
-0.043788
-0.0446835
-0.0436265
-0.0406736
-0.0359621
-0.0297033
-0.0221714
-0.0136925
-0.00462987
-0.00375159
-0.011087
-0.017927
-0.0239675
-0.0289423
-0.0326349
-0.0348878
-0.0356087
-0.0347736
-0.0324262
-0.0286752
-0.0236882
-0.0176837
-0.0109219
-0.00369319
-0.00290727
-0.00859203
-0.0138936
-0.0185768
-0.0224352
-0.0253008
-0.0270512
-0.0276142
-0.0269704
-0.0251533
-0.0222464
-0.0183793
-0.0137217
-0.00847533
-0.00286599
-0.00215303
-0.0063631
-0.0102897
-0.0137586
-0.0166172
-0.0187409
-0.0200389
-0.0204574
-0.0199819
-0.0186369
-0.0164841
-0.0136194
-0.0101684
-0.0062808
-0.00212392
-0.00146545
-0.00433096
-0.00700342
-0.00936424
-0.0113095
-0.0127543
-0.0136371
-0.0139213
-0.0135971
-0.0126813
-0.011216
-0.00926648
-0.00691828
-0.00427318
-0.00144501
-0.00082325
-0.00243284
-0.00393349
-0.00525836
-0.00634901
-0.00715796
-0.00765081
-0.0078075
-0.00762299
-0.00710714
-0.00628397
-0.00519035
-0.00387426
-0.00239264
-0.00080903
-0.000206673
-0.000610354
-0.000985573
-0.00131509
-0.00158412
-0.00178104
-0.00189788
-0.00193057
-0.0018789
-0.00174635
-0.00153972
-0.00126866
-0.000945146
-0.000582915
-0.000196967
0.000403196
0.00119238
0.00193062
0.0025862
0.00313073
0.00354031
0.00379663
0.00388781
0.00380906
0.00356303
0.00315981
0.00261661
0.0019571
0.00121035
0.000409554
0.00102501
0.00303049
0.00490421
0.00656461
0.00793928
0.00896808
0.0096058
0.00982417
0.00961318
0.00898156
0.00795653
0.00658265
0.00491992
0.00304115
0.00102879
0.00167776
0.00496007
0.00802589
0.0107414
0.012988
0.0146674
0.0157061
0.0160586
0.0157093
0.0146732
0.0129955
0.0107492
0.00803272
0.0049647
0.0016794
0.00238135
0.00703994
0.0113908
0.0152438
0.0184304
0.0208114
0.0222829
0.0227804
0.0222823
0.0208104
0.018429
0.0152423
0.0113896
0.0070391
0.00238105
0.0031572
0.00933346
0.0151014
0.0202087
0.0244321
0.0275871
0.0295358
0.0301933
0.0295313
0.0275789
0.0244217
0.0201979
0.0150919
0.00932705
0.00315493
0.00402895
0.0119105
0.0192706
0.0257874
0.0311757
0.0352001
0.0376851
0.0385224
0.0376762
0.0351839
0.031155
0.0257658
0.0192518
0.0118977
0.00402444
0.00502316
0.0148495
0.0240254
0.0321494
0.0388661
0.0438819
0.0469782
0.0480204
0.0469639
0.0438558
0.0388326
0.0321145
0.023995
0.0148288
0.00501585
0.00617011
0.0182399
0.0295106
0.0394885
0.0477373
0.0538964
0.0576974
0.0589754
0.057676
0.0538572
0.0476871
0.0394361
0.0294649
0.0182089
0.00615913
0.00750476
0.0221853
0.0358932
0.0480282
0.0580592
0.065548
0.0701683
0.0717199
0.0701371
0.0654909
0.0579862
0.0479519
0.0358268
0.0221402
0.00748881
0.00906785
0.0268058
0.043368
0.0580286
0.070146
0.079191
0.0847696
0.0866406
0.0847249
0.0791093
0.0700415
0.0579192
0.0432727
0.0267411
0.009045
0.0109071
0.0322425
0.0521629
0.0697946
0.084366
0.0952405
0.101945
0.10419
0.101881
0.0951243
0.0842173
0.0696391
0.0520274
0.0321506
0.0108746
0.0130788
0.0386618
0.0625466
0.0836854
0.101152
0.114185
0.122217
0.124901
0.122127
0.11402
0.100942
0.0834651
0.0623547
0.0385315
0.0130327
0.0156494
0.0462599
0.0748368
0.100125
0.121018
0.136602
0.146201
0.149402
0.146073
0.136369
0.12072
0.0998136
0.0745654
0.0460758
0.0155842
0.0186977
0.0552701
0.0894099
0.119617
0.144568
0.163174
0.174626
0.178435
0.174446
0.162844
0.144147
0.119177
0.0890265
0.0550098
0.0186057
0.0223176
0.065969
0.106713
0.142758
0.172524
0.194711
0.208358
0.212883
0.208104
0.194246
0.171929
0.142137
0.106172
0.0656014
0.0221876
0.0266205
0.0786861
0.127279
0.170259
0.205742
0.232178
0.248424
0.25379
0.248065
0.231521
0.204902
0.169381
0.126514
0.078167
0.0264369
0.0317394
0.0938143
0.151741
0.202966
0.24524
0.276718
0.296044
0.302398
0.295536
0.275792
0.244054
0.201726
0.150661
0.0930814
0.0314802
0.0378332
0.111822
0.180856
0.241887
0.292232
0.329697
0.352668
0.36018
0.351952
0.328389
0.290558
0.240136
0.179332
0.110787
0.0374672
0.0450915
0.13327
0.215528
0.288226
0.348167
0.392738
0.420025
0.428891
0.419014
0.390891
0.345803
0.285755
0.213376
0.131809
0.0445748
0.0537415
0.158828
0.256837
0.343423
0.414772
0.467777
0.500171
0.510614
0.498744
0.46517
0.411435
0.339934
0.253799
0.156765
0.053012
0.0640553
0.189299
0.306077
0.409198
0.494113
0.557127
0.595556
0.607829
0.593541
0.553446
0.489402
0.404272
0.301788
0.186387
0.0630255
0.0763599
0.225646
0.3648
0.487612
0.588658
0.663546
0.7091
0.723484
0.706256
0.65835
0.582008
0.480658
0.358744
0.221536
0.074906
0.0910481
0.269029
0.434868
0.581137
0.701365
0.79033
0.844283
0.861087
0.840268
0.782994
0.691977
0.57132
0.426318
0.263226
0.0889955
0.108593
0.320841
0.518522
0.692742
0.835776
0.94142
1.00526
1.02481
0.99959
0.931065
0.822523
0.678883
0.506452
0.312649
0.105696
0.129568
0.382767
0.618464
0.825999
0.996145
1.12154
1.19698
1.21961
1.18898
1.10692
0.977436
0.806433
0.601424
0.371201
0.125477
0.154664
0.456843
0.737958
0.985214
1.18759
1.33633
1.42536
1.4514
1.41406
1.3157
1.16117
0.957592
0.713902
0.440514
0.148888
0.184724
0.545543
0.880959
1.17559
1.41626
1.59259
1.69746
1.72719
1.68152
1.56346
1.37897
1.1366
0.846997
0.52249
0.176569
0.220773
0.651881
1.05228
1.40344
1.68959
1.89845
2.02174
2.05533
1.99924
1.85734
1.63696
1.34839
1.00433
0.619331
0.209259
0.26407
0.779541
1.25777
1.67642
2.01658
2.26374
2.40829
2.44574
2.37653
2.2057
1.94228
1.5987
1.19008
0.733583
0.247811
0.316162
0.933056
1.50464
2.00388
2.40814
2.70025
2.8692
2.91018
2.82438
2.61834
2.30326
1.89417
1.40906
0.86816
0.293203
0.378967
1.11803
1.80174
2.3973
2.87755
3.22228
3.41895
3.46266
3.3557
3.10667
2.72951
2.24241
1.66678
1.02638
0.346542
0.454876
1.34142
2.16004
2.87078
3.44104
3.8471
4.07489
4.11974
3.98564
3.68396
3.23209
2.6521
1.96945
1.21199
0.409076
0.546895
1.61199
2.59322
3.4418
4.11852
4.5957
4.85783
4.90107
4.73193
4.36551
3.82363
3.13307
2.32407
1.42915
0.482189
0.658839
1.94077
3.11851
4.13215
4.93454
5.4936
5.79274
5.82985
5.61518
5.16887
4.51838
3.69625
2.73834
1.68243
0.567395
0.795598
2.34191
3.75772
4.96916
5.91951
6.57194
6.90957
6.93342
6.65925
6.11399
5.33228
4.35371
3.22063
1.97675
0.666316
0.963523
2.83364
4.53883
5.98743
7.11131
7.86886
8.24425
8.24388
7.89153
7.22324
6.28285
5.11843
3.77984
2.31729
0.780642
1.17098
3.43988
5.49809
7.23117
8.55744
9.43109
9.8398
9.79871
9.34313
8.5214
7.38895
6.00406
4.42511
2.70926
0.912072
1.42914
4.19241
6.68309
8.75734
10.3178
11.3161
11.7476
11.6413
11.0489
10.0353
8.6703
7.0244
5.16541
3.15768
1.06222
1.75328
5.13422
8.1572
10.6402
12.4685
13.5947
14.0288
13.8213
13.0472
11.793
10.1467
8.19266
6.00897
3.66699
1.23247
2.16462
6.32457
10.0062
12.9778
15.1065
16.3539
16.7555
16.3946
15.3789
13.8229
11.8366
9.52033
6.96241
4.24054
1.42385
2.69352
7.84703
12.3482
15.9006
18.3564
19.7003
20.0115
19.4224
18.0857
16.1514
13.7557
11.0157
8.02966
4.87989
1.63673
3.38457
9.82242
15.349
19.5848
22.3783
23.7637
23.8924
22.9694
21.2072
18.8003
15.9138
12.6818
9.21053
5.58404
1.87066
4.30565
12.4306
19.246
24.2706
27.3779
28.6995
28.5036
27.0989
24.7762
21.782
18.3117
14.514
10.4991
6.34848
2.12396
5.56447
15.9479
24.3867
30.2876
33.6173
34.6889
33.9541
31.8657
28.8113
25.094
20.9368
16.4969
11.8818
7.16419
2.3935
7.34098
20.8156
31.2895
38.0899
41.4245
41.9327
40.3444
37.303
33.3066
28.7114
23.7581
18.6012
13.3357
8.01666
2.67433
9.95582
27.7671
40.743
48.2989
51.1942
50.632
47.7436
43.4032
38.2174
32.5774
26.7205
20.7809
14.8267
8.88521
2.95955
14.0292
38.0764
53.9602
61.7441
63.3645
60.9465
56.1508
50.0903
43.4433
36.5937
29.74
22.9705
16.3088
9.74268
3.24018
20.8879
54.0543
72.8019
79.4691
78.3387
72.9116
65.4362
57.1843
48.8098
40.6124
32.701
25.0849
17.7244
10.5559
3.5054
33.7252
80.0449
100.032
102.609
96.296
86.2984
75.2603
64.3632
54.0529
44.4324
35.4566
27.0218
19.0065
11.2871
3.74301
61.2364
124.321
139.352
131.921
116.812
100.407
84.9858
71.1341
58.8164
47.8045
37.8362
28.6671
20.083
11.8964
3.94029
129.989
201.968
194.269
166.563
138.226
113.832
93.6208
76.8392
62.6728
50.4516
39.6604
29.9061
20.8832
12.3455
4.08512
329.293
334.947
263.078
201.643
156.901
124.352
99.8733
80.7275
65.1778
52.1052
40.7643
30.637
21.3462
12.602
4.16729
982.021
521.758
324.639
225.129
167.108
129.266
102.422
82.1181
65.962
52.556
41.025
30.7867
21.4294
12.6436
4.17986
2.29863
6.93153
11.6727
16.5983
21.7906
27.3377
33.3304
39.8478
46.9183
54.4164
61.8095
67.5534
67.7397
53.4937
7.83668
2.13541
6.43041
10.7976
15.2836
19.9309
24.7721
29.8167
35.0249
40.2546
45.1581
48.9936
50.3146
46.6038
34.404
12.2728
1.948
5.85703
9.80365
13.8073
17.8771
22.0027
26.1391
30.1804
33.9166
36.9674
38.6914
38.1077
33.956
25.2454
12.8795
1.74755
5.24603
8.75255
12.2648
15.7674
19.2225
22.5565
25.6406
28.2641
30.1029
30.6966
29.4686
25.8681
19.742
11.9383
1.54368
4.62694
7.69561
10.7319
13.705
16.563
19.2236
21.5615
23.3963
24.4835
24.5226
23.2011
20.3061
15.9162
10.5918
1.3439
4.02241
6.67093
9.26221
11.7575
14.1009
16.2131
17.9855
19.276
19.9126
19.7093
18.5061
16.2381
13.0242
9.21921
1.15339
3.44783
5.70345
7.8884
9.96175
11.8697
13.5423
14.8909
15.8098
16.1821
15.8968
14.8763
13.1163
10.7241
7.9287
0.975236
2.91206
4.8066
6.62613
8.33129
9.87382
11.195
12.2259
12.8897
13.1093
12.8197
11.9866
10.6274
8.82793
6.74072
0.81072
2.41858
3.98474
5.47819
6.86341
8.09913
9.13798
9.92754
10.4134
10.5454
10.286
9.62279
8.57876
7.21947
5.64924
0.65978
1.96681
3.23558
4.43848
5.54501
6.52126
7.33013
7.93266
8.29086
8.37223
8.15587
7.63942
6.84499
5.82155
4.64156
0.521369
1.55328
2.55228
3.49514
4.3569
5.11077
5.72857
6.18202
6.44496
6.49659
6.3255
5.93373
5.33989
4.57982
3.70398
0.393785
1.17264
1.92513
2.6329
3.27669
3.83635
4.29138
4.62189
4.81032
4.84361
4.7157
4.42999
4.00085
3.45369
2.82306
0.274909
0.818381
1.34268
1.83463
2.28059
2.66659
2.97871
3.20385
3.33084
3.35179
3.26368
3.06964
2.77977
2.41097
1.98568
0.162378
0.483286
0.792586
1.08235
1.34446
1.5707
1.75302
1.88398
1.95739
1.96905
1.91759
1.80513
1.63763
1.42475
1.17914
-1013.13
-1039.49
-1066.18
-1093.39
-1121.33
-1150.16
-1180.04
-1211.09
-1243.4
-1277
-1311.93
-1348.12
-1385.52
-1424
-1463.43
-36.1559
22.0334
-56.3297
-6.60512
-51.3447
-13.522
-44.2408
-17.5643
7.24677
-19.8975
8.04026
-19.5656
9.61459
-20.6483
10.1613
-32.4316
-3.23328
-29.2298
-4.69096
-24.743
-4.019
-20.5322
-4.22328
11.8777
-4.26253
15.42
-3.25481
19.2753
-4.15404
21.9731
-16.0037
10.989
-16.1231
8.52068
-14.5371
7.68851
-12.6167
5.74269
24.4633
3.92468
28.1492
2.93926
32.0446
-1.32745
33.6989
-21.3215
15.5482
-24.776
9.15253
-25.9411
4.72614
-26.9771
-1.95364
23.5351
-9.47454
23.5751
-16.2377
22.54
-27.2649
17.4525
-56.6761
-12.1411
-62.9383
-24.7016
-66.7978
-34.733
-71.0464
-47.2465
-24.1787
-60.8728
-32.5621
-74.1879
-43.2433
-91.8214
-58.625
-124.831
-94.1161
-143.665
-119.596
-168.829
-150.872
-214.374
-208.031
-204.244
-354.369
-380.75
-445.685
-564.049
-783.925
-1233.42
-4.50412
-2.96178
-19.1781
-16.6185
-24.2288
-19.5228
-22.2282
-14.8984
-7.64719
-9.54766
-5.06619
-8.29172
-4.4792
-8.94665
-6.23903
-13.7587
-11.1016
-14.7016
-11.1019
-12.8902
-8.9488
-9.2974
-3.95062
1.36666
1.0368
4.81489
3.1942
6.54656
3.33784
5.71301
-1.04852
1.18139
-2.99334
0.0846818
-2.68105
0.920315
-0.344349
5.19036
10.7977
9.59951
13.5301
10.4631
13.8656
8.25699
10.2693
-0.617067
1.17049
-6.23625
-3.29307
-8.87435
-5.2831
-8.9181
-2.66265
3.56046
-0.46708
2.97818
-3.97046
-1.53917
-11.8223
-11.3388
-27.7081
-27.5441
-38.5539
-37.108
-45.5942
-43.8281
-50.1411
-46.2387
-42.7174
-49.9766
-50.1337
-60.503
-62.4197
-75.9825
-80.4821
-99.4969
-105.783
-122.524
-130.42
-149.299
-161.616
-187.001
-204.4
-229.74
-285.525
-325.282
-368.791
-417.919
-453.319
-386.456
2.96425
-2.38435
-9.06352
-11.9868
-14.8479
-14.8512
-14.6658
-12.1193
-9.36277
-8.38781
-7.07469
-7.15275
-6.64999
-7.57721
-7.91222
-9.74057
-9.9596
-10.541
-9.75419
-9.28807
-7.70125
-6.26409
-3.63574
-1.01287
0.420353
1.98361
2.4816
3.26534
2.78846
2.60926
0.958572
0.596051
-0.307962
0.06327
0.00602746
1.15877
2.13643
4.5329
6.93164
7.8882
8.98706
8.67044
8.66164
6.86675
5.41329
1.83639
0.0320627
-2.60075
-3.4639
-5.01641
-4.88692
-5.10168
-3.32553
-1.65376
-2.22093
-2.6521
-5.21075
-7.31014
-11.8839
-15.8625
-22.5482
-26.8569
-32.1057
-35.2125
-39.1536
-41.2892
-43.9461
-44.682
-45.7321
-49.3074
-52.9998
-58.9895
-64.8257
-73.1942
-81.4369
-92.4919
-102.391
-114.122
-125.425
-139.219
-153.542
-171.127
-189.331
-211.393
-239.761
-264.406
-283.803
-291.551
-269.965
-184.706
5.15598
0.110693
-4.35584
-7.44336
-9.58054
-10.4495
-10.5021
-9.64114
-8.51136
-7.71343
-7.07835
-6.84865
-6.76008
-7.05898
-7.43342
-8.03821
-8.29423
-8.34895
-7.94308
-7.29817
-6.23657
-4.94449
-3.31139
-1.67776
-0.3818
0.687886
1.35906
1.801
1.81203
1.62605
1.11235
0.79214
0.542745
0.660573
0.952432
1.65105
2.57586
3.87388
5.14398
5.97368
6.48401
6.43627
6.0315
4.98669
3.61696
1.73933
0.0887404
-1.51146
-2.63989
-3.57838
-3.9928
-4.14989
-3.83584
-3.6416
-4.1683
-5.21639
-7.10994
-9.51551
-12.7998
-16.4854
-20.8085
-24.813
-28.7392
-32.1125
-35.3099
-37.9966
-40.5141
-42.6697
-45.1072
-48.4662
-52.5545
-57.6936
-63.5815
-70.5836
-78.3384
-87.1471
-96.3597
-106.331
-116.839
-128.374
-140.765
-154.36
-168.699
-183.963
-199.352
-211.082
-215.586
-207.422
-178.295
-119.937
5.73407
1.77214
-1.63412
-4.26859
-6.13961
-7.22373
-7.65431
-7.55026
-7.18237
-6.8049
-6.49862
-6.34173
-6.3126
-6.43243
-6.62334
-6.83853
-6.91922
-6.82066
-6.4767
-5.90886
-5.10435
-4.11657
-2.98842
-1.85707
-0.858814
-0.0346995
0.565878
0.95639
1.11854
1.11398
0.986695
0.885451
0.863835
1.00645
1.31225
1.81676
2.47697
3.25415
3.98955
4.5181
4.7836
4.71522
4.32206
3.57354
2.55101
1.31436
0.0719027
-1.10247
-2.09034
-2.89595
-3.4702
-3.8775
-4.1746
-4.59224
-5.36586
-6.56416
-8.27281
-10.4564
-13.1387
-16.1912
-19.5286
-22.8824
-26.1699
-29.2664
-32.2021
-34.9486
-37.6039
-40.2524
-43.1558
-46.5754
-50.5968
-55.32
-60.7331
-66.8897
-73.7225
-81.221
-89.2351
-97.7682
-106.774
-116.298
-126.251
-136.521
-146.735
-156.35
-164.212
-168.162
-165.611
-153.478
-128.718
-90.4568
5.6569
2.6322
-0.0249733
-2.19437
-3.83299
-4.94017
-5.57752
-5.84056
-5.86844
-5.79518
-5.70517
-5.65228
-5.65211
-5.70504
-5.77988
-5.8341
-5.80393
-5.64738
-5.33436
-4.862
-4.23773
-3.49251
-2.67183
-1.84652
-1.08693
-0.437302
0.0732363
0.438623
0.663066
0.776548
0.821453
0.861978
0.946302
1.11518
1.38376
1.75609
2.20744
2.69231
3.13069
3.43896
3.5616
3.45941
3.12184
2.55242
1.79088
0.89518
-0.0455426
-0.964639
-1.80582
-2.54925
-3.19057
-3.76641
-4.34242
-5.03291
-5.9546
-7.17977
-8.75447
-10.682
-12.9475
-15.4892
-18.228
-21.0501
-23.8782
-26.6545
-29.3696
-32.0345
-34.706
-37.4706
-40.4636
-43.8208
-47.6308
-51.9554
-56.8169
-62.2244
-68.1504
-74.5547
-81.3654
-88.5262
-95.9668
-103.604
-111.285
-118.765
-125.634
-131.266
-134.705
-134.603
-129.431
-117.716
-98.5795
-72.7001
5.27317
2.96427
0.883142
-0.883058
-2.29013
-3.33164
-4.03817
-4.4679
-4.69855
-4.80795
-4.85661
-4.88524
-4.91349
-4.94439
-4.96442
-4.94947
-4.8689
-4.69767
-4.41972
-4.03214
-3.54349
-2.97533
-2.36014
-1.73955
-1.1549
-0.637801
-0.208563
0.125648
0.369229
0.539738
0.664406
0.777335
0.908926
1.08227
1.30783
1.58358
1.89163
2.19944
2.46122
2.6292
2.66547
2.54469
2.25763
1.81017
1.22618
0.543133
-0.191794
-0.936618
-1.65966
-2.34712
-3.00272
-3.6525
-4.34281
-5.138
-6.10364
-7.2893
-8.72519
-10.4183
-12.3553
-14.5007
-16.8041
-19.2062
-21.6581
-24.1275
-26.6061
-29.1075
-31.6707
-34.3564
-37.2433
-40.4107
-43.9204
-47.8141
-52.1106
-56.8089
-61.8857
-67.2991
-72.9878
-78.8772
-84.8718
-90.8429
-96.6041
-101.887
-106.307
-109.339
-110.293
-108.345
-102.669
-92.6399
-78.1482
-59.9732
4.73905
2.9696
1.33905
-0.0875383
-1.27231
-2.20404
-2.89597
-3.38042
-3.70179
-3.90671
-4.03535
-4.11721
-4.16947
-4.1978
-4.19773
-4.15769
-4.0628
-3.89998
-3.66128
-3.34619
-2.96207
-2.52422
-2.05455
-1.57916
-1.12393
-0.710079
-0.351812
-0.0550879
0.182366
0.370707
0.526053
0.667623
0.813242
0.976001
1.16146
1.36642
1.57804
1.77475
1.92871
2.01105
1.99744
1.87141
1.62647
1.26661
0.806268
0.26797
-0.321572
-0.9377
-1.56247
-2.18854
-2.82088
-3.47784
-4.18974
-4.99518
-5.93331
-7.03589
-8.32295
-9.80043
-11.4604
-13.2819
-15.2353
-17.2875
-19.4099
-21.5843
-23.8067
-26.0884
-28.456
-30.9492
-33.616
-36.5044
-39.6536
-43.0895
-46.8221
-50.8447
-55.1327
-59.6438
-64.3172
-69.0731
-73.8068
-78.38
-82.6081
-86.2457
-88.9748
-90.3991
-90.0548
-87.454
-82.174
-73.9878
-63.0193
-49.8751
4.13263
2.77501
1.50137
0.359886
-0.618725
-1.42163
-2.0524
-2.52769
-2.87261
-3.1152
-3.28139
-3.39174
-3.45982
-3.49204
-3.48851
-3.44483
-3.35446
-3.21148
-3.01279
-2.7596
-2.45801
-2.11894
-1.75719
-1.38976
-1.03341
-0.702352
-0.406485
-0.150523
0.0661765
0.249135
0.407484
0.552027
0.69282
0.836974
0.986946
1.13957
1.28582
1.41153
1.49923
1.53094
1.49119
1.36928
1.1607
0.867639
0.498542
0.0665394
-0.413118
-0.926383
-1.46342
-2.02098
-2.60363
-3.22408
-3.90198
-4.66129
-5.52617
-6.51682
-7.64648
-8.91978
-10.3326
-11.8731
-13.5243
-15.2674
-17.0865
-18.9716
-20.9217
-22.9453
-25.0601
-27.2917
-29.6694
-32.2222
-34.9734
-37.9372
-41.1157
-44.498
-48.0579
-51.754
-55.5274
-59.3003
-62.972
-66.4135
-69.4613
-71.912
-73.5203
-74.0046
-73.0646
-70.4189
-65.8627
-59.3415
-51.023
-41.3397
3.49525
2.45894
1.47281
0.572199
-0.21876
-0.887732
-1.43338
-1.86336
-2.19149
-2.43441
-2.60856
-2.72791
-2.80259
-2.83856
-2.83794
-2.80003
-2.72273
-2.60409
-2.44369
-2.24361
-2.00884
-1.74727
-1.46901
-1.18537
-0.907509
-0.644988
-0.404754
-0.190497
-0.00252313
0.161892
0.307666
0.440692
0.566399
0.688399
0.80742
0.920703
1.02193
1.10179
1.1491
1.15245
1.10196
0.990613
0.815249
0.576819
0.280042
-0.0676352
-0.457641
-0.882213
-1.33624
-1.81867
-2.33335
-2.88902
-3.49845
-4.17682
-4.93938
-5.79905
-6.76463
-7.83969
-9.02243
-10.3064
-11.6822
-13.1394
-14.6693
-16.2669
-17.9325
-19.6722
-21.4977
-23.425
-25.472
-27.6556
-29.9886
-32.4768
-35.1174
-37.8965
-40.7885
-43.7541
-46.7396
-49.6746
-52.4699
-55.0149
-57.1753
-58.7922
-59.6854
-59.6614
-58.5309
-56.135
-52.3813
-47.2831
-40.9923
-33.8093
2.84902
2.07006
1.32055
0.626043
0.00494379
-0.532046
-0.981557
-1.34638
-1.63375
-1.85335
-2.0154
-2.12915
-2.2019
-2.23857
-2.24188
-2.2128
-2.15139
-2.05771
-1.93263
-1.77847
-1.59922
-1.40058
-1.18952
-0.973674
-0.76052
-0.556558
-0.366665
-0.193692
-0.0383832
0.100388
0.225087
0.338761
0.444168
0.542948
0.634976
0.717998
0.787623
0.837694
0.861003
0.850253
0.799064
0.702836
0.559299
0.368689
0.133493
-0.142213
-0.453755
-0.797011
-1.16952
-1.57133
-2.00548
-2.47794
-2.99707
-3.57258
-4.21419
-4.93025
-5.72661
-6.60601
-7.56793
-8.60909
-9.7244
-10.9083
-12.1562
-13.4658
-14.8379
-16.2768
-17.7901
-19.3875
-21.0795
-22.8754
-24.7815
-26.7986
-28.9209
-31.134
-33.4142
-35.7269
-38.0258
-40.2512
-42.3295
-44.1716
-45.6732
-46.7159
-47.1722
-46.9127
-45.8203
-43.8071
-40.8362
-36.9426
-32.2466
-26.9549
2.20501
1.63853
1.08885
0.573946
0.107293
-0.30258
-0.651941
-0.941199
-1.17389
-1.35545
-1.49209
-1.58974
-1.65344
-1.68696
-1.6928
-1.67246
-1.62686
-1.55688
-1.46383
-1.34981
-1.21791
-1.07215
-0.917317
-0.758506
-0.600706
-0.448294
-0.304644
-0.171891
-0.0508797
0.058687
0.157916
0.248261
0.331
0.406735
0.475008
0.534084
0.580967
0.611627
0.621441
0.60576
0.560499
0.482646
0.370589
0.224213
0.044726
-0.165746
-0.404762
-0.670251
-0.961167
-1.27799
-1.62301
-2.00022
-2.41507
-2.87373
-3.38237
-3.94637
-4.56959
-5.25406
-5.99989
-6.80552
-7.66837
-8.58558
-9.55485
-10.5753
-11.6477
-12.775
-13.9619
-15.2142
-16.5377
-17.9372
-19.415
-20.9695
-22.5939
-24.2753
-25.9935
-27.7202
-29.418
-31.0402
-32.5297
-33.8192
-34.8321
-35.4847
-35.6899
-35.364
-34.4359
-32.8583
-30.6202
-27.7575
-24.3589
-20.5636
1.56758
1.18268
0.806927
0.452219
0.127731
-0.160399
-0.409024
-0.617639
-0.787798
-0.92242
-1.02508
-1.09941
-1.14865
-1.17541
-1.18164
-1.16872
-1.13767
-1.08952
-1.02546
-0.947165
-0.856803
-0.757086
-0.651114
-0.542168
-0.433429
-0.327714
-0.227242
-0.133501
-0.0472208
0.0315405
0.103197
0.168367
0.227564
0.280911
0.327919
0.367363
0.397299
0.4152
0.418212
0.403478
0.368478
0.311315
0.230903
0.127014
0.000172621
-0.148584
-0.318058
-0.507287
-0.715915
-0.944482
-1.19456
-1.46874
-1.77038
-2.1033
-2.47127
-2.8776
-3.32477
-3.81418
-4.34612
-4.91996
-5.53446
-6.18824
-6.88024
-7.61017
-8.37873
-9.18775
-10.04
-10.9386
-11.8867
-12.8866
-13.9384
-15.0399
-16.1852
-17.3639
-18.5609
-19.7551
-20.9196
-22.0206
-23.0179
-23.8651
-24.5103
-24.898
-24.9727
-24.6828
-23.987
-22.8609
-21.3039
-19.3444
-17.0426
-14.4876
0.937166
0.71375
0.494781
0.28705
0.0958859
-0.0750269
-0.223639
-0.349366
-0.452795
-0.535321
-0.598778
-0.645109
-0.676122
-0.693344
-0.697981
-0.690961
-0.673043
-0.644954
-0.607527
-0.561802
-0.509085
-0.450937
-0.389112
-0.325447
-0.261717
-0.199501
-0.140065
-0.0842891
-0.0326555
0.0147021
0.0578976
0.0971506
0.132628
0.164294
0.191798
0.214412
0.231041
0.240294
0.240618
0.230463
0.208456
0.17355
0.125113
0.0629559
-0.0127292
-0.101493
-0.20281
-0.316286
-0.441845
-0.579878
-0.731311
-0.897586
-1.08055
-1.28226
-1.50477
-1.74989
-2.01899
-2.3129
-2.63186
-2.97568
-3.34382
-3.73569
-4.15085
-4.58924
-5.05133
-5.53809
-6.05094
-6.59148
-7.16114
-7.76075
-8.39003
-9.0471
-9.72796
-10.4261
-11.1319
-11.8327
-12.5121
-13.1498
-13.7221
-14.2018
-14.5589
-14.762
-14.7802
-14.5859
-14.1576
-13.4839
-12.5668
-11.4243
-10.0908
-8.61616
-1500.28
-1534.2
-1568.45
-1602.91
-1637.49
-1672.11
-1706.67
-1741.12
-1775.39
-1809.43
-1843.22
-1876.7
-1909.88
-1942.72
-1975.23
-2007.39
-2039.22
-2070.72
-2101.91
-2132.79
-2163.4
-2193.75
-2223.87
-2253.8
-2283.55
-2313.17
-2342.68
-2372.1
-2401.46
-2430.78
-2460.1
-2489.42
-2518.76
-2548.15
-2577.58
-2607.09
-2636.67
-2666.34
-2696.1
-2725.95
-2755.88
-2785.88
-2815.95
-2846.04
-2876.15
-2906.22
-2936.23
-2966.11
-2995.83
-3025.31
-3054.5
-3083.33
-3111.72
-3139.58
-3166.83
-3193.35
-3219.04
-3243.76
-3267.39
-3289.78
-3310.76
-3330.17
-3347.82
-3363.53
-3377.08
-3388.27
-3396.87
-3402.64
-3405.34
-3404.69
-3400.42
-3392.24
-3379.85
-3362.93
-3341.15
-3314.19
-3281.72
-3243.43
-3199.01
-3148.21
-3090.78
-3026.58
-2955.49
-2877.52
-2792.74
-2701.36
-2603.69
-2500.15
-2391.29
-2277.72
898.894
481.625
305.655
215.104
161.133
125.359
99.7033
80.1524
64.5092
51.4738
40.2245
30.2105
21.0404
12.4186
4.10621
179.966
245.199
212.764
172.128
138.365
111.971
91.2037
74.4554
60.5496
48.6649
38.2242
28.8114
20.1151
11.8907
3.93452
13.7185
106.439
128.07
122.277
108.227
92.9536
78.6846
65.9149
54.5681
44.4113
35.1955
26.6957
18.7179
11.0942
3.67569
-28.7875
38.7684
70.7982
80.6811
79.3109
72.9315
64.6653
55.9509
47.3958
39.2163
31.4503
24.0576
16.9663
10.0926
3.34967
-39.4128
6.62359
35.673
50.338
55.4035
54.7954
51.0935
45.8268
39.8474
33.6074
27.3313
21.118
14.9968
8.96001
2.98005
-40.3892
-8.53398
14.9322
29.5937
37.169
39.7522
39.0858
36.4147
32.5593
28.034
23.1494
18.0859
12.9428
7.77054
2.59053
-37.9719
-15.3022
2.99603
15.9353
23.9261
27.9581
29.0824
28.1865
25.9407
22.8197
19.1461
15.1331
10.918
6.58872
2.20202
-34.2224
-17.699
-3.58139
7.22511
14.6415
19.0711
21.0988
21.3079
20.1969
18.1576
15.4822
12.3822
9.00733
5.46424
1.83087
-29.9205
-17.69
-6.84793
1.90476
8.34329
12.5857
14.9336
15.7491
15.3813
14.1313
12.243
9.90592
7.26482
4.42997
1.48806
-25.392
-16.2929
-8.0253
-1.10171
4.24091
7.99462
10.3005
11.3735
11.4475
10.7431
9.45219
7.73362
5.71594
3.50272
1.1794
-20.7802
-14.0645
-7.85892
-2.52747
1.72722
4.85109
6.90015
7.9966
8.29197
7.94142
7.08888
5.8603
4.36252
2.68548
0.906212
-16.148
-11.3258
-6.81846
-2.8765
0.344277
2.7823
4.45232
5.42074
5.78227
5.64164
5.10157
4.25613
3.18834
1.97046
0.666207
-11.5209
-8.27239
-5.21261
-2.50438
-0.255977
1.48146
2.706
3.45169
3.77464
3.74122
3.41955
2.87428
2.1642
1.34182
0.454376
-6.90596
-5.03027
-3.25524
-1.67246
-0.3453
0.693468
1.43847
1.9053
2.12331
2.129
1.96107
1.65719
1.25231
0.778199
0.263806
-2148.37
-2002.63
-1853.53
-1702.26
-1549.88
-1397.28
-1245.16
-1094.02
-944.162
-795.732
-648.731
-503.046
-358.471
-214.735
-71.5194
)
;

boundaryField
{
    hot
    {
        type            calculated;
        value           nonuniform List<scalar> 
120
(
1003.93
-0.223037
-0.375263
-0.532414
-0.695717
-0.865588
-1.04133
-1.22086
-1.40049
-1.5748
-1.73673
-1.87806
-1.9902
-2.06534
-2.09771
-2.08928
-2.04746
-1.97714
-1.88229
-1.76795
-1.63966
-1.50298
-1.36299
-1.22411
-1.08984
-0.962799
-0.844753
-0.736725
-0.639134
-0.551932
-0.474735
-0.406933
-0.347782
-0.296472
-0.252177
-0.214095
-0.181467
-0.153593
-0.129839
-0.109635
-0.0924788
-0.0779296
-0.0656026
-0.0551645
-0.046328
-0.0388456
-0.0325053
-0.0271252
-0.0225496
-0.0186452
-0.0152972
-0.0124067
-0.0098881
-0.00766625
-0.00567475
-0.00385391
-0.00214903
-0.00050879
0.00111621
0.00277494
0.00451738
0.00639599
0.00846726
0.0107933
0.0134439
0.016498
0.0200466
0.0241947
0.0290647
0.0347992
0.0415653
0.0495582
0.0590066
0.0701775
0.0833824
0.0989837
0.117401
0.139118
0.16469
0.194747
0.230002
0.271247
0.319354
0.375261
0.439957
0.514447
0.599705
0.696605
0.805832
0.927762
1.06232
1.2088
1.36574
1.53069
1.70014
1.86945
2.03292
2.18405
2.31592
2.42178
2.49576
2.5335
2.53275
2.49365
2.41871
2.29863
2.13541
1.948
1.74755
1.54368
1.3439
1.15339
0.975236
0.81072
0.65978
0.521369
0.393785
0.274909
0.162378
-1013.13
)
;
    }
    cold
    {
        type            calculated;
        value           nonuniform List<scalar> 
120
(
7.20553
-0.0725028
-0.120118
-0.166591
-0.211349
-0.253714
-0.292898
-0.328015
-0.358109
-0.382223
-0.399486
-0.40922
-0.411052
-0.405014
-0.391587
-0.373801
-0.353528
-0.330411
-0.305349
-0.279223
-0.25284
-0.226897
-0.201952
-0.178426
-0.1566
-0.136638
-0.118602
-0.102478
-0.0881925
-0.075634
-0.0646669
-0.0551435
-0.0469135
-0.03983
-0.0337538
-0.0285563
-0.0241203
-0.0203406
-0.0171238
-0.0143878
-0.0120605
-0.0100794
-0.00838988
-0.00694487
-0.0057034
-0.00462987
-0.00369319
-0.00286599
-0.00212392
-0.00144501
-0.00080903
-0.000196967
0.000409554
0.00102879
0.0016794
0.00238105
0.00315493
0.00402444
0.00501585
0.00615913
0.00748881
0.009045
0.0108746
0.0130327
0.0155842
0.0186057
0.0221876
0.0264369
0.0314802
0.0374672
0.0445748
0.053012
0.0630255
0.074906
0.0889955
0.105696
0.125477
0.148888
0.176569
0.209259
0.247811
0.293203
0.346542
0.409076
0.482189
0.567395
0.666316
0.780642
0.912072
1.06222
1.23247
1.42385
1.63673
1.87066
2.12396
2.3935
2.67433
2.95955
3.24018
3.5054
3.74301
3.94029
4.08512
4.16729
4.17986
4.10621
3.93452
3.67569
3.34967
2.98005
2.59053
2.20202
1.83087
1.48806
1.1794
0.906212
0.666207
0.454376
0.263806
-71.5194
)
;
    }
    interface_left
    {
        type            calculated;
        value           nonuniform List<scalar> 
90
(
-368.761
-125.273
-50.3711
-24.2361
-13.6183
-8.57829
-5.84006
-4.18923
-3.11569
-2.37823
-1.85073
-1.46164
-1.16771
-0.941425
-0.764551
-0.62458
-0.512688
-0.422496
-0.349295
-0.289543
-0.240537
-0.200184
-0.166845
-0.139222
-0.11628
-0.0971847
-0.0812626
-0.0679632
-0.0568366
-0.0475123
-0.0396844
-0.0330993
-0.0275458
-0.0228474
-0.0188558
-0.015446
-0.0125116
-0.00996158
-0.00771718
-0.00570926
-0.00387614
-0.00216165
-0.000513315
0.00111923
0.00278588
0.00453754
0.0064278
0.00851453
0.0108617
0.0135416
0.0166368
0.0202432
0.0244726
0.0294573
0.0353537
0.0423482
0.0506636
0.0605672
0.0723808
0.0864931
0.103376
0.123602
0.147874
0.177054
0.212209
0.254666
0.306092
0.368596
0.444877
0.53843
0.653847
0.797253
0.976972
1.20456
1.49649
1.87684
2.38221
3.07041
4.03777
5.45546
7.65375
11.3382
18.2058
32.8783
69.4869
175.579
523.191
521.384
167.801
44.1578
)
;
    }
    interface_right
    {
        type            calculated;
        value           nonuniform List<scalar> 
90
(
-21.9325
-8.22727
-3.74363
-2.037
-1.26786
-0.862863
-0.621947
-0.465584
-0.357746
-0.280105
-0.222418
-0.178524
-0.144505
-0.117753
-0.0964668
-0.07937
-0.0655311
-0.0542576
-0.0450251
-0.0374302
-0.0311587
-0.0259627
-0.0216452
-0.0180477
-0.0150421
-0.012524
-0.0104076
-0.00862236
-0.00710952
-0.00581999
-0.00471241
-0.00375159
-0.00290727
-0.00215303
-0.00146545
-0.00082325
-0.000206673
0.000403196
0.00102501
0.00167776
0.00238135
0.0031572
0.00402895
0.00502316
0.00617011
0.00750476
0.00906785
0.0109071
0.0130788
0.0156494
0.0186977
0.0223176
0.0266205
0.0317394
0.0378332
0.0450915
0.0537415
0.0640553
0.0763599
0.0910481
0.108593
0.129568
0.154664
0.184724
0.220773
0.26407
0.316162
0.378967
0.454876
0.546895
0.658839
0.795598
0.963523
1.17098
1.42914
1.75328
2.16462
2.69352
3.38457
4.30565
5.56447
7.34098
9.95582
14.0292
20.8879
33.7252
61.2364
129.989
329.293
982.021
)
;
    }
    interface_top
    {
        type            calculated;
        value           nonuniform List<scalar> 
90
(
-62.0172
46.1797
-86.3707
5.4066
-72.2862
-5.3645
-61.2006
-18.784
20.2165
-29.3528
19.3522
-29.8111
21.796
-31.2202
24.7946
-48.1259
4.87581
-40.9151
2.08396
-34.1835
1.3401
-29.5711
-4.34197
20.5205
-9.68984
24.0299
-9.77749
29.6636
-11.6361
35.7997
-29.1488
20.099
-27.1782
16.5834
-24.3778
14.36
-22.832
5.97453
35.3809
-2.38414
39.7348
-5.13657
46.6402
-11.243
53.4395
-39.6765
28.7579
-40.4703
20.9619
-40.1315
14.583
-41.9648
-1.60895
39.6504
-19.0639
40.214
-28.6204
42.3681
-42.1732
42.3663
-81.5685
2.91171
-82.8521
-11.997
-83.748
-24.811
-87.7017
-47.5959
-8.52439
-71.2408
-17.6142
-86.7431
-26.6004
-105.906
-38.7904
-145.741
-81.7447
-160.115
-107.583
-183.32
-137.805
-233.831
-206.199
-173.545
-398.851
-404.617
-476.748
-635.232
-991.51
-1924.48
)
;
    }
    interface_bottom
    {
        type            calculated;
        value           nonuniform List<scalar> 
90
(
455.61
175.414
144.416
62.2351
90.531
42.4039
69.5741
40.8583
15.58
42.5248
13.7095
40.5832
12.2214
40.168
12.1293
47.0732
23.6199
41.7207
26.4658
36.055
27.1637
31.4162
27.5837
25.7073
26.8627
28.0089
24.6411
30.3079
21.2823
32.3788
13.4704
28.1139
11.1185
26.9383
9.18304
25.7693
6.45237
20.3913
35.8795
13.614
37.8994
9.21494
40.2296
3.27535
41.4174
-12.1288
27.1569
-10.3805
24.9056
-9.07177
23.4985
-10.1292
15.1335
41.8074
4.93957
44.2878
-0.523515
47.368
-7.94888
48.874
-28.9301
28.2413
-25.0774
25.3241
-22.4081
23.42
-23.2679
11.8639
48.6903
-1.97344
52.1
-9.18069
57.0237
-19.4749
61.0341
-53.2685
30.1906
-53.1676
22.3879
-56.0494
13.7104
-66.7371
-14.3025
40.8057
-69.5743
-7.92697
68.5001
-158.971
-96.7627
-80.2206
)
;
    }
    defaultFaces
    {
        type            empty;
    }
}


// ************************************************************************* //
