/*--------------------------------*- C++ -*----------------------------------*\
| =========                 |                                                 |
| \\      /  F ield         | OpenFOAM: The Open Source CFD Toolbox           |
|  \\    /   O peration     | Version:  5.x                                   |
|   \\  /    A nd           | Web:      www.OpenFOAM.org                      |
|    \\/     M anipulation  |                                                 |
\*---------------------------------------------------------------------------*/
FoamFile
{
    version     2.0;
    format      ascii;
    class       volScalarField;
    location    "5.7";
    object      T;
}
// * * * * * * * * * * * * * * * * * * * * * * * * * * * * * * * * * * * * * //

dimensions      [0 0 0 1 0 0 0];

internalField   nonuniform List<scalar> 
6300
(
10.6745
12.0272
13.3905
14.7715
16.1764
17.6114
19.0812
20.5899
22.14
23.7323
25.3656
27.0368
28.7402
30.468
32.2106
10.6709
12.0164
13.3728
14.7473
16.1464
17.5762
19.0421
20.5483
22.0975
23.6909
25.3275
27.0042
28.7153
30.4529
32.2067
10.6636
11.9947
13.3371
14.6983
16.0854
17.5049
18.9626
20.4634
22.0105
23.6059
25.2489
26.9367
28.6636
30.4209
32.1978
10.6525
11.9615
13.2825
14.6234
15.9919
17.3952
18.8399
20.3317
21.8752
23.4729
25.1253
26.8298
28.5809
30.3691
32.182
10.6373
11.9162
13.2079
14.5209
15.8634
17.2438
18.6697
20.1482
21.6852
23.2849
24.9491
26.6761
28.4605
30.2921
32.1561
10.6179
11.8581
13.112
14.3885
15.6971
17.0468
18.4468
19.906
21.4323
23.0322
24.7096
26.4647
28.2926
30.1821
32.1155
10.5939
11.7864
12.9932
14.2242
15.4893
16.7992
18.1646
19.5964
21.1055
22.7016
24.3921
26.1801
28.0626
30.0277
32.0536
10.5651
11.7003
12.8503
14.0255
15.2368
16.496
17.8156
19.2094
20.6916
22.2764
23.9766
25.8008
27.7496
29.8119
31.9608
10.5314
11.5992
12.6821
13.7906
14.9363
16.132
17.3923
18.7336
20.1746
21.7355
23.4369
25.2963
27.3228
29.5092
31.8228
10.4928
11.4831
12.4882
13.5184
14.5857
15.7034
16.8878
18.158
19.5375
21.054
22.7388
24.6242
26.7359
29.0788
31.6175
10.4493
11.3523
12.269
13.2092
14.1844
15.2081
16.2972
17.473
18.7633
20.2037
21.8398
23.7256
25.9173
28.4521
31.3063
10.4013
11.2079
12.0262
12.8649
13.7344
14.6472
15.6196
16.6734
17.8386
19.1577
20.6906
22.5207
24.7551
27.5056
30.8136
10.3496
11.0516
11.7628
12.4899
13.2411
14.0267
14.8605
15.7621
16.7599
17.8975
19.2441
20.9111
23.0764
26.0013
29.9592
10.2948
10.8862
11.4834
12.0906
12.7132
13.3577
14.0336
14.7544
15.541
16.4282
17.477
18.8029
20.638
23.4635
28.2066
10.2382
10.7151
11.194
11.6761
12.1631
12.6573
13.1617
13.6806
14.2215
14.7971
15.4326
16.1851
17.2087
19.0078
23.5618
33.8111
35.2608
36.6978
38.1151
39.5057
40.8633
42.1823
43.4576
44.6848
45.8604
46.9814
48.0454
49.0505
49.9952
50.8784
51.6994
52.4576
53.1529
53.7853
54.355
54.8625
55.3084
55.6936
56.0189
56.2856
56.4948
56.6479
56.7463
56.7914
56.7849
56.7281
56.6227
56.4702
56.2721
56.0298
55.7449
55.4186
55.0525
54.6478
54.2059
53.728
53.2155
52.6697
52.0917
51.4829
50.8444
50.1773
49.4828
48.7619
48.0155
47.2446
46.4501
45.6326
44.7931
43.9324
43.0513
42.1506
41.2311
40.2938
39.3395
38.3693
37.3841
36.3848
35.3724
34.3479
33.3124
32.2669
31.2126
30.1505
29.0822
28.009
26.9327
25.855
24.7779
23.7036
22.6345
21.573
20.5215
19.4828
18.4594
17.4538
16.4687
15.5064
14.5691
13.6589
12.7776
11.9267
11.1073
10.3202
9.56584
33.8183
35.2784
36.7257
38.1528
39.5525
40.9183
42.2445
43.5259
44.7584
45.9382
47.0627
48.1294
49.1366
50.0828
50.9671
51.7887
52.5473
53.2425
53.8746
54.4436
54.9502
55.3949
55.7787
56.1024
56.3673
56.5745
56.7256
56.8219
56.8648
56.8561
56.7971
56.6895
56.5349
56.3346
56.0903
55.8033
55.4751
55.107
54.7004
54.2566
53.7769
53.2625
52.7149
52.1352
51.5247
50.8845
50.2159
49.52
48.7977
48.05
47.2779
46.4821
45.6635
44.8229
43.9611
43.0787
42.1768
41.256
40.3174
39.3618
38.3902
37.4036
36.4029
35.3891
34.3633
33.3262
32.2791
31.223
30.1591
29.0887
28.0131
26.9342
25.8536
24.7734
23.6959
22.6232
21.558
20.5029
19.4604
18.4333
17.4241
16.4356
15.47
14.5298
13.6171
12.7337
11.8811
11.0606
10.273
9.51868
33.8324
35.3138
36.7821
38.2292
39.6474
41.0298
42.3704
43.6641
44.9068
46.095
47.2262
48.2982
49.3094
50.2587
51.145
51.968
52.727
53.4222
54.0534
54.6212
55.1258
55.5681
55.949
56.2695
56.5308
56.7341
56.8811
56.973
57.0116
56.9984
56.935
56.823
56.664
56.4595
56.211
55.9199
55.5878
55.2158
54.8054
54.3579
53.8745
53.3565
52.8053
52.222
51.6081
50.9647
50.2929
49.594
48.869
48.1187
47.3442
46.5461
45.7253
44.8824
44.0183
43.1336
42.2292
41.306
40.3647
39.4064
38.4321
37.4427
36.4393
35.4227
34.3939
33.354
32.3037
31.2442
30.1765
29.1019
28.0217
26.9375
25.8512
24.7648
23.6805
22.6008
21.5283
20.4656
19.4156
18.381
17.3645
16.369
15.3969
14.4508
13.5328
12.6451
11.7891
10.9664
10.1777
9.42353
33.8526
35.3673
36.8684
38.3465
39.7931
41.2007
42.563
43.875
45.1328
46.3332
47.4741
48.5537
49.5707
50.5241
51.4135
52.2381
52.9979
53.6928
54.3229
54.8885
55.3902
55.8288
56.2053
56.5208
56.7765
56.974
57.1146
57.2
57.2319
57.2119
57.1418
57.0231
56.8575
56.6466
56.3919
56.0948
55.7567
55.379
54.963
54.5098
54.0208
53.4973
52.9407
52.3521
51.733
51.0846
50.4082
49.7048
48.9757
48.2216
47.4435
46.642
45.8179
44.9717
44.1043
43.2161
42.3081
41.381
40.4358
39.4735
38.495
37.5015
36.4939
35.4731
34.4402
33.3959
32.3411
31.2766
30.2034
29.1226
28.0354
26.9435
25.8485
24.7526
23.6582
22.5677
21.4839
20.4098
19.3482
18.3021
17.2746
16.2683
15.2862
14.3309
13.4049
12.5103
11.6492
10.8229
10.0326
9.27866
33.8778
35.44
36.9873
38.5087
39.9943
41.436
42.8273
44.1633
45.4405
46.6564
47.8094
48.8983
49.9224
50.8811
51.774
52.6008
53.3614
54.0557
54.684
55.2467
55.7444
56.1779
56.5484
56.857
57.1052
57.2945
57.4265
57.503
57.5258
57.4966
57.4173
57.2896
57.1152
56.8957
56.6327
56.3276
55.9817
55.5964
55.1728
54.7122
54.2158
53.685
53.121
52.5252
51.8991
51.2439
50.5611
49.8519
49.1173
48.3582
47.5754
46.7696
45.9413
45.091
44.2192
43.3265
42.4136
41.4814
40.5308
39.5629
38.5789
37.5798
36.5667
35.5405
34.5022
33.4524
32.3917
31.321
30.2407
29.1519
28.0556
26.9533
25.8467
24.738
23.6297
22.5245
21.4254
20.3355
19.2581
18.1964
17.1535
16.1326
15.1367
14.1687
13.2314
12.3273
11.4587
10.6275
9.83482
9.08135
33.907
35.5335
37.143
38.7217
40.2581
41.7433
43.1705
44.5356
45.8357
47.0695
48.2362
49.3355
50.3675
51.3319
52.2288
53.0579
53.8192
54.5128
55.1387
55.6976
56.19
56.6169
56.9795
57.2792
57.5176
57.6964
57.8174
57.8824
57.8935
57.8525
57.7615
57.6222
57.4367
57.2064
56.933
56.618
56.2625
55.8678
55.435
54.9652
54.4595
53.9194
53.3461
52.7411
52.1059
51.4422
50.7513
50.0346
49.2932
48.528
47.7398
46.9289
46.0956
45.2404
44.3634
43.4651
42.5462
41.6075
40.65
39.675
38.6838
37.6776
36.6576
35.6249
34.5801
33.5238
32.4565
31.3784
30.2899
29.1915
28.084
26.9688
25.8475
24.7225
23.5963
22.472
21.3531
20.243
19.1452
18.0632
17.0006
15.9607
14.9467
13.962
13.0098
12.0929
11.2143
10.3763
9.58047
8.82769
33.9386
35.651
37.3423
38.9949
40.5951
42.1331
43.6027
45.0006
46.3257
47.5783
48.759
49.8689
50.9088
51.8792
52.7802
53.6117
54.3737
55.0662
55.6891
56.2431
56.7288
57.1474
57.5001
57.7887
58.0148
58.1805
58.2877
58.3384
58.335
58.2794
58.1739
58.0206
57.8214
57.5782
57.2924
56.9656
56.5988
56.1931
55.7494
55.2687
54.752
54.2005
53.6158
52.9994
52.353
51.6786
50.9777
50.2519
49.5025
48.7303
47.9358
47.1194
46.2809
45.4202
44.5375
43.6328
42.7066
41.7599
40.7938
39.8098
38.8096
37.7947
36.7664
35.7259
34.6739
33.6107
32.5362
31.4503
30.3528
29.2436
28.1232
26.9926
25.8534
24.7081
23.5597
22.4116
21.2679
20.1323
19.0091
17.9019
16.8147
15.751
14.7144
13.7085
12.7369
11.8033
10.9113
10.0641
9.26403
8.51226
33.9714
35.7983
37.5966
39.343
41.0211
42.6208
44.1372
45.5696
46.9195
48.1896
49.383
50.5024
51.5495
52.5254
53.4306
54.2647
55.0275
55.7186
56.3379
56.8859
57.3633
57.7716
58.1121
58.387
58.5981
58.7478
58.8381
58.8715
58.8504
58.7772
58.6542
58.484
58.2686
58.0101
57.71
57.3696
56.9901
56.572
56.1161
55.623
55.0934
54.5286
53.9301
53.2998
52.6397
51.9521
51.239
50.5024
49.7437
48.9637
48.1627
47.3407
46.4971
45.6312
44.7424
43.8305
42.8958
41.9394
40.9626
39.9673
38.9559
37.9302
36.8922
35.843
34.7833
33.7131
32.6319
31.5385
30.432
29.3114
28.1766
27.0281
25.8676
24.6978
23.5221
22.3448
21.1704
20.0038
18.8494
17.7116
16.5946
15.502
14.4377
13.4053
12.4091
11.4536
10.5436
9.68385
8.8779
8.1276
34.005
35.9865
37.9248
39.7888
41.5594
43.2276
44.7921
46.2566
47.6272
48.9105
50.1129
51.2389
52.2916
53.2727
54.1822
55.0195
55.7835
56.4733
57.0884
57.6291
58.0965
58.4921
58.8178
59.0759
59.2689
59.3993
59.4694
59.482
59.4397
59.3453
59.2016
59.0113
58.7769
58.5007
58.1843
57.8291
57.4357
57.0044
56.5354
56.0286
55.4846
54.9043
54.2893
53.642
52.965
52.2612
51.5333
50.7839
50.0146
49.2263
48.4191
47.5924
46.7447
45.8743
44.9798
44.0602
43.1158
42.1474
41.1571
40.1476
39.1219
38.083
37.0333
35.9745
34.9072
33.831
32.7443
31.6452
30.5309
29.3993
28.2492
27.0805
25.895
24.6955
23.4865
22.2733
21.0615
19.8571
18.6654
17.4913
16.3389
15.2122
14.1146
13.0499
12.0225
11.0381
10.1035
9.22592
8.41148
7.66335
34.0412
36.2363
38.3593
40.3685
42.2443
43.9829
45.5904
47.0781
48.4595
49.7473
50.9517
52.0799
53.1361
54.122
55.0369
55.8788
56.6454
57.3344
57.9449
58.477
58.932
59.312
59.6195
59.8575
60.0288
60.1362
60.1825
60.1704
60.103
59.9833
59.8148
59.6008
59.3443
59.0479
58.7135
58.3423
57.9346
57.4902
57.0079
56.4869
55.9269
55.3287
54.6941
54.026
53.3279
52.6038
51.8578
51.093
50.3118
49.5152
48.7028
47.8733
47.0239
46.1513
45.2523
44.3251
43.3692
42.3862
41.3786
40.3504
39.3062
38.2505
37.1869
36.1177
35.0434
33.9631
32.8743
31.773
30.6542
29.5134
28.3479
27.1568
25.9418
24.7065
23.4566
22.1991
20.9418
19.6919
18.4559
17.2392
16.0462
14.8802
13.7441
12.6405
11.5737
10.5507
9.58117
8.67691
7.84941
7.10463
34.0887
36.5895
38.9571
41.1397
43.1261
44.9261
46.5602
48.0519
49.4258
50.7033
51.8992
53.0236
54.081
55.0724
55.9954
56.8458
57.6177
58.3075
58.913
59.4347
59.8743
60.235
60.5203
60.734
60.8796
60.9601
60.9784
60.9374
60.8402
60.6905
60.4925
60.2504
59.9681
59.6487
59.2945
58.9068
58.4855
58.0293
57.5351
57.0001
56.4231
55.8043
55.1462
54.4521
53.7272
52.9771
52.2081
51.4248
50.6303
49.8257
49.0104
48.1819
47.3357
46.4655
45.5647
44.6303
43.6611
42.6595
41.6289
40.5757
39.5064
38.4287
37.348
36.2674
35.1875
34.1071
33.0217
31.9253
30.8086
29.6628
28.4829
27.2671
26.0174
24.7381
23.4373
22.1244
20.8109
19.5062
18.2183
16.9527
15.7141
14.5049
13.3264
12.178
11.0616
9.98613
8.9647
8.01719
7.16809
6.42916
34.177
37.1337
39.8206
42.1929
44.2756
46.1075
47.7343
49.1946
50.5302
51.7757
52.949
54.063
55.1197
56.1205
57.0577
57.9245
58.7074
59.4009
60.001
60.5096
60.9293
61.2656
61.5232
61.7075
61.8229
61.8725
61.8586
61.7841
61.6518
61.4664
61.2324
60.9568
60.644
60.2987
59.9227
59.5187
59.0856
58.6219
58.1201
57.5728
56.9783
56.3357
55.6492
54.9216
54.1618
53.3766
52.5782
51.7717
50.9627
50.1506
49.3362
48.5149
47.6816
46.8227
45.9248
44.9846
43.9992
42.9737
41.9113
40.8233
39.7179
38.6109
37.508
36.4157
35.332
34.2574
33.1846
32.1064
31.0044
29.8606
28.6693
27.4258
26.1352
24.8004
23.4351
22.0502
20.6672
19.2959
17.9484
16.6272
15.3396
14.085
12.8652
11.6691
10.4903
9.34364
8.24164
7.21566
6.32802
5.60168
34.4101
38.0658
41.1364
43.6623
45.7855
47.5832
49.1475
50.5161
51.7632
52.9511
54.0832
55.1839
56.238
57.2592
58.2203
59.123
59.9247
60.6279
61.2194
61.7111
62.1034
62.4081
62.6305
62.7789
62.8598
62.875
62.8248
62.713
62.5387
62.311
62.0309
61.7158
61.3654
60.9916
60.5901
60.1713
59.7286
59.2682
58.7697
58.2121
57.6018
56.9293
56.2101
55.4365
54.632
53.794
52.9589
52.1213
51.2986
50.4777
49.6711
48.8643
48.0634
47.2349
46.3452
45.4031
44.3941
43.3402
42.2299
41.095
39.9312
38.7864
37.6523
36.5506
35.463
34.4043
33.3549
32.3213
31.2597
30.1262
28.9304
27.6519
26.3161
24.9062
23.4607
21.9728
20.5062
19.051
17.6403
16.2528
14.9174
13.6147
12.3697
11.1351
9.87255
8.63666
7.40896
6.21477
5.25556
4.56301
35.2051
39.84
43.2359
45.7108
47.7635
49.3944
50.8415
52.0118
53.0806
54.2059
55.2619
56.3709
57.4025
58.4834
59.466
60.4657
61.2828
62.0144
62.5805
63.0545
63.4026
63.6681
63.8429
63.9467
63.9899
63.9705
63.8785
63.7306
63.5014
63.23
62.8786
62.5243
62.1195
61.7232
61.2815
60.8569
60.3961
59.9684
59.5032
58.9261
58.3139
57.589
56.8484
55.9948
55.1493
54.2062
53.3422
52.4486
51.6311
50.7832
50.0055
49.2041
48.4843
47.7346
46.8402
45.9173
44.853
43.7871
42.5831
41.4077
40.1165
38.9457
37.7494
36.6648
35.5514
34.5376
33.5016
32.576
31.6181
30.4812
29.31
27.9599
26.6033
25.063
23.5471
21.8643
20.3284
18.7419
17.2985
15.8032
14.4479
13.0609
11.8592
10.6413
9.21622
7.91777
6.52791
4.87544
3.79899
3.20953
38.4871
43.3975
46.6611
48.3665
50.3482
51.4693
52.9331
53.6529
54.3155
55.5594
56.3633
57.6683
58.4948
59.8483
60.6859
62.0704
62.7628
63.6383
64.0728
64.5782
64.8194
65.0575
65.1564
65.2004
65.2091
65.1693
65.0115
64.8643
64.5234
64.263
63.729
63.4046
62.8599
62.5191
61.9472
61.5933
61.015
60.7212
60.3968
59.6893
59.1873
58.2701
57.6482
56.5404
55.8062
54.5033
53.7674
52.665
52.0064
50.9869
50.3729
49.4256
48.9473
48.4416
47.3754
46.634
45.3136
44.4322
42.8941
41.8867
40.1276
39.1411
37.685
36.8198
35.496
34.7022
33.4888
32.8767
32.2337
30.8852
29.9468
28.2769
27.1547
25.1842
23.8734
21.5439
20.2232
18.2262
17.0314
15.1516
14.0239
12.2399
11.3718
10.4456
8.37739
7.33036
6.02491
2.70656
1.6411
1.35641
8.77188
7.95203
7.17693
6.44432
5.75144
5.0951
4.47184
3.87804
3.31002
2.76413
2.23676
1.72437
1.22353
0.730862
0.24308
8.72544
7.90716
7.1343
6.40449
5.71481
5.06194
4.4423
3.85218
3.28784
2.74557
2.22173
1.7128
1.21532
0.725968
0.241453
8.63179
7.81674
7.0485
6.32441
5.64127
4.99546
4.38317
3.80049
3.24354
2.70853
2.19177
1.68973
1.19899
0.716222
0.238214
8.4893
7.67939
6.91842
6.20329
5.5303
4.89538
4.29435
3.72299
3.17725
2.65318
2.14706
1.65535
1.17464
0.701708
0.233392
8.29547
7.49295
6.74238
6.03993
5.38115
4.76134
4.17577
3.61984
3.08922
2.57984
2.08792
1.60992
1.14251
0.682563
0.227033
8.0467
7.25444
6.51811
5.83279
5.19295
4.59299
4.02747
3.49131
2.97989
2.489
2.01482
1.55386
1.10292
0.658987
0.219204
7.73808
6.95987
6.24273
5.58005
4.9648
4.39012
3.84973
3.338
2.84999
2.38141
1.92845
1.48776
1.05629
0.63125
0.209999
7.36298
6.60412
5.91279
5.2798
4.69598
4.1529
3.64326
3.16089
2.70063
2.25815
1.8298
1.41241
1.00322
0.599711
0.199536
6.91248
6.18074
5.52439
4.93031
4.38634
3.88217
3.40947
2.96163
2.53343
2.12072
1.72014
1.32885
0.944462
0.564823
0.187968
6.37446
5.68186
5.07364
4.53062
4.03683
3.57992
3.15076
2.74267
2.3507
1.97115
1.60114
1.23838
0.880934
0.527141
0.17548
5.73238
5.0985
4.55758
4.08165
3.65035
3.24985
2.87094
2.50754
2.15551
1.81199
1.47487
1.14256
0.813743
0.487317
0.162286
4.96397
4.4221
3.97647
3.58797
3.23303
2.89812
2.57557
2.26098
1.95179
1.6464
1.34379
1.04322
0.744147
0.446091
0.148631
4.04164
3.64939
3.33816
3.06067
2.79562
2.53399
2.27219
2.009
1.74422
1.478
1.21062
0.942378
0.67352
0.404261
0.134778
2.94275
2.79557
2.66607
2.52087
2.35476
2.16998
1.97015
1.75859
1.53807
1.31074
1.07831
0.842132
0.603282
0.362648
0.120994
1.69994
1.92405
2.00962
2.00194
1.93253
1.821
1.67979
1.51712
1.33869
1.14855
0.949731
0.744545
0.534817
0.322051
0.10754
10.1857
10.5565
10.9256
11.2914
11.6523
12.0059
12.3489
12.6762
12.98
13.2468
13.4511
13.5368
13.3542
12.3977
8.55312
10.1384
10.4136
10.6837
10.9451
11.1929
11.421
11.6207
11.7793
11.877
11.8808
11.7319
11.3155
10.3873
8.39399
4.11824
10.0922
10.274
10.448
10.6082
10.7473
10.8558
10.9211
10.9247
10.839
10.6208
10.1984
9.44944
8.16016
5.97521
2.43381
10.0478
10.14
10.2219
10.2859
10.3227
10.3206
10.2642
10.1319
9.89308
9.50241
8.89173
7.95849
6.55488
4.49836
1.67034
10.0056
10.013
10.0082
9.98248
9.92513
9.82318
9.65989
9.41306
9.05252
8.53676
7.80897
6.79413
5.40295
3.55726
1.26285
9.96622
9.89433
9.80916
9.70096
9.55849
9.36827
9.11358
8.77315
8.31969
7.71829
6.9255
5.89108
4.5666
2.92773
1.01597
9.92982
9.7849
9.62606
9.4432
9.22498
8.95811
8.62676
8.21168
7.68956
7.03268
6.20977
5.18943
3.94854
2.48769
0.852533
9.89658
9.68513
9.45962
9.21
8.92521
8.59271
8.19806
7.72452
7.15298
6.46234
5.63109
4.64092
3.4832
2.16869
0.737638
9.86655
9.59511
9.3099
9.0012
8.65856
8.27045
7.8241
7.30539
6.69908
5.98961
5.16276
4.20873
3.12672
1.93061
0.65345
9.83967
9.51466
9.17648
8.81596
8.42346
7.98862
7.50038
6.94707
6.3168
5.59837
4.78273
3.86539
2.84945
1.74881
0.58991
9.81582
9.44335
9.05855
8.65293
8.21774
7.74384
7.22182
6.64216
5.99573
5.27461
4.4733
3.5905
2.631
1.60746
0.540895
9.7948
9.38061
8.95506
8.51042
8.03888
7.53248
6.98327
6.3836
5.72652
5.00651
4.22045
3.36885
2.45702
1.49597
0.502451
9.7764
9.32577
8.86481
8.38659
7.88421
7.35081
6.77976
6.1649
5.50099
4.78425
4.01311
3.18902
2.3172
1.40704
0.471907
9.7604
9.2781
8.78653
8.27954
7.75108
7.19529
6.60665
5.98025
5.31213
4.59976
3.84253
3.04234
2.204
1.33544
0.447392
9.74654
9.23686
8.71895
8.18739
7.63693
7.06257
6.45975
5.82455
5.154
4.44641
3.70178
2.92213
2.11178
1.27736
0.427554
9.73459
9.20134
8.66084
8.10836
7.53935
6.9496
6.33533
5.6934
5.02158
4.31877
3.58533
2.82323
2.03627
1.22997
0.411397
9.72433
9.17086
8.61105
8.04079
7.45619
6.85366
6.2301
5.583
4.91066
4.21241
3.48877
2.7416
1.97417
1.19111
0.398166
9.71555
9.14479
8.56851
7.98318
7.38546
6.77233
6.14121
5.49011
4.81773
4.12368
3.40855
2.67403
1.92293
1.15912
0.387284
9.70805
9.12254
8.53226
7.93417
7.32542
6.70347
6.0662
5.41198
4.73985
4.04958
3.34178
2.61796
1.88053
1.13268
0.378303
9.70166
9.1036
8.50144
7.89256
7.27454
6.64526
6.00295
5.3463
4.67457
3.98765
3.28614
2.57136
1.84534
1.11078
0.370868
9.69623
9.08752
8.47528
7.85728
7.23149
6.5961
5.94965
5.29108
4.61982
3.93585
3.2397
2.53254
1.8161
1.0926
0.364699
9.69163
9.07387
8.45311
7.82743
7.1951
6.55461
5.90476
5.24467
4.57391
3.89249
3.20092
2.50018
1.79174
1.07747
0.359569
9.68773
9.06232
8.43434
7.80218
7.16437
6.51964
5.86697
5.20567
4.5354
3.85619
3.16849
2.47316
1.77143
1.06487
0.355297
9.68443
9.05255
8.41849
7.78087
7.13845
6.49016
5.83517
5.1729
4.50309
3.82578
3.14137
2.45059
1.75448
1.05436
0.351735
9.68164
9.0443
8.4051
7.76288
7.11659
6.46534
5.80843
5.14538
4.47598
3.80029
3.11866
2.43171
1.74032
1.04558
0.348761
9.67929
9.03734
8.39381
7.74772
7.09819
6.44445
5.78594
5.12226
4.45324
3.77893
3.09965
2.41592
1.72847
1.03824
0.346276
9.67731
9.03147
8.38429
7.73495
7.08269
6.42689
5.76705
5.10285
4.43416
3.76103
3.08373
2.4027
1.71857
1.03211
0.344199
9.67563
9.02652
8.37628
7.7242
7.06966
6.41212
5.75117
5.08656
4.41815
3.74603
3.0704
2.39164
1.71028
1.02698
0.342462
9.67423
9.02236
8.36954
7.71517
7.05871
6.39972
5.73785
5.07289
4.40474
3.73346
3.05923
2.38238
1.70335
1.02269
0.34101
9.67305
9.01887
8.36388
7.70758
7.04952
6.38931
5.72668
5.06143
4.3935
3.72293
3.04989
2.37463
1.69755
1.0191
0.339795
9.67206
9.01594
8.35913
7.70122
7.04181
6.38059
5.71732
5.05184
4.3841
3.71413
3.04207
2.36816
1.69271
1.0161
0.338781
9.67123
9.01348
8.35516
7.69589
7.03536
6.37329
5.70949
5.04382
4.37624
3.70677
3.03554
2.36275
1.68866
1.0136
0.337934
9.67053
9.01143
8.35184
7.69144
7.02997
6.3672
5.70296
5.03713
4.36968
3.70064
3.0301
2.35825
1.68529
1.01151
0.337229
9.66996
9.00973
8.34907
7.68774
7.02549
6.36213
5.69752
5.03156
4.36423
3.69554
3.02558
2.3545
1.68249
1.00978
0.336643
9.66948
9.00831
8.34678
7.68467
7.02178
6.35794
5.69302
5.02696
4.35972
3.69132
3.02184
2.35141
1.68018
1.00835
0.336159
9.66908
9.00715
8.3449
7.68215
7.01872
6.35448
5.68932
5.02317
4.35601
3.68785
3.01877
2.34886
1.67827
1.00717
0.33576
9.66876
9.0062
8.34336
7.68009
7.01623
6.35167
5.6863
5.02008
4.35299
3.68503
3.01627
2.34679
1.67672
1.00622
0.335436
9.6685
9.00543
8.34213
7.67844
7.01423
6.34941
5.68388
5.01761
4.35056
3.68276
3.01426
2.34513
1.67548
1.00545
0.335176
9.6683
9.00484
8.34116
7.67714
7.01267
6.34764
5.68199
5.01567
4.34866
3.68098
3.01268
2.34382
1.67451
1.00485
0.334973
9.66815
9.00438
8.34043
7.67616
7.01148
6.3463
5.68055
5.0142
4.34722
3.67964
3.01149
2.34284
1.67377
1.00439
0.334819
9.66804
9.00406
8.33991
7.67547
7.01064
6.34535
5.67954
5.01316
4.34621
3.6787
3.01065
2.34215
1.67325
1.00407
0.33471
9.66798
9.00387
8.33959
7.67504
7.01013
6.34477
5.67892
5.01253
4.34559
3.67811
3.01014
2.34172
1.67293
1.00387
0.334644
9.66795
9.00379
8.33946
7.67487
7.00992
6.34454
5.67867
5.01227
4.34534
3.67788
3.00993
2.34155
1.6728
1.00379
0.334617
9.66796
9.00383
8.33952
7.67495
7.01002
6.34465
5.67878
5.01239
4.34545
3.67798
3.01002
2.34162
1.67286
1.00383
0.334629
9.66801
9.00398
8.33977
7.67528
7.01041
6.34509
5.67926
5.01288
4.34593
3.67843
3.01042
2.34195
1.67311
1.00398
0.33468
9.6681
9.00425
8.34021
7.67587
7.01113
6.3459
5.68012
5.01376
4.34679
3.67924
3.01114
2.34254
1.67355
1.00425
0.334773
9.66824
9.00465
8.34086
7.67674
7.01218
6.34708
5.68139
5.01506
4.34806
3.68043
3.01219
2.34342
1.6742
1.00466
0.334909
9.66842
9.00519
8.34173
7.67791
7.01359
6.34869
5.68311
5.01681
4.34978
3.68203
3.01361
2.34459
1.67508
1.0052
0.335093
9.66866
9.00589
8.34286
7.67942
7.01542
6.35076
5.68533
5.01908
4.352
3.68411
3.01545
2.34611
1.67622
1.0059
0.33533
9.66895
9.00677
8.34428
7.68132
7.01772
6.35335
5.68811
5.02193
4.35479
3.68671
3.01775
2.34802
1.67764
1.00679
0.335629
9.66932
9.00785
8.34603
7.68366
7.02056
6.35655
5.69154
5.02544
4.35822
3.68992
3.0206
2.35038
1.67941
1.00787
0.335997
9.66977
9.00916
8.34816
7.68652
7.02401
6.36046
5.69572
5.02972
4.36242
3.69384
3.02408
2.35325
1.68156
1.0092
0.336447
9.67031
9.01076
8.35074
7.68997
7.02819
6.36518
5.70079
5.0349
4.36749
3.69859
3.02828
2.35674
1.68416
1.01081
0.336992
9.67095
9.01267
8.35385
7.69413
7.03322
6.37087
5.70689
5.04115
4.37361
3.70431
3.03335
2.36093
1.6873
1.01275
0.337648
9.67173
9.01497
8.35757
7.69912
7.03926
6.37769
5.7142
5.04864
4.38095
3.71117
3.03944
2.36597
1.69107
1.01509
0.338437
9.67266
9.01772
8.36202
7.70508
7.04647
6.38586
5.72296
5.0576
4.38973
3.71939
3.04673
2.37201
1.69559
1.01788
0.339383
9.67377
9.021
8.36733
7.71219
7.05509
6.3956
5.73341
5.06832
4.40024
3.72922
3.05545
2.37924
1.70099
1.02122
0.340514
9.67509
9.02491
8.37365
7.72067
7.06536
6.40723
5.74589
5.0811
4.41277
3.74096
3.06587
2.38787
1.70745
1.02522
0.341868
9.67666
9.02955
8.38118
7.73076
7.07759
6.42107
5.76076
5.09635
4.42773
3.75497
3.07831
2.39819
1.71517
1.03
0.343485
9.67853
9.03508
8.39013
7.74277
7.09214
6.43756
5.77847
5.11452
4.44557
3.77169
3.09316
2.4105
1.7244
1.03571
0.345417
9.68074
9.04164
8.40077
7.75703
7.10945
6.45717
5.79955
5.13616
4.46683
3.79163
3.11089
2.42521
1.73541
1.04253
0.347727
9.68338
9.04942
8.41339
7.77398
7.13
6.48048
5.82463
5.16194
4.49217
3.8154
3.13204
2.44277
1.74858
1.05068
0.350487
9.68649
9.05866
8.42836
7.79408
7.15442
6.50819
5.85447
5.19262
4.52236
3.84377
3.15729
2.46375
1.76431
1.06043
0.353789
9.69019
9.06959
8.4461
7.81792
7.18339
6.5411
5.88994
5.22914
4.55834
3.8776
3.18744
2.48882
1.78313
1.0721
0.357741
9.69456
9.08253
8.46711
7.84616
7.21774
6.58017
5.93211
5.27261
4.60122
3.91797
3.22346
2.51881
1.80565
1.08607
0.362475
9.69972
9.09782
8.49195
7.87959
7.25845
6.62653
5.98221
5.32434
4.65232
3.96617
3.26653
2.5547
1.83264
1.10282
0.368154
9.70581
9.11587
8.52129
7.91912
7.30664
6.68149
6.04171
5.38589
4.71325
4.02373
3.31804
2.59771
1.86501
1.12293
0.374975
9.71299
9.13715
8.5559
7.96579
7.36364
6.74661
6.11235
5.45911
4.78589
4.0925
3.37973
2.64929
1.9039
1.14711
0.383181
9.72143
9.16218
8.59665
8.02083
7.43096
6.82369
6.19616
5.54621
4.87252
4.17475
3.45367
2.71127
1.9507
1.17625
0.393076
9.73133
9.19156
8.64455
8.08562
7.51038
6.91482
6.29553
5.64979
4.97587
4.27316
3.54242
2.78584
2.00715
1.21145
0.405038
9.74292
9.22598
8.70072
8.16173
7.60389
7.02245
6.41325
5.77294
5.0992
4.39105
3.6491
2.87578
2.07539
1.25409
0.419542
9.75645
9.26618
8.76641
8.25093
7.71377
7.14933
6.55258
5.91929
5.24641
4.53239
3.77757
2.9845
2.15816
1.30592
0.437194
9.77219
9.31298
8.843
8.35518
7.8426
7.29866
6.71726
6.09312
5.42219
4.70206
3.93259
3.11632
2.25892
1.3692
0.458777
9.79042
9.36724
8.93198
8.47662
7.9932
7.47398
6.9116
6.29945
5.63211
4.906
4.12008
3.27669
2.3821
1.44684
0.485313
9.81145
9.42988
9.03491
8.61752
8.16866
7.67926
7.1405
6.54409
5.88284
5.15144
4.34749
3.47261
2.53353
1.54273
0.518163
9.83557
9.50184
9.1534
8.78028
8.37224
7.91881
7.40942
6.83373
6.18225
5.44725
4.62413
3.71309
2.72087
1.66206
0.559176
9.86308
9.58399
9.28903
8.96728
8.60733
8.19719
7.72435
7.176
6.53965
5.80424
4.96182
4.00993
2.95444
1.81199
0.610928
9.89424
9.67715
9.44325
9.18079
8.87725
8.5191
8.0917
7.57934
6.96583
6.23553
5.37549
4.37869
3.24837
2.00263
0.677115
9.92924
9.78199
9.6173
9.42281
9.18507
8.88909
8.51801
8.05291
7.47307
6.75688
5.88412
4.84016
3.62245
2.24864
0.763242
9.96823
9.89893
9.81202
9.69486
9.53331
9.3112
9.00957
8.60614
8.07497
7.38692
6.5116
5.42227
4.10492
2.57212
0.8779
10.0112
10.0281
10.0277
9.99769
9.92359
9.78849
9.57179
9.24803
8.78579
8.14697
7.28767
6.16269
4.73697
3.00769
1.03531
10.0581
10.1691
10.2641
10.3311
10.3562
10.3224
10.2083
9.98605
9.61918
9.06007
8.2482
7.11193
5.5798
3.61205
1.26095
10.1086
10.3213
10.5199
10.6935
10.8296
10.9121
10.9199
10.8244
10.586
10.1486
9.43397
8.336
6.7251
4.4826
1.6052
10.1624
10.4834
10.7929
11.0821
11.3403
11.5536
11.7031
11.7621
11.6909
11.4297
10.8858
9.91621
8.30896
5.79401
2.18067
10.2187
10.6533
11.0799
11.4921
11.882
12.2393
12.5492
12.79
12.9277
12.907
12.6333
11.9391
10.5231
7.86814
3.27557
10.2768
10.8289
11.377
11.9175
12.4464
12.9578
13.4433
13.8894
14.2744
14.5598
14.6727
14.4632
13.5975
11.2878
5.73055
10.3358
11.0074
11.6791
12.351
13.0229
13.6944
14.3645
15.0312
15.6903
16.3324
16.9358
17.4428
17.6746
16.9625
12.2854
10.3948
11.1857
11.9812
12.7845
13.5996
14.4318
15.288
16.1782
17.1177
18.1317
19.2657
20.6133
22.4071
25.3905
32.6551
10.4527
11.361
12.2777
13.2096
14.1644
15.1525
16.1877
17.2908
18.4933
19.8476
21.4472
23.4737
26.3132
30.8452
39.0324
10.5088
11.5302
12.5638
13.6187
14.7061
15.8402
17.0404
18.3342
19.7633
21.393
23.332
25.7692
29.0437
33.7614
40.9155
0.698772
1.25213
1.49331
1.58281
1.58406
1.52828
1.43327
1.31021
1.16663
1.00781
0.83769
0.65924
0.474834
0.286431
0.0957276
0.374852
0.858058
1.12927
1.26304
1.30686
1.2894
1.22862
1.13636
1.02076
0.887719
0.741607
0.585819
0.423075
0.255645
0.0855097
0.235997
0.611194
0.860668
1.00572
1.07219
1.08059
1.04583
0.978687
0.887012
0.776688
0.652234
0.517221
0.374565
0.226733
0.0759048
0.16436
0.45163
0.664567
0.802962
0.877841
0.901722
0.885523
0.838039
0.766198
0.675461
0.570186
0.453925
0.329644
0.1999
0.0669807
0.121506
0.34368
0.520226
0.644303
0.718898
0.750682
0.746928
0.714296
0.658498
0.58432
0.495761
0.396193
0.288513
0.17527
0.0587793
0.0931211
0.267413
0.412314
0.519999
0.589676
0.624311
0.628379
0.606633
0.563555
0.50316
0.428975
0.34409
0.251242
0.152893
0.0513188
0.0730341
0.211553
0.330241
0.422085
0.484781
0.519162
0.527749
0.513776
0.480631
0.431571
0.369614
0.297514
0.217787
0.132755
0.0445959
0.0581888
0.169462
0.266808
0.344406
0.399544
0.431918
0.442778
0.434228
0.408753
0.368933
0.317291
0.25623
0.188015
0.114786
0.0385896
0.0468874
0.137041
0.217084
0.28232
0.330111
0.359611
0.371282
0.366428
0.346833
0.3145
0.271506
0.219912
0.161722
0.0988774
0.0332653
0.0381001
0.11164
0.177642
0.232344
0.273377
0.29968
0.311255
0.308862
0.293753
0.267467
0.231691
0.188171
0.138659
0.0848896
0.0285783
0.0311597
0.0914728
0.146043
0.19186
0.226867
0.249973
0.260926
0.260124
0.248431
0.22702
0.197251
0.16059
0.11855
0.0726663
0.0244781
0.0256122
0.0752925
0.120521
0.15888
0.188619
0.208704
0.218757
0.218945
0.209855
0.192375
0.167596
0.136741
0.101108
0.0620428
0.0209108
0.0211367
0.0622026
0.0997693
0.131884
0.157074
0.174399
0.183435
0.184206
0.177103
0.162796
0.142159
0.116208
0.0860497
0.0528535
0.0178224
0.0174994
0.0515419
0.0828021
0.109696
0.130988
0.145849
0.15385
0.154933
0.149351
0.137611
0.120412
0.0985943
0.0731001
0.044938
0.0151597
0.0145259
0.0428127
0.0688663
0.091395
0.109368
0.122061
0.129068
0.130286
0.125874
0.116215
0.10187
0.0835331
0.0620022
0.0381442
0.0128727
0.0120837
0.0356337
0.0573775
0.0762572
0.0914122
0.102219
0.108306
0.109547
0.10604
0.0980733
0.0860978
0.0706891
0.0525195
0.0323316
0.0109147
0.0100701
0.0297087
0.0478769
0.0637052
0.0764752
0.0856534
0.0909073
0.0921046
0.0893
0.0827143
0.0727091
0.0597614
0.0444379
0.0273721
0.00924312
0.00840478
0.0248044
0.0400007
0.0532764
0.0640316
0.0718121
0.0763247
0.0774401
0.0751852
0.0697288
0.061363
0.050483
0.0375658
0.0231505
0.00781951
0.00702403
0.0207355
0.0334577
0.0445973
0.0536529
0.0602392
0.0641004
0.0651153
0.0632927
0.0587628
0.0517622
0.0426186
0.0317335
0.0195646
0.00660972
0.00587694
0.0173533
0.0280133
0.0373648
0.0449885
0.050558
0.0538521
0.0547599
0.0532797
0.0495118
0.0436489
0.0359632
0.0267922
0.0165242
0.0055836
0.00492247
0.0145379
0.0234773
0.0313316
0.03775
0.0424563
0.0452602
0.0460624
0.0448546
0.041715
0.036801
0.0303389
0.0226125
0.0139507
0.00471476
0.00412737
0.0121916
0.0196946
0.0262954
0.0317
0.0356752
0.0380579
0.0387602
0.0377705
0.03515
0.0310277
0.0255922
0.0190821
0.0117758
0.00398027
0.0034645
0.010235
0.0165382
0.0220895
0.0266422
0.0299995
0.032022
0.0326327
0.0318183
0.0296274
0.026166
0.0215913
0.0161044
0.00994049
0.00336032
0.00291166
0.00860276
0.0139038
0.0185767
0.0224144
0.0252504
0.0269661
0.0274944
0.0268218
0.0249868
0.022077
0.0182239
0.0135965
0.00839416
0.00283787
0.00245062
0.00724126
0.0117055
0.0156438
0.0188818
0.021279
0.0227344
0.0231898
0.0226322
0.0210923
0.0186428
0.0153938
0.0114879
0.0070935
0.00239835
0.00206636
0.00610631
0.00987241
0.0131968
0.0159329
0.0179615
0.0191968
0.0195885
0.0191243
0.0178293
0.0157636
0.0130198
0.00971822
0.00600164
0.00202934
0.0017465
0.00516144
0.00834589
0.0111584
0.013475
0.0151949
0.0162446
0.0165813
0.0161934
0.0151011
0.013355
0.011033
0.00823666
0.0050873
0.00172028
0.00148084
0.00437658
0.00707758
0.00946417
0.0114313
0.0128933
0.0137876
0.014077
0.0137513
0.0128269
0.0113463
0.00937531
0.0070002
0.00432406
0.00146227
0.00126096
0.00372691
0.00602752
0.00806111
0.00973828
0.0109859
0.0117504
0.0119998
0.0117247
0.0109389
0.00967808
0.00799816
0.0059727
0.0036897
0.0012478
0.00107994
0.003192
0.00516283
0.00690547
0.00834341
0.00941394
0.0100709
0.0102865
0.0100526
0.00938061
0.00830076
0.00686087
0.00512398
0.00316564
0.00107061
0.000932101
0.00275513
0.00445653
0.00596136
0.00720359
0.00812903
0.00869767
0.00888536
0.00868474
0.0081054
0.00717336
0.00592974
0.004429
0.00273645
0.000925492
0.000812845
0.0024027
0.00388669
0.00519953
0.00628367
0.0070918
0.0075889
0.00775375
0.00757973
0.00707505
0.00626223
0.00517711
0.00386716
0.00238945
0.000808158
0.000718461
0.00212377
0.00343564
0.00459646
0.00555536
0.00627047
0.00671077
0.00685736
0.00670426
0.00625858
0.00554014
0.00458055
0.00342178
0.00211436
0.000715135
0.000646026
0.00190969
0.00308946
0.00413356
0.00499627
0.00563992
0.00603653
0.00616902
0.0060319
0.00563146
0.00498544
0.00412224
0.0030796
0.001903
0.00064366
0.000593297
0.00175385
0.00283744
0.00379657
0.00458924
0.00518084
0.00554563
0.00566783
0.00554232
0.00517481
0.00458151
0.00378849
0.00283041
0.00174908
0.000591608
0.000558645
0.00165144
0.00267184
0.00357513
0.0043218
0.00487922
0.00522312
0.00533859
0.00522074
0.00487488
0.00431624
0.00356931
0.00266677
0.001648
0.000557429
0.000540995
0.00159928
0.00258751
0.00346242
0.00418572
0.00472583
0.00505918
0.00517132
0.00505745
0.00472265
0.00418166
0.00345817
0.00258381
0.00159677
0.000540107
0.000539799
0.00159576
0.00258186
0.00345494
0.00417682
0.00471595
0.00504881
0.00516094
0.00504751
0.00471356
0.00417376
0.00345175
0.00257908
0.00159388
0.000539132
0.00055501
0.00164074
0.00265466
0.00355242
0.00429476
0.00484925
0.00519167
0.00530713
0.00519064
0.00484737
0.00429236
0.00354991
0.00265247
0.00163925
0.000554484
0.000587082
0.00173556
0.0028081
0.0037578
0.00454312
0.00512975
0.00549209
0.00561434
0.00549121
0.00512815
0.00454107
0.00375565
0.00280623
0.00173429
0.000586634
0.000636986
0.00188309
0.00304682
0.00407727
0.0049294
0.00556596
0.00595916
0.00609187
0.00595833
0.00556444
0.00492746
0.00407524
0.00304505
0.00188189
0.000636562
0.000706235
0.00208781
0.00337805
0.00452054
0.00546532
0.0061711
0.00660707
0.00675422
0.00660619
0.00616948
0.00546325
0.00451838
0.00337617
0.00208653
0.000705783
0.000796929
0.00235592
0.00381186
0.00510105
0.00616714
0.00696353
0.00745546
0.00762149
0.00745442
0.00696162
0.0061647
0.0050985
0.00380964
0.00235442
0.000796396
0.000911826
0.00269558
0.00436141
0.00583643
0.00705617
0.00796731
0.00853009
0.00871998
0.00852877
0.00796489
0.00705306
0.00583318
0.00435858
0.00269366
0.000911147
0.00105442
0.00311711
0.0050434
0.00674903
0.00815941
0.00921292
0.00986357
0.010083
0.0098618
0.00920968
0.00815527
0.0067447
0.00503963
0.00311455
0.00105351
0.00122904
0.00363332
0.00587858
0.00786658
0.00951039
0.0107382
0.0114964
0.011752
0.0114939
0.0107337
0.00950471
0.00786064
0.0058734
0.00362981
0.0012278
0.001441
0.00425991
0.00689233
0.00922305
0.0111502
0.0125894
0.0134781
0.0137775
0.0134747
0.0125832
0.0111423
0.00921479
0.00688514
0.00425503
0.00143927
0.00169676
0.00501597
0.00811551
0.0108597
0.0131285
0.0148229
0.0158688
0.0162209
0.0158641
0.0148142
0.0131175
0.0108481
0.00810543
0.00500913
0.00169434
0.00200411
0.00592451
0.00958536
0.0128264
0.0155057
0.0175064
0.0187412
0.0191565
0.0187346
0.0174943
0.0154902
0.0128101
0.00957118
0.00591489
0.0020007
0.00237241
0.00701322
0.0113467
0.0151829
0.0183541
0.0207217
0.0221825
0.0226733
0.0221731
0.0207045
0.0183321
0.0151599
0.0113267
0.00699967
0.00236761
0.0028129
0.00831532
0.0134531
0.0180011
0.0217602
0.0245663
0.0262972
0.0268779
0.026284
0.0245421
0.0217293
0.0179687
0.0134249
0.0082962
0.00280614
0.00333903
0.00987055
0.0159689
0.0213668
0.0258279
0.0291574
0.0312103
0.031898
0.0311916
0.0291233
0.0257842
0.0213212
0.0159292
0.00984357
0.00332949
0.0039669
0.0117265
0.018971
0.0253829
0.0306812
0.0346345
0.0370711
0.0378858
0.0370448
0.0345864
0.0306195
0.0253184
0.0189149
0.0116884
0.00395343
0.00471573
0.0139398
0.0225512
0.0301719
0.036468
0.0411646
0.0440578
0.0450231
0.0440206
0.0410967
0.036381
0.0300809
0.022472
0.0138861
0.00469672
0.00560848
0.0165786
0.0268192
0.0358804
0.0433651
0.0489466
0.0523828
0.0535262
0.0523303
0.0488507
0.0432423
0.035752
0.0267074
0.0165027
0.00558164
0.0066726
0.0197237
0.0319058
0.0426832
0.0515834
0.0582179
0.0622993
0.0636532
0.0622252
0.0580825
0.0514101
0.042502
0.031748
0.0196166
0.00663471
0.00794087
0.0234721
0.0379676
0.0507892
0.0613744
0.0692615
0.0741092
0.0757113
0.0740045
0.0690703
0.0611298
0.0505333
0.0377448
0.0233208
0.00788738
0.00945249
0.0279394
0.0451913
0.0604476
0.0730385
0.0824149
0.0881721
0.0900663
0.0880243
0.082145
0.0726931
0.0600863
0.0448767
0.0277259
0.00937697
0.0112543
0.0332641
0.0538003
0.0719562
0.086934
0.0980808
0.104916
0.107154
0.104708
0.0976998
0.0864463
0.0714462
0.0533562
0.0329627
0.0111477
0.0134024
0.0396116
0.0640617
0.0856709
0.103489
0.116739
0.124853
0.127492
0.124559
0.116201
0.1028
0.084951
0.0634348
0.0391861
0.0132519
0.015964
0.0471803
0.0762951
0.102017
0.123214
0.138964
0.14859
0.151697
0.148175
0.138204
0.122243
0.101001
0.0754101
0.0465796
0.0157515
0.0190197
0.0562079
0.0908835
0.121505
0.146722
0.165438
0.176854
0.180504
0.176267
0.164366
0.14535
0.12007
0.0896341
0.0553599
0.0187197
0.0226661
0.0669796
0.108286
0.144744
0.174743
0.196979
0.210508
0.214787
0.20968
0.195465
0.172806
0.142719
0.106523
0.0657824
0.0222427
0.0270198
0.0798386
0.129055
0.172467
0.208152
0.234563
0.250585
0.255584
0.249416
0.232427
0.205418
0.169607
0.126565
0.0781484
0.0264219
0.0322209
0.0951979
0.153854
0.205552
0.248001
0.279358
0.298315
0.304132
0.296664
0.276343
0.244141
0.201516
0.150339
0.0928118
0.0313769
0.038439
0.113556
0.183484
0.245059
0.295547
0.332763
0.355164
0.361902
0.352835
0.328506
0.290099
0.239361
0.178521
0.110188
0.0372473
0.0458793
0.135518
0.21891
0.292263
0.352307
0.396452
0.422887
0.430644
0.419599
0.390443
0.344616
0.284219
0.211904
0.130762
0.0441968
0.0547913
0.161815
0.261307
0.348706
0.420105
0.472433
0.503576
0.512438
0.498935
0.463952
0.409248
0.337349
0.251414
0.1551
0.0524156
0.0654793
0.193342
0.312097
0.416255
0.501141
0.56312
0.599733
0.609756
0.593183
0.551149
0.485816
0.400222
0.29813
0.18386
0.0621246
0.0783164
0.231191
0.373021
0.497182
0.59808
0.671416
0.714348
0.725536
0.705104
0.654521
0.576447
0.474548
0.353301
0.217801
0.0735788
0.0937623
0.276708
0.446211
0.594259
0.71415
0.800817
0.850998
0.863267
0.837955
0.776975
0.683617
0.562305
0.418364
0.257796
0.0870707
0.112387
0.331556
0.534294
0.710882
0.853285
0.955547
1.01396
1.02709
0.995564
0.921906
0.810191
0.665769
0.494968
0.304843
0.102934
0.134903
0.39781
0.640531
0.851235
1.02029
1.14071
1.20837
1.2219
1.18242
1.09325
0.95947
0.787542
0.584987
0.360068
0.121544
0.162208
0.478078
0.768995
1.0205
1.22104
1.36251
1.44036
1.4535
1.40377
1.29557
1.13523
0.930576
0.690529
0.424737
0.143324
0.195447
0.575668
0.924818
1.22515
1.46281
1.62845
1.71729
1.72873
1.66572
1.53408
1.34174
1.09818
0.813941
0.500248
0.168737
0.236094
0.694828
1.11453
1.47331
1.75458
1.94771
2.04794
2.05563
1.97532
1.81472
1.5838
1.29402
0.957799
0.588128
0.198288
0.286081
0.841086
1.34653
1.77528
2.10752
2.33147
2.44283
2.44361
2.34065
2.14418
1.86671
1.52209
1.12488
0.690005
0.232515
0.347981
1.02175
1.63179
2.14424
2.53565
2.79338
2.91449
2.90362
2.77087
2.52987
2.19624
1.78665
1.3181
0.807581
0.271976
0.425288
1.24665
1.98479
2.59725
3.05657
3.35014
3.47776
3.44823
3.27625
2.97983
2.5785
2.09215
1.54044
0.942569
0.317228
0.522875
1.52934
2.42506
3.15657
3.69255
4.02212
4.15011
4.09172
3.868
3.50263
3.01976
2.44299
1.79483
1.09662
0.368807
0.647737
1.88892
2.97932
3.85163
4.47182
4.83404
4.95184
4.84996
4.55809
4.10696
3.5262
2.8434
2.08393
1.27122
0.427187
0.810298
2.35317
3.68502
4.72173
5.4302
5.81563
5.90608
5.74009
5.35872
4.80127
4.10346
3.297
2.40999
1.46756
0.492741
1.02682
2.96395
4.59562
5.81973
6.61285
7.00201
7.03834
6.77972
6.28157
5.59301
4.75612
3.80651
2.7745
1.68639
0.56569
1.32425
3.78682
5.78919
7.21696
8.07596
8.43332
8.37534
7.98563
7.33657
6.48769
5.48699
4.37319
3.17794
1.92781
0.646051
1.75076
4.92924
7.38172
9.00907
9.88735
10.153
9.94261
9.37155
8.53025
7.48772
6.29636
4.99639
3.61943
2.19119
0.733584
2.4016
6.57578
9.54717
11.3213
12.1241
12.203
11.7603
10.945
9.86358
8.59102
7.18107
5.673
4.0965
2.47493
0.827748
3.48921
9.0575
12.544
14.3078
14.8634
14.6152
13.8364
12.7033
11.3295
9.78964
8.13382
6.39708
4.60482
2.77643
0.927673
5.55605
12.9848
16.7369
18.1332
18.1608
17.3958
16.1584
14.6285
12.9107
11.0686
9.14269
7.15964
5.13817
3.09205
1.03216
10.1807
19.4653
22.5655
22.909
22.0082
20.5042
18.6834
16.684
14.578
12.4058
10.1911
7.94879
5.68857
3.41719
1.13971
22.4973
30.2404
30.3082
28.5486
26.2743
23.8325
21.3322
18.8133
16.2912
13.7723
11.2586
8.75029
6.24665
3.74654
1.2486
10.5674
11.7071
12.8621
14.0439
15.2662
16.5462
17.9065
19.3785
21.0067
22.8564
25.0245
27.6545
30.9443
35.1076
40.131
10.6263
11.8847
13.1607
14.4672
15.8194
17.2357
18.7396
20.3614
22.1416
24.134
26.4087
29.0508
32.1439
35.7156
39.6079
10.6796
12.0448
13.4286
14.8447
16.3083
17.8377
19.4545
21.1856
23.064
25.129
27.4253
29.9957
32.8643
36.0027
39.2831
10.7266
12.1861
13.6642
15.1745
16.7315
18.3519
20.0549
21.8624
23.7994
25.8925
28.1674
30.6419
33.3144
36.1472
39.0533
10.7676
12.3087
13.8677
15.4574
17.0911
18.7835
20.5505
22.4095
24.3783
26.4739
28.7095
31.0897
33.6037
36.2177
38.8734
10.8026
12.4132
14.0406
15.6961
17.3918
19.1402
20.9541
22.8466
24.8301
26.9148
29.1066
31.4034
33.7924
36.2462
38.7245
10.832
12.501
14.1851
15.8946
17.6398
19.4311
21.2787
23.1924
25.1804
27.2485
29.3981
31.6247
33.9157
36.2498
38.598
10.8564
12.5736
14.3043
16.0573
17.8415
19.6655
21.5372
23.4637
25.4504
27.5001
29.6122
31.781
33.9955
36.2388
38.4894
10.8763
12.6327
14.4009
16.1887
18.0033
19.8519
21.7406
23.6745
25.657
27.6892
29.7692
31.8913
34.046
36.2199
38.3966
10.8922
12.68
14.478
16.293
18.1311
19.998
21.8985
23.8364
25.8136
27.8302
29.8836
31.9686
34.0769
36.1978
38.3182
10.9046
12.7169
14.5381
16.374
18.2298
20.1102
22.019
23.9587
25.9306
27.9339
29.966
32.0221
34.0949
36.1755
38.2535
10.9141
12.7448
14.5835
16.435
18.3038
20.1939
22.1082
24.0486
26.0157
28.0085
30.0242
32.0583
34.1046
36.1555
38.202
10.9208
12.7648
14.6159
16.4785
18.3564
20.2532
22.1711
24.1116
26.0749
28.0598
30.0635
32.0819
34.1094
36.1392
38.1635
10.9252
12.7777
14.6368
16.5064
18.3902
20.291
22.2111
24.1515
26.1122
28.0919
30.0878
32.0961
34.1115
36.1277
38.1379
10.9273
12.784
14.647
16.52
18.4066
20.3095
22.2306
24.1709
26.1302
28.1073
30.0994
32.1027
34.1121
36.1218
38.1251
44.4303
46.6538
49.9996
51.7631
54.1336
55.4014
57.0666
57.8549
58.561
59.878
60.7187
62.058
62.9089
64.2745
65.1713
66.696
67.5432
68.7527
69.4451
70.4368
71.0057
71.803
72.2011
72.5857
73.3256
73.8301
74.6728
75.2475
76.2263
76.9115
78.1457
78.8642
79.9597
80.6076
81.5884
82.1655
83.0167
83.4481
83.8888
84.777
85.4098
86.5249
87.3158
88.7354
89.7509
91.6501
92.7564
94.4864
95.5104
97.1061
98.0407
99.4622
100.161
100.879
102.386
103.429
105.295
106.551
108.789
110.281
112.991
114.469
116.665
117.881
119.681
120.663
122.077
122.719
123.323
124.58
125.364
126.713
127.523
128.9
129.715
131.133
131.827
132.835
133.326
134.097
134.459
135.141
135.296
135.499
136.589
136.256
135.048
132.563
127.061
112.712
42.9933
45.6216
48.1889
50.327
52.3214
53.9643
55.4681
56.6889
57.8093
58.9969
60.1157
61.293
62.4009
63.5738
64.6844
65.8623
66.9062
67.9371
68.8387
69.72
70.4886
71.2312
71.8701
72.4927
73.1845
73.8721
74.6322
75.3886
76.233
77.0757
78.0153
78.8856
79.7877
80.6078
81.445
82.2005
82.9607
83.6374
84.3284
85.1343
85.9707
86.9385
87.9391
89.1025
90.2947
91.6629
92.9425
94.2915
95.5239
96.7999
97.9506
99.1183
100.143
101.191
102.431
103.703
105.172
106.647
108.33
109.981
111.815
113.44
115.07
116.468
117.835
118.981
120.068
120.939
121.754
122.664
123.518
124.44
125.275
126.157
126.926
127.71
128.3
128.812
129.133
129.363
129.402
129.318
128.954
128.355
127.484
125.695
122.648
117.702
109.591
96.2507
42.2026
44.6764
46.9956
49.097
51.0144
52.7269
54.2763
55.6667
56.9598
58.2137
59.4278
60.6268
61.7983
62.9619
64.0995
65.2206
66.2871
67.3065
68.2607
69.1645
70.0081
70.8075
71.5615
72.2988
73.0482
73.8089
74.5957
75.4019
76.2409
77.0995
77.9835
78.8599
79.7329
80.5821
81.418
82.2274
83.0241
83.8047
84.6013
85.4467
86.341
87.3039
88.3266
89.4271
90.5836
91.8021
93.0274
94.2631
95.4735
96.6727
97.8346
98.9783
100.092
101.226
102.429
103.692
105.039
106.441
107.915
109.415
110.94
112.403
113.806
115.1
116.303
117.385
118.368
119.24
120.045
120.827
121.571
122.291
122.956
123.575
124.112
124.564
124.882
125.061
125.07
124.903
124.521
123.895
122.947
121.599
119.702
116.941
112.983
107.397
99.6474
89.3462
41.671
43.9534
46.1149
48.1315
50.0014
51.7236
53.3125
54.7837
56.166
57.487
58.7607
59.9992
61.2061
62.3864
63.5372
64.6566
65.7347
66.7686
67.7543
68.6944
69.5901
70.4482
71.2758
72.0866
72.8945
73.7068
74.5302
75.3669
76.2196
77.0854
77.9615
78.8382
79.7111
80.5744
81.4282
82.2714
83.1093
83.9481
84.8025
85.6875
86.6114
87.582
88.6007
89.6697
90.782
91.9303
93.0962
94.2697
95.438
96.5978
97.7437
98.8797
100.011
101.158
102.339
103.56
104.825
106.129
107.463
108.81
110.151
111.452
112.696
113.861
114.942
115.93
116.826
117.634
118.368
119.043
119.66
120.216
120.703
121.109
121.417
121.61
121.663
121.553
121.257
120.749
119.991
118.935
117.513
115.633
113.161
109.908
105.661
100.204
93.3774
85.2337
41.2788
43.4037
45.442
47.3766
49.2001
50.9115
52.5172
54.028
55.4595
56.8273
58.1432
59.4162
60.6514
61.8523
63.0192
64.1511
65.2449
66.2991
67.3127
68.2872
69.2253
70.1317
71.013
71.8775
72.7335
73.5876
74.4446
75.3076
76.1781
77.0554
77.9375
78.8207
79.7021
80.5793
81.4522
82.3219
83.1919
84.068
84.9582
85.8712
86.8134
87.7895
88.8012
89.8485
90.9274
92.0319
93.1528
94.2823
95.4133
96.5418
97.6654
98.7859
99.9078
101.04
102.189
103.361
104.556
105.769
106.993
108.214
109.416
110.583
111.696
112.743
113.714
114.604
115.409
116.131
116.774
117.341
117.832
118.242
118.562
118.782
118.887
118.857
118.674
118.313
117.749
116.952
115.885
114.501
112.738
110.518
107.745
104.303
100.078
94.9833
89.0023
82.2599
40.9752
42.978
44.9179
46.7811
48.5596
50.251
51.8577
53.3858
54.8439
56.2416
57.5869
58.8866
60.1453
61.3662
62.5508
63.6993
64.8114
65.8869
66.9264
67.9315
68.9049
69.8505
70.7735
71.6795
72.5743
73.463
74.3495
75.2365
76.1258
77.0174
77.9109
78.8047
79.6978
80.5894
81.4799
82.3707
83.2648
84.1662
85.0801
86.0118
86.9655
87.9443
88.9495
89.9805
91.0349
92.1085
93.1958
94.2915
95.3911
96.4913
97.5904
98.6889
99.7888
100.894
102.007
103.129
104.259
105.393
106.524
107.641
108.733
109.787
110.79
111.732
112.603
113.398
114.111
114.741
115.287
115.748
116.119
116.394
116.565
116.621
116.546
116.325
115.938
115.363
114.574
113.543
112.236
110.61
108.617
106.198
103.289
99.8235
95.7476
91.0369
85.7219
79.9132
40.7334
42.6422
44.5037
46.3066
48.0437
49.7117
51.3106
52.8434
54.3147
55.7302
57.0954
58.415
59.6928
60.9316
62.1333
63.299
64.4295
65.5256
66.5886
67.6204
68.6234
69.601
70.5573
71.4964
72.4228
73.3404
74.2524
75.1613
76.0688
76.9757
77.8824
78.7887
79.6945
80.6
81.5059
82.4138
83.3259
84.2452
85.1752
86.1193
87.0802
88.0599
89.0592
90.0777
91.1135
92.1639
93.2253
94.294
95.3667
96.4409
97.5149
98.5883
99.6613
100.735
101.809
102.883
103.955
105.02
106.073
107.104
108.104
109.063
109.972
110.82
111.601
112.306
112.931
113.471
113.923
114.281
114.541
114.694
114.733
114.644
114.415
114.03
113.471
112.717
111.746
110.531
109.043
107.247
105.107
102.582
99.6322
96.2217
92.3294
87.9591
83.1509
77.9901
40.5376
42.3739
44.1731
45.9261
47.6267
49.2711
50.8581
52.3886
53.865
55.2905
56.6686
58.0026
59.2954
60.5495
61.7666
62.9484
64.0961
65.2111
66.2949
67.3495
68.3773
69.3813
70.3646
71.3307
72.283
73.2247
74.1585
75.0869
76.0114
76.9333
77.8534
78.7723
79.6905
80.6087
81.5278
82.4494
83.3753
84.3077
85.2489
86.2012
87.1665
88.146
89.1402
90.1486
91.1699
92.2022
93.2428
94.2892
95.3388
96.3893
97.439
98.4868
99.5318
100.573
101.61
102.639
103.659
104.665
105.65
106.609
107.532
108.411
109.239
110.005
110.704
111.328
111.871
112.327
112.69
112.955
113.114
113.159
113.081
112.868
112.507
111.984
111.283
110.383
109.267
107.91
106.29
104.379
102.15
99.5775
96.6369
93.3118
89.5982
85.5103
81.0864
76.3905
40.3782
42.1584
43.9083
45.6206
47.2898
48.9123
50.486
52.0109
53.4877
54.9181
56.3044
57.6486
58.953
60.2195
61.45
62.6459
63.8089
64.9404
66.0421
67.1162
68.1647
69.1903
70.1957
71.1837
72.1573
73.1191
74.0716
75.0169
75.9566
76.8923
77.825
78.7558
79.6853
80.6148
81.5451
82.4778
83.4143
84.3562
85.3053
86.2632
87.2311
88.2097
89.1993
90.1995
91.2093
92.227
93.2508
94.2786
95.3081
96.3374
97.3646
98.388
99.406
100.417
101.419
102.408
103.383
104.337
105.266
106.163
107.021
107.833
108.59
109.287
109.914
110.466
110.934
111.314
111.598
111.779
111.849
111.8
111.621
111.303
110.831
110.194
109.376
108.361
107.131
105.668
103.953
101.965
99.6869
97.1006
94.1936
90.9601
87.4043
83.5441
79.4124
75.0579
40.249
41.9858
43.697
45.3766
47.0197
48.6228
50.1838
51.7017
53.1764
54.6087
55.9998
57.3511
58.6642
59.9407
61.1822
62.3901
63.566
64.7115
65.8284
66.9186
67.9841
69.0273
70.0507
71.0566
72.0476
73.026
73.9941
74.9537
75.9067
76.8545
77.7985
78.7397
79.6793
80.6183
81.558
82.4995
83.4441
84.3932
85.348
86.3096
87.2789
88.2564
89.2421
90.2355
91.2359
92.2418
93.2518
94.264
95.2765
96.2872
97.2942
98.2956
99.2891
100.273
101.243
102.198
103.133
104.044
104.925
105.771
106.575
107.33
108.029
108.665
109.231
109.72
110.125
110.438
110.652
110.76
110.754
110.624
110.362
109.955
109.393
108.663
107.752
106.646
105.329
103.788
102.006
99.9695
97.6655
95.084
92.219
89.0708
85.6476
81.9673
78.0578
73.9572
40.1457
41.8493
43.5306
45.1844
46.8064
48.3933
49.9429
51.4538
52.9254
54.3578
55.7517
57.1078
58.4273
59.7115
60.9617
62.1794
63.3659
64.5229
65.6522
66.7554
67.8347
68.8921
69.9297
70.9499
71.9549
72.9467
73.9275
74.8991
75.8631
76.8212
77.7747
78.7249
79.6729
80.6199
81.5671
82.5156
83.4664
84.4208
85.3797
86.3438
87.3139
88.2901
89.2723
90.2603
91.2531
92.2496
93.2484
94.2478
95.246
96.241
97.2307
98.213
99.1854
100.145
101.09
102.015
102.917
103.792
104.634
105.438
106.198
106.906
107.557
108.144
108.659
109.095
109.445
109.702
109.858
109.905
109.835
109.639
109.307
108.829
108.195
107.391
106.408
105.232
103.85
102.252
100.424
98.3572
96.0424
93.4741
90.6508
87.5761
84.2599
80.719
76.9773
73.0653
40.0656
41.7446
43.4033
45.0374
46.6429
48.2169
49.757
51.2617
52.7301
54.1618
55.557
56.9163
58.2404
59.5304
60.7873
62.0125
63.2074
64.3735
65.5124
66.6259
67.7158
68.7842
69.8329
70.8642
71.88
72.8824
73.8732
74.8542
75.8271
76.7935
77.7547
78.712
79.6668
80.6201
81.5732
82.527
83.4825
84.4408
85.4025
86.3683
87.3387
88.3137
89.2932
90.2768
91.2637
92.2528
93.2427
94.232
95.2187
96.201
97.1766
98.1432
99.0983
100.039
100.962
101.863
102.739
103.586
104.397
105.168
105.892
106.564
107.177
107.723
108.197
108.591
108.898
109.11
109.219
109.217
109.096
108.848
108.461
107.928
107.237
106.378
105.339
104.111
102.683
101.044
99.1857
97.1003
94.7826
92.2298
89.4431
86.4279
83.1945
79.7585
76.1408
72.3667
40.0069
41.6683
43.3109
44.9307
46.5242
48.0885
49.6214
51.1212
52.5867
54.0175
55.4134
56.7746
58.1019
59.3959
60.6577
61.8884
63.0894
64.2622
65.4082
66.5292
67.627
68.7034
69.7603
70.7997
71.8235
72.8336
73.8318
74.8198
75.7994
76.772
77.739
78.7018
79.6616
80.6196
81.577
82.5346
83.4935
84.4545
85.4181
86.3851
87.3555
88.3296
89.307
90.2873
91.2698
92.2534
93.2368
94.2184
95.1965
96.1691
97.134
98.0887
99.0305
99.9564
100.863
101.747
102.603
103.428
104.216
104.963
105.661
106.305
106.889
107.406
107.85
108.212
108.485
108.663
108.737
108.699
108.54
108.253
107.826
107.252
106.52
105.62
104.542
103.278
101.817
100.151
98.2724
96.1766
93.8597
91.321
88.5631
85.5924
82.4193
79.0583
75.5282
71.8508
39.9683
41.6185
43.2506
44.8612
46.4468
48.0048
49.5328
51.0291
52.4926
53.9225
55.3187
56.6811
58.0103
59.3069
60.5718
61.8062
63.0112
64.1883
65.339
66.465
67.5679
68.6496
69.7119
70.7566
71.7857
72.8008
73.8039
74.7967
75.7806
76.7573
77.7282
78.6946
79.6578
80.619
81.5791
82.5393
83.5003
84.463
85.4279
86.3955
87.3659
88.3393
89.3153
90.2934
91.273
92.2529
93.2319
94.2085
95.1809
96.147
97.1046
98.0513
98.9842
99.9002
100.796
101.668
102.511
103.322
104.095
104.825
105.506
106.132
106.697
107.194
107.617
107.958
108.21
108.365
108.415
108.353
108.169
107.855
107.402
106.801
106.042
105.116
104.013
102.725
101.244
99.5609
97.671
95.5696
93.2546
90.7263
87.9882
85.047
81.9132
78.6006
75.1263
71.5104
39.9492
41.5938
43.2209
44.8269
46.4087
47.9634
49.4889
50.9835
52.4459
53.8754
55.2716
56.6346
57.9647
59.2626
60.5291
61.7652
62.9722
64.1515
65.3046
66.433
67.5384
68.6227
69.6877
70.735
71.7667
72.7844
73.7899
74.785
75.7711
76.7499
77.7227
78.691
79.6558
80.6185
81.5801
82.5415
83.5036
84.4671
85.4326
86.4004
87.3709
88.3439
89.3191
90.2962
91.2743
92.2524
93.2293
94.2033
95.1728
96.1356
97.0896
98.0323
98.9607
99.8718
100.762
101.628
102.465
103.268
104.034
104.755
105.428
106.045
106.6
107.088
107.5
107.831
108.071
108.215
108.254
108.179
107.983
107.656
107.19
106.576
105.803
104.864
103.749
102.45
100.959
99.2678
97.3725
95.2688
92.955
90.4322
87.7041
84.7777
81.6632
78.3743
74.9273
71.3412
64.5013
47.9556
40.2207
35.145
31.0948
27.5378
24.2599
21.1576
18.1731
15.2713
12.4286
9.62825
6.85776
4.10711
1.3678
74.2754
58.4697
48.3745
41.3151
35.8595
31.3005
27.2779
23.5967
20.1432
16.8473
13.6623
10.556
7.50449
4.48903
1.49412
75.881
63.2724
53.4915
45.8807
39.7272
34.5262
29.9542
25.8075
21.9556
18.3119
14.8172
11.4289
8.115
4.85033
1.61374
75.4048
65.2463
56.4376
48.988
42.6419
37.1222
32.2046
27.7232
23.5592
19.6274
15.8655
12.2271
8.67616
5.18349
1.7242
74.3631
65.8695
58.0235
50.9912
44.7292
39.1157
34.0183
29.3212
24.9304
20.7725
16.79
12.9377
9.17891
5.48316
1.82376
73.1992
65.8439
58.7949
52.2231
46.1675
40.5923
35.4312
30.6122
26.0683
21.7418
17.5841
13.5544
9.61851
5.7464
1.91141
72.065
65.5109
59.088
52.9382
47.1245
41.654
36.5016
31.6276
26.9884
22.542
18.2497
14.0773
9.99411
5.97244
1.98685
71.0201
65.0455
59.107
53.3162
47.7376
42.397
37.2929
32.4076
27.7154
23.1876
18.7953
14.5108
10.308
6.16231
2.05038
70.0899
64.5429
58.9776
53.481
48.112
42.9029
37.8648
32.994
28.2775
23.6973
19.2327
14.8623
10.5646
6.31831
2.10271
69.2861
64.0577
58.7784
53.5172
48.3257
43.2371
38.2688
33.4254
28.7029
24.0909
19.5757
15.141
10.7695
6.44352
2.14481
68.6136
63.6224
58.5601
53.4829
48.4357
43.4504
38.5472
33.7356
29.0172
24.3875
19.8377
15.3561
10.9289
6.54133
2.17776
68.0748
63.2571
58.3558
53.4178
48.4828
43.581
38.7332
33.9519
29.2423
24.6038
20.0313
15.5165
11.0485
6.61503
2.20265
67.6706
62.9745
58.187
53.349
48.4961
43.6568
38.8521
34.096
29.3959
24.7537
20.167
15.6297
11.1334
6.66752
2.2204
67.4011
62.7824
58.0676
53.2941
48.4949
43.6972
38.9219
34.1836
29.491
24.8477
20.2528
15.7018
11.1877
6.70116
2.23179
67.2664
62.6853
58.006
53.2641
48.4914
43.7144
38.9539
34.2248
29.5364
24.893
20.2943
15.7368
11.2141
6.71757
2.23735
)
;

boundaryField
{
    hot
    {
        type            fixedValue;
        value           uniform 10;
    }
    cold
    {
        type            fixedValue;
        value           uniform 0;
    }
    interface_left
    {
        type            fixedValue;
        value           nonuniform List<scalar> 
90
(
0
0
0
0
0
0
0
0
0
0
0
0
0
0
0
0
0
0
0
0
0
0
0
0
0
0
0
0
0
0
0
0
0
0
0
0
0
0
0
0
0
0
0
0
0
0
0
0
0
0
0
0
0
0
0
0
0
0
0
0
0
0
0
0
0
0
0
0
0
0
0
0
0
0
0
0
0
0
0
0
0
0
0
0
0
0
0
46.3616
46.3616
46.3616
)
;
    }
    interface_right
    {
        type            fixedValue;
        value           uniform 0;
    }
    interface_top
    {
        type            fixedValue;
        value           nonuniform List<scalar> 
90
(
46.3616
46.3616
52.0437
52.0437
55.8333
55.8333
58.4966
58.4966
58.4966
60.6608
60.6608
62.7917
62.7917
64.962
64.962
67.6002
67.6002
69.5322
69.5322
71.0991
71.0991
72.3759
72.3759
72.3759
73.565
73.565
74.8855
74.8855
76.4337
76.4337
78.5815
78.5815
80.3673
80.3673
81.9502
81.9502
83.3463
83.3463
83.3463
84.7815
84.7815
86.551
86.551
88.8422
88.8422
92.2138
92.2138
95.0915
95.0915
97.7345
97.7345
100.154
100.154
100.154
102.697
102.697
105.796
105.796
109.554
109.554
114.466
114.466
118.167
118.167
121.192
121.192
123.636
123.636
123.636
125.878
125.878
128.238
128.238
130.675
130.675
133.364
133.364
135.219
135.219
136.757
136.757
138.431
138.431
138.431
142.165
142.165
142.165
142.165
142.165
142.165
)
;
    }
    interface_bottom
    {
        type            fixedValue;
        value           nonuniform List<scalar> 
90
(
46.3616
46.3616
49.4951
49.4951
52.2596
52.2596
54.5141
54.5141
54.5141
56.5526
56.5526
58.6611
58.6611
60.9016
60.9016
63.3704
63.3704
64.7672
64.7672
65.5295
65.5295
65.8519
65.8519
65.8519
65.8531
65.8531
65.5698
65.5698
64.9758
64.9758
64.0028
64.0028
63.0827
63.0827
62.1225
62.1225
61.119
61.119
61.119
59.9224
59.9224
58.3975
58.3975
56.5437
56.5437
54.2432
54.2432
52.4533
52.4533
50.7963
50.7963
49.1981
49.1981
49.1981
47.4088
47.4088
45.2273
45.2273
42.667
42.667
39.5766
39.5766
37.2271
37.2271
35.0864
35.0864
33.0491
33.0491
33.0491
30.7916
30.7916
28.0408
28.0408
24.7697
24.7697
20.6573
20.6573
17.3907
17.3907
14.2843
14.2843
11.1699
11.1699
11.1699
7.22266
7.22266
7.22266
0
0
0
)
;
    }
    defaultFaces
    {
        type            empty;
    }
}


// ************************************************************************* //
