/*--------------------------------*- C++ -*----------------------------------*\
| =========                 |                                                 |
| \\      /  F ield         | OpenFOAM: The Open Source CFD Toolbox           |
|  \\    /   O peration     | Version:  5.x                                   |
|   \\  /    A nd           | Web:      www.OpenFOAM.org                      |
|    \\/     M anipulation  |                                                 |
\*---------------------------------------------------------------------------*/
FoamFile
{
    version     2.0;
    format      ascii;
    class       volScalarField;
    location    "2.3";
    object      gradTy;
}
// * * * * * * * * * * * * * * * * * * * * * * * * * * * * * * * * * * * * * //

dimensions      [0 -1 0 1 0 0 0];

internalField   nonuniform List<scalar> 
6300
(
1126.31
1379.45
1634.07
1891.13
2151.5
2415.92
2685
2959.11
3238.4
3522.68
3811.41
4103.67
4398.13
4693.1
4986.55
-0.76269
-2.26589
-3.70119
-5.0187
-6.16209
-7.06731
-7.6628
-7.87178
-7.61747
-6.83168
-5.4666
-3.50864
-0.991487
1.99552
5.30827
-1.29582
-3.85213
-6.29984
-8.55827
-10.535
-12.1232
-13.2009
-13.6343
-13.2859
-12.029
-9.76876
-6.46804
-2.17399
2.96343
8.68988
-1.86424
-5.5468
-9.08762
-12.3794
-15.2965
-17.6896
-19.3833
-20.1787
-19.8631
-18.2304
-15.1123
-10.422
-4.2014
3.34026
11.8152
-2.47858
-7.38308
-12.1242
-16.5749
-20.5816
-23.955
-26.4637
-27.8339
-27.7577
-25.9174
-22.0289
-15.9079
-7.55188
2.7813
14.5362
-3.1455
-9.38259
-15.4509
-21.2141
-26.4997
-31.0846
-34.6824
-36.9353
-37.4166
-35.6534
-31.1794
-23.6309
-12.883
0.795872
16.6386
-3.86617
-11.5505
-19.0822
-26.3303
-33.1177
-39.2006
-44.2454
-47.8077
-49.3199
-48.1003
-43.4058
-34.5556
-21.1488
-3.35897
17.7958
-4.63474
-13.8708
-22.9967
-31.9062
-40.4392
-48.3536
-55.2897
-60.7293
-63.9544
-64.0224
-59.7892
-50.0401
-33.8026
-10.8864
17.4654
-5.43663
-16.3005
-27.1269
-37.8574
-48.3779
-58.4833
-67.8289
-75.8637
-81.7451
-84.2456
-81.6897
-72.0161
-53.1408
-23.8581
14.6703
-6.24764
-18.7672
-31.3518
-44.0171
-56.7298
-69.3706
-81.6765
-93.1493
-102.915
-109.524
-110.708
-103.196
-82.8921
-46.0847
7.45062
-7.0341
-21.1679
-35.4945
-50.1276
-65.1511
-80.5898
-96.3541
-112.139
-127.238
-140.225
-148.423
-147.169
-129.151
-85.0473
-8.71035
-7.75465
-23.3747
-39.329
-55.8452
-73.1543
-91.4798
-111.007
-131.809
-153.67
-175.71
-195.585
-207.906
-201.495
-156.249
-46.2061
-8.36402
-25.2463
-42.5997
-60.7673
-80.1374
-101.163
-124.382
-150.414
-179.915
-213.352
-250.295
-287.366
-312.671
-292.248
-146.33
-8.81876
-26.6454
-45.0539
-64.4839
-85.4606
-108.649
-134.935
-165.543
-202.217
-247.479
-304.864
-378.577
-469.559
-553.735
-473.952
-9.08395
-27.4611
-46.4844
-66.6502
-88.5669
-113.033
-141.161
-174.596
-215.922
-269.467
-343.09
-452.497
-633.226
-979.148
-1788.25
5252.09
5489.4
5721.28
5946.45
6163.78
6372.27
6571.08
6759.59
6937.34
7104.05
7259.58
7403.95
7537.28
7659.78
7771.73
7873.46
7965.33
8047.72
8121.02
8185.6
8241.85
8290.12
8330.75
8364.05
8390.33
8409.85
8422.87
8429.62
8430.31
8425.12
8414.25
8397.83
8376.03
8348.96
8316.76
8279.53
8237.38
8190.4
8138.68
8082.33
8021.41
7956.03
7886.26
7812.2
7733.92
7651.51
7565.05
7474.61
7380.27
7282.08
7180.11
7074.43
6965.07
6852.11
6735.6
6615.61
6492.2
6365.45
6235.44
6102.26
5965.99
5826.75
5684.62
5539.71
5392.14
5242.02
5089.48
4934.67
4777.75
4618.9
4458.36
4296.35
4133.19
3969.17
3804.65
3640.02
3475.68
3312.08
3149.66
2988.87
2830.19
2674.06
2520.94
2371.24
2225.38
2083.7
1946.52
1814.09
1686.59
1564.16
8.47335
11.3187
14.0188
16.475
18.6117
20.3797
21.7571
22.7458
23.367
23.6561
23.6565
23.4159
22.9821
22.4004
21.7123
20.954
20.1562
19.3444
18.5386
17.7541
17.0021
16.2903
15.6231
15.0027
14.4295
13.9026
13.42
12.9793
12.5778
12.2124
11.8801
11.578
11.3026
11.0507
10.8186
10.6028
10.3994
10.2049
10.0162
9.83074
9.64686
9.46393
9.28233
9.10328
8.92864
8.76044
8.60048
8.44989
8.30882
8.17619
8.04974
7.92618
7.8016
7.67195
7.53359
7.38376
7.22089
7.04471
6.85597
6.65606
6.44638
6.2276
5.99901
5.75798
5.49972
5.21727
4.90191
4.54384
4.13312
3.6607
3.11944
2.50495
1.81608
1.05515
0.227772
-0.657565
-1.59006
-2.55719
-3.54522
-4.53944
-5.5243
-6.48325
-7.39856
-8.25124
-9.02126
-9.68824
-10.2328
-10.6382
-10.8923
-10.9891
14.1713
19.0946
23.7519
27.9666
31.6061
34.5885
36.8814
38.4957
39.4756
39.8879
39.813
39.3359
38.5405
37.5052
36.3005
34.9875
33.6176
32.2324
30.8648
29.5396
28.2743
27.0805
25.965
24.9304
23.9767
23.1015
22.3011
21.571
20.9064
20.3022
19.7534
19.2549
18.8014
18.3871
18.0062
17.6523
17.3189
16.9998
16.6892
16.3827
16.0772
15.7717
15.4669
15.1656
14.8712
14.588
14.3195
14.0683
13.8349
13.6174
13.4118
13.2121
13.0109
12.8006
12.5743
12.3271
12.0561
11.7612
11.4445
11.1091
10.7586
10.3951
10.0184
9.62433
9.20498
8.74812
8.23813
7.65718
6.98705
6.21104
5.31596
4.2936
3.1418
1.86463
0.472124
-1.02068
-2.59482
-4.22869
-5.89888
-7.58082
-9.24874
-10.8754
-12.4312
-13.8844
-15.2002
-16.3428
-17.277
-17.972
-18.405
-18.5645
19.9519
27.2492
34.1178
40.2817
45.542
49.7854
52.9787
55.1556
56.398
56.8191
56.5469
55.7131
54.4435
52.8536
51.0447
49.1036
47.1017
45.0963
43.1317
41.2405
39.4452
37.7601
36.1923
34.7439
33.4129
32.1946
31.0828
30.0703
29.1498
28.3141
27.5562
26.869
26.2452
25.6771
25.1564
24.6736
24.2193
23.7836
23.3576
22.9341
22.5085
22.0791
21.6475
21.2185
20.7984
20.3948
20.0143
19.6616
19.3382
19.0417
18.7658
18.5004
18.2334
17.9523
17.6454
17.3046
16.9258
16.5093
16.0598
15.584
15.0895
14.5818
14.0625
13.527
12.9641
12.3554
11.6764
10.8988
9.99332
8.93275
7.69562
6.26856
4.64793
2.84011
0.860794
-1.26673
-3.51368
-5.84794
-8.23572
-10.6424
-13.0327
-15.3693
-17.6119
-19.7152
-21.6286
-23.2973
-24.6656
-25.6831
-26.3114
-26.5311
25.8732
36.0174
45.4943
53.8936
60.9376
66.4891
70.5346
73.156
74.499
74.7449
74.0872
72.7159
70.807
68.5169
65.98
63.3083
60.5925
57.9038
55.2958
52.8065
50.4613
48.2744
46.2517
44.3923
42.6907
41.1384
39.7252
38.4407
37.2747
36.2175
35.2604
34.3947
33.6118
32.9019
32.2544
31.6566
31.095
30.5554
30.0243
29.4905
28.9468
28.3909
27.8259
27.2595
26.703
26.1691
25.6697
25.2133
24.8034
24.4371
24.1048
23.7912
23.4768
23.1411
22.7656
22.3371
21.8496
21.3052
20.7127
20.0858
19.4391
18.7851
18.1296
17.4692
16.7892
16.0636
15.2565
14.3246
13.2227
11.9085
10.3486
8.52211
6.42344
4.06241
1.46274
-1.34095
-4.30696
-7.39025
-10.5454
-13.7279
-16.894
-19.9989
-22.9932
-25.8195
-28.4095
-30.6844
-32.5595
-33.9545
-34.8064
-35.0821
32.0205
45.7379
58.413
69.4464
78.4714
85.3496
90.1285
92.9842
94.1674
93.9601
92.6445
90.4837
87.7117
84.5294
81.1043
77.5727
74.042
70.5941
67.2887
64.1662
61.2513
58.5553
56.0795
53.8176
51.7579
49.8863
48.1871
46.6453
45.2473
43.9813
42.8372
41.8056
40.8772
40.0411
39.2844
38.5911
37.9426
37.3183
36.6978
36.0639
35.4052
34.7183
34.0083
33.2882
32.5768
31.8954
31.2645
30.6993
30.2068
29.7843
29.4178
29.0837
28.7514
28.3876
27.9624
27.4547
26.8557
26.1704
25.4155
24.6159
23.7995
22.9905
22.2037
21.4392
20.6796
19.8892
19.0158
17.9949
16.7573
15.238
13.3851
11.1673
8.57644
5.62804
2.35818
-1.18173
-4.93161
-8.82937
-12.8158
-16.8371
-20.8437
-24.7879
-28.6165
-32.2641
-35.6444
-38.6471
-41.1448
-43.0081
-44.1312
-44.457
38.5416
56.9481
73.6828
87.8767
99.0808
107.217
112.474
115.202
115.819
114.753
112.401
109.116
105.193
100.879
96.3718
91.8275
87.3658
83.0747
79.0153
75.2261
71.7264
68.5209
65.6023
62.9552
60.5591
58.3909
56.4277
54.6485
53.0357
51.5756
50.2577
49.0737
48.0151
47.0714
46.2283
45.4663
44.7601
44.0801
43.3948
42.6769
41.9079
41.0822
40.2083
39.3072
38.4097
37.5515
36.7668
36.0822
35.5114
35.0522
34.6852
34.3748
34.0723
33.7234
33.2787
32.7041
31.9865
31.1361
30.1827
29.1704
28.149
27.164
26.2456
25.402
24.6141
23.834
22.987
21.977
20.6974
19.0471
16.9468
14.3492
11.2439
7.65613
3.64206
-0.720593
-5.34374
-10.1412
-15.0366
-19.9676
-24.8839
-29.7433
-34.5009
-39.0941
-43.4229
-47.3375
-50.6437
-53.1278
-54.6041
-54.9705
45.7024
70.55
92.5934
110.593
124.088
133.209
138.443
140.439
139.873
137.374
133.483
128.646
123.221
117.492
111.68
105.953
100.436
95.216
90.3495
85.8671
81.778
78.0746
74.7368
71.7355
69.0369
66.606
64.4095
62.4185
60.611
58.9718
57.4923
56.168
54.9941
53.9633
53.0616
52.2667
51.5456
50.8547
50.144
49.368
48.4964
47.5197
46.4512
45.3243
44.1892
43.1043
42.1274
41.3034
40.6571
40.1889
39.8728
39.6558
39.4611
39.1981
38.7829
38.1598
37.3093
36.2505
35.0348
33.7381
32.4464
31.2412
30.1797
29.2846
28.5369
27.8747
27.1926
26.347
25.1708
23.5038
21.224
18.2617
14.6055
10.2976
5.42736
0.115137
-5.50539
-11.3123
-17.2067
-23.1195
-29.0066
-34.8457
-40.6224
-46.3051
-51.798
-56.9041
-61.3265
-64.6991
-66.675
-67.0638
54.0317
88.172
117.308
139.773
155.371
164.777
169.058
169.348
166.696
161.986
155.913
149.009
141.676
134.218
126.861
119.775
113.078
106.849
101.133
95.9457
91.279
87.1077
83.3928
80.0864
77.1365
74.4911
72.1028
69.9323
67.9516
66.1458
64.5112
63.0527
61.7741
60.6757
59.7472
58.9669
58.2931
57.6627
56.992
56.2012
55.2404
54.0931
52.7813
51.3561
49.8989
48.504
47.27
46.2702
45.5481
45.1077
44.9188
44.9055
44.9491
44.8924
44.5872
43.9433
42.9321
41.591
40.0036
38.2983
36.6192
35.1112
33.8738
32.9546
32.3359
31.9439
31.6332
31.1926
30.3502
28.8425
26.4835
23.1727
18.9051
13.7484
7.84861
1.39437
-5.39916
-12.3577
-19.3509
-26.309
-33.1984
-40.0383
-46.8796
-53.7894
-60.7304
-67.4553
-73.5212
-78.2815
-81.0316
-81.3962
64.7088
112.981
151.607
178.821
195.543
203.699
205.395
202.474
196.467
188.547
179.528
169.983
160.308
150.794
141.653
133.037
125.05
117.751
111.165
105.284
100.078
95.4947
91.4717
87.9353
84.8084
82.0168
79.4925
77.1829
75.0498
73.0824
71.2852
69.6865
68.3027
67.1507
66.2261
65.5201
64.9837
64.5339
64.0176
63.2834
62.2566
60.9066
59.2776
57.4367
55.5212
53.6737
52.0771
50.8384
50.0344
49.6652
49.713
50.0737
50.5821
50.9448
50.8793
50.256
49.0299
47.2862
45.1419
42.8206
40.545
38.5913
37.1091
36.1914
35.8079
35.8955
36.2603
36.616
36.4874
35.4064
33.1132
29.4611
24.4845
18.2686
11.0678
3.16173
-5.05581
-13.3535
-21.5458
-29.5977
-37.4618
-45.2291
-53.0385
-61.2288
-69.974
-78.9556
-87.5959
-94.7587
-98.8229
-99.023
80.811
151.658
202.315
232.954
248.023
251.89
248.341
240.004
228.956
216.654
203.87
191.113
178.682
166.81
155.67
145.38
136.021
127.62
120.177
113.652
107.981
103.081
98.8571
95.203
92.007
89.1678
86.5837
84.19
81.9203
79.7847
77.7839
76.0211
74.5072
73.308
72.3993
71.8377
71.5578
71.5084
71.3643
70.7938
69.7445
68.1276
66.0843
63.6295
61.0495
58.486
56.3721
54.7836
53.8974
53.6242
54.0584
55.0307
56.4262
57.615
57.9756
57.4372
55.8739
53.5585
50.5352
47.2772
44.0072
41.3922
39.5313
38.6585
38.6011
39.4471
40.8997
42.7362
43.9952
43.715
41.699
37.6559
31.8478
24.2061
15.302
5.37677
-4.59784
-14.5017
-23.9438
-33.1574
-41.8652
-50.3597
-58.6492
-67.8695
-78.8778
-90.9475
-103.798
-115.698
-122.179
-121.746
112.065
219.376
281.81
309.471
316.599
310.729
298.15
281.406
263.22
245.424
228.149
211.749
196.232
181.757
168.453
156.379
145.61
136.114
127.874
120.8
114.783
109.703
105.434
101.823
98.704
95.9639
93.4129
91.0313
88.61
86.3048
83.9513
82.0083
80.2691
79.0567
78.0819
77.7579
77.8081
78.6266
79.3316
78.9997
78.0552
75.9675
73.4881
70.0065
66.5577
62.6537
59.9129
57.7198
56.8792
56.5663
57.6304
59.3795
62.5687
65.4786
66.3669
66.0948
63.8012
60.8502
56.2664
51.7509
46.5258
43.1066
40.5298
39.9509
40.0926
42.1245
44.9856
49.6872
53.7186
54.5224
53.2032
48.3914
41.8507
31.9608
21.0058
7.6622
-4.24246
-16.3156
-26.6712
-37.4462
-46.5762
-55.786
-62.9201
-71.9358
-86.2533
-101.815
-121.37
-144.441
-155.49
-152.801
195.955
351.677
411.331
415.496
403.839
379.18
353.913
324.842
296.886
273.409
251.135
231.088
212.262
195.002
179.455
165.498
153.373
142.806
133.906
126.442
120.253
115.175
111.083
107.75
104.872
102.504
100.014
97.9449
95.147
92.9088
89.541
87.7148
85.2844
84.4742
82.8377
83.1485
82.9604
85.9163
88.7993
88.0944
88.018
84.3769
82.3396
76.3402
72.7247
65.1492
62.6675
58.71
59.103
57.5265
60.2171
61.6553
69.1142
76.254
76.4298
77.6637
72.6754
70.493
61.8992
57.2458
46.4434
43.6073
38.6504
40.2048
38.8613
43.6067
46.4204
57.6021
68.0887
68.3862
69.7355
61.6157
56.6756
41.2484
30.1482
7.87473
-3.64523
-20.6037
-28.7954
-44.1046
-51.1727
-64.2018
-64.4819
-68.3678
-91.8379
-106.931
-133.879
-190.495
-208.586
-198.133
503.647
622.264
620.704
544.249
509.743
448.445
415.099
366.614
324.049
299.613
270.866
248.629
226.005
205.752
188.151
171.971
158.888
147.105
137.876
130.264
124.136
119.245
115.656
113.037
110.323
109.236
106.024
105.925
100.894
101.155
92.9261
94.306
87.9804
91.0944
84.801
89.2688
83.5954
93.3202
103.443
96.2918
103.121
90.4835
96.9024
79.2462
84.5987
60.3133
67.5504
53.4383
64.1647
52.344
64.6089
55.2624
76.1203
97.0585
84.97
98.1931
77.5096
89.3683
61.8577
71.5952
34.8889
47.1613
27.3937
44.6308
28.8609
47.8694
35.804
66.5171
97.1298
80.7344
99.9023
70.2603
86.6009
44.3038
55.379
-7.39886
4.78241
-37.517
-20.6715
-62.6311
-47.1863
-90.9769
-60.8521
-36.5988
-109.486
-94.9757
-103.666
-292.026
-302.785
-268.48
1920.22
1065.82
937.849
612.523
654.166
477.399
498.032
399.81
325.052
331.976
281.176
266.695
236.298
212.666
194.787
173.994
162.542
147.747
139.542
131.973
126.265
121.466
118.854
118.482
113.454
119.046
107.572
121.026
99.0402
121.643
82.4913
112.009
77.0974
111.274
71.2799
110.003
62.0662
100.161
142.968
84.3646
146.265
69.1541
146.139
49.0238
139.155
10.0874
103.178
12.4005
101.696
12.4788
100.122
5.37549
83.0115
165.422
57.0619
167.548
35.4833
164.935
8.17835
152.823
-47.1962
96.8521
-37.1512
96.5854
-31.2219
96.8774
-36.4148
75.5755
193.862
41.8705
200.354
12.6888
200.963
-29.4978
186.957
-130.615
91.6611
-139.6
72.1308
-163.821
42.0983
-224.191
-48.7677
135.052
-252.987
-49.6114
185.271
-649.302
-461.874
-384.923
1435.1
1301.6
1175.22
1055.63
942.425
835.101
733.116
635.895
542.849
453.388
366.929
282.901
200.746
119.92
39.8854
-10.9236
-10.6402
-10.1709
-9.55031
-8.81562
-8.00284
-7.1435
-6.26298
-5.37997
-4.50689
-3.65062
-2.81359
-1.99474
-1.19054
-0.395767
-18.4413
-17.9397
-17.1197
-16.044
-14.7796
-13.39
-11.9296
-10.4413
-8.95579
-7.49296
-6.06313
-4.66919
-3.30836
-1.97381
-0.656018
-26.3262
-25.5576
-24.3241
-22.7262
-20.8688
-18.848
-16.7437
-14.6167
-12.509
-10.446
-8.43974
-6.49169
-4.5957
-2.7403
-0.910516
-34.756
-33.6405
-31.8928
-29.668
-27.1214
-24.3894
-21.5804
-18.7728
-16.0174
-13.3423
-10.7581
-8.26211
-5.84246
-3.48115
-1.15626
-43.9455
-42.3557
-39.9386
-36.9316
-33.5592
-30.0077
-26.4158
-22.8766
-19.4454
-16.1479
-12.9883
-9.95616
-7.03087
-4.18559
-1.38965
-54.167
-51.8981
-48.5744
-44.5604
-40.1762
-35.6666
-31.1983
-26.8724
-22.7397
-18.8154
-15.0911
-11.5433
-8.13927
-4.84069
-1.60637
-65.7809
-62.4954
-57.9004
-52.5594
-46.9187
-41.2839
-35.8385
-30.6751
-25.8256
-21.2828
-17.0173
-12.9868
-9.14216
-5.43152
-1.80154
-79.2806
-74.4023
-67.9722
-60.8579
-53.6553
-46.7119
-40.1965
-34.1641
-28.6045
-23.473
-18.7087
-14.2442
-10.0111
-5.94169
-1.96978
-95.3506
-87.8609
-78.7281
-69.2448
-60.1324
-51.7119
-44.0713
-37.1801
-30.9553
-25.2961
-20.1001
-15.2703
-10.7163
-6.35438
-2.10566
-114.904
-102.962
-89.8346
-77.2608
-65.9176
-55.9318
-47.1968
-39.5298
-32.7405
-26.6558
-21.1254
-16.0204
-11.2294
-6.65385
-2.20416
-138.935
-119.25
-100.387
-84.046
-70.3452
-58.901
-49.2541
-41.0016
-33.8211
-27.4611
-21.7252
-16.4566
-11.527
-6.82747
-2.26126
-167.525
-134.716
-108.416
-88.1912
-72.5162
-60.0729
-49.917
-41.4014
-34.081
-27.6424
-21.8575
-16.5537
-11.5947
-6.86773
-2.27465
-195.534
-143.673
-110.371
-87.786
-71.4553
-58.9572
-48.9395
-40.6059
-33.4591
-27.17
-21.5088
-16.306
-11.4303
-6.77407
-2.24425
-195.824
-134.072
-101.607
-81.127
-66.5616
-55.3609
-46.2779
-38.6237
-31.9794
-26.0697
-20.7015
-15.7313
-11.0465
-6.55395
-2.17253
-9.15124
-27.6659
-46.836
-67.1661
-89.2757
-113.98
-142.423
-176.3
-218.299
-272.973
-348.731
-462.748
-654.585
-1027.75
-1885.84
-9.04975
-27.3495
-46.2665
-66.2706
-87.93
-111.976
-139.4
-171.615
-210.712
-259.9
-324.161
-410.827
-527.33
-659.421
-635.975
-8.80888
-26.6034
-44.9401
-64.2228
-84.9235
-107.62
-133.046
-162.143
-196.11
-236.349
-284.017
-338.162
-389.225
-399.072
-253.097
-8.44496
-25.4796
-42.9551
-61.1879
-80.5273
-101.365
-124.136
-149.282
-177.144
-207.629
-239.366
-267.624
-279.716
-246.915
-120.356
-7.9802
-24.0486
-40.4425
-57.382
-75.0871
-93.7643
-113.57
-134.528
-156.346
-178.029
-197.119
-208.305
-201.367
-159.853
-66.8849
-7.44013
-22.3908
-37.5493
-53.0419
-68.9687
-85.3755
-102.2
-119.173
-135.634
-150.219
-160.349
-161.562
-147.023
-108.515
-41.7444
-6.8509
-20.5876
-34.4226
-48.3983
-62.5141
-76.6926
-90.723
-104.168
-116.222
-125.496
-129.764
-125.748
-109.319
-76.7975
-28.2117
-6.23716
-18.7154
-31.197
-43.6553
-56.0131
-68.1093
-79.6475
-90.1249
-98.7338
-104.247
-104.925
-98.5472
-82.7868
-56.2318
-20.1204
-5.62049
-16.84
-27.9864
-38.9803
-49.6918
-59.9103
-69.305
-77.3745
-83.3907
-86.3516
-84.9824
-77.8566
-63.747
-42.2998
-14.8957
-5.01849
-15.0147
-24.8805
-34.4999
-43.7109
-52.2811
-59.8796
-66.046
-70.1648
-71.459
-69.0339
-62.0115
-49.7998
-32.5026
-11.3282
-4.44452
-13.2795
-21.9447
-30.3018
-38.1734
-45.3249
-51.4463
-56.1366
-58.8968
-59.1457
-56.2751
-49.7671
-39.3819
-25.3963
-8.78927
-3.90793
-11.6614
-19.2218
-26.4396
-33.1344
-39.0822
-44.005
-47.5653
-49.3702
-48.9958
-46.0399
-40.2128
-31.4626
-20.1093
-6.92461
-3.41443
-10.177
-16.7359
-22.9395
-28.6128
-33.5497
-37.5083
-40.211
-41.3549
-40.6365
-37.7966
-32.6867
-25.3495
-16.0931
-5.52114
-2.9668
-8.83349
-14.496
-19.8065
-24.6012
-28.6952
-31.8822
-33.9376
-34.6311
-33.7486
-31.128
-26.7058
-20.568
-12.9899
-4.44402
-2.56548
-7.63139
-12.4997
-17.0309
-21.0749
-24.4693
-27.0404
-28.6087
-29.0003
-28.0663
-25.7092
-21.9152
-16.7857
-10.5582
-3.6043
-2.20923
-6.56613
-10.7369
-14.5927
-17.9988
-20.8141
-22.8939
-24.0955
-24.2887
-23.371
-21.2872
-18.0511
-13.7652
-8.63058
-2.94124
-1.8956
-5.62983
-9.1923
-12.4662
-15.332
-17.6686
-19.3561
-20.2815
-20.3476
-19.4845
-17.6643
-14.9152
-11.3335
-7.08772
-2.41219
-1.62146
-4.81251
-7.84768
-10.6224
-13.032
-14.973
-16.3465
-17.0633
-17.0507
-16.2617
-14.6856
-12.3568
-9.36242
-5.84295
-1.98641
-1.38327
-4.10322
-6.68354
-9.03172
-11.0567
-12.6707
-13.7923
-14.3509
-14.2921
-13.5849
-12.2289
-10.2601
-7.75551
-4.83199
-1.64128
-1.17735
-3.49069
-5.6803
-7.66504
-9.36626
-10.7098
-11.6285
-12.0665
-11.983
-11.358
-10.197
-8.53513
-6.43914
-4.00635
-1.35987
-1.00011
-2.96393
-4.81907
-6.49488
-7.92381
-9.04324
-9.79804
-10.1436
-10.0494
-9.50278
-8.51251
-7.1112
-5.35635
-3.32891
-1.12927
-0.848093
-2.51249
-4.08213
-5.49587
-6.6959
-7.62952
-8.25129
-8.52561
-8.42947
-7.95523
-7.11304
-5.93244
-4.4626
-2.77089
-0.939524
-0.718111
-2.12675
-3.45326
-4.64501
-5.65269
-6.43199
-6.94543
-7.16449
-7.07172
-6.66281
-5.94825
-4.95426
-3.72271
-2.30972
-0.782846
-0.60725
-1.79794
-2.91782
-3.92175
-4.76781
-5.41877
-5.84368
-6.01958
-5.93318
-5.58233
-4.97721
-4.14082
-3.10866
-1.92751
-0.65309
-0.512893
-1.51822
-2.46276
-3.30794
-4.0182
-4.56228
-4.91458
-5.05655
-4.97799
-4.67817
-4.16655
-3.46313
-2.59793
-1.60999
-0.545357
-0.432719
-1.28065
-2.07658
-2.78767
-3.38381
-3.83875
-4.1313
-4.24642
-4.17623
-3.92086
-3.48891
-2.8976
-2.17233
-1.34564
-0.455712
-0.364685
-1.07912
-1.74923
-2.34711
-2.8473
-3.22781
-3.47105
-3.56478
-3.50289
-3.28598
-2.92176
-2.42498
-1.81705
-1.12516
-0.380971
-0.307006
-0.908316
-1.47195
-1.97427
-2.39377
-2.71204
-2.91446
-2.99105
-2.93702
-2.75325
-2.44652
-2.02943
-1.52
-0.940926
-0.318542
-0.258135
-0.763633
-1.2372
-1.65883
-2.01044
-2.27658
-2.44513
-2.50789
-2.46111
-2.30578
-2.04781
-1.69791
-1.27123
-0.786732
-0.266306
-0.216733
-0.641088
-1.03845
-1.39195
-1.68638
-1.9088
-2.04914
-2.10069
-2.06046
-1.92948
-1.71285
-1.41963
-1.06256
-0.65745
-0.22252
-0.181646
-0.537257
-0.870118
-1.16603
-1.41223
-1.59792
-1.71472
-1.75712
-1.72274
-1.61257
-1.43098
-1.18564
-0.887193
-0.548846
-0.185745
-0.151885
-0.449199
-0.727401
-0.97458
-1.18005
-1.3348
-1.43189
-1.46678
-1.43757
-1.34518
-1.19333
-0.988468
-0.739494
-0.457407
-0.154788
-0.126598
-0.374393
-0.606193
-0.812046
-0.983037
-1.11167
-1.19219
-1.22088
-1.19622
-1.11902
-0.992441
-0.82188
-0.614757
-0.380205
-0.128654
-0.105058
-0.310676
-0.502977
-0.673683
-0.815392
-0.921892
-0.988439
-1.01197
-0.991286
-0.927094
-0.822049
-0.680645
-0.509039
-0.31479
-0.106514
-0.0866376
-0.256192
-0.414735
-0.555427
-0.672159
-0.759818
-0.814508
-0.833733
-0.816522
-0.763497
-0.676868
-0.56035
-0.419023
-0.259102
-0.087667
-0.0707969
-0.209343
-0.338871
-0.453783
-0.549085
-0.620604
-0.665168
-0.680755
-0.666591
-0.623203
-0.552411
-0.45726
-0.341899
-0.211398
-0.0715239
-0.0570694
-0.168747
-0.273141
-0.365735
-0.442502
-0.500081
-0.535922
-0.548406
-0.536923
-0.501911
-0.444844
-0.368184
-0.275274
-0.170194
-0.0575813
-0.0450486
-0.1332
-0.215595
-0.288663
-0.349225
-0.39463
-0.422871
-0.432677
-0.423572
-0.395911
-0.350864
-0.290377
-0.217087
-0.134213
-0.0454069
-0.0343773
-0.101645
-0.164516
-0.220262
-0.266459
-0.301082
-0.322605
-0.33006
-0.323089
-0.301968
-0.267591
-0.221447
-0.165547
-0.102345
-0.0346249
-0.0247368
-0.0731398
-0.118377
-0.158484
-0.191717
-0.21662
-0.232094
-0.237446
-0.23242
-0.217216
-0.19248
-0.159282
-0.119071
-0.0736113
-0.0249035
-0.0158386
-0.0468305
-0.0757948
-0.101475
-0.122753
-0.138697
-0.148604
-0.15203
-0.148811
-0.139076
-0.123237
-0.101982
-0.076236
-0.0471299
-0.0159445
-0.00741599
-0.0219276
-0.0354913
-0.0475193
-0.0574884
-0.064962
-0.0696098
-0.0712227
-0.0697229
-0.0651686
-0.0577528
-0.0477958
-0.035732
-0.0220909
-0.00747376
0.000784204
0.00231728
0.00374608
0.00500672
0.00604342
0.00681109
0.00727723
0.00742319
0.00724471
0.00675168
0.00596741
0.00492725
0.00367691
0.00227036
0.000767617
0.00900856
0.0266334
0.0430984
0.0576858
0.0697591
0.0787902
0.084383
0.0862907
0.0844271
0.0788708
0.0698623
0.0577938
0.0431924
0.0266973
0.00903115
0.0175045
0.0517526
0.0837506
0.112106
0.135581
0.15315
0.16404
0.167769
0.164166
0.15338
0.135876
0.112414
0.084019
0.0519348
0.017569
0.0265275
0.0784304
0.126926
0.169905
0.205494
0.232135
0.248657
0.254327
0.248881
0.232543
0.206016
0.170451
0.127401
0.0787528
0.0266415
0.0363487
0.107469
0.173924
0.232826
0.281607
0.318132
0.340795
0.348585
0.341141
0.318766
0.282418
0.233674
0.174663
0.10797
0.036526
0.0472628
0.139739
0.226157
0.30276
0.366211
0.413735
0.443237
0.453401
0.443749
0.414671
0.367409
0.304012
0.227247
0.14048
0.0475246
0.0595966
0.176209
0.285189
0.381806
0.461853
0.521826
0.55908
0.571947
0.559819
0.523176
0.463581
0.383613
0.286763
0.177277
0.0599744
0.0737185
0.217968
0.35279
0.472336
0.571406
0.645661
0.691822
0.707816
0.692876
0.647587
0.573871
0.474915
0.355035
0.219492
0.0742576
0.0900493
0.266261
0.430975
0.577057
0.698154
0.788964
0.84547
0.865122
0.846966
0.791698
0.701653
0.580716
0.434161
0.268424
0.0908143
0.109073
0.322523
0.522072
0.699092
0.845892
0.956041
1.02466
1.04863
1.02677
0.95991
0.850844
0.704271
0.526581
0.325583
0.110156
0.131353
0.388417
0.62878
0.842071
1.01903
1.1519
1.23478
1.2639
1.23778
1.15737
1.02603
0.849391
0.635155
0.392743
0.132884
0.157544
0.465884
0.754251
1.01023
1.22272
1.3824
1.48217
1.51744
1.4864
1.39013
1.2326
1.02057
0.763255
0.471995
0.159706
0.188411
0.557192
0.902168
1.20853
1.463
1.65443
1.77426
1.81694
1.78023
1.66534
1.47696
1.22312
0.914882
0.565821
0.191463
0.22485
0.664996
1.07685
1.44278
1.74697
1.97607
2.11981
2.17147
2.12824
1.99147
1.76668
1.46339
1.0948
0.677178
0.22916
0.267911
0.792406
1.28335
1.71982
2.08297
2.35687
2.52919
2.59175
2.54108
2.37861
2.11079
1.74891
1.30869
0.809605
0.273994
0.31882
0.943064
1.52762
2.04766
2.48082
2.80808
3.01461
3.09052
3.03141
2.83877
2.5201
2.08874
1.56339
0.967343
0.327408
0.379012
1.12123
1.81658
2.43572
2.95207
3.34295
3.59056
3.68285
3.61427
3.38627
3.00751
2.4937
1.86708
1.1555
0.391136
0.45016
1.33187
2.15837
2.89499
3.51026
3.97712
4.27415
4.38667
4.30761
4.03826
3.58852
2.97684
2.22965
1.38025
0.467275
0.534207
1.58076
2.56243
3.43837
4.1713
4.72897
5.08561
5.22324
5.13284
4.81527
4.28176
3.5539
2.66306
1.64906
0.558369
0.633403
1.8746
3.03977
4.08085
4.95378
5.62014
6.04886
6.21785
6.11552
5.74195
5.1097
4.24394
3.18182
1.97103
0.667515
0.750341
2.22113
3.6031
4.83986
5.87941
6.67598
7.19209
7.4005
7.28617
6.8479
6.09948
5.07007
3.80363
2.35727
0.798502
0.88799
2.62921
4.26703
5.73552
6.9734
7.92619
8.54856
8.80681
8.68132
8.16882
7.28403
6.06049
4.55014
2.82142
0.955994
1.04972
3.10893
5.04829
6.79097
8.26493
9.40536
10.1574
10.4791
10.3447
9.74775
8.70336
7.24972
5.448
3.38035
1.14576
1.23934
3.67167
5.96583
8.03261
9.78758
11.1537
12.0644
12.4673
12.3287
11.6368
10.4063
8.68021
6.53022
4.05498
1.37497
1.46106
4.33015
7.04089
9.49028
11.5797
13.2176
14.3232
14.831
14.696
13.8992
12.4529
10.4045
7.83789
4.87157
1.65266
1.71951
5.09833
8.29702
11.1973
13.6846
15.6503
16.9963
17.6402
17.522
16.6118
14.9168
12.488
9.42267
5.86326
1.99027
2.01967
5.99129
9.75983
13.1906
16.1508
18.5123
20.1559
20.9775
20.897
19.8683
17.8895
15.0128
11.35
7.07237
2.40243
2.36675
7.0249
11.4566
15.5098
19.0319
21.8719
23.885
24.9399
24.9293
23.7833
21.4845
18.0825
13.7036
8.55351
2.90814
2.76599
8.21533
13.4155
18.1968
22.3854
25.8043
28.2781
29.6407
29.7484
28.4974
25.8445
21.8295
16.5918
10.3781
3.53238
3.22245
9.57826
15.6645
21.2944
26.2719
30.3914
33.4411
35.2112
35.5094
34.1832
31.1489
26.4242
20.1569
12.641
4.30851
3.74058
11.1278
18.2295
24.8437
30.7527
35.7197
39.4906
41.8017
42.3964
41.0533
37.6254
32.0885
24.5879
15.4704
5.28198
4.32373
12.8749
21.1318
28.8813
35.8858
41.8764
46.5515
49.5816
50.6265
49.3685
45.5644
39.1147
30.1402
19.0425
6.51596
4.9735
14.8255
24.3853
33.4346
41.7207
48.9442
54.752
58.7371
60.4529
59.4491
55.338
47.892
37.1654
23.6057
8.10058
5.68895
16.978
27.9917
38.516
48.2909
56.9922
64.2151
69.4652
72.1643
71.6843
67.4242
58.9448
46.1558
29.5186
10.1681
6.46573
19.3209
31.9363
44.1154
55.6038
66.0635
75.0445
81.9608
86.0793
86.5402
82.4367
72.9868
57.816
37.3139
12.9196
7.2951
21.8291
36.1821
50.1917
63.628
76.1579
87.3034
96.3946
102.529
104.561
101.157
90.9975
73.1752
47.8099
16.6736
8.16309
24.4615
40.6642
56.6633
72.2778
87.2093
100.984
112.876
121.823
126.35
124.564
114.324
93.768
62.3106
21.962
9.04986
27.1591
45.2854
63.3987
81.3976
99.0593
115.966
131.396
144.179
152.517
153.833
144.808
121.926
82.982
29.7319
9.92947
29.8433
49.9128
70.21
90.7471
111.428
131.966
151.747
169.614
183.55
190.273
184.907
161.229
113.583
41.8151
10.7704
32.4175
54.3794
76.8505
99.9915
123.89
148.484
173.417
197.769
219.582
235.098
237.711
217.167
160.93
62.1333
11.537
34.7713
58.4892
83.0216
108.704
135.862
164.759
195.482
227.675
259.974
288.867
306.581
297.88
237.821
100.136
12.1916
36.7871
62.0302
88.3891
116.386
146.617
179.755
216.513
257.492
302.715
350.384
393.775
414.242
368.606
181.595
12.6982
38.3512
64.7929
92.6139
122.511
155.346
192.227
234.601
284.347
343.739
414.849
496.866
576.485
597.545
385.39
13.0258
39.3654
66.594
95.3918
126.587
161.256
200.872
247.554
304.485
376.606
471.714
601.593
779.361
988.402
977.097
13.1526
39.76
67.3015
96.4991
128.245
163.721
204.597
253.376
314.056
393.487
504.405
673.029
960.474
1532.22
2917.98
13.069
39.5036
66.8553
95.8314
127.304
162.426
202.82
250.916
310.587
388.477
496.994
661.909
944.1
1510.65
2900.21
12.7786
38.608
65.2771
93.4244
123.821
157.459
195.683
240.401
294.448
362.176
450.389
569.307
730.192
917.475
901.745
12.2983
37.1272
62.6687
89.4496
118.08
149.299
184.022
223.393
268.791
321.628
382.433
447.524
497.911
465.22
144.728
-124.326
-100.875
-83.4141
-69.9774
-59.2028
-50.2581
-42.6213
-35.9478
-29.9991
-24.6016
-19.624
-14.9626
-10.5317
-6.25809
-2.07601
-46.5623
-64.308
-63.3281
-57.6508
-51.0499
-44.5881
-38.5434
-32.951
-27.7709
-22.9417
-18.4001
-14.0856
-9.94236
-5.91851
-1.96508
-21.1444
-40.7449
-46.504
-45.9654
-42.8003
-38.6284
-34.1512
-29.668
-25.2988
-21.0822
-17.0183
-13.0896
-9.27011
-5.53001
-1.83798
-11.4823
-26.794
-34.0531
-36.1041
-35.2498
-32.8807
-29.7633
-26.3056
-22.7209
-19.1166
-15.5427
-12.0179
-8.54269
-5.10813
-1.69972
-7.1348
-18.4349
-25.219
-28.2602
-28.7512
-27.6527
-25.6115
-23.0315
-20.1565
-17.1297
-14.0331
-10.9116
-7.78704
-4.66809
-1.55521
-4.84941
-13.212
-18.984
-22.1872
-23.3563
-23.0794
-21.8337
-19.9623
-17.6975
-15.1913
-12.5409
-9.80725
-7.02753
-4.22382
-1.409
-3.49194
-9.78817
-14.5328
-17.5269
-18.9656
-19.1788
-18.4905
-17.1663
-15.4061
-13.353
-11.1065
-8.73494
-6.28467
-3.78727
-1.265
-2.612
-7.44185
-11.2971
-13.9467
-15.4259
-15.9041
-15.5887
-14.6732
-13.3182
-11.6488
-9.75888
-7.71728
-5.57452
-3.36797
-1.12638
-2.00577
-5.77231
-8.8987
-11.1793
-12.5812
-13.1807
-13.1037
-12.4851
-11.4486
-10.0979
-8.51657
-6.76987
-4.90867
-2.973
-0.995495
-1.56968
-4.5473
-7.08762
-9.02221
-10.2937
-10.9271
-10.9946
-10.5873
-9.79708
-8.70719
-7.38907
-5.90196
-4.29454
-2.60709
-0.873974
-1.24589
-3.62598
-5.69718
-7.32557
-8.44923
-9.06639
-9.21532
-8.95551
-8.35363
-7.47495
-6.37891
-5.1176
-3.73597
-2.27288
-0.762753
-0.999682
-2.91915
-4.61426
-5.97941
-6.95653
-7.53085
-7.71986
-7.56121
-7.10239
-6.39364
-5.48351
-4.4168
-3.23395
-1.97135
-0.66221
-0.808956
-2.36811
-3.76046
-4.90271
-5.74356
-6.26286
-6.46583
-6.37534
-6.02473
-5.45217
-4.69683
-3.79665
-2.78732
-1.70212
-0.57228
-0.659032
-1.93291
-3.08033
-4.03532
-4.75386
-5.21454
-5.41558
-5.3701
-5.10118
-4.63761
-4.01073
-3.25229
-2.39337
-1.46388
-0.492575
-0.539789
-1.58553
-2.53382
-3.33212
-3.94323
-4.34653
-4.53652
-4.52002
-4.3128
-3.93648
-3.41597
-2.7777
-2.04844
-1.25468
-0.422482
-0.444043
-1.30583
-2.09148
-2.7589
-3.27692
-3.62664
-3.80084
-3.80237
-3.64185
-3.33546
-2.90299
-2.36631
-1.74828
-1.07217
-0.361254
-0.366562
-1.07898
-1.73125
-2.28941
-2.72748
-3.02862
-3.18508
-3.19725
-3.07219
-2.822
-2.46239
-2.01139
-1.48847
-0.913834
-0.308074
-0.303457
-0.893907
-1.43637
-1.90333
-2.27313
-2.53107
-2.66952
-2.68744
-2.58941
-2.38452
-2.08523
-1.70643
-1.26456
-0.777108
-0.262107
-0.251786
-0.742152
-1.19393
-1.58471
-1.89646
-2.11649
-2.23766
-2.25814
-2.18084
-2.01258
-1.7633
-1.44525
-1.07232
-0.659511
-0.222536
-0.209286
-0.61719
-0.993861
-1.32095
-1.58348
-1.77057
-1.87571
-1.89674
-1.83543
-1.69691
-1.48913
-1.22218
-0.907756
-0.558699
-0.188587
-0.174195
-0.513916
-0.828216
-1.10204
-1.3229
-1.48154
-1.57218
-1.59253
-1.54362
-1.42934
-1.25605
-1.03207
-0.767245
-0.472509
-0.159544
-0.145124
-0.428294
-0.690682
-0.919889
-1.10553
-1.23974
-1.31744
-1.33643
-1.2972
-1.20275
-1.05817
-0.870333
-0.647505
-0.398976
-0.134751
-0.120968
-0.357104
-0.57619
-0.767996
-0.923871
-1.03717
-1.10348
-1.12074
-1.08914
-1.01096
-0.890318
-0.732894
-0.545611
-0.336343
-0.113623
-0.10084
-0.297753
-0.480642
-0.641053
-0.771782
-0.867224
-0.923589
-0.938992
-0.913428
-0.848656
-0.748012
-0.616189
-0.458985
-0.28305
-0.0956383
-0.0840212
-0.24814
-0.400705
-0.534722
-0.644196
-0.724416
-0.77214
-0.785688
-0.764941
-0.711261
-0.627358
-0.51711
-0.385365
-0.237727
-0.0803376
-0.0699276
-0.20655
-0.333647
-0.445434
-0.536926
-0.604174
-0.644423
-0.656199
-0.639323
-0.594855
-0.524998
-0.432958
-0.322782
-0.199175
-0.0673187
-0.058079
-0.171574
-0.277221
-0.370238
-0.446491
-0.50268
-0.536478
-0.546608
-0.532865
-0.496078
-0.438042
-0.361402
-0.269525
-0.166351
-0.0562312
-0.0480794
-0.142049
-0.229564
-0.306685
-0.369989
-0.416735
-0.444967
-0.453595
-0.442408
-0.412058
-0.364005
-0.300426
-0.224114
-0.13835
-0.0467707
-0.0395997
-0.117007
-0.189126
-0.252725
-0.304987
-0.343645
-0.367071
-0.374342
-0.365259
-0.340333
-0.300748
-0.248292
-0.185266
-0.114387
-0.0386729
-0.0323647
-0.0956361
-0.154605
-0.206637
-0.249433
-0.281132
-0.300394
-0.306447
-0.29911
-0.278786
-0.246431
-0.203498
-0.151872
-0.0937807
-0.0317084
-0.0261421
-0.0772532
-0.124901
-0.166964
-0.201584
-0.227256
-0.242889
-0.24785
-0.24198
-0.225595
-0.199459
-0.164741
-0.122966
-0.0759397
-0.0256775
-0.0207343
-0.061275
-0.0990767
-0.132459
-0.159949
-0.180351
-0.192795
-0.196773
-0.192152
-0.179176
-0.158445
-0.130886
-0.0977075
-0.0603457
-0.0204055
-0.0159707
-0.047199
-0.0763213
-0.102045
-0.123236
-0.138973
-0.148582
-0.151669
-0.148127
-0.138142
-0.122174
-0.100934
-0.0753537
-0.0465422
-0.0157384
-0.0117025
-0.0345854
-0.0559264
-0.0747787
-0.0903119
-0.101849
-0.108898
-0.111167
-0.108578
-0.101264
-0.0895627
-0.0739953
-0.0552442
-0.0341223
-0.0115387
-0.00779698
-0.0230427
-0.03726
-0.0498178
-0.0601626
-0.0678439
-0.0725336
-0.074039
-0.0723088
-0.0674331
-0.0596368
-0.049268
-0.0367813
-0.0227177
-0.00768204
-0.00413334
-0.0122142
-0.0197464
-0.0263941
-0.0318633
-0.0359163
-0.0383812
-0.0391587
-0.0382249
-0.0356308
-0.0314979
-0.0260119
-0.0194137
-0.0119883
-0.00405345
-0.000598841
-0.00176681
-0.00284753
-0.00378906
-0.0045481
-0.00509225
-0.0054013
-0.00546748
-0.00529481
-0.00489768
-0.0042991
-0.00352868
-0.00262079
-0.00161291
-0.000544405
0.00291493
0.0086197
0.0139543
0.0186886
0.0226172
0.0255678
0.0274091
0.028057
0.0274786
0.0256947
0.0227796
0.0188585
0.0141022
0.00872011
0.00295045
0.00651545
0.0192629
0.0311724
0.0417251
0.0504607
0.0569971
0.0610473
0.062432
0.0610881
0.0570717
0.0505561
0.0418249
0.0312593
0.0193219
0.00653631
0.0103126
0.0304878
0.049332
0.0660226
0.0798304
0.0901518
0.0965351
0.0987005
0.0965522
0.0901829
0.0798702
0.0660643
0.0493683
0.0305124
0.0103213
0.0144223
0.0426363
0.0689865
0.092321
0.11162
0.12604
0.134951
0.137963
0.134946
0.126031
0.111609
0.0923095
0.0689765
0.0426295
0.0144199
0.0189695
0.0560786
0.0907342
0.121421
0.146796
0.165752
0.17746
0.181411
0.177433
0.165702
0.146733
0.121355
0.0906767
0.0560396
0.0189557
0.0240929
0.0712239
0.115237
0.154207
0.186429
0.210495
0.225355
0.230362
0.225302
0.210399
0.186306
0.154078
0.115125
0.071148
0.024066
0.0299484
0.0885334
0.143241
0.191677
0.231722
0.261628
0.280088
0.286303
0.280004
0.261473
0.231525
0.191471
0.143062
0.0884115
0.0299052
0.0367144
0.108534
0.175599
0.234972
0.284055
0.320705
0.343324
0.350929
0.343197
0.320474
0.28376
0.234663
0.17533
0.108352
0.0366498
0.0445972
0.131837
0.213297
0.28541
0.34502
0.389523
0.416981
0.426202
0.416797
0.389188
0.344591
0.284961
0.212906
0.131571
0.0445035
0.0538373
0.15915
0.257483
0.344527
0.416471
0.470174
0.503297
0.514406
0.503034
0.469694
0.415857
0.343884
0.256924
0.158771
0.0537031
0.0647169
0.19131
0.309507
0.414125
0.500585
0.565111
0.604894
0.618217
0.604521
0.564429
0.499712
0.413212
0.308712
0.19077
0.064526
0.0775685
0.229298
0.370956
0.496329
0.599926
0.677224
0.724861
0.740784
0.724332
0.676257
0.59869
0.495036
0.36983
0.228534
0.0772982
0.0927857
0.274277
0.443711
0.59365
0.717524
0.809927
0.866843
0.885826
0.866095
0.80856
0.715776
0.591821
0.442119
0.273196
0.0924034
0.110835
0.327627
0.53
0.709064
0.856971
0.967264
1.03516
1.05774
1.0341
0.965333
0.8545
0.70648
0.52775
0.3261
0.110295
0.132272
0.390985
0.63247
0.846107
1.02253
1.15403
1.23493
1.26175
1.23343
1.15131
1.01904
0.842458
0.629292
0.388828
0.131509
0.157756
0.466304
0.754273
1.00899
1.21927
1.37594
1.47223
1.50404
1.47012
1.37209
1.21434
1.00383
0.749786
0.463258
0.156679
0.188075
0.555907
0.899163
1.20271
1.45322
1.63976
1.75429
1.79196
1.75132
1.63433
1.44626
1.19543
0.892827
0.551607
0.186554
0.22417
0.662572
1.07162
1.43325
1.73157
1.95358
2.08971
2.13425
2.08551
1.94591
1.72175
1.42298
1.06268
0.656501
0.222022
0.267163
0.789614
1.27699
1.70774
2.0629
2.32701
2.48872
2.54129
2.48279
2.31618
2.04904
1.69324
1.26437
0.781043
0.264131
0.3184
0.941002
1.52169
2.0347
2.45745
2.77153
2.9635
3.02542
2.95513
2.75623
2.43787
2.01423
1.50386
0.928902
0.31412
0.379491
1.12149
1.81335
2.42431
2.92743
3.30082
3.52855
3.60133
3.51673
3.27922
2.8998
2.39541
1.78819
1.10441
0.373449
0.452373
1.33679
2.16118
2.88879
3.48748
3.93122
4.20118
4.28649
4.1845
3.90073
3.44847
2.84799
2.12565
1.31267
0.443843
0.539371
1.59374
2.57621
3.44277
4.1551
4.68225
5.002
5.10167
4.97845
4.63921
4.10002
3.38517
2.52605
1.5597
0.527329
0.643288
1.90062
3.07169
4.10382
4.95126
5.57725
5.9556
6.0716
5.92235
5.5165
4.87351
4.02251
3.00088
1.85256
0.626288
0.767509
2.26738
3.66361
4.89309
5.90116
6.64417
7.09132
7.22566
7.04438
6.55841
5.7914
4.77831
3.56365
2.19952
0.743508
0.916133
2.70607
4.37131
5.83607
7.03506
7.91648
8.44419
8.59882
8.37793
7.79542
6.88011
5.67403
4.23018
2.61028
0.882247
1.09414
3.23135
5.21817
6.96356
8.38941
9.43433
10.0561
10.2327
9.96253
9.26345
8.17068
6.73479
5.01893
3.0961
1.0463
1.3076
3.86101
6.23265
8.31286
10.0082
11.246
11.9769
12.1766
11.8449
11.0048
9.69945
7.98991
5.95136
3.67007
1.24005
1.56395
4.61688
7.44944
9.92934
11.9447
13.4094
14.2666
14.4894
14.0803
13.069
11.5088
9.47342
7.0523
4.34727
1.46857
1.87234
5.52572
8.91105
11.8683
14.2634
15.9947
16.9967
17.2408
16.7338
15.5141
13.6482
11.2247
8.35033
5.14502
1.73765
2.2441
6.62066
10.6698
14.1975
17.0429
19.0862
20.2529
20.5138
19.8819
18.408
16.1745
13.2889
9.87811
6.08305
2.05388
2.69336
7.94287
12.7907
17.0005
20.3792
22.7863
24.138
24.4064
23.6145
21.8292
19.1535
15.7177
11.6727
7.18358
2.42468
3.23787
9.54397
15.3544
20.3804
24.39
27.219
28.7752
29.0351
28.0366
25.8687
22.6601
18.5693
13.7755
8.4714
2.85829
3.90014
11.4892
18.4626
24.466
29.2204
32.5354
34.3122
34.5373
33.2705
30.6305
26.7791
21.909
16.2324
9.97374
3.36372
4.70902
13.862
22.2441
29.4187
35.0501
38.9197
40.9264
41.0751
39.4579
36.2331
31.6052
25.8084
19.0935
11.72
3.95065
5.70196
16.7698
26.864
35.4428
42.1028
46.5971
48.8304
48.8387
46.7612
42.8097
37.2429
30.345
22.4117
13.7409
4.62919
6.92821
20.3537
32.5359
42.7989
50.6592
55.8443
58.279
58.0504
55.3652
50.5076
43.8044
35.6005
26.2418
16.0679
5.40953
8.45364
24.8008
39.5403
51.8232
61.0727
67.0009
69.5764
68.9675
65.4774
59.4865
51.4078
41.6574
30.6377
18.7312
6.30137
10.368
30.3639
48.2504
62.9533
73.7922
80.4849
83.0845
81.8847
77.3256
69.9145
60.1714
48.5953
35.6491
21.7577
7.31321
12.7961
37.3917
59.1708
76.7661
89.3902
96.8107
99.2301
97.134
91.1535
81.9614
70.2073
56.484
41.3167
25.168
8.45129
15.9162
46.3751
72.9959
94.0303
108.601
116.608
118.51
115.08
107.211
95.7865
81.61
65.3748
47.6653
28.9726
9.71833
19.9899
58.0232
90.6999
115.782
132.368
140.645
141.493
136.107
125.736
111.522
94.4416
75.2888
54.6961
33.1667
11.112
25.4151
73.3906
113.677
143.434
161.904
169.84
168.802
160.596
146.927
129.247
108.712
86.202
62.3767
37.7255
12.6229
32.8225
94.0972
143.964
178.923
198.753
205.264
201.088
188.876
170.903
148.955
124.351
98.028
70.6303
42.5972
14.2331
43.2644
122.725
184.601
224.918
244.848
248.107
238.954
221.154
197.637
170.505
141.184
110.599
79.3244
47.6984
15.9143
58.6143
163.564
240.208
285.066
302.519
299.568
282.82
257.401
226.88
193.573
158.892
123.649
88.2617
52.909
17.626
82.491
224.056
317.887
364.244
374.356
360.606
332.706
297.188
258.056
217.592
176.991
136.797
97.1743
58.0705
19.3161
122.628
317.696
428.531
468.588
462.759
431.466
387.879
339.482
290.155
241.703
194.804
149.547
105.726
62.989
20.9212
197.618
469.827
588.32
604.794
568.839
510.861
446.387
382.418
321.643
264.734
211.475
161.299
113.522
67.4424
22.3696
358.041
728.7
818.951
777.402
690.209
594.76
504.541
423.132
350.444
285.227
226.002
171.383
120.14
71.1957
23.5862
758.338
1182.29
1141.1
981.699
817.306
675.02
556.57
457.786
374.054
301.554
237.33
179.12
125.159
74.0218
24.4988
1917.46
1958.89
1545.33
1189.45
929.041
738.721
594.937
481.98
389.862
312.131
244.479
183.905
128.217
75.7259
25.0464
5710.94
3051.44
1909.47
1330.9
992.093
770.099
611.889
491.699
395.673
315.705
246.71
185.294
129.052
76.1715
25.1863
11.5755
34.9025
58.7637
83.5335
109.61
137.413
167.352
199.74
234.542
270.759
304.905
327.39
314.334
211.08
-92.3769
10.6274
31.9918
53.6819
75.9007
98.8197
122.539
147.007
171.859
196.099
217.483
231.391
228.979
194.966
108.348
-39.3936
9.56867
28.7526
48.0666
67.561
87.2198
106.905
126.265
144.577
160.496
171.66
174.173
162.153
128.177
66.732
-15.4141
8.46251
25.381
42.2667
59.051
75.5854
91.5867
106.558
119.675
129.633
134.475
131.469
117.271
88.8453
45.8114
-5.73076
7.36213
22.0398
36.5643
50.7858
64.4773
77.2897
88.6955
97.9207
103.877
105.124
99.9378
86.6
64.109
33.3835
-1.57863
6.3076
18.8499
31.1613
43.0461
54.2427
64.3924
73.0046
79.425
82.8195
82.2024
76.5527
65.0703
47.6024
25.1921
0.36498
5.32527
15.8889
26.1819
35.9906
45.0507
53.0274
59.4986
63.9454
65.7624
64.3054
58.9998
49.5228
36.037
19.4213
1.30617
4.42917
13.1966
21.684
29.6801
36.9381
43.1644
48.013
51.0888
51.9679
50.2437
45.6088
37.9738
27.5896
15.138
1.7049
3.6233
10.7825
17.6744
24.1041
29.8535
34.6763
38.2984
40.4272
40.7727
39.0852
35.2115
29.1679
21.2031
11.8298
1.78972
2.90429
8.63411
14.1244
19.2048
23.6915
27.3852
30.0749
31.5484
31.6105
30.1114
26.9835
22.2839
16.2269
9.19153
1.69218
2.26365
6.72408
10.9819
14.8962
18.3185
21.0936
23.0639
24.0786
24.0085
22.7655
20.3268
16.7585
12.2315
7.02123
1.48513
1.68963
5.01579
8.18163
11.0772
13.5892
15.6026
17.004
17.6897
17.576
16.6126
14.7976
12.1901
8.91846
5.17667
1.20894
1.16855
3.46734
5.65064
7.64012
9.35637
10.7202
11.6558
12.096
11.989
11.3076
10.0569
8.28227
6.07204
3.55473
0.888543
0.685739
2.0341
3.31291
4.47536
5.47445
6.26396
6.80043
7.04615
6.97321
6.56816
5.83647
4.80609
3.5287
2.07757
0.541612
-1203.21
-1610.07
-2018.23
-2428.51
-2841.63
-3258.24
-3678.82
-4103.68
-4532.95
-4966.54
-5404.13
-5845.19
-6288.97
-6734.58
-7180.98
-405.742
78.969
-529.551
-116.795
-465.852
-151.326
-381.174
-157.911
49.8725
-147.138
87.0034
-117.231
134.799
-106.481
174.943
-213.651
72.9594
-206.468
54.5958
-188.257
46.8551
-170.119
22.3945
216.952
-0.160847
247.21
-9.47207
281.726
-46.9456
298.638
-240.786
121.314
-287.497
41.9265
-305.74
-17.7956
-311.899
-89.2696
127.953
-150.78
111.506
-188.533
96.7056
-242.643
64.4831
-407.567
-117.828
-418.242
-184.574
-403.356
-222.438
-381.883
-257.739
-146.168
-283.717
-166.824
-294.691
-186.365
-308.366
-211.141
-348.635
-273.53
-342.234
-296.531
-336.789
-314.429
-338.843
-335.361
-339.142
-361.264
-376.207
-393.964
-421.701
-436.44
-477.067
-485.171
-533.956
-576.026
-628.066
-714.099
-770.147
-954.08
-1034.68
-1124.61
-1713.9
-1950.2
-2371.02
-3081.29
-4364.68
-6959.4
-148.239
-117.417
-231.101
-196.867
-246.113
-196.773
-206.278
-136.658
-67.5776
-69.8161
-22.3273
-35.9915
5.85825
-22.3751
8.18475
-57.0645
-29.6096
-70.0077
-35.5705
-63.7732
-25.489
-39.6087
17.8293
75.6291
61.8093
101.381
69.8642
104.012
49.0091
68.9593
-38.3687
-22.5957
-100.004
-74.6892
-132.813
-101.629
-137.351
-83.121
-29.0461
-61.8692
-32.1375
-80.9856
-57.8781
-122.426
-111.355
-209.288
-199.811
-257.852
-239.321
-274.754
-253.406
-271.07
-240.534
-211.62
-227.624
-214.679
-236.04
-228.084
-252.034
-249.587
-279.543
-279.318
-295.167
-294.984
-305.67
-308.606
-318.348
-325.316
-334.972
-350.15
-366.7
-385.79
-408.453
-431.833
-461.265
-489.896
-529.823
-576.13
-632.631
-704.417
-786.825
-902.709
-1021.61
-1180.03
-1448.39
-1684.85
-1954.58
-2256.32
-2476.7
-2107.87
-77.6093
-105.715
-145.634
-156.717
-168.314
-157.464
-145.299
-114.613
-82.3226
-64.0918
-43.5926
-34.6807
-22.1552
-22.9148
-20.5938
-33.9431
-34.4424
-41.2726
-35.5
-34.9884
-22.3322
-12.0978
12.7832
37.4753
46.9377
57.9585
54.6905
54.7217
37.0829
22.6134
-13.1618
-32.2685
-60.3787
-71.1008
-88.4387
-89.0673
-92.2898
-76.7007
-60.8588
-62.9901
-62.5762
-77.0128
-86.1935
-111.07
-130.195
-165.671
-184.559
-207.729
-216.365
-227.929
-228.207
-229.681
-221.003
-212.393
-213.227
-213.137
-219.615
-223.871
-233.729
-241.388
-253.939
-261.984
-271.214
-277.814
-285.739
-293.008
-301.872
-311.423
-322.869
-337.081
-353.55
-372.489
-394.186
-418.526
-446.634
-478.367
-516.519
-561.562
-615.198
-679.444
-755.301
-846.993
-951.623
-1077.13
-1228.79
-1371.56
-1492
-1548.5
-1437.16
-960.116
-47.9196
-76.994
-101.681
-115.81
-122.821
-120.031
-110.971
-94.8612
-76.8075
-61.6192
-48.1579
-38.5574
-31.021
-27.8696
-26.784
-29.2967
-30.1271
-30.6497
-27.8161
-23.6515
-15.6465
-5.63573
8.05176
21.2945
29.8655
35.1573
34.8128
30.9246
20.6438
6.99959
-11.9047
-28.9233
-45.7401
-57.9338
-68.0767
-72.722
-74.27
-70.5973
-66.743
-67.7307
-71.5864
-80.5688
-91.8699
-107.967
-125.463
-145.925
-163.128
-178.529
-189.194
-197.357
-201.295
-202.915
-201.383
-199.571
-200.165
-202.144
-206.399
-211.601
-218.602
-226.16
-234.841
-242.963
-251.071
-258.76
-266.774
-275.137
-284.426
-294.821
-306.801
-320.777
-336.858
-355.231
-376.129
-399.806
-426.793
-457.607
-493.299
-534.628
-582.491
-637.755
-700.974
-772.646
-851.564
-936.577
-1021.96
-1090.43
-1121.48
-1082.36
-924.185
-598.75
-31.6003
-54.5944
-72.9335
-85.1524
-91.4358
-91.6229
-86.7893
-77.9064
-67.1644
-56.6584
-47.1626
-39.4599
-33.5688
-29.8447
-27.7845
-27.0624
-26.2416
-24.8436
-22.031
-17.8253
-11.8283
-4.44636
3.98286
11.8637
17.5391
20.4973
20.0644
16.3611
9.07737
-1.00899
-13.3316
-25.8368
-37.727
-47.6888
-55.6005
-60.8065
-63.7386
-64.7255
-65.6255
-68.313
-73.1872
-80.761
-90.6189
-102.831
-116.446
-130.862
-144.29
-156.152
-165.63
-172.875
-177.728
-180.699
-182.177
-183.295
-185.119
-187.887
-191.829
-196.755
-202.69
-209.333
-216.568
-223.982
-231.552
-239.259
-247.33
-255.951
-265.41
-275.955
-287.88
-301.457
-316.882
-334.352
-354.084
-376.336
-401.453
-429.833
-461.974
-498.297
-539.134
-584.615
-634.48
-687.864
-742.725
-795.493
-839.45
-863.192
-851.983
-787.644
-652.056
-439.685
-21.4671
-38.8919
-52.9897
-63.0303
-68.8167
-70.431
-68.4248
-63.6141
-57.167
-50.2277
-43.5691
-37.7367
-32.9775
-29.4035
-26.835
-24.9453
-23.1594
-21.045
-18.2203
-14.545
-9.96999
-4.72927
0.740128
5.64637
9.16361
10.7599
10.066
6.99486
1.58938
-5.75409
-14.4519
-23.592
-32.4472
-40.3532
-46.9788
-52.1245
-55.968
-58.9398
-61.8961
-65.71
-70.8665
-77.632
-85.9496
-95.6489
-106.257
-117.202
-127.698
-137.195
-145.279
-151.835
-156.872
-160.634
-163.49
-166.005
-168.72
-171.943
-175.85
-180.463
-185.768
-191.665
-198.05
-204.791
-211.849
-219.249
-227.108
-235.576
-244.845
-255.114
-266.595
-279.488
-293.975
-310.227
-328.421
-348.749
-371.421
-396.652
-424.635
-455.47
-489.092
-525.164
-562.92
-600.952
-636.898
-667.09
-686.049
-686.27
-658.982
-595.517
-490.485
-347.443
-14.8128
-27.9685
-38.8745
-47.0193
-52.1891
-54.4347
-54.0799
-51.6582
-47.8572
-43.3707
-38.7625
-34.4431
-30.6528
-27.4858
-24.8782
-22.6465
-20.5166
-18.2334
-15.5975
-12.5214
-9.03025
-5.30016
-1.64929
1.47254
3.59868
4.36538
3.53657
1.03655
-3.06109
-8.50184
-14.8882
-21.7106
-28.4877
-34.8151
-40.4426
-45.2732
-49.4098
-53.1351
-56.8919
-61.1366
-66.194
-72.2361
-79.2617
-87.1324
-95.5617
-104.171
-112.526
-120.263
-127.117
-132.976
-137.846
-141.871
-145.291
-148.427
-151.591
-155.018
-158.858
-163.18
-168.002
-173.299
-179.031
-185.155
-191.663
-198.592
-206.02
-214.06
-222.85
-232.54
-243.284
-255.235
-268.534
-283.312
-299.694
-317.794
-337.711
-359.511
-383.191
-408.63
-435.523
-463.288
-490.959
-517.041
-539.348
-554.857
-559.623
-548.956
-518.07
-463.244
-383.644
-283.516
-10.3266
-20.2944
-28.7447
-35.3009
-39.78
-42.1901
-42.7186
-41.6952
-39.5413
-36.6956
-33.546
-30.3935
-27.4357
-24.7671
-22.3837
-20.2033
-18.096
-15.9301
-13.6077
-11.094
-8.43199
-5.75359
-3.27273
-1.26255
-0.00297651
0.274895
-0.579042
-2.61317
-5.7688
-9.87864
-14.687
-19.8844
-25.1655
-30.2745
-35.0436
-39.411
-43.4337
-47.2752
-51.1752
-55.3838
-60.0954
-65.4167
-71.3515
-77.8073
-84.6047
-91.5055
-98.2488
-104.603
-110.397
-115.545
-120.047
-123.987
-127.513
-130.818
-134.096
-137.511
-141.184
-145.189
-149.566
-154.324
-159.462
-164.979
-170.889
-177.231
-184.066
-191.481
-199.576
-208.461
-218.252
-229.057
-240.977
-254.102
-268.504
-284.233
-301.302
-319.673
-339.224
-359.708
-380.704
-401.554
-421.292
-438.57
-451.59
-458.092
-455.417
-440.755
-411.63
-366.642
-306.363
-234.118
-7.24187
-14.8086
-21.3448
-26.5746
-30.3503
-32.6546
-33.5907
-33.3582
-32.2191
-30.4556
-28.3304
-26.0597
-23.7978
-21.6327
-19.5907
-17.648
-15.7514
-13.8429
-11.8829
-9.86865
-7.84519
-5.90956
-4.20468
-2.90245
-2.17605
-2.17026
-2.97905
-4.63123
-7.08522
-10.2318
-13.9078
-17.9195
-22.0733
-26.2056
-30.2053
-34.0283
-37.7016
-41.3149
-44.9989
-48.8918
-53.1053
-57.701
-62.6796
-67.9807
-73.4907
-79.0604
-84.528
-89.7466
-94.6057
-99.0453
-103.061
-106.702
-110.06
-113.253
-116.408
-119.639
-123.039
-126.674
-130.588
-134.811
-139.358
-144.248
-149.506
-155.17
-161.29
-167.933
-175.174
-183.092
-191.769
-201.282
-211.696
-223.063
-235.414
-248.749
-263.026
-278.144
-293.919
-310.052
-326.098
-341.425
-355.173
-366.23
-373.221
-374.543
-368.473
-353.376
-328.032
-292.054
-246.309
-193.167
-5.07648
-10.7978
-15.8159
-19.9306
-23.0265
-25.0753
-26.1302
-26.3101
-25.7785
-24.7178
-23.305
-21.6929
-19.9986
-18.2986
-16.6307
-15.0013
-13.3976
-11.8023
-10.2076
-8.62682
-7.10114
-5.7016
-4.5244
-3.68007
-3.27775
-3.40825
-4.12998
-5.45971
-7.36907
-9.78721
-12.6099
-15.7143
-18.9773
-22.293
-25.5877
-28.8282
-32.0242
-35.2221
-38.4924
-41.9106
-45.5385
-49.4095
-53.5208
-57.8325
-62.2721
-66.7455
-71.1512
-75.3959
-79.408
-83.1471
-86.6082
-89.8198
-92.8391
-95.7415
-98.6102
-101.525
-104.555
-107.756
-111.171
-114.832
-118.764
-122.992
-127.544
-132.455
-137.768
-143.532
-149.802
-156.636
-164.089
-172.213
-181.046
-190.612
-200.91
-211.911
-223.541
-235.671
-248.098
-260.522
-272.529
-283.567
-292.926
-299.744
-303.012
-301.635
-294.524
-280.749
-259.743
-231.528
-196.905
-157.519
-3.52555
-7.79112
-11.5782
-14.7435
-17.1991
-18.9152
-19.9164
-20.2725
-20.0849
-19.4712
-18.5496
-17.4267
-16.1889
-14.8986
-13.5945
-12.2957
-11.009
-9.73714
-8.48778
-7.28009
-6.14909
-5.14636
-4.33699
-3.79284
-3.58333
-3.76556
-4.37578
-5.42367
-6.89027
-8.72991
-10.8762
-13.251
-15.7756
-18.3816
-21.0195
-23.6643
-26.3168
-28.9992
-31.7484
-34.6043
-37.5999
-40.7517
-44.0552
-47.4834
-50.9898
-54.5149
-57.9948
-61.3701
-64.5949
-67.6427
-70.5087
-73.2104
-75.7833
-78.2764
-80.7449
-83.2442
-85.8255
-88.5326
-91.4024
-94.465
-97.7469
-101.273
-105.07
-109.168
-113.601
-118.406
-123.622
-129.292
-135.45
-142.128
-149.346
-157.109
-165.398
-174.17
-183.339
-192.773
-202.28
-211.593
-220.357
-228.122
-234.339
-238.365
-239.49
-236.983
-230.17
-218.533
-201.832
-180.226
-154.358
-125.355
-2.39066
-5.47206
-8.23348
-10.5752
-12.4329
-13.7804
-14.627
-15.0127
-14.9995
-14.6619
-14.0774
-13.3185
-12.4468
-11.5098
-10.5413
-9.56286
-8.58826
-7.62835
-6.69604
-5.81044
-4.99924
-4.29907
-3.75353
-3.40909
-3.30973
-3.49113
-3.9756
-4.7687
-5.85808
-7.21477
-8.79692
-10.5554
-12.4404
-14.4079
-16.4251
-18.4739
-20.5508
-22.6657
-24.8365
-27.0838
-29.4239
-31.8643
-34.4
-37.0127
-39.6728
-42.343
-44.9832
-47.5564
-50.0334
-52.3972
-54.6443
-56.7853
-58.8425
-60.8474
-62.8365
-64.8476
-66.9172
-69.0782
-71.3596
-73.7867
-76.3825
-79.1689
-82.1683
-85.4044
-88.903
-92.6914
-96.7975
-101.248
-106.066
-111.27
-116.867
-122.85
-129.197
-135.859
-142.757
-149.774
-156.746
-163.455
-169.624
-174.909
-178.906
-181.162
-181.195
-178.531
-172.763
-163.607
-150.981
-135.063
-116.325
-95.5267
-1.53495
-3.61815
-5.49776
-7.10821
-8.40594
-9.37084
-10.0053
-10.3312
-10.3849
-10.2117
-9.86
-9.37628
-8.8016
-8.16936
-7.50495
-6.82677
-6.14845
-5.48159
-4.83856
-4.23488
-3.69046
-3.22983
-2.88089
-2.67257
-2.63174
-2.77993
-3.13042
-3.68634
-4.44004
-5.3739
-6.46261
-7.67639
-8.98492
-10.3611
-11.7841
-13.2414
-14.729
-16.2503
-17.8137
-19.4288
-21.1034
-22.84
-24.6344
-26.4748
-28.3431
-30.2165
-32.071
-33.8843
-35.6387
-37.3238
-38.9373
-40.4855
-41.9821
-43.4466
-44.9019
-46.3729
-47.8836
-49.4569
-51.1135
-52.8723
-54.7506
-56.765
-58.9323
-61.2696
-63.7949
-66.5267
-69.4832
-72.6813
-76.1348
-79.8525
-83.8356
-88.0752
-92.5483
-97.2139
-102.009
-106.843
-111.593
-116.1
-120.166
-123.552
-125.984
-127.163
-126.782
-124.552
-120.233
-113.679
-104.873
-93.959
-81.259
-67.258
-0.856549
-2.06174
-3.15409
-4.0963
-4.86308
-5.44199
-5.83295
-6.04668
-6.10216
-6.02364
-5.83756
-5.56991
-5.24413
-4.87995
-4.49301
-4.09537
-3.6965
-3.30472
-2.92855
-2.57794
-2.26488
-2.00348
-1.80933
-1.69827
-1.68483
-1.78052
-1.99239
-2.32202
-2.76526
-3.31267
-3.9507
-4.66339
-5.43444
-6.2491
-7.09585
-7.96735
-8.86065
-9.77657
-10.7185
-11.6904
-12.6957
-13.7349
-14.8051
-15.8998
-17.009
-18.1207
-19.2219
-20.3008
-21.3479
-22.3577
-23.3289
-24.2648
-25.1728
-26.0636
-26.95
-27.8458
-28.765
-29.7208
-30.7258
-31.7913
-32.9281
-34.1466
-35.4569
-36.8694
-38.3948
-40.0437
-41.8264
-43.752
-45.8277
-48.0574
-50.4401
-52.9684
-55.6262
-58.3866
-61.2091
-64.0369
-66.7943
-69.385
-71.6903
-73.5705
-74.8678
-75.4128
-75.0355
-73.5798
-70.9227
-66.9945
-61.7991
-55.4283
-48.0671
-39.9859
-7589.92
-7960.81
-8330.23
-8697.64
-9062.58
-9424.67
-9783.61
-10139.2
-10491.3
-10839.9
-11185
-11526.6
-11864.9
-12200
-12532.1
-12861.2
-13187.7
-13511.5
-13833
-14152.2
-14469.3
-14784.5
-15097.8
-15409.4
-15719.2
-16027.4
-16333.7
-16638.2
-16940.6
-17240.8
-17538.5
-17833.4
-18125.2
-18413.5
-18698
-18978.2
-19253.8
-19524.3
-19789.4
-20048.7
-20301.6
-20547.7
-20786.7
-21017.9
-21240.9
-21455.3
-21660.4
-21855.9
-22041.2
-22215.9
-22379.5
-22531.6
-22671.8
-22799.7
-22914.9
-23017
-23105.6
-23180.3
-23240.7
-23286.4
-23316.8
-23331.5
-23329.9
-23311.5
-23275.6
-23221.4
-23148.3
-23055.5
-22942.1
-22807.1
-22649.5
-22468.2
-22262.1
-22029.9
-21770.4
-21482.2
-21164.1
-20814.8
-20433
-20017.8
-19568.2
-19083.6
-18563.7
-18008.8
-17419.5
-16797
-16143.1
-15460.4
-14751.6
-14020.4
5263.54
2836.08
1809.43
1279.19
961.845
750.583
598.43
482.019
388.54
310.399
242.786
182.469
127.144
75.0672
24.8247
1127.15
1481.65
1280.45
1036.19
834.051
675.951
551.33
450.601
366.783
295.007
231.845
174.826
122.093
72.1865
23.8881
165.348
682.902
794.499
751.06
662.205
567.829
480.33
402.263
332.981
270.994
214.759
162.894
114.215
67.6962
22.4288
-86.2311
290.098
463.572
511.333
495.869
452.822
399.891
345.135
291.877
241.227
193.298
147.775
104.174
61.9535
20.5595
-155.028
100.146
258.35
334.821
357.108
347.691
321.272
286.503
248.16
208.734
169.428
130.733
92.7519
55.383
18.4148
-168.464
7.15934
134.856
212.49
250.044
259.558
250.998
231.44
205.521
176.118
144.944
112.973
80.7162
48.4109
16.1312
-162.275
-37.9016
61.4215
130.234
171.014
189.496
191.715
182.736
166.363
145.27
121.256
95.4955
68.7281
41.4121
13.8303
-148.194
-57.9131
18.4961
76.0075
114.281
135.694
143.627
141.423
131.922
117.338
99.3142
79.0233
57.2871
34.6786
11.6076
-130.658
-64.0531
-5.5324
41.0173
74.4045
95.3692
105.674
107.406
102.559
92.8452
79.6372
63.9948
46.7174
28.4069
9.5291
-111.533
-62.1091
-17.5907
19.188
46.9488
65.7022
76.2913
79.9637
78.0627
71.8445
62.3931
50.6003
37.1801
22.702
7.6309
-91.6671
-55.2597
-21.9102
6.37534
28.499
44.1977
53.8234
58.0934
57.8819
54.0753
47.4893
38.8322
28.6999
17.5895
5.92323
-71.4576
-45.3527
-21.1666
-0.276582
16.4726
28.7648
36.7097
40.7032
41.2948
39.0844
34.6557
28.5386
21.1973
13.0327
4.39553
-51.0961
-33.5276
-17.1275
-2.78849
8.90236
17.6781
23.5464
26.7141
27.5086
26.3113
23.5097
19.4687
14.5176
8.94829
3.02168
-30.6724
-20.5348
-11.0278
-2.65298
4.24644
9.49822
13.0829
15.0974
15.7136
15.1418
13.6025
11.3084
8.45567
5.22097
1.76454
-13195.5
-12274.9
-11340.6
-10398.8
-9455.18
-8514.46
-7580.12
-6654.56
-5739.11
-4834.17
-3939.36
-3053.64
-2175.48
-1302.96
-433.928
)
;

boundaryField
{
    hot
    {
        type            calculated;
        value           nonuniform List<scalar> 
120
(
1126.31
-0.76269
-1.29582
-1.86424
-2.47858
-3.1455
-3.86617
-4.63474
-5.43663
-6.24764
-7.0341
-7.75465
-8.36402
-8.81876
-9.08395
-9.15124
-9.04975
-8.80888
-8.44496
-7.9802
-7.44013
-6.8509
-6.23716
-5.62049
-5.01849
-4.44452
-3.90793
-3.41443
-2.9668
-2.56548
-2.20923
-1.8956
-1.62146
-1.38327
-1.17735
-1.00011
-0.848093
-0.718111
-0.60725
-0.512893
-0.432719
-0.364685
-0.307006
-0.258135
-0.216733
-0.181646
-0.151885
-0.126598
-0.105058
-0.0866376
-0.0707969
-0.0570694
-0.0450486
-0.0343773
-0.0247368
-0.0158386
-0.00741599
0.000784204
0.00900856
0.0175045
0.0265275
0.0363487
0.0472628
0.0595966
0.0737185
0.0900493
0.109073
0.131353
0.157544
0.188411
0.22485
0.267911
0.31882
0.379012
0.45016
0.534207
0.633403
0.750341
0.88799
1.04972
1.23934
1.46106
1.71951
2.01967
2.36675
2.76599
3.22245
3.74058
4.32373
4.9735
5.68895
6.46573
7.2951
8.16309
9.04986
9.92947
10.7704
11.537
12.1916
12.6982
13.0258
13.1526
13.069
12.7786
12.2983
11.5755
10.6274
9.56867
8.46251
7.36213
6.3076
5.32527
4.42917
3.6233
2.90429
2.26365
1.68963
1.16855
0.685739
-1203.21
)
;
    }
    cold
    {
        type            calculated;
        value           nonuniform List<scalar> 
120
(
39.8854
-0.395767
-0.656018
-0.910516
-1.15626
-1.38965
-1.60637
-1.80154
-1.96978
-2.10566
-2.20416
-2.26126
-2.27465
-2.24425
-2.17253
-2.07601
-1.96508
-1.83798
-1.69972
-1.55521
-1.409
-1.265
-1.12638
-0.995495
-0.873974
-0.762753
-0.66221
-0.57228
-0.492575
-0.422482
-0.361254
-0.308074
-0.262107
-0.222536
-0.188587
-0.159544
-0.134751
-0.113623
-0.0956383
-0.0803376
-0.0673187
-0.0562312
-0.0467707
-0.0386729
-0.0317084
-0.0256775
-0.0204055
-0.0157384
-0.0115387
-0.00768204
-0.00405345
-0.000544405
0.00295045
0.00653631
0.0103213
0.0144199
0.0189557
0.024066
0.0299052
0.0366498
0.0445035
0.0537031
0.064526
0.0772982
0.0924034
0.110295
0.131509
0.156679
0.186554
0.222022
0.264131
0.31412
0.373449
0.443843
0.527329
0.626288
0.743508
0.882247
1.0463
1.24005
1.46857
1.73765
2.05388
2.42468
2.85829
3.36372
3.95065
4.62919
5.40953
6.30137
7.31321
8.45129
9.71833
11.112
12.6229
14.2331
15.9143
17.626
19.3161
20.9212
22.3696
23.5862
24.4988
25.0464
25.1863
24.8247
23.8881
22.4288
20.5595
18.4148
16.1312
13.8303
11.6076
9.5291
7.6309
5.92323
4.39553
3.02168
1.76454
-433.928
)
;
    }
    interface_left
    {
        type            calculated;
        value           nonuniform List<scalar> 
90
(
-1885.84
-635.975
-253.097
-120.356
-66.8849
-41.7444
-28.2117
-20.1204
-14.8957
-11.3282
-8.78927
-6.92461
-5.52114
-4.44402
-3.6043
-2.94124
-2.41219
-1.98641
-1.64128
-1.35987
-1.12927
-0.939524
-0.782846
-0.65309
-0.545357
-0.455712
-0.380971
-0.318542
-0.266306
-0.22252
-0.185745
-0.154788
-0.128654
-0.106514
-0.087667
-0.0715239
-0.0575813
-0.0454069
-0.0346249
-0.0249035
-0.0159445
-0.00747376
0.000767617
0.00903115
0.017569
0.0266415
0.036526
0.0475246
0.0599744
0.0742576
0.0908143
0.110156
0.132884
0.159706
0.191463
0.22916
0.273994
0.327408
0.391136
0.467275
0.558369
0.667515
0.798502
0.955994
1.14576
1.37497
1.65266
1.99027
2.40243
2.90814
3.53238
4.30851
5.28198
6.51596
8.10058
10.1681
12.9196
16.6736
21.962
29.7319
41.8151
62.1333
100.136
181.595
385.39
977.097
2917.98
2900.21
901.745
144.728
)
;
    }
    interface_right
    {
        type            calculated;
        value           nonuniform List<scalar> 
90
(
-124.326
-46.5623
-21.1444
-11.4823
-7.1348
-4.84941
-3.49194
-2.612
-2.00577
-1.56968
-1.24589
-0.999682
-0.808956
-0.659032
-0.539789
-0.444043
-0.366562
-0.303457
-0.251786
-0.209286
-0.174195
-0.145124
-0.120968
-0.10084
-0.0840212
-0.0699276
-0.058079
-0.0480794
-0.0395997
-0.0323647
-0.0261421
-0.0207343
-0.0159707
-0.0117025
-0.00779698
-0.00413334
-0.000598841
0.00291493
0.00651545
0.0103126
0.0144223
0.0189695
0.0240929
0.0299484
0.0367144
0.0445972
0.0538373
0.0647169
0.0775685
0.0927857
0.110835
0.132272
0.157756
0.188075
0.22417
0.267163
0.3184
0.379491
0.452373
0.539371
0.643288
0.767509
0.916133
1.09414
1.3076
1.56395
1.87234
2.2441
2.69336
3.23787
3.90014
4.70902
5.70196
6.92821
8.45364
10.368
12.7961
15.9162
19.9899
25.4151
32.8225
43.2644
58.6143
82.491
122.628
197.618
358.041
758.338
1917.46
5710.94
)
;
    }
    interface_top
    {
        type            calculated;
        value           nonuniform List<scalar> 
90
(
-612.131
271.465
-769.445
-19.6746
-634.971
-87.7012
-515.579
-167.687
151.6
-219.252
179.267
-194.529
242.315
-187.892
317.967
-350.537
168.582
-321.232
140.649
-291.526
118.238
-278.393
24.4223
330.588
-67.237
363.621
-92.829
425.089
-145.362
492.55
-419.947
254.031
-445.069
154.972
-447.16
69.2388
-453.167
-92.1217
258.692
-237.335
231.695
-289.613
228.197
-352.647
220.841
-573.942
-31.9175
-545.431
-121.313
-502.403
-180.594
-466.279
-265.299
-86.5593
-331.385
-121.825
-343.251
-145.71
-353.832
-171.545
-402.091
-259.95
-375.723
-290.316
-357.395
-313.235
-351.198
-339.207
-338.453
-366.661
-380.049
-396.519
-428.685
-435.843
-486.703
-477.332
-534.1
-572.089
-619.216
-716.077
-745.014
-983.064
-1023.62
-1033.94
-1868.11
-2055.95
-2538.07
-3484.75
-5552.68
-10921.1
)
;
    }
    interface_bottom
    {
        type            calculated;
        value           nonuniform List<scalar> 
90
(
3091.71
1327.32
1126.2
613.178
741.141
473.35
548.947
413.124
315.156
351.713
282.736
276.453
240.384
214.934
197.705
173.552
164.039
146.922
139.784
132.264
126.878
122.037
120.053
121.424
114.079
125.349
106.353
131.667
94.6679
137.264
71.2702
125.925
65.7826
127.49
57.8633
127.173
42.0509
103.287
173.127
69.0188
179.851
46.0253
185.764
18.9868
185.238
-34.6783
135.13
-23.5289
135.151
-22.3927
132.287
-37.7893
86.2841
219.426
26.0839
223.147
-6.7811
227.294
-42.7844
222.932
-118.748
142.962
-92.3643
144.067
-82.8557
142.057
-98.3788
79.9331
270.361
-1.61631
280.538
-46.3877
294.426
-101.449
299.146
-239.424
170.589
-227.892
156.139
-250.732
125.259
-336.168
-40.1998
279.579
-381.302
-16.4738
440.41
-934.198
-559.967
-458.217
)
;
    }
    defaultFaces
    {
        type            empty;
    }
}


// ************************************************************************* //
