/*--------------------------------*- C++ -*----------------------------------*\
| =========                 |                                                 |
| \\      /  F ield         | OpenFOAM: The Open Source CFD Toolbox           |
|  \\    /   O peration     | Version:  5.x                                   |
|   \\  /    A nd           | Web:      www.OpenFOAM.org                      |
|    \\/     M anipulation  |                                                 |
\*---------------------------------------------------------------------------*/
FoamFile
{
    version     2.0;
    format      ascii;
    class       volScalarField;
    location    "1.7";
    object      gradTx;
}
// * * * * * * * * * * * * * * * * * * * * * * * * * * * * * * * * * * * * * //

dimensions      [0 -1 0 1 0 0 0];

internalField   nonuniform List<scalar> 
6300
(
423.439
424.862
427.658
431.722
436.888
442.926
449.531
456.317
462.817
468.485
472.715
474.869
474.318
470.493
462.945
421.983
423.457
426.358
430.586
435.983
442.325
449.315
456.568
463.611
469.884
474.752
477.535
477.55
474.175
466.91
419.02
420.594
423.699
428.247
434.098
441.043
448.8
456.992
465.139
472.651
478.836
482.928
484.132
481.705
475.039
414.453
416.167
419.564
424.575
431.084
438.916
447.816
457.426
467.265
476.706
484.975
491.167
494.304
493.431
487.748
408.139
410.027
413.784
419.371
426.714
435.687
446.086
457.596
469.752
481.897
493.152
502.422
508.444
509.924
505.735
399.908
401.985
406.142
412.379
420.682
430.998
443.211
457.086
472.215
487.939
503.277
516.883
527.085
532.042
530.076
389.569
391.833
396.39
403.292
412.603
424.382
438.639
455.287
474.046
494.329
515.094
534.711
550.927
561.042
562.408
376.937
379.36
384.264
391.764
402.028
415.254
431.645
451.343
474.319
500.202
528.019
555.898
580.829
598.746
605.261
361.855
364.376
369.511
377.445
388.46
402.931
421.313
444.086
471.652
504.105
540.845
579.992
617.702
647.805
662.664
344.223
346.752
351.933
360.017
371.407
386.669
406.557
432.006
464.064
503.684
551.225
605.483
662.138
712.059
741.391
324.038
326.451
331.423
339.258
350.454
365.753
386.213
413.286
448.883
495.306
554.848
628.536
713.264
796.852
853.661
301.415
303.568
308.027
315.113
325.373
339.65
359.227
386.015
422.843
473.777
544.29
640.506
765.485
908.375
1023.73
276.615
278.358
281.979
287.773
296.249
308.225
325.004
348.678
382.667
432.638
507.994
623.674
799.749
1047.38
1306.24
250.053
251.248
253.736
257.73
263.604
271.974
283.862
301.004
326.482
366.084
431.342
546.412
762.413
1175.11
1846.03
222.276
222.827
223.968
225.789
228.442
232.185
237.446
244.971
256.151
273.852
304.852
368.19
528.346
1044.54
3109.12
452.665
440.183
424.899
406.952
386.564
364.014
339.621
313.726
286.671
258.788
230.389
201.763
173.169
144.839
116.98
89.7712
63.3713
37.9179
13.5303
-9.68822
-31.6494
-52.2785
-71.5134
-89.3047
-105.616
-120.426
-133.726
-145.528
-155.859
-164.765
-172.311
-178.578
-183.66
-187.665
-190.706
-192.898
-194.357
-195.196
-195.518
-195.42
-194.99
-194.305
-193.434
-192.439
-191.373
-190.286
-189.219
-188.211
-187.293
-186.494
-185.834
-185.33
-184.992
-184.825
-184.83
-185.001
-185.33
-185.807
-186.42
-187.155
-187.997
-188.933
-189.947
-191.023
-192.141
-193.279
-194.41
-195.504
-196.525
-197.432
-198.182
-198.729
-199.023
-199.019
-198.671
-197.94
-196.789
-195.19
-193.121
-190.569
-187.529
-184.003
-180.008
-175.565
-170.712
-165.494
-159.969
-154.205
-148.276
-142.264
456.725
444.174
428.687
410.425
389.634
366.623
341.742
315.354
287.822
259.489
230.678
201.68
172.753
144.131
116.014
88.5807
61.9859
36.3642
11.8321
-11.5096
-33.5744
-54.2885
-73.5902
-91.4294
-107.768
-122.583
-135.866
-147.623
-157.884
-166.694
-174.12
-180.247
-185.175
-189.014
-191.886
-193.91
-195.208
-195.895
-196.078
-195.855
-195.313
-194.528
-193.57
-192.498
-191.364
-190.216
-189.097
-188.044
-187.088
-186.259
-185.577
-185.06
-184.716
-184.552
-184.564
-184.749
-185.095
-185.591
-186.225
-186.981
-187.846
-188.805
-189.845
-190.949
-192.1
-193.277
-194.453
-195.6
-196.68
-197.651
-198.469
-199.085
-199.447
-199.508
-199.22
-198.54
-197.431
-195.864
-193.815
-191.27
-188.224
-184.679
-180.649
-176.156
-171.236
-165.935
-160.313
-154.44
-148.396
-142.266
465.053
452.349
436.428
417.495
395.855
371.884
345.989
318.589
290.082
260.841
231.2
201.455
171.867
142.661
114.034
86.157
59.1771
33.2227
8.40478
-15.1807
-37.4511
-58.335
-77.771
-95.708
-112.105
-126.934
-140.182
-151.852
-161.971
-170.586
-177.768
-183.609
-188.218
-191.719
-194.244
-195.926
-196.895
-197.276
-197.179
-196.705
-195.94
-194.959
-193.828
-192.603
-191.334
-190.067
-188.842
-187.698
-186.667
-185.778
-185.053
-184.509
-184.155
-183.996
-184.027
-184.239
-184.621
-185.158
-185.833
-186.633
-187.541
-188.546
-189.635
-190.794
-192.01
-193.263
-194.531
-195.783
-196.982
-198.084
-199.041
-199.798
-200.301
-200.495
-200.328
-199.753
-198.73
-197.227
-195.219
-192.691
-189.636
-186.053
-181.954
-177.361
-172.306
-166.838
-161.018
-154.922
-148.639
-142.265
478.082
465.113
448.463
428.418
405.39
379.868
352.363
323.373
293.359
262.727
231.83
200.968
170.394
140.326
110.946
82.4148
54.8686
28.4256
3.18792
-20.7564
-43.3309
-64.4681
-84.108
-102.197
-118.689
-133.547
-146.748
-158.291
-168.196
-176.511
-183.314
-188.707
-192.817
-195.789
-197.773
-198.924
-199.387
-199.299
-198.779
-197.928
-196.832
-195.563
-194.178
-192.729
-191.261
-189.816
-188.434
-187.153
-186.007
-185.026
-184.236
-183.653
-183.287
-183.139
-183.202
-183.462
-183.903
-184.503
-185.245
-186.109
-187.081
-188.151
-189.308
-190.546
-191.854
-193.219
-194.621
-196.032
-197.414
-198.719
-199.893
-200.873
-201.595
-201.997
-202.018
-201.606
-200.717
-199.314
-197.371
-194.871
-191.803
-188.168
-183.97
-179.228
-173.971
-168.246
-162.119
-155.673
-149.012
-142.252
496.538
483.136
465.342
443.59
418.474
390.664
360.831
329.591
297.483
264.955
232.372
200.027
168.159
136.964
106.606
77.2272
48.9479
21.8734
-3.90676
-28.3157
-51.2867
-72.7592
-92.6756
-110.979
-127.613
-142.527
-155.684
-167.065
-176.682
-184.584
-190.854
-195.615
-199.019
-201.239
-202.461
-202.867
-202.63
-201.901
-200.81
-199.46
-197.932
-196.288
-194.577
-192.839
-191.113
-189.435
-187.843
-186.377
-185.074
-183.968
-183.089
-182.455
-182.076
-181.951
-182.067
-182.403
-182.932
-183.626
-184.46
-185.412
-186.466
-187.614
-188.853
-190.183
-191.604
-193.111
-194.689
-196.315
-197.949
-199.538
-201.017
-202.312
-203.346
-204.042
-204.329
-204.145
-203.44
-202.175
-200.323
-197.864
-194.788
-191.09
-186.769
-181.835
-176.309
-170.234
-163.676
-156.733
-149.529
-142.211
521.548
507.436
487.876
463.561
435.391
404.33
371.278
337.016
302.169
267.22
232.529
198.361
164.919
132.362
100.826
70.4269
41.2676
13.4363
-12.9925
-37.9576
-61.4072
-83.293
-103.563
-122.156
-139
-154.022
-167.153
-178.351
-187.61
-194.971
-200.531
-204.437
-206.882
-208.084
-208.279
-207.692
-206.533
-204.978
-203.167
-201.202
-199.153
-197.066
-194.971
-192.892
-190.855
-188.89
-187.034
-185.329
-183.821
-182.552
-181.556
-180.86
-180.474
-180.391
-180.592
-181.042
-181.702
-182.529
-183.488
-184.55
-185.699
-186.931
-188.253
-189.678
-191.22
-192.888
-194.68
-196.577
-198.54
-200.507
-202.399
-204.122
-205.579
-206.671
-207.313
-207.43
-206.965
-205.879
-204.145
-201.745
-198.669
-194.906
-190.449
-185.292
-179.438
-172.916
-165.789
-158.167
-150.211
-142.116
554.829
539.534
517.212
489.033
456.427
420.813
383.424
345.235
306.957
269.072
231.891
195.61
160.364
126.254
93.3734
61.81
31.6467
2.956
-24.205
-49.7958
-73.7885
-96.157
-116.863
-135.843
-153
-168.218
-181.382
-192.401
-201.236
-207.916
-212.549
-215.322
-216.487
-216.335
-215.173
-213.294
-210.958
-208.375
-205.697
-203.017
-200.384
-197.81
-195.297
-192.841
-190.45
-188.147
-185.967
-183.963
-182.19
-180.707
-179.562
-178.791
-178.406
-178.398
-178.733
-179.358
-180.209
-181.224
-182.349
-183.546
-184.797
-186.105
-187.493
-188.993
-190.644
-192.477
-194.511
-196.737
-199.118
-201.579
-204.018
-206.312
-208.33
-209.946
-211.049
-211.549
-211.384
-210.515
-208.923
-206.598
-203.535
-199.722
-195.137
-189.75
-183.53
-176.469
-168.612
-160.083
-151.093
-141.923
599.048
581.704
554.934
520.831
481.745
439.8
396.67
353.534
311.131
269.864
229.909
191.326
154.129
118.335
83.9853
51.1412
19.8734
-9.75489
-37.7016
-63.9531
-88.52
-111.42
-132.649
-152.146
-169.776
-185.353
-198.673
-209.565
-217.929
-223.767
-227.2
-228.475
-227.936
-225.987
-223.045
-219.499
-215.684
-211.856
-208.176
-204.716
-201.477
-198.419
-195.491
-192.651
-189.877
-187.182
-184.608
-182.223
-180.106
-178.341
-177
-176.134
-175.768
-175.887
-176.434
-177.325
-178.46
-179.742
-181.09
-182.448
-183.797
-185.152
-186.557
-188.08
-189.794
-191.769
-194.055
-196.668
-199.573
-202.677
-205.841
-208.894
-211.657
-213.957
-215.649
-216.624
-216.814
-216.191
-214.754
-212.514
-209.48
-205.647
-200.981
-195.408
-188.832
-181.167
-172.403
-162.661
-152.236
-141.558
658.491
637.397
603.162
559.755
511.128
460.442
409.873
360.723
313.618
268.712
225.903
184.997
145.824
108.291
72.3857
38.1623
5.70267
-24.9189
-53.6658
-80.5564
-105.665
-129.098
-150.931
-171.129
-189.495
-205.714
-219.43
-230.335
-238.22
-243.032
-244.909
-244.186
-241.361
-237.014
-231.727
-226.033
-220.372
-215.064
-210.281
-206.04
-202.254
-198.789
-195.51
-192.315
-189.145
-186
-182.937
-180.056
-177.48
-175.331
-173.719
-172.729
-172.406
-172.732
-173.616
-174.919
-176.48
-178.147
-179.797
-181.349
-182.776
-184.112
-185.441
-186.881
-188.559
-190.604
-193.121
-196.171
-199.734
-203.685
-207.819
-211.891
-215.644
-218.841
-221.281
-222.826
-223.412
-223.037
-221.74
-219.571
-216.575
-212.773
-208.128
-202.513
-195.701
-187.448
-177.6
-166.224
-153.742
-140.882
740.441
711.961
664.545
606.14
543.426
480.866
420.982
364.915
312.881
264.489
219.101
176.118
135.108
95.8523
58.3165
22.5996
-11.1544
-42.8166
-72.3311
-99.7463
-125.239
-149.086
-171.563
-192.74
-212.29
-229.651
-244.204
-255.412
-262.888
-266.473
-266.305
-262.865
-256.919
-249.331
-240.936
-232.458
-224.492
-217.459
-211.546
-206.652
-202.514
-198.835
-195.358
-191.893
-188.331
-184.657
-180.962
-177.413
-174.202
-171.514
-169.512
-168.336
-168.083
-168.747
-170.174
-172.121
-174.328
-176.561
-178.631
-180.415
-181.873
-183.069
-184.156
-185.327
-186.789
-188.75
-191.412
-194.931
-199.33
-204.422
-209.884
-215.343
-220.431
-224.81
-228.198
-230.409
-231.391
-231.21
-229.981
-227.819
-224.832
-221.11
-216.672
-211.34
-204.645
-196.025
-184.999
-171.382
-155.79
-139.608
858.234
813.739
741.7
658.674
575.448
497.384
426.546
363.244
306.848
255.883
208.781
164.342
121.809
80.8817
41.5754
4.1617
-31.0675
-63.8448
-94.0505
-121.728
-147.196
-171.051
-194.067
-216.679
-238.215
-257.6
-273.758
-285.815
-293.105
-295.261
-292.349
-285.087
-274.775
-262.746
-250.197
-238.082
-227.205
-218.18
-211.285
-206.119
-202.057
-198.538
-195.138
-191.562
-187.629
-183.302
-178.735
-174.244
-170.139
-166.678
-164.085
-162.588
-162.413
-163.643
-165.963
-168.929
-172.121
-175.192
-177.863
-179.937
-181.334
-182.172
-182.739
-183.347
-184.293
-185.881
-188.464
-192.417
-197.925
-204.624
-211.949
-219.325
-226.238
-232.205
-236.81
-239.76
-241.043
-240.893
-239.564
-237.254
-234.149
-230.48
-226.503
-222.13
-216.361
-208.067
-196.13
-179.382
-158.689
-137.087
1038.79
955.124
834.62
711.437
599.976
503.434
421.199
351.568
292.932
241.653
194.564
149.756
106.135
63.5129
22.0472
-17.4807
-54.5654
-88.624
-119.451
-146.924
-171.497
-194.236
-217.154
-242.159
-267.216
-290.167
-309.173
-323.032
-330.654
-331.281
-324.583
-311.628
-295.026
-276.833
-258.756
-241.85
-227.177
-215.763
-208.468
-203.929
-200.756
-198.008
-195.115
-191.689
-187.444
-182.244
-176.354
-170.48
-165.108
-160.56
-157.048
-154.907
-154.697
-156.947
-160.799
-165.396
-170.069
-174.386
-177.94
-180.421
-181.59
-181.656
-181.254
-180.872
-180.866
-181.573
-183.536
-187.659
-194.803
-203.92
-213.938
-223.971
-233.406
-241.56
-247.806
-251.509
-252.76
-252.274
-250.558
-247.837
-244.276
-240.294
-236.903
-234.931
-231.715
-225.357
-214.187
-193.066
-162.895
-131.689
1343.18
1149.49
931.334
747.264
602.962
488.826
397.646
324.002
268.362
221.324
176.996
133.392
88.9519
44.4057
-0.343028
-42.7097
-82.4833
-118.111
-149.729
-176.327
-198.465
-217.172
-237.236
-267.549
-299.223
-328.376
-351.948
-369.168
-378.205
-377.768
-365.742
-343.331
-317.482
-290.67
-265.545
-242.328
-222.383
-207.346
-201.617
-199.707
-198.778
-197.625
-195.801
-192.938
-188.583
-182.134
-173.905
-165.953
-158.859
-152.918
-148.011
-144.42
-143.418
-147.925
-154.544
-161.736
-168.517
-174.662
-179.552
-182.783
-183.423
-181.806
-179.731
-177.851
-176.406
-175.452
-175.492
-178.549
-188.836
-201.916
-215.903
-229.476
-242.42
-253.66
-262.462
-266.791
-266.977
-265.429
-263.001
-259.628
-255.013
-249.256
-245.262
-249.525
-251.596
-249.576
-246.577
-219.781
-168.592
-118.982
1928.2
1379.03
978.896
725.763
562.448
441.106
348.782
270.455
231.343
197.025
158.313
118.154
71.8393
25.505
-26.2488
-71.7553
-116.447
-153.435
-187.292
-212.194
-230.401
-238.171
-242.561
-290.967
-334.833
-374.578
-403.811
-427.017
-439.31
-440.85
-421.754
-379.883
-341.223
-301.98
-269.496
-238.007
-210.443
-185.455
-189.193
-194.003
-197.056
-198.141
-197.921
-196.275
-192.681
-184.54
-171.01
-160.152
-150.915
-143.757
-137.052
-130.182
-124.187
-135.841
-147.448
-158.652
-167.868
-176.734
-183.541
-188.865
-188.498
-182.609
-177.922
-174.196
-171.236
-167.897
-163.102
-159.023
-178.847
-198.605
-218.463
-235.886
-253.889
-269.27
-283.562
-288.041
-283.691
-279.851
-276.807
-273.207
-267.397
-255.68
-241.733
-267.277
-277.368
-275.206
-313.237
-281.624
-172.015
-86.4195
3240.98
1393.86
814.711
574.859
461.433
351.545
279.71
160.386
187.359
178.984
141.637
111.695
54.6594
14.3077
-61.2555
-102.076
-161.593
-193.35
-237.812
-257.75
-277.4
-264.055
-184.508
-320.908
-376.35
-435.869
-464.287
-500.493
-515.796
-533.527
-510.439
-411.689
-365.686
-303.447
-271.911
-227.946
-194.713
-122.128
-175.152
-190.755
-198.097
-200.463
-202.028
-202.354
-203.266
-194.651
-164.223
-151.977
-139.946
-133.917
-126.305
-114.666
-79.5245
-123.811
-140.917
-158.417
-167.71
-181.758
-189.657
-203.136
-201.515
-181.676
-174.724
-169.432
-166.611
-162.437
-149.676
-105.076
-168.952
-195.15
-224.529
-241.463
-269.135
-286.449
-318.794
-322.007
-299.672
-293.13
-291.416
-289.972
-288.289
-265.318
-181.34
-307.284
-320.785
-242.96
-480.187
-455.784
-140.86
0.0587119
-135.653
-128.561
-121.719
-115.235
-109.194
-103.66
-98.6729
-94.2562
-90.4182
-87.1574
-84.4658
-82.3322
-80.7447
-79.6928
-79.1689
-135.529
-128.31
-121.36
-114.791
-108.688
-103.112
-98.1025
-93.6772
-89.8408
-86.5881
-83.9078
-81.7859
-80.2089
-79.1647
-78.6449
-135.268
-127.79
-120.621
-113.88
-107.654
-101.999
-96.9474
-92.509
-88.6797
-85.4463
-82.791
-80.6948
-79.1401
-78.1122
-77.6009
-134.844
-126.961
-119.455
-112.454
-106.047
-100.283
-95.179
-90.7315
-86.9224
-83.7262
-81.115
-79.0621
-77.5442
-76.5429
-76.0455
-134.214
-125.756
-117.781
-110.434
-103.798
-97.9058
-92.7539
-88.3156
-84.5522
-81.4209
-78.8805
-76.8943
-75.4317
-74.4697
-73.9925
-133.304
-124.066
-115.48
-107.703
-100.805
-94.7883
-89.6152
-85.2247
-81.5496
-78.5246
-76.0918
-74.2026
-72.8186
-71.9114
-71.4624
-131.997
-121.726
-112.369
-104.092
-96.929
-90.8276
-85.6937
-81.4184
-77.8967
-75.0361
-72.7595
-71.0058
-69.7286
-68.8948
-68.483
-130.1
-118.471
-108.179
-99.3687
-91.9911
-85.8994
-80.9134
-76.8583
-73.5827
-70.9634
-68.9041
-67.3322
-66.1951
-65.456
-65.0919
-127.28
-113.877
-102.508
-93.2118
-85.7674
-79.8655
-75.202
-71.5187
-68.6125
-66.3306
-64.5611
-63.224
-62.2635
-61.642
-61.3367
-122.928
-107.25
-94.7657
-85.2027
-78.0012
-72.5932
-68.5104
-65.4019
-63.0179
-61.1852
-59.7856
-58.7392
-57.9927
-57.5118
-57.2762
-115.876
-97.4284
-84.102
-74.8321
-68.4415
-63.9958
-60.8444
-58.5605
-56.8719
-55.6068
-54.657
-53.9543
-53.4562
-53.1364
-52.9799
-103.748
-82.4863
-69.3819
-61.5824
-56.9368
-54.1042
-52.311
-51.1239
-50.3025
-49.713
-49.2811
-48.9649
-48.7413
-48.5975
-48.5271
-81.5274
-59.3872
-49.357
-45.1791
-43.6191
-43.1733
-43.1714
-43.3216
-43.501
-43.6618
-43.7893
-43.8828
-43.9465
-43.9854
-44.0037
-38.4615
-24.1786
-23.48
-26.1581
-29.1872
-31.7985
-33.8798
-35.4901
-36.718
-37.6438
-38.3317
-38.8306
-39.1763
-39.3938
-39.4987
48.1049
24.6142
5.77343
-6.78603
-15.1732
-20.9536
-25.0592
-28.0411
-30.2372
-31.8636
-33.063
-33.9316
-34.5344
-34.9147
-35.0986
196.294
196.217
196.043
195.73
195.197
194.305
192.807
190.242
185.687
177.099
159.244
116.051
-12.6081
-494.533
-2687.77
172.717
172.082
170.743
168.545
165.212
160.279
152.957
141.859
124.42
95.567
44.4619
-53.8204
-259.061
-705.26
-1550.7
149.57
148.427
146.031
142.139
136.329
127.903
115.72
97.8709
71.0734
29.4837
-37.5606
-149.416
-338.173
-638.708
-1000.69
127.208
125.634
122.349
117.058
109.254
98.1287
82.4091
60.0907
27.9936
-18.9257
-88.4637
-191.604
-339.651
-529.461
-702.018
105.931
104.021
100.052
93.7135
84.4791
71.5383
53.6752
29.0962
-4.79683
-51.6299
-116.03
-202.601
-312.117
-432.18
-523.152
85.9746
83.8293
79.396
72.3739
62.2723
48.3607
29.6002
4.56641
-28.6023
-72.1347
-128.201
-197.657
-277.246
-355.088
-407.444
67.5015
65.221
60.5316
53.1674
42.7063
28.5456
9.87728
-14.317
-45.2111
-83.9337
-131.073
-185.671
-243.581
-295.684
-328.08
50.6066
48.2801
43.5199
36.1071
25.7055
11.8569
-6.01172
-28.5505
-56.3837
-89.8859
-128.762
-171.381
-213.94
-249.957
-271.204
35.3225
33.0248
28.3458
21.1185
11.0951
-2.04306
-18.6602
-39.1093
-63.6202
-92.1042
-123.85
-157.129
-188.835
-214.481
-229.075
21.6297
19.4191
14.9377
8.06833
-1.35494
-13.5293
-28.6497
-46.8489
-68.098
-92.0561
-117.871
-143.967
-167.932
-186.675
-197.073
9.46843
7.38681
3.18464
-3.21118
-11.8969
-22.9714
-36.5023
-52.4713
-70.6948
-90.7179
-111.693
-132.282
-150.652
-164.658
-172.288
-1.25048
-3.17596
-7.0479
-12.903
-20.7819
-30.7093
-42.6628
-56.5286
-72.042
-88.7175
-105.781
-122.136
-136.4
-147.065
-152.798
-10.635
-12.3896
-15.9057
-21.1916
-28.2462
-37.0414
-47.4961
-59.442
-72.5819
-86.4465
-100.361
-113.44
-124.643
-132.895
-137.285
-18.8033
-20.3824
-23.5366
-28.2537
-34.5032
-42.2221
-51.2945
-61.5264
-72.6184
-84.1402
-95.518
-106.046
-114.933
-121.403
-124.819
-25.8771
-27.2832
-30.084
-34.2531
-39.741
-46.4638
-54.2882
-63.0138
-72.356
-81.9332
-91.2648
-99.7881
-106.901
-112.031
-114.722
-31.976
-33.217
-35.6828
-39.3381
-44.1224
-49.9414
-56.6565
-64.073
-71.9301
-79.8961
-87.5719
-94.5088
-100.244
-104.349
-106.493
-37.2147
-38.3017
-40.4568
-43.6401
-47.7861
-52.7975
-58.5382
-64.8262
-71.4284
-78.0601
-84.3912
-90.0632
-94.7168
-98.0282
-99.7509
-41.6996
-42.6457
-44.5179
-47.2747
-50.8496
-55.1476
-60.0401
-65.3613
-70.9061
-76.4322
-81.6674
-86.324
-90.1207
-92.8093
-94.2037
-45.5285
-46.3476
-47.9657
-50.3418
-53.4116
-57.0853
-61.2446
-65.7411
-70.3966
-75.006
-79.3448
-83.1812
-86.2932
-88.4882
-89.6238
-48.7896
-49.4954
-50.8878
-52.9277
-55.5548
-58.6861
-62.215
-66.0106
-69.919
-73.7674
-77.3705
-80.5408
-83.1016
-84.902
-85.8315
-51.5612
-52.1671
-53.361
-55.1065
-57.3483
-60.0113
-63.0005
-66.2017
-69.483
-72.6989
-75.6964
-78.323
-80.4373
-81.9199
-82.684
-53.9126
-54.4311
-55.4517
-56.9412
-58.8496
-61.1101
-63.639
-66.3372
-69.0922
-71.7819
-74.2794
-76.4605
-78.2112
-79.436
-80.0665
-55.9044
-56.3469
-57.2171
-58.4853
-60.1068
-62.0227
-64.1599
-66.4332
-68.7467
-70.998
-73.0819
-74.8966
-76.3497
-77.3645
-77.8863
-57.5894
-57.9662
-58.7066
-59.7843
-61.1599
-62.7817
-64.5866
-66.5012
-68.4445
-70.3301
-72.0711
-73.5835
-74.7921
-75.635
-76.0679
-59.013
-59.3333
-59.9623
-60.8766
-62.0421
-63.4138
-64.9371
-66.5495
-68.1821
-69.7626
-71.2187
-72.4811
-73.4883
-74.1897
-74.5497
-60.2145
-60.4864
-61.0199
-61.7949
-62.7814
-63.9407
-65.2259
-66.5836
-67.9557
-69.2815
-70.5006
-71.5558
-72.3964
-72.9813
-73.2813
-61.2275
-61.458
-61.9102
-62.5664
-63.4009
-64.3802
-65.4644
-66.6078
-67.7615
-68.8744
-69.8961
-70.7792
-71.482
-71.9705
-72.2209
-62.0807
-62.276
-62.6589
-63.2143
-63.9199
-64.7471
-65.6617
-66.625
-67.5955
-68.5305
-69.3877
-70.1278
-70.7161
-71.1248
-71.3342
-62.7983
-62.9638
-63.288
-63.7579
-64.3546
-65.0534
-65.8252
-66.6371
-67.4542
-68.2404
-68.9605
-69.5816
-70.0749
-70.4174
-70.5928
-63.4013
-63.5414
-63.816
-64.2138
-64.7184
-65.3091
-65.9608
-66.6458
-67.3344
-67.9963
-68.602
-69.1239
-69.5383
-69.8257
-69.9729
-63.9071
-64.0259
-64.2585
-64.5955
-65.0227
-65.5224
-66.0733
-66.6518
-67.233
-67.7912
-68.3015
-68.741
-69.0896
-69.3314
-69.4552
-64.3305
-64.4313
-64.6287
-64.9145
-65.2767
-65.7001
-66.1666
-66.6562
-67.1476
-67.6192
-68.0501
-68.421
-68.7151
-68.919
-69.0233
-64.6841
-64.7698
-64.9376
-65.1806
-65.4884
-65.8479
-66.2439
-66.6592
-67.0758
-67.4755
-67.8404
-68.1543
-68.4031
-68.5756
-68.6638
-64.9782
-65.0513
-65.1945
-65.4017
-65.6641
-65.9705
-66.3078
-66.6614
-67.0159
-67.3558
-67.666
-67.9328
-68.1441
-68.2906
-68.3655
-65.2215
-65.2842
-65.4069
-65.5845
-65.8093
-66.0717
-66.3604
-66.6629
-66.9661
-67.2567
-67.5218
-67.7496
-67.9301
-68.0552
-68.1191
-65.4214
-65.4755
-65.5814
-65.7345
-65.9283
-66.1546
-66.4034
-66.664
-66.9251
-67.1752
-67.4033
-67.5994
-67.7546
-67.8621
-67.9171
-65.5838
-65.6309
-65.723
-65.8563
-66.025
-66.2218
-66.4382
-66.6648
-66.8917
-67.109
-67.3072
-67.4774
-67.6122
-67.7055
-67.7533
-65.7135
-65.755
-65.8362
-65.9536
-66.1021
-66.2754
-66.4659
-66.6653
-66.865
-67.0561
-67.2304
-67.38
-67.4985
-67.5806
-67.6225
-65.8144
-65.8515
-65.9242
-66.0292
-66.1621
-66.3171
-66.4874
-66.6657
-66.8441
-67.0149
-67.1706
-67.3043
-67.4101
-67.4834
-67.5208
-65.8896
-65.9235
-65.9898
-66.0856
-66.2068
-66.3481
-66.5034
-66.6659
-66.8286
-66.9843
-67.1261
-67.2479
-67.3443
-67.411
-67.4451
-65.9413
-65.9729
-66.0348
-66.1243
-66.2375
-66.3694
-66.5144
-66.6661
-66.8179
-66.9632
-67.0955
-67.2091
-67.2991
-67.3613
-67.3931
-65.9711
-66.0014
-66.0608
-66.1466
-66.2551
-66.3817
-66.5207
-66.6662
-66.8118
-66.951
-67.0779
-67.1868
-67.273
-67.3327
-67.3632
-65.9798
-66.0097
-66.0684
-66.1531
-66.2603
-66.3853
-66.5226
-66.6663
-66.81
-66.9475
-67.0727
-67.1803
-67.2654
-67.3243
-67.3544
-65.9677
-65.9982
-66.0579
-66.1441
-66.2532
-66.3804
-66.5201
-66.6663
-66.8125
-66.9524
-67.0799
-67.1893
-67.2759
-67.3358
-67.3664
-65.9345
-65.9664
-66.0289
-66.1192
-66.2335
-66.3667
-66.5131
-66.6662
-66.8194
-66.966
-67.0995
-67.2142
-67.3049
-67.3677
-67.3998
-65.8791
-65.9134
-65.9806
-66.0778
-66.2007
-66.3439
-66.5014
-66.6661
-66.8309
-66.9886
-67.1323
-67.2557
-67.3533
-67.4208
-67.4554
-65.7999
-65.8376
-65.9116
-66.0185
-66.1537
-66.3114
-66.4846
-66.6659
-66.8473
-67.021
-67.1792
-67.315
-67.4225
-67.4969
-67.535
-65.6944
-65.7368
-65.8197
-65.9395
-66.0911
-66.2679
-66.4623
-66.6656
-66.8692
-67.064
-67.2416
-67.394
-67.5147
-67.5982
-67.6409
-65.5596
-65.6078
-65.7021
-65.8385
-66.0111
-66.2124
-66.4336
-66.6652
-66.8971
-67.119
-67.3213
-67.4951
-67.6326
-67.7278
-67.7765
-65.3913
-65.4468
-65.5554
-65.7125
-65.9112
-66.143
-66.3978
-66.6647
-66.9319
-67.1877
-67.4209
-67.6213
-67.7799
-67.8897
-67.9459
-65.1846
-65.249
-65.3751
-65.5575
-65.7882
-66.0575
-66.3537
-66.6639
-66.9745
-67.272
-67.5434
-67.7765
-67.961
-68.0889
-68.1542
-64.9331
-65.0084
-65.1557
-65.3688
-65.6386
-65.9535
-66.2999
-66.6627
-67.0263
-67.3746
-67.6923
-67.9653
-68.1815
-68.3313
-68.4079
-64.6294
-64.7178
-64.8907
-65.1409
-65.4577
-65.8276
-66.2346
-66.6611
-67.0886
-67.4983
-67.8722
-68.1936
-68.4482
-68.6245
-68.7147
-64.2645
-64.3685
-64.5721
-64.8668
-65.24
-65.6759
-66.1557
-66.6588
-67.1633
-67.647
-68.0885
-68.4682
-68.769
-68.9775
-69.0842
-63.8274
-63.9501
-64.1904
-64.5382
-64.9788
-65.4937
-66.0608
-66.6556
-67.2524
-67.8248
-68.3477
-68.7975
-69.154
-69.4011
-69.5276
-63.3051
-63.4501
-63.734
-64.1451
-64.6662
-65.2753
-65.9465
-66.6511
-67.3583
-68.0372
-68.6575
-69.1915
-69.6149
-69.9085
-70.0587
-62.6823
-62.8537
-63.1894
-63.6758
-64.2925
-65.0138
-65.8092
-66.6447
-67.4839
-68.2901
-69.0273
-69.6622
-70.1659
-70.5153
-70.6941
-61.9405
-62.1432
-62.5404
-63.1159
-63.8462
-64.7009
-65.6441
-66.6356
-67.6325
-68.5909
-69.4679
-70.2239
-70.824
-71.2404
-71.4536
-61.0581
-61.2978
-61.7677
-62.4488
-63.3136
-64.3265
-65.4454
-66.6228
-67.8078
-68.9481
-69.9927
-70.8937
-71.6095
-72.1065
-72.361
-60.0094
-60.2928
-60.8483
-61.6542
-62.6781
-63.8787
-65.2062
-66.6048
-68.014
-69.3718
-70.6169
-71.6921
-72.5469
-73.1407
-73.445
-58.7642
-59.0988
-59.7553
-60.7083
-61.9202
-63.3427
-64.9178
-66.5793
-68.256
-69.8737
-71.3591
-72.6433
-73.6654
-74.3759
-74.7401
-57.2867
-57.6816
-58.4567
-59.5826
-61.0162
-62.701
-64.5693
-66.5434
-68.5388
-70.4673
-72.2409
-73.7764
-74.9999
-75.8513
-76.288
-55.5353
-56.0007
-56.9147
-58.2436
-59.9377
-61.932
-64.1473
-66.4926
-68.868
-71.1683
-73.2879
-75.126
-76.5927
-77.6144
-78.1388
-53.461
-54.0086
-55.0847
-56.6512
-58.6511
-61.0097
-63.6351
-66.421
-69.2493
-71.9947
-74.5301
-76.7333
-78.4943
-79.7225
-80.3534
-51.0067
-51.6498
-52.9146
-54.758
-57.1157
-59.9021
-63.0116
-66.3199
-69.6882
-72.9668
-76.0028
-78.6474
-80.7655
-82.2451
-83.0058
-48.1063
-48.8598
-50.343
-52.508
-55.2828
-58.5705
-62.2499
-66.1773
-70.1891
-74.1073
-77.747
-80.9268
-83.4797
-85.2663
-86.1861
-44.6832
-45.5635
-47.2983
-49.8351
-53.0941
-56.967
-61.3163
-65.9761
-70.7549
-75.4408
-79.8104
-83.641
-86.7256
-88.8891
-90.0044
-40.6494
-41.6745
-43.6972
-46.6611
-50.4795
-55.033
-60.1671
-65.6923
-71.3852
-76.9938
-82.2478
-86.8729
-90.6105
-93.2392
-94.5966
-35.9044
-37.0935
-39.443
-42.8942
-47.355
-52.696
-58.7466
-65.2922
-72.0737
-78.7927
-85.1213
-90.7206
-95.2648
-98.4713
-100.131
-30.3346
-31.7074
-34.4246
-38.427
-43.6198
-49.8667
-56.9827
-64.7281
-72.8056
-80.8624
-88.5009
-95.3002
-100.847
-104.777
-106.816
-23.8125
-25.3888
-28.5147
-33.1338
-39.1532
-46.4343
-54.7818
-63.9335
-73.5517
-83.222
-92.4627
-100.749
-107.551
-112.395
-114.916
-16.1971
-17.9951
-21.5689
-26.8692
-33.8113
-42.2618
-52.023
-62.8151
-74.2614
-85.8795
-97.0868
-107.226
-115.615
-121.625
-124.765
-7.3344
-9.36974
-13.4254
-19.4657
-27.4228
-37.1799
-48.5485
-61.2424
-74.8515
-88.8218
-102.452
-114.917
-125.33
-132.846
-136.793
2.94001
0.657
-3.90521
-10.7323
-19.7854
-30.9798
-44.1543
-59.0344
-75.1904
-91.9997
-108.625
-124.031
-137.055
-146.545
-151.559
14.7978
12.2646
7.186
-0.454595
-10.6625
-23.4055
-38.5762
-55.9404
-75.0754
-95.3043
-115.644
-134.799
-151.231
-163.351
-169.804
28.4126
25.6375
20.0543
11.6041
0.219439
-14.1467
-31.4756
-51.6169
-74.2006
-98.531
-123.485
-147.455
-168.401
-184.088
-192.528
43.9517
40.958
34.911
25.6983
13.17
-2.8317
-22.4228
-45.5979
-72.1124
-101.324
-132.008
-162.209
-189.219
-209.854
-221.111
61.5666
58.3958
51.9634
42.0924
28.5303
10.9742
-10.8822
-37.2603
-68.1513
-103.092
-140.865
-179.175
-214.462
-242.129
-257.506
81.3799
78.095
71.4004
61.0467
46.6618
27.7641
3.79705
-25.7896
-61.3778
-102.893
-149.347
-198.238
-244.992
-282.934
-304.574
103.47
100.158
93.3747
82.7968
67.9242
48.072
22.3769
-10.1522
-50.4888
-99.2622
-156.133
-218.783
-281.637
-335.054
-366.663
127.856
124.627
117.98
107.525
92.6411
72.4343
45.7002
10.9055
-33.7416
-90.0077
-158.905
-239.181
-324.83
-402.311
-450.693
154.479
151.463
145.224
135.325
121.05
101.326
74.618
38.8027
-8.92672
-71.9817
-153.771
-255.845
-373.687
-489.765
-568.312
183.191
180.532
175.005
166.159
153.237
135.063
109.856
74.9706
26.5287
-40.9458
-134.55
-261.554
-423.76
-603.269
-740.464
213.742
211.586
207.084
199.817
189.067
173.677
151.811
120.548
75.1979
8.23442
-92.1344
-242.811
-461.806
-746.142
-1007.87
245.782
244.263
241.075
235.886
228.112
216.782
200.286
175.901
138.871
80.6098
-14.7826
-176.619
-454.467
-904.695
-1457.01
278.868
278.091
276.449
273.743
269.618
263.466
254.232
240.028
217.282
178.765
108.709
-29.86
-327.408
-992.332
-2289.65
312.485
312.511
312.552
312.576
312.524
312.279
311.619
310.078
306.636
298.815
279.773
227.299
54.7799
-640.781
-4023.15
346.073
346.912
348.657
351.452
355.551
361.372
369.605
381.435
399.019
426.647
474.044
567.813
800.184
1576.62
5041.33
379.068
380.673
384.021
389.412
397.372
408.776
425.079
448.782
484.414
540.737
636.095
812.053
1167.74
1927.11
3365.38
410.936
413.213
417.955
425.575
436.789
452.765
475.399
507.831
555.426
627.703
742.15
931.454
1254.91
1806.08
2688.53
160.847
65.0784
26.8311
7.14699
-4.71671
-12.5479
-18.0038
-21.933
-24.8187
-26.9566
-28.5366
-29.6843
-30.4834
-30.9888
-31.2337
101.515
61.9185
33.0834
14.3825
1.98882
-6.55576
-12.65
-17.1049
-20.4121
-22.8831
-24.7219
-26.0652
-27.0047
-27.6008
-27.8902
69.6818
51.2851
32.2981
17.2379
6.02135
-2.26529
-8.43471
-13.0738
-16.5862
-19.2486
-21.2514
-22.7265
-23.7644
-24.4258
-24.7476
50.6237
41.0616
28.7859
17.4239
8.01925
0.554885
-5.28218
-9.82497
-13.3507
-16.0722
-18.1474
-19.6912
-20.7856
-21.4865
-21.8285
38.2059
32.7225
24.6392
16.2508
8.66968
2.24498
-3.02844
-7.28248
-10.6737
-13.3446
-15.4123
-16.9682
-18.0802
-18.7963
-19.147
29.5961
26.1889
20.7042
14.5172
8.51702
3.13556
-1.48262
-5.33919
-8.49692
-11.0358
-13.0327
-14.5533
-15.6497
-16.3599
-16.7089
23.3525
21.0979
17.257
12.6537
7.93469
3.4961
-0.465701
-3.8812
-6.74992
-9.10335
-10.9838
-12.433
-13.4873
-14.1744
-14.5133
18.6745
17.1086
14.3392
10.8707
7.1576
3.52552
0.171839
-2.80291
-5.36076
-7.49942
-9.23425
-10.5871
-11.5798
-12.2308
-12.5529
15.084
13.9549
11.9069
9.2576
6.32423
3.3616
0.546236
-2.01415
-4.26271
-6.17593
-7.75001
-8.99123
-9.90969
-10.5155
-10.8163
12.2776
11.4395
9.89204
7.84176
5.51118
3.09541
0.743568
-1.44194
-3.39752
-5.08796
-6.49692
-7.61949
-8.45671
-9.01195
-9.28857
10.0532
9.41672
8.22638
6.62058
4.7573
2.78481
0.825395
-1.02941
-2.71647
-4.19545
-5.44273
-6.44592
-7.19954
-7.7019
-7.95294
8.27076
7.77854
6.84924
5.57819
4.07925
2.46513
0.834579
-0.733381
-2.1799
-3.46384
-4.55804
-5.44565
-6.11686
-6.56638
-6.79164
6.83016
6.4439
5.70941
4.69407
3.48119
2.15687
0.800294
-0.521678
-1.75625
-2.86399
-3.81682
-4.59566
-5.18812
-5.58659
-5.78678
5.6578
5.35107
4.76462
3.94713
2.96051
1.871
0.741979
-0.370668
-1.42068
-2.37171
-3.19642
-3.8751
-4.3941
-4.74449
-4.92093
4.69844
4.45251
3.98027
3.31763
2.51128
1.61257
0.672294
-0.263153
-1.15385
-1.96715
-2.67744
-3.26542
-3.71718
-4.02319
-4.1776
3.90986
3.7111
3.32815
2.78795
2.12618
1.38302
0.599252
-0.18671
-0.940779
-1.63413
-2.24339
-2.75035
-3.14146
-3.40718
-3.54149
3.2593
3.09761
2.78522
2.34268
1.7976
1.18165
0.527736
-0.132414
-0.769871
-1.3595
-1.88037
-2.31574
-2.65281
-2.88242
-2.99866
2.72103
2.58876
2.33267
1.96863
1.51823
1.00666
0.460548
-0.093877
-0.632174
-1.13263
-1.57673
-1.94938
-2.2388
-2.43639
-2.53656
2.27461
2.16591
1.95508
1.65454
1.28135
0.85566
0.39913
-0.06654
-0.520758
-0.944879
-1.32272
-1.64083
-1.88854
-2.058
-2.14401
1.90367
1.81399
1.6398
1.39091
1.08092
0.726075
0.344058
-0.0471555
-0.430243
-0.789269
-1.11019
-1.38115
-1.59264
-1.73757
-1.8112
1.595
1.52076
1.37638
1.1697
0.911633
0.615362
0.295373
-0.0334139
-0.356438
-0.660124
-0.93235
-1.16276
-1.34297
-1.46663
-1.52952
1.33789
1.27625
1.15624
0.984168
0.768883
0.521118
0.252798
-0.0236747
-0.296061
-0.552824
-0.783548
-0.979245
-1.13256
-1.23791
-1.29152
1.12359
1.07226
0.97224
0.828651
0.648687
0.441149
0.215885
-0.016773
-0.246535
-0.463608
-0.659071
-0.825158
-0.955467
-1.0451
-1.09075
0.94494
0.902075
0.818503
0.698393
0.54764
0.37349
0.184107
-0.0118828
-0.20582
-0.389399
-0.554992
-0.695916
-0.806621
-0.882839
-0.921678
0.796054
0.760161
0.69014
0.589415
0.462839
0.31641
0.156917
-0.00841813
-0.172298
-0.327678
-0.468046
-0.587658
-0.681722
-0.746535
-0.779578
0.672095
0.641945
0.583101
0.498387
0.391826
0.268401
0.133783
-0.00596354
-0.14468
-0.276383
-0.395514
-0.497142
-0.577137
-0.632293
-0.660425
0.569074
0.543655
0.494025
0.422532
0.332523
0.228164
0.114212
-0.00422468
-0.121931
-0.233819
-0.335136
-0.42165
-0.489801
-0.536818
-0.560807
0.483704
0.462177
0.420133
0.359534
0.283186
0.19459
0.0977556
-0.00299292
-0.103224
-0.198596
-0.285037
-0.358909
-0.41714
-0.457334
-0.477848
0.413283
0.394948
0.359126
0.307473
0.242356
0.166736
0.084017
-0.00212045
-0.0878913
-0.169574
-0.243666
-0.30703
-0.357006
-0.391516
-0.409134
0.355595
0.339861
0.309114
0.264761
0.208818
0.143811
0.0726525
-0.00150254
-0.0753978
-0.145822
-0.209747
-0.264447
-0.307612
-0.337429
-0.352655
0.308833
0.295199
0.268551
0.230097
0.181574
0.125159
0.0633685
-0.00106502
-0.0653145
-0.126585
-0.182232
-0.229875
-0.267486
-0.293475
-0.306749
0.271538
0.259574
0.236186
0.202426
0.15981
0.110241
0.0559198
-0.000755378
-0.0572999
-0.111252
-0.160277
-0.202268
-0.23543
-0.258352
-0.27006
0.242551
0.231882
0.211022
0.180905
0.142875
0.0986218
0.0501058
-0.000536432
-0.0510859
-0.0993397
-0.143206
-0.180793
-0.210486
-0.231014
-0.241502
0.220974
0.211267
0.192288
0.164879
0.13026
0.0899633
0.0457682
-0.000381895
-0.0464659
-0.0904744
-0.130496
-0.164799
-0.191906
-0.21065
-0.220227
0.206136
0.197092
0.179406
0.153861
0.121588
0.0840119
0.0427881
-0.000273214
-0.0432873
-0.0843775
-0.121757
-0.153804
-0.179132
-0.19665
-0.205602
0.197578
0.188918
0.171981
0.147514
0.116598
0.0805935
0.0410842
-0.000197339
-0.0414447
-0.0808576
-0.11672
-0.147473
-0.171783
-0.188599
-0.197192
0.195034
0.186492
0.169784
0.145646
0.115141
0.079609
0.0406108
-0.00014516
-0.040876
-0.0798033
-0.11523
-0.145615
-0.169639
-0.186257
-0.19475
0.198422
0.189736
0.172746
0.148199
0.117174
0.0810317
0.0413579
-0.000110412
-0.0415596
-0.0811794
-0.117242
-0.148176
-0.172635
-0.189557
-0.198206
0.20784
0.198745
0.180955
0.15525
0.122759
0.0849067
0.043351
-8.89224e-05
-0.0435134
-0.0850257
-0.122814
-0.155232
-0.180866
-0.198602
-0.207666
0.223574
0.213793
0.19466
0.167014
0.132068
0.0913531
0.0466523
-7.81116e-05
-0.0467951
-0.0914576
-0.132116
-0.166998
-0.194582
-0.213667
-0.223421
0.246099
0.235334
0.214275
0.183847
0.145382
0.100567
0.051363
-7.66814e-05
-0.0515031
-0.10067
-0.14543
-0.183831
-0.214199
-0.23521
-0.245949
0.276099
0.264022
0.240396
0.206259
0.163106
0.112828
0.057626
-8.44604e-05
-0.0577803
-0.112941
-0.163158
-0.206241
-0.240312
-0.263885
-0.275934
0.314485
0.300728
0.273816
0.234931
0.185777
0.128508
0.0656308
-0.000102383
-0.0658179
-0.128645
-0.18584
-0.23491
-0.273714
-0.300562
-0.314285
0.362423
0.346567
0.31555
0.270733
0.214083
0.148081
0.0756188
-0.000132601
-0.0758611
-0.148258
-0.214165
-0.270706
-0.315417
-0.346352
-0.362164
0.421371
0.402932
0.366865
0.314752
0.248881
0.17214
0.0878906
-0.000178744
-0.0882172
-0.172379
-0.248992
-0.314715
-0.366686
-0.402643
-0.421021
0.493121
0.471538
0.429321
0.368324
0.291227
0.201411
0.102815
-0.000246353
-0.103265
-0.201741
-0.291379
-0.368273
-0.429074
-0.471139
-0.492639
0.579856
0.55447
0.504815
0.433075
0.342403
0.23678
0.120839
-0.000343545
-0.121466
-0.23724
-0.342615
-0.433003
-0.504471
-0.553914
-0.579184
0.684217
0.654252
0.595643
0.510971
0.40396
0.279313
0.142501
-0.000481993
-0.143382
-0.279958
-0.404258
-0.51087
-0.595161
-0.653472
-0.683274
0.809383
0.773923
0.704568
0.604376
0.477761
0.330293
0.168448
-0.000678319
-0.169688
-0.331201
-0.47818
-0.604234
-0.70389
-0.772826
-0.808056
0.959169
0.917128
0.834903
0.716128
0.566041
0.391254
0.199451
-0.000956099
-0.201198
-0.392534
-0.566632
-0.715928
-0.833947
-0.915581
-0.957299
1.13815
1.08823
0.990616
0.849619
0.671471
0.464031
0.236428
-0.00134869
-0.238892
-0.465836
-0.672304
-0.849337
-0.989268
-1.08605
-1.13551
1.35178
1.29246
1.17645
1.0089
0.797238
0.550807
0.280468
-0.00190322
-0.283945
-0.553354
-0.798415
-1.00851
-1.17455
-1.28938
-1.34805
1.6066
1.53604
1.39807
1.19882
0.947144
0.654182
0.332863
-0.00268628
-0.337771
-0.657777
-0.948805
-1.19826
-1.39538
-1.53169
-1.60134
1.91041
1.82643
1.66223
1.42514
1.12572
0.777246
0.395137
-0.0037919
-0.402065
-0.78232
-1.12806
-1.42435
-1.65844
-1.82029
-1.90299
2.27252
2.17252
1.977
1.69474
1.33834
0.923665
0.469089
-0.00535282
-0.47887
-0.930829
-1.34165
-1.69362
-1.97165
-2.16386
-2.26205
2.70407
2.58492
2.35201
2.01582
1.59142
1.09779
0.556836
-0.00755645
-0.570642
-1.1079
-1.59609
-2.01424
-2.34445
-2.57269
-2.68928
3.21833
3.07632
2.79873
2.39813
1.89258
1.30476
0.660856
-0.0106674
-0.680346
-1.31904
-1.89918
-2.3959
-2.78806
-3.05906
-3.19747
3.83121
3.66184
3.33085
2.8533
2.25087
1.55068
0.78405
-0.0150591
-0.811564
-1.57084
-2.26018
-2.85016
-3.31579
-3.63747
-3.80175
4.56168
4.35959
3.96472
3.39519
2.67702
1.84274
0.929791
-0.0212588
-0.968634
-1.87119
-2.69016
-3.39075
-3.94346
-4.32519
-4.52009
5.43246
5.19118
4.71985
4.04029
3.18379
2.18941
1.10199
-0.0300109
-1.15682
-2.22957
-3.20234
-4.03402
-4.68984
-5.14262
-5.37375
6.47077
6.18251
5.61955
4.80825
3.7863
2.60067
1.30514
-0.0423658
-1.38255
-2.65737
-3.81249
-4.7994
-5.57718
-6.11395
-6.38788
7.70923
7.36456
6.69167
5.72246
4.50246
3.08823
1.54438
-0.0598066
-1.65365
-3.16828
-4.53943
-5.70997
-6.63187
-7.26778
-7.59221
9.18699
8.77451
7.96954
6.81081
5.35346
3.6658
1.82551
-0.0844263
-1.97977
-3.7788
-5.40566
-6.79318
-7.88511
-8.63788
-9.02178
10.9511
10.457
9.49302
8.10649
6.36437
4.34933
2.15499
-0.119179
-2.37275
-4.50886
-6.43808
-8.08162
-9.37384
-10.2641
-10.7179
13.0584
12.4656
11.3099
9.64907
7.56476
5.15736
2.5399
-0.168235
-2.8473
-5.38257
-7.66883
-9.61398
-11.1417
-12.1933
-12.7291
15.5772
14.8651
13.4775
11.4857
8.98948
6.11124
2.98777
-0.237475
-3.42169
-6.42917
-9.13643
-11.4362
-13.2401
-14.4806
-15.1124
18.5906
17.7334
16.0648
13.6724
10.6795
7.23538
3.50628
-0.335201
-4.1188
-7.68422
-10.887
-13.6026
-15.7296
-17.1907
-17.9342
22.199
21.1652
19.1545
16.2762
12.6826
8.55743
4.10282
-0.473118
-4.9674
-9.19108
-12.9757
-16.1779
-18.6814
-20.399
-21.2723
26.5254
25.2752
22.8466
19.3766
15.0549
10.1082
4.78359
-0.667735
-6.0039
-11.0028
-15.4689
-19.2381
-22.1789
-24.1934
-25.2167
31.7197
30.2033
27.2619
23.0684
17.861
11.9213
5.55232
-0.942317
-7.27461
-13.1843
-18.4461
-22.8735
-26.3196
-28.6759
-29.8717
37.9668
36.121
32.5464
27.4642
21.1756
14.0326
6.40826
-1.32964
-8.83876
-15.8156
-22.0026
-27.1903
-31.2168
-33.9643
-35.3568
45.4957
43.2389
38.8777
32.6976
25.0833
16.478
7.34302
-1.87581
-10.7725
-18.9953
-26.2528
-32.3135
-37.002
-40.1936
-41.8087
54.5914
51.8179
46.4719
38.9268
29.6791
19.2912
8.33597
-2.64569
-13.1742
-22.8454
-31.334
-38.3893
-43.8264
-47.5174
-49.382
65.6128
62.1832
55.5931
46.338
35.0667
22.4981
9.34726
-3.73026
-16.1711
-27.5165
-37.4105
-45.5886
-51.8633
-56.1091
-58.2499
79.0156
74.7428
66.5646
55.1493
41.3548
26.1092
10.3076
-5.25697
-19.9286
-33.1954
-44.6782
-54.1094
-61.3088
-66.1624
-68.6041
95.3851
90.0139
79.7839
65.6123
48.6505
30.1062
11.1032
-7.40377
-24.6615
-40.113
-53.3706
-64.1797
-72.383
-77.8901
-80.6536
115.484
108.659
95.7398
78.0125
57.0449
34.4217
11.5543
-10.4181
-30.6485
-48.554
-63.763
-76.0591
-85.3292
-91.5227
-94.6216
140.322
131.535
115.034
92.6626
66.5886
38.9067
11.3837
-14.6421
-38.25
-58.8671
-76.1779
-90.0395
-100.411
-107.304
-110.741
171.261
159.767
138.405
109.883
77.2484
43.281
10.1733
-20.545
-47.9283
-71.4761
-90.9877
-106.443
-117.909
-125.483
-129.247
210.182
194.851
166.747
129.96
88.8332
47.0581
7.30348
-28.7636
-60.2701
-86.8874
-108.614
-125.615
-138.11
-146.308
-150.366
259.748
238.804
201.117
153.049
100.868
49.4317
1.87288
-40.1491
-76.0067
-105.694
-129.522
-147.915
-161.294
-170.008
-174.302
323.856
294.383
242.696
178.995
112.384
49.1125
-7.40277
-55.8151
-96.0276
-128.57
-154.204
-173.697
-187.716
-196.775
-201.218
408.431
365.387
292.615
206.96
121.581
44.101
-22.3054
-77.1751
-121.374
-156.243
-183.149
-203.28
-217.583
-226.747
-231.219
522.894
457.034
351.479
234.732
125.293
31.3992
-45.2197
-105.945
-153.199
-189.446
-216.796
-236.909
-251.016
-259.975
-264.325
683.091
576.243
418.114
257.429
118.208
6.701
-79.1712
-144.068
-192.667
-228.826
-255.468
-274.708
-288.024
-296.403
-300.45
917.483
731.062
486.522
265.218
91.8756
-35.7987
-127.689
-193.508
-240.773
-274.815
-299.28
-316.619
-328.457
-335.838
-339.384
1281.33
926.235
538.792
239.699
33.8288
-103.148
-194.311
-255.831
-298.06
-327.452
-348.037
-362.349
-371.984
-377.935
-380.778
1891.76
1143.87
529.704
149.442
-72.0611
-202.312
-281.516
-331.551
-364.258
-386.203
-401.15
-411.324
-418.068
-422.188
-424.144
3021.55
1268.63
358.179
-51.065
-241.32
-336.924
-388.975
-419.303
-437.929
-449.812
-457.574
-462.679
-465.971
-467.942
-468.866
5368.64
808.327
-161.405
-403.647
-476.307
-501.781
-511.516
-515.178
-516.28
-516.279
-515.842
-515.291
-514.789
-514.421
-514.228
444.24
447.11
453.069
462.595
476.494
496.049
523.248
561.183
614.665
691.129
801.6
960.286
1176.79
1419.81
1484.12
477.683
480.979
487.791
498.586
514.133
535.599
564.687
603.814
656.282
726.283
818.198
933.873
1065.02
1177.07
1192.77
507.81
511.313
518.51
529.803
545.828
567.503
596.063
633.075
680.339
739.491
810.996
891.953
972.28
1030.62
1038.08
534.415
537.931
545.113
556.265
571.851
592.495
618.959
652.061
692.477
740.311
794.305
850.628
901.494
935.006
939.357
557.482
560.862
567.723
578.269
592.79
611.642
635.191
663.708
697.172
734.937
775.251
814.724
848.021
868.515
870.76
577.148
580.288
586.627
596.275
609.373
626.064
646.427
670.382
697.538
726.978
757.004
784.963
807.316
820.237
820.91
593.651
596.494
602.2
610.805
622.338
636.787
654.044
673.831
695.6
718.404
740.792
760.781
776.013
784.177
783.675
607.29
609.812
614.85
622.384
632.363
644.674
659.1
675.272
692.601
710.22
726.95
741.327
751.75
756.755
755.367
618.383
620.591
624.981
631.496
640.032
650.418
662.383
675.527
689.284
702.9
715.433
725.797
732.877
735.7
733.633
627.244
629.163
632.963
638.563
645.829
654.558
664.46
675.14
686.08
696.637
706.058
713.524
718.234
719.51
716.917
634.162
635.83
639.122
643.941
650.139
657.501
665.735
674.467
683.232
691.484
698.612
703.984
706.999
707.165
704.164
639.387
640.85
643.727
647.917
653.263
659.548
666.489
673.736
680.873
687.429
692.899
696.775
698.589
697.964
694.654
643.124
644.431
646.995
650.712
655.423
660.914
666.912
673.09
679.07
684.437
688.756
691.603
692.595
691.425
687.891
645.528
646.731
649.086
652.488
656.779
661.748
667.132
672.619
677.857
682.468
686.061
688.264
688.741
687.228
683.548
646.704
647.855
650.105
653.35
657.432
662.143
667.224
672.372
677.248
681.491
684.734
686.625
686.855
685.177
681.424
1141.63
1104.07
1038.57
861.075
769.684
635.519
539.021
334.755
470.422
510.933
533.013
544.639
565.316
581.27
622.141
605.628
510.833
464.628
399.857
364.265
310.457
267.283
169.739
241.079
263.264
277.486
284.959
298.035
307.518
330.81
322.703
273.357
248.545
212.51
192.36
161.405
137.472
85.2176
118.359
127.166
129.676
130.151
130.675
131.186
134.638
127.808
102.275
89.2577
70.7101
60.5431
45.8214
36.2824
19.3141
22.5856
21.1212
15.3641
11.095
3.59948
-1.48269
-10.2049
-14.4964
-19.1987
-21.8694
-24.8541
-26.4452
-27.4282
-26.8578
-21.7168
-30.1243
-33.6213
-35.9757
-37.055
-36.3309
-35.3721
-30.3957
-24.5021
-5.50101
5.6221
30.9999
45.6745
82.0453
78.9572
46.5331
206.827
144.825
-173.073
-444.681
-967.284
-2402.79
-7036.74
1091.49
1021.36
945.958
847.283
758.702
667.926
587.861
514.754
520.273
531.319
540.43
547.222
554.527
559.705
561.971
542.529
499.077
457.168
413.234
374.705
335.371
299.451
266.031
271.148
278.387
284.57
289.199
294.039
297.433
299.161
289.005
265.831
242.882
218.252
196.233
173.444
152.533
132.693
132.209
132.654
131.973
130.395
128.311
125.592
121.712
113.348
99.5889
86.5184
72.9666
61.0916
49.2679
38.811
28.8022
23.4779
18.4469
12.5839
6.56523
-0.141338
-6.67103
-13.5888
-19.4921
-24.8858
-29.5212
-33.7627
-37.4055
-40.5599
-43.1935
-45.6399
-50.9287
-55.9939
-60.6056
-64.6048
-67.8525
-70.4244
-71.5969
-71.4704
-68.7782
-67.2808
-65.3209
-67.9529
-74.5952
-98.4362
-137.924
-177.791
-315.412
-585.879
-972.61
-1587.26
-2602.6
-4036.66
997.102
946.206
886.83
818.934
750.861
684.894
626.667
581.522
562.151
554.485
551.176
549.059
546.796
542.328
533.058
514.006
485.102
452.631
418.834
386.312
355.378
328.027
306.84
298.171
295.043
293.906
293.152
292.146
289.765
284.644
274.079
258
239.663
220.253
201.233
182.796
166.067
152.311
144.736
139.782
135.576
131.386
126.879
121.69
115.26
106.676
95.9267
84.4874
72.8217
61.5784
50.7566
40.7039
31.5529
23.9557
16.9789
10.0357
3.03391
-4.12916
-11.2931
-18.4263
-25.2149
-31.6591
-37.7353
-43.5293
-49.0656
-54.4387
-59.7965
-65.4682
-72.0537
-79.0189
-86.1172
-93.2372
-100.349
-107.494
-114.672
-122.137
-130.34
-140.855
-155.036
-175.813
-206.478
-253.306
-321.846
-421.652
-584.359
-831.267
-1172.33
-1630.24
-2199.42
-2741.24
917.699
883.229
839.943
790.814
739.97
690.696
646.623
611.161
587.165
571.364
560.197
551.099
542.234
531.864
518.23
499.668
476.267
450.006
422.603
395.638
370.231
347.738
329.631
317.227
308.846
302.702
297.484
292.247
286.063
277.988
267.109
253.443
238.009
221.712
205.409
189.708
175.337
163.046
153.502
145.848
139.174
132.851
126.446
119.592
111.926
103.138
93.2735
82.7964
72.0818
61.4699
51.1488
41.3079
32.075
23.5486
15.4705
7.58003
-0.257432
-8.10823
-15.9523
-23.753
-31.4275
-38.9565
-46.3509
-53.6624
-60.9569
-68.3364
-75.9449
-83.9784
-92.6304
-101.851
-111.597
-121.882
-132.796
-144.518
-157.333
-171.747
-188.575
-209.156
-235.257
-269.441
-315.091
-376.917
-460.749
-574.941
-732.06
-941.075
-1203.77
-1512.99
-1835.61
-2088.46
856.927
832.915
801.444
765.143
726.796
688.993
654.161
624.275
600.368
581.557
566.233
552.794
539.835
526.097
510.495
492.301
471.549
449.029
425.746
402.727
380.895
361.14
344.219
330.498
319.441
310.179
301.858
293.726
285.1
275.386
264.171
251.449
237.617
223.198
208.736
194.721
181.625
169.841
159.561
150.517
142.282
134.448
126.675
118.678
110.223
101.164
91.5172
81.4611
71.2064
60.9546
50.8604
41.0465
31.5892
22.5047
13.7007
5.05609
-3.52172
-12.0895
-20.6669
-29.2547
-37.8434
-46.4419
-55.0808
-63.8153
-72.7218
-81.901
-91.4782
-101.596
-112.386
-123.927
-136.299
-149.621
-164.082
-179.968
-197.696
-217.881
-241.406
-269.512
-303.842
-346.56
-400.414
-468.845
-555.934
-666.42
-805.029
-973.579
-1168.21
-1376.45
-1572.23
-1714.16
810.862
793.315
769.873
742.395
712.819
682.994
654.561
628.766
606.219
586.718
569.543
553.791
538.553
523.007
506.492
488.615
469.378
449.152
428.513
408.111
388.574
370.467
354.207
339.944
327.461
316.311
305.973
295.931
285.72
274.961
263.419
251.068
238.086
224.763
211.434
198.428
186.04
174.488
163.855
154.039
144.826
135.972
127.243
118.44
109.405
100.049
90.3644
80.4247
70.3392
60.2239
50.1791
40.2818
30.5762
21.0662
11.71
2.44415
-6.79269
-16.0493
-25.3597
-34.7486
-44.2392
-53.8635
-63.6679
-73.7162
-84.0899
-94.889
-106.23
-118.243
-131.058
-144.805
-159.631
-175.718
-193.317
-212.765
-234.522
-259.206
-287.644
-320.908
-360.353
-407.643
-464.75
-533.905
-617.43
-717.4
-834.882
-968.523
-1113.03
-1257.85
-1386.4
-1478.2
775.672
762.178
744.09
722.648
699.18
674.971
651.149
628.562
607.675
588.518
570.798
554.039
537.709
521.31
504.445
486.888
468.632
449.871
430.943
412.251
394.2
377.143
361.326
346.835
333.569
321.286
309.671
298.393
287.143
275.678
263.845
251.612
239.061
226.35
213.681
201.259
189.265
177.825
166.987
156.706
146.869
137.328
127.933
118.547
109.065
99.4188
89.5922
79.6107
69.5267
59.4027
49.2961
39.2511
29.2911
19.4149
9.59757
-0.201426
-10.0275
-19.9244
-29.9324
-40.0897
-50.4364
-61.02
-71.8986
-83.1437
-94.8413
-107.092
-120.013
-133.73
-148.385
-164.13
-181.143
-199.638
-219.888
-242.238
-267.131
-295.128
-326.932
-363.404
-405.567
-454.589
-511.738
-578.272
-655.243
-743.161
-841.465
-947.813
-1057.41
-1162.65
-1253.5
-1319.36
748.538
737.632
723.113
705.797
686.588
666.373
645.94
625.899
606.624
588.239
570.658
553.66
536.96
520.278
503.389
486.168
468.61
450.831
433.035
415.472
398.399
382.038
366.543
351.97
338.271
325.31
312.897
300.823
288.89
276.937
264.861
252.63
240.278
227.892
215.589
203.49
191.705
180.309
169.331
158.749
148.498
138.488
128.622
118.809
108.972
99.0622
89.0558
78.9561
68.7837
58.5672
48.3351
38.1081
27.8946
17.688
7.46731
-2.79989
-13.1524
-23.6323
-34.2833
-45.1513
-56.2865
-67.746
-79.5963
-91.9147
-104.791
-118.329
-132.643
-147.865
-164.139
-181.627
-200.517
-221.03
-243.433
-268.048
-295.269
-325.566
-359.498
-397.706
-440.902
-489.832
-545.21
-607.61
-677.292
-753.962
-836.461
-922.425
-1008.05
-1088.14
-1156.6
-1207.59
727.496
718.267
706.139
691.654
675.425
658.072
640.153
622.12
604.281
586.79
569.67
552.843
536.179
519.54
502.81
485.93
468.907
451.818
434.793
417.991
401.577
385.693
370.439
355.855
341.919
328.553
315.645
303.061
290.677
278.384
266.113
253.834
241.558
229.33
217.214
205.283
193.598
182.205
171.12
160.329
149.793
139.455
129.25
119.117
108.999
98.8567
88.6662
78.4183
68.1153
57.7654
47.3773
36.9557
26.4977
15.9907
5.41264
-5.26723
-16.0862
-27.0865
-38.3146
-49.8214
-61.6633
-73.9037
-86.6145
-99.8773
-113.785
-128.442
-143.964
-160.482
-178.141
-197.104
-217.553
-239.7
-263.79
-290.106
-318.976
-350.771
-385.906
-424.825
-467.98
-515.788
-568.57
-626.459
-689.273
-756.368
-826.465
-897.516
-966.662
-1030.38
-1084.86
-1126.69
711.187
703.056
692.538
680
665.865
650.567
634.514
618.047
601.422
584.799
568.25
551.782
535.357
518.926
502.443
485.894
469.298
452.714
436.23
419.954
403.994
388.445
373.375
358.813
344.752
331.149
317.933
305.025
292.342
279.813
267.39
255.046
242.782
230.618
218.588
206.733
195.085
183.671
172.498
161.554
150.815
140.242
129.79
119.414
109.073
98.7331
88.3711
77.9714
67.5255
57.0291
46.478
35.8656
25.1806
14.4048
3.51319
-7.52607
-18.751
-30.2053
-41.9377
-54.0025
-66.4602
-79.3783
-92.8323
-106.906
-121.695
-137.303
-153.847
-171.453
-190.264
-210.436
-232.14
-255.57
-280.94
-308.486
-338.468
-371.165
-406.863
-445.843
-488.356
-534.58
-584.576
-638.212
-695.088
-754.446
-815.089
-875.344
-933.09
-985.901
-1031.32
-1067.22
698.671
691.259
681.827
670.628
657.959
644.135
629.456
614.19
598.549
582.688
566.705
550.649
534.54
518.379
502.169
485.923
469.671
453.464
437.37
421.464
405.823
390.514
375.583
361.057
346.935
333.192
319.789
306.674
293.793
281.102
268.562
256.155
243.873
231.725
219.725
207.894
196.25
184.803
173.556
162.499
151.612
140.868
130.233
119.673
109.156
98.6536
88.1417
77.6019
67.0195
56.3819
45.6768
34.89
24.0034
12.9945
1.83486
-9.50939
-21.078
-32.9162
-45.075
-57.6113
-70.5881
-84.0755
-98.1514
-112.902
-128.421
-144.814
-162.195
-180.687
-200.425
-221.557
-244.24
-268.644
-294.952
-323.355
-354.05
-387.234
-423.091
-461.773
-503.384
-547.94
-595.336
-645.296
-697.327
-750.668
-804.268
-856.78
-906.618
-952.067
-991.467
-1023.43
689.293
682.348
673.643
663.355
651.701
638.915
625.23
610.858
595.981
580.744
565.254
549.586
533.789
517.899
501.944
485.957
469.977
454.052
438.238
422.594
407.178
392.039
377.215
362.726
348.577
334.756
321.238
307.992
294.984
282.181
269.556
257.094
244.785
232.628
220.631
208.799
197.142
185.661
174.354
163.211
152.216
141.347
130.579
119.882
109.231
98.599
87.9639
77.3048
66.6035
55.8422
45.0034
34.0674
23.0117
11.8099
0.430863
-11.1616
-23.0089
-35.1582
-47.662
-60.579
-73.9743
-87.9197
-102.494
-117.784
-133.885
-150.899
-168.937
-188.121
-208.577
-230.441
-253.858
-278.975
-305.945
-334.92
-366.046
-399.453
-435.246
-473.485
-514.169
-557.209
-602.402
-649.397
-697.673
-746.515
-795.009
-842.063
-886.459
-926.937
-962.318
-991.635
682.6
675.951
667.717
658.031
647.056
634.976
621.978
608.239
593.919
579.153
564.051
548.7
533.167
517.505
501.761
485.978
470.201
454.479
438.862
423.398
408.136
393.116
378.368
363.911
349.753
335.889
322.304
308.978
295.888
283.011
270.328
257.823
245.486
233.315
221.308
209.467
197.791
186.279
174.927
163.722
152.651
141.695
130.832
120.038
109.289
98.5608
87.8316
77.0795
66.284
55.4245
44.4797
33.4267
22.2396
10.8893
-0.657417
-12.4387
-24.4975
-36.8823
-49.647
-62.8516
-76.5624
-90.8521
-105.8
-121.494
-138.028
-155.503
-174.028
-193.718
-214.696
-237.087
-261.023
-286.634
-314.048
-343.386
-374.754
-408.235
-443.875
-481.672
-521.558
-563.376
-606.868
-651.65
-697.202
-742.858
-787.819
-831.17
-871.936
-909.141
-941.894
-969.473
678.292
671.816
663.865
654.543
643.985
632.344
619.778
606.444
592.486
578.034
563.198
548.069
532.723
517.224
501.628
485.986
470.346
454.756
439.264
423.914
408.749
393.803
379.105
364.672
350.512
336.626
323.004
309.632
296.495
283.573
270.852
258.318
245.962
233.777
221.759
209.907
198.216
186.682
175.298
164.053
152.933
141.922
130.998
120.141
109.327
98.5357
87.7431
76.9276
66.0673
55.1399
44.1219
32.9884
21.7116
10.2606
-1.39953
-13.308
-25.509
-38.0518
-50.9915
-64.3887
-78.3105
-92.8302
-108.028
-123.99
-140.811
-158.591
-177.436
-197.458
-218.775
-241.507
-265.773
-291.692
-319.377
-348.925
-380.417
-413.904
-449.395
-486.85
-526.159
-567.129
-609.472
-652.792
-696.576
-740.2
-782.94
-823.996
-862.536
-897.751
-928.912
-955.436
676.181
669.786
661.967
652.818
642.458
631.027
618.669
605.533
591.754
577.459
562.756
547.741
532.492
517.078
501.558
485.988
470.416
454.891
439.46
424.166
409.048
394.139
379.465
365.044
350.885
336.989
323.351
309.959
296.799
283.856
271.117
258.569
246.202
234.009
221.985
210.125
198.426
186.88
175.48
164.216
153.072
142.033
131.08
120.192
109.347
98.5232
87.6987
76.8511
65.9578
54.9956
43.9404
32.766
21.4437
9.94173
-1.77552
-13.748
-26.0204
-38.6427
-51.6701
-65.1638
-79.1913
-93.8261
-109.148
-125.245
-142.209
-160.14
-179.144
-199.331
-220.815
-243.712
-268.139
-294.207
-322.018
-351.662
-383.205
-416.682
-452.086
-489.356
-528.364
-568.902
-610.667
-653.261
-696.176
-738.812
-780.48
-820.437
-857.92
-892.193
-922.603
-948.627
-6963.91
-2440.81
-1288.67
-921.027
-770.833
-695.142
-650.948
-622.593
-603.304
-589.724
-580.02
-573.123
-568.384
-565.41
-563.975
-4014.14
-2614.34
-1733.9
-1267.98
-1017.63
-874.579
-787.21
-730.703
-692.526
-665.965
-647.222
-634.049
-625.081
-619.491
-616.805
-2764.44
-2268.5
-1764.58
-1399.37
-1157.1
-998.329
-892.603
-820.475
-770.125
-734.384
-708.848
-690.764
-678.395
-670.665
-666.944
-2125.26
-1930.63
-1656.54
-1407.8
-1213.07
-1069.02
-964.39
-888.464
-833.107
-792.593
-763.018
-741.757
-727.066
-717.823
-713.358
-1752.05
-1672.2
-1523.14
-1362.22
-1218.33
-1100.3
-1007.46
-935.877
-881.24
-839.857
-808.869
-786.173
-770.284
-760.198
-755.301
-1513.69
-1482.96
-1401.6
-1299.61
-1197.71
-1106.39
-1029.27
-966.337
-916.11
-876.719
-846.421
-823.778
-807.691
-797.378
-792.342
-1351.95
-1344.32
-1300.67
-1236.9
-1166.49
-1098.27
-1036.87
-984.086
-940.138
-904.481
-876.311
-854.821
-839.318
-829.275
-824.341
-1237.6
-1241.7
-1219.86
-1180.8
-1133.09
-1083.34
-1035.84
-992.993
-955.866
-924.749
-899.516
-879.869
-865.478
-856.057
-851.399
-1154.6
-1165.01
-1156.26
-1133.34
-1101.71
-1066.13
-1030.16
-996.17
-965.579
-939.126
-917.127
-899.655
-886.663
-878.068
-873.793
-1093.5
-1107.46
-1106.83
-1094.59
-1074.28
-1049.31
-1022.49
-995.943
-971.145
-949.042
-930.205
-914.952
-903.445
-895.754
-891.905
-1048.47
-1064.49
-1069.01
-1063.89
-1051.51
-1034.32
-1014.53
-993.962
-974.009
-955.684
-939.691
-926.498
-916.403
-909.59
-906.161
-1015.76
-1033
-1040.82
-1040.45
-1033.55
-1021.93
-1007.35
-991.358
-975.236
-959.987
-946.37
-934.937
-926.073
-920.036
-916.981
-992.961
-1010.92
-1020.82
-1023.54
-1020.28
-1012.48
-1001.57
-988.879
-975.583
-962.652
-950.859
-940.8
-932.91
-927.493
-924.738
-978.518
-996.874
-1008.01
-1012.58
-1011.57
-1006.15
-997.558
-987
-975.558
-964.169
-953.608
-944.486
-937.267
-932.28
-929.735
-971.512
-990.049
-1001.75
-1007.19
-1007.25
-1002.97
-995.51
-985.996
-975.471
-964.853
-954.91
-946.263
-939.384
-934.617
-932.179
)
;

boundaryField
{
    hot
    {
        type            calculated;
        value           nonuniform List<scalar> 
120
(
423.079
421.611
418.624
414.022
407.667
399.389
389.005
376.335
361.23
343.599
323.443
300.885
276.188
249.76
222.141
196.312
172.871
149.849
127.593
106.4
86.5022
68.0638
51.1816
35.8917
22.1786
9.98634
-0.770497
-10.1968
-18.4084
-25.5249
-31.6648
-36.9418
-41.4618
-45.3226
-48.6119
-51.4086
-53.7819
-55.7929
-57.4943
-58.9322
-60.1459
-61.1693
-62.0313
-62.7566
-63.3659
-63.8771
-64.3051
-64.6624
-64.9597
-65.2057
-65.4077
-65.5719
-65.703
-65.805
-65.8811
-65.9333
-65.9634
-65.9722
-65.96
-65.9264
-65.8704
-65.7903
-65.6837
-65.5474
-65.3773
-65.1683
-64.9141
-64.6071
-64.2382
-63.7964
-63.2685
-62.639
-61.8893
-60.9976
-59.9379
-58.6797
-57.1871
-55.4179
-53.3229
-50.8446
-47.9165
-44.4615
-40.3914
-35.6054
-29.9897
-23.4169
-15.7462
-6.82471
3.5109
15.4303
29.1041
44.6963
62.3536
82.1933
104.289
128.652
155.221
183.843
214.269
246.152
279.057
312.477
345.867
378.675
410.379
443.536
476.872
506.946
533.545
556.644
576.367
592.942
606.659
617.83
626.762
633.742
639.018
642.793
645.224
646.413
)
;
    }
    cold
    {
        type            calculated;
        value           nonuniform List<scalar> 
120
(
-79.0382
-78.5152
-77.4734
-75.9215
-73.8737
-71.3507
-68.3808
-65.0016
-61.2611
-57.2178
-52.9412
-48.5096
-44.0082
-39.5245
-35.1438
-31.294
-27.9615
-24.827
-21.913
-19.2337
-16.7954
-14.5974
-12.6331
-10.8912
-9.3576
-8.01568
-6.84801
-5.83693
-4.96518
-4.21637
-3.57525
-3.0279
-2.56177
-2.16568
-1.82976
-1.54538
-1.30504
-1.10227
-0.93148
-0.787919
-0.667527
-0.566865
-0.483029
-0.413584
-0.356501
-0.310102
-0.273019
-0.244152
-0.222647
-0.207864
-0.199364
-0.196897
-0.200392
-0.209958
-0.225887
-0.248664
-0.27898
-0.317753
-0.36616
-0.425666
-0.498073
-0.585571
-0.690806
-0.81696
-0.967842
-1.14801
-1.36288
-1.61894
-1.92388
-2.28686
-2.71874
-3.23244
-3.84325
-4.56932
-5.43213
-6.45706
-7.67413
-9.1187
-10.8325
-12.8643
-15.2717
-18.1217
-21.4924
-25.4746
-30.1728
-35.7072
-42.2149
-49.8505
-58.7873
-69.2163
-81.3455
-95.3965
-111.599
-130.185
-151.375
-175.367
-202.318
-232.324
-265.397
-301.445
-340.253
-381.473
-424.621
-469.09
-514.179
-563.622
-616.147
-666.032
-712.261
-754.095
-791.098
-823.118
-850.241
-872.727
-890.942
-905.301
-916.213
-924.044
-929.092
-931.563
)
;
    }
    interface_left
    {
        type            calculated;
        value           nonuniform List<scalar> 
90
(
-4496.75
-2089.88
-1180.65
-771.27
-554.231
-423.504
-337.376
-277.059
-232.997
-199.824
-174.285
-154.286
-138.419
-125.697
-115.412
-107.041
-100.19
-94.5588
-89.9126
-86.0677
-82.878
-80.2264
-78.0185
-76.1776
-74.6409
-73.3573
-72.2843
-71.3872
-70.6371
-70.0102
-69.4865
-69.0497
-68.6861
-68.3844
-68.1353
-67.931
-67.7653
-67.6331
-67.5303
-67.4538
-67.4012
-67.3709
-67.362
-67.3742
-67.4079
-67.4641
-67.5446
-67.6517
-67.7888
-67.9601
-68.1708
-68.4273
-68.7376
-69.1111
-69.5596
-70.0967
-70.7394
-71.5075
-72.4254
-73.522
-74.8323
-76.3986
-78.2716
-80.5133
-83.1987
-86.4194
-90.2875
-94.9415
-100.553
-107.335
-115.559
-125.567
-137.804
-152.848
-171.471
-194.721
-224.058
-261.577
-310.398
-375.391
-464.62
-592.524
-787.667
-1113.91
-1734.67
-3126.66
-6843.59
7898.56
4284.58
3224.57
)
;
    }
    interface_right
    {
        type            calculated;
        value           nonuniform List<scalar> 
90
(
230.835
123.597
77.6947
54.0508
39.9265
30.5817
23.9744
19.0946
15.3818
12.4962
10.218
8.39754
6.92926
5.73626
4.7612
3.96049
3.30043
2.75464
2.3022
1.92642
1.61383
1.35351
1.13659
0.955793
0.80514
0.679725
0.575505
0.48915
0.417921
0.359574
0.31228
0.274563
0.245249
0.223428
0.208422
0.199768
0.197194
0.200617
0.210139
0.226047
0.248821
0.279152
0.317963
0.366431
0.426032
0.498576
0.586273
0.691792
0.818347
0.969797
1.15076
1.36677
1.62444
1.93164
2.2978
2.73419
3.25425
3.87404
4.61279
5.4935
6.5437
7.79644
9.29138
11.0762
13.2085
15.7576
18.8078
22.4612
26.8425
32.1046
38.4359
46.0697
55.2978
66.4878
80.1079
96.7618
117.239
142.592
174.247
214.196
265.292
331.788
420.312
541.836
715.974
981.448
1424.6
2265.69
4145.48
9147.26
)
;
    }
    interface_top
    {
        type            calculated;
        value           nonuniform List<scalar> 
90
(
1141.63
1104.07
1038.57
861.075
769.684
635.519
539.021
334.755
470.422
510.933
533.013
544.639
565.316
581.27
622.141
605.628
510.833
464.628
399.857
364.265
310.457
267.283
169.739
241.079
263.264
277.486
284.959
298.035
307.518
330.81
322.703
273.357
248.545
212.51
192.36
161.405
137.472
85.2176
118.359
127.166
129.676
130.151
130.675
131.186
134.638
127.808
102.275
89.2577
70.7101
60.5431
45.8214
36.2824
19.3141
22.5856
21.1212
15.3641
11.095
3.59948
-1.48269
-10.2049
-14.4964
-19.1987
-21.8694
-24.8541
-26.4452
-27.4282
-26.8578
-21.7168
-30.1243
-33.6213
-35.9757
-37.055
-36.3309
-35.3721
-30.3957
-24.5021
-5.50101
5.6221
30.9999
45.6745
82.0453
78.9572
46.5331
206.827
144.825
-173.073
-444.681
-967.284
-2402.79
-7036.74
)
;
    }
    interface_bottom
    {
        type            calculated;
        value           nonuniform List<scalar> 
90
(
3240.98
1393.86
814.711
574.859
461.433
351.545
279.71
160.386
187.359
178.984
141.637
111.695
54.6594
14.3077
-61.2555
-102.076
-161.593
-193.35
-237.812
-257.75
-277.4
-264.055
-184.508
-320.908
-376.35
-435.869
-464.287
-500.493
-515.796
-533.527
-510.439
-411.689
-365.686
-303.447
-271.911
-227.946
-194.713
-122.128
-175.152
-190.755
-198.097
-200.463
-202.028
-202.354
-203.266
-194.651
-164.223
-151.977
-139.946
-133.917
-126.305
-114.666
-79.5245
-123.811
-140.917
-158.417
-167.71
-181.758
-189.657
-203.136
-201.515
-181.676
-174.724
-169.432
-166.611
-162.437
-149.676
-105.076
-168.952
-195.15
-224.529
-241.463
-269.135
-286.449
-318.794
-322.007
-299.672
-293.13
-291.416
-289.972
-288.289
-265.318
-181.34
-307.284
-320.785
-242.96
-480.187
-455.784
-140.86
0.0587119
)
;
    }
    defaultFaces
    {
        type            empty;
    }
}


// ************************************************************************* //
