/*--------------------------------*- C++ -*----------------------------------*\
| =========                 |                                                 |
| \\      /  F ield         | OpenFOAM: The Open Source CFD Toolbox           |
|  \\    /   O peration     | Version:  5.x                                   |
|   \\  /    A nd           | Web:      www.OpenFOAM.org                      |
|    \\/     M anipulation  |                                                 |
\*---------------------------------------------------------------------------*/
FoamFile
{
    version     2.0;
    format      ascii;
    class       volScalarField;
    location    "13.5";
    object      T;
}
// * * * * * * * * * * * * * * * * * * * * * * * * * * * * * * * * * * * * * //

dimensions      [0 0 0 1 0 0 0];

internalField   nonuniform List<scalar> 
6300
(
10.0496
10.1504
10.2557
10.3685
10.4914
10.6272
10.7782
10.9463
11.1332
11.3399
11.5667
11.8132
12.0783
12.36
12.6558
10.0481
10.1459
10.2483
10.3582
10.4785
10.612
10.7609
10.9275
11.1134
11.3197
11.5469
11.7945
12.0616
12.3459
12.6449
10.0451
10.1368
10.2333
10.3375
10.4525
10.5811
10.726
10.8894
11.0732
11.2787
11.5065
11.7564
12.0274
12.3171
12.6227
10.0405
10.123
10.2105
10.306
10.4129
10.5341
10.6725
10.8308
11.0111
11.2152
11.4439
11.6973
11.9742
12.2724
12.5884
10.0342
10.1043
10.1795
10.2633
10.3589
10.4698
10.5991
10.75
10.9253
11.127
11.3566
11.6145
11.8998
12.2098
12.5406
10.0262
10.0805
10.1401
10.2085
10.2896
10.3869
10.5041
10.645
10.8129
11.0108
11.2409
11.5044
11.8005
12.1265
12.4774
10.0165
10.0513
10.0917
10.1413
10.204
10.284
10.3855
10.5128
10.6704
10.8622
11.0919
11.3615
11.6711
12.018
12.3961
10.0049
10.0166
10.034
10.0608
10.1012
10.1597
10.241
10.3504
10.4935
10.6759
10.9028
11.1785
11.5045
11.8784
12.2928
9.99151
9.97636
9.96677
9.96666
9.98029
10.0124
10.0684
10.1544
10.2773
10.4448
10.665
10.9451
11.2897
11.6983
12.1617
9.97625
9.93051
9.89008
9.85878
9.84088
9.84126
9.86572
9.92127
10.0164
10.1611
10.3673
10.647
11.011
11.4631
11.9942
9.95925
9.87933
9.80424
9.7375
9.68315
9.64599
9.63195
9.64859
9.70571
9.81603
9.9958
10.2648
10.6439
11.1488
11.7754
9.94066
9.82331
9.71002
9.60382
9.50822
9.42756
9.36745
9.3354
9.34182
9.4014
9.5351
9.77221
10.151
10.7128
11.4772
9.92075
9.76322
9.60872
9.45951
9.31831
9.18856
9.07486
8.98371
8.92471
8.91261
8.97093
9.13788
9.47507
10.0742
11.0351
9.89984
9.7001
9.5021
9.30718
9.11694
8.93348
8.75968
8.59984
8.46065
8.35337
8.29808
8.33324
8.53712
9.07369
10.263
9.87837
9.63523
9.39241
9.15016
8.90878
8.6687
8.43053
8.19527
7.96466
7.74209
7.53472
7.35982
7.26642
7.42038
8.48548
12.9368
13.1975
13.4612
13.7257
13.9888
14.2487
14.5033
14.7511
14.9908
15.221
15.4408
15.6495
15.8463
16.0308
16.2025
16.3612
16.5068
16.639
16.7578
16.8632
16.9553
17.034
17.0995
17.1519
17.1914
17.2181
17.2322
17.234
17.2236
17.2012
17.1672
17.1216
17.0648
16.997
16.9183
16.829
16.7292
16.6194
16.4995
16.3698
16.2307
16.0822
15.9246
15.7581
15.5829
15.3994
15.2076
15.0078
14.8002
14.585
14.3624
14.1324
13.8954
13.6513
13.4005
13.1431
12.8792
12.6091
12.3329
12.0509
11.7634
11.4706
11.1727
10.8701
10.563
10.2517
9.93647
9.61775
9.29587
8.97127
8.64442
8.31585
7.98616
7.65602
7.32614
6.9973
6.67032
6.34606
6.02537
5.70914
5.39822
5.09345
4.79562
4.50547
4.22368
3.95082
3.68737
3.43371
3.19008
2.9566
12.9292
13.1931
13.4599
13.7275
13.9935
14.256
14.5129
14.7628
15.0042
15.2358
15.4568
15.6664
15.8639
16.0489
16.221
16.3801
16.5258
16.6581
16.7769
16.8823
16.9742
17.0528
17.1181
17.1703
17.2095
17.236
17.2498
17.2513
17.2406
17.2179
17.1835
17.1377
17.0805
17.0123
16.9333
16.8437
16.7437
16.6335
16.5133
16.3834
16.2439
16.0951
15.9371
15.7703
15.5949
15.411
15.2189
15.0189
14.811
14.5956
14.3727
14.1425
13.9052
13.6609
13.4099
13.1522
12.888
12.6176
12.3411
12.0588
11.7709
11.4777
11.1795
10.8764
10.5689
10.2571
9.94143
9.62216
9.29968
8.9744
8.64678
8.31735
7.98672
7.65554
7.32455
6.99454
6.66634
6.34082
6.01888
5.70141
5.38929
5.08338
4.7845
4.49339
4.21076
3.93721
3.67323
3.41921
3.17542
2.94196
12.9138
13.1841
13.4575
13.7313
14.0032
14.271
14.5327
14.7866
15.0313
15.2658
15.489
15.7004
15.8993
16.0854
16.2583
16.4178
16.5639
16.6964
16.8152
16.9205
17.0122
17.0905
17.1554
17.2072
17.2459
17.2718
17.285
17.2859
17.2745
17.2512
17.2162
17.1697
17.1119
17.0431
16.9635
16.8732
16.7726
16.6618
16.541
16.4105
16.2703
16.1209
15.9623
15.7948
15.6187
15.4342
15.2416
15.0409
14.8326
14.6166
14.3932
14.1626
13.9249
13.6802
13.4286
13.1704
12.9057
12.6347
12.3575
12.0745
11.7859
11.492
11.1929
10.8891
10.5807
10.2681
9.95141
9.63108
9.30741
8.98077
8.65163
8.32049
7.98795
7.65469
7.32145
6.98907
6.6584
6.33036
6.00588
5.68591
5.37136
5.06314
4.7621
4.46905
4.18472
3.90976
3.6447
3.38996
3.14583
2.91242
12.8902
13.1707
13.4542
13.7378
14.0188
14.2947
14.5635
14.8234
15.0732
15.3117
15.5382
15.7522
15.953
16.1406
16.3146
16.4749
16.6214
16.7541
16.8729
16.978
17.0694
17.1472
17.2115
17.2626
17.3005
17.3256
17.3379
17.3378
17.3255
17.3012
17.2652
17.2177
17.159
17.0892
17.0086
16.9175
16.816
16.7043
16.5826
16.4511
16.31
16.1596
16
15.8316
15.6545
15.4691
15.2755
15.074
14.8648
14.6481
14.4241
14.1928
13.9545
13.7091
13.4568
13.1979
12.9323
12.6603
12.3822
12.0982
11.8085
11.5134
11.2132
10.9082
10.5986
10.2846
9.96658
9.6447
9.31928
8.99065
8.65924
8.32553
7.99012
7.6537
7.31705
6.98103
6.64658
6.31468
5.98632
5.66251
5.34424
5.03248
4.72814
4.4321
4.14515
3.868
3.60126
3.34541
3.10075
2.86743
12.8577
13.1527
13.4506
13.748
14.0415
14.3285
14.6068
14.8747
15.131
15.3748
15.6054
15.8225
16.0258
16.2151
16.3904
16.5516
16.6986
16.8315
16.9503
17.0551
17.1459
17.2231
17.2866
17.3367
17.3735
17.3974
17.4085
17.4072
17.3935
17.3679
17.3305
17.2817
17.2217
17.1506
17.0689
16.9765
16.8738
16.7609
16.6381
16.5053
16.363
16.2113
16.0504
15.8806
15.7021
15.5154
15.3206
15.1179
14.9077
14.6901
14.4652
14.2331
13.9939
13.7477
13.4946
13.2346
12.9679
12.6947
12.4153
12.1298
11.8386
11.542
11.2403
10.9337
10.6225
10.307
9.98714
9.66329
9.33564
9.00444
8.67004
8.33292
7.99365
7.65294
7.31163
6.97065
6.63102
6.29382
5.96013
5.63107
5.3077
4.99107
4.68218
4.38199
4.0914
3.8112
3.54211
3.28468
3.0393
2.80613
12.8156
13.1304
13.4478
13.7634
14.0734
14.3747
14.665
14.9427
15.2068
15.4566
15.6919
15.9126
16.1185
16.3098
16.4864
16.6484
16.7959
16.9289
17.0476
17.1519
17.2421
17.3183
17.3807
17.4296
17.4651
17.4874
17.497
17.4939
17.4786
17.4512
17.4121
17.3616
17.3
17.2274
17.1441
17.0503
16.9461
16.8318
16.7075
16.5732
16.4293
16.2759
16.1133
15.9418
15.7616
15.5731
15.3767
15.1726
14.9611
14.7423
14.5164
14.2834
14.0433
13.7962
13.542
13.2808
13.0128
12.738
12.4569
12.1695
11.8764
11.5779
11.2743
10.9658
10.6527
10.3352
10.0134
9.68726
9.35699
9.0227
8.68467
8.3433
7.99915
7.65296
7.30564
6.95824
6.61189
6.26781
5.92723
5.59135
5.26137
4.93844
4.62364
4.31803
4.02262
3.73836
3.46611
3.20657
2.96023
2.72731
12.7627
13.1042
13.4475
13.7869
14.1177
14.4365
14.7411
15.0301
15.3028
15.5592
15.7994
16.0237
16.2322
16.4253
16.6032
16.766
16.9139
17.0469
17.1652
17.2689
17.3582
17.4333
17.4943
17.5415
17.5752
17.5957
17.6033
17.5982
17.5807
17.5512
17.51
17.4574
17.3938
17.3193
17.2342
17.1387
17.0329
16.9169
16.7909
16.6549
16.5091
16.3537
16.1889
16.0152
15.8328
15.6422
15.4437
15.2378
15.0248
14.8047
14.5776
14.3437
14.1027
13.8546
13.5993
13.3368
13.0671
12.7905
12.5071
12.2174
11.9219
11.621
11.315
11.0044
10.6892
10.3696
10.0456
9.71711
9.384
9.04626
8.70401
8.35757
8.00748
7.65451
7.29969
6.94422
6.58942
6.2367
5.88746
5.54307
5.20485
4.87403
4.5518
4.23932
3.93774
3.64819
3.37176
3.1094
2.8618
2.62927
12.6979
13.0754
13.4528
13.8226
14.1792
14.5188
14.8395
15.1406
15.4223
15.6851
15.9298
16.1571
16.3679
16.5626
16.7415
16.905
17.0531
17.186
17.3037
17.4066
17.4946
17.5682
17.6274
17.6727
17.7043
17.7225
17.7276
17.72
17.6999
17.6679
17.6241
17.569
17.503
17.4262
17.3391
17.2417
17.1341
17.0163
16.8884
16.7505
16.6025
16.4447
16.2773
16.1008
15.9156
15.7223
15.5213
15.3132
15.0983
14.8768
14.6487
14.4139
14.1722
13.9233
13.6669
13.403
13.1314
12.8523
12.5663
12.2736
11.975
11.6711
11.3624
11.0493
10.7319
10.4103
10.0842
9.75346
9.41755
9.0762
8.72929
8.37701
8.01984
7.65865
7.2946
6.92914
6.56388
6.20049
5.84063
5.48585
5.1376
4.79719
4.46587
4.14487
3.83548
3.53907
3.25711
2.99095
2.74164
2.5097
12.62
13.0463
13.4689
13.8773
14.2649
14.6281
14.966
15.2791
15.5687
15.8367
16.0848
16.3144
16.5266
16.7223
16.902
17.0658
17.214
17.3465
17.4636
17.5652
17.6518
17.7234
17.7805
17.8234
17.8524
17.8678
17.8701
17.8595
17.8363
17.8011
17.7542
17.6962
17.6273
17.548
17.4586
17.3591
17.2496
17.1301
17.0003
16.8603
16.7098
16.5492
16.3787
16.1987
16.0099
15.8131
15.609
15.3982
15.1812
14.9582
14.7292
14.4939
14.2519
14.0025
13.7453
13.4799
13.2061
12.9242
12.6347
12.3382
12.0357
11.7281
11.416
11.1001
10.7805
10.4572
10.1296
9.79709
9.45881
9.11401
8.76222
8.40337
8.03791
7.66679
7.29145
6.91369
6.53556
6.15914
5.78641
5.41917
5.05898
4.7072
4.36503
4.03366
3.71446
3.40913
3.11966
2.84818
2.59646
2.36538
12.5279
13.0225
13.5052
13.9619
14.3855
14.7738
15.1281
15.451
15.7462
16.017
16.2663
16.4964
16.709
16.905
17.085
17.249
17.3971
17.5292
17.6453
17.7455
17.8301
17.8994
17.9538
17.9938
18.0198
18.032
18.0309
18.0167
17.9899
17.9509
17.9003
17.8386
17.7665
17.6842
17.5923
17.4907
17.3795
17.2583
17.1269
16.9848
16.8317
16.6678
16.4934
16.309
16.1157
15.9143
15.7061
15.492
15.2726
15.0481
14.8186
14.5834
14.3419
14.0929
13.8354
13.5686
13.2924
13.007
12.7129
12.4114
12.1037
11.7912
11.4751
11.1561
10.8345
10.51
10.1819
9.84888
9.50935
9.16179
8.80518
8.43913
8.06401
7.68092
7.29168
6.89869
6.50469
6.11238
5.72421
5.34225
4.96819
4.60331
4.24858
3.90487
3.57342
3.25628
2.95629
2.6769
2.4215
2.19177
12.4224
13.0155
13.5787
14.0941
14.5567
14.9685
15.3351
15.6629
15.9585
16.2279
16.4752
16.7036
16.915
17.1106
17.2906
17.455
17.6032
17.7348
17.8497
17.9481
18.0302
18.0966
18.1478
18.1843
18.2067
18.2152
18.2102
18.1919
18.1607
18.1172
18.062
17.996
17.9199
17.8343
17.7395
17.636
17.5233
17.4012
17.2686
17.1247
16.969
16.8013
16.6221
16.4321
16.2326
16.0252
15.8116
15.5932
15.3709
15.1452
14.9158
14.682
14.4425
14.1953
13.9385
13.6708
13.3919
13.1019
12.8018
12.4933
12.1783
11.8594
11.5381
11.2156
10.8924
10.568
10.2412
9.90993
9.57132
9.22248
8.86162
8.48784
8.1015
7.7038
7.29724
6.88504
6.4713
6.05956
5.65301
5.2539
4.86413
4.48472
4.11622
3.75839
3.4117
3.07871
2.76321
2.47106
2.20954
1.98206
12.3097
13.0515
13.7211
14.3022
14.8007
15.2282
15.5978
15.9209
16.2087
16.4703
16.7111
16.935
17.1437
17.3384
17.5187
17.6841
17.8328
17.9642
18.0777
18.1738
18.2527
18.3154
18.3626
18.395
18.4133
18.4177
18.4084
18.3855
18.3491
18.3001
18.2392
18.1678
18.0867
17.9971
17.8994
17.794
17.6807
17.5589
17.4265
17.2815
17.1233
16.9513
16.7662
16.5687
16.3609
16.1448
15.9238
15.6997
15.4742
15.2472
15.0192
14.7886
14.5541
14.3115
14.057
13.7892
13.507
13.2112
12.9027
12.5843
12.2587
11.9307
11.6025
11.2763
10.9519
10.6294
10.3067
9.98145
9.64793
9.30038
8.93657
8.55453
8.15527
7.73934
7.31084
6.87351
6.43498
5.99921
5.57104
5.15201
4.7451
4.35035
3.96846
3.59582
3.23023
2.87593
2.53646
2.22109
1.94852
1.72553
12.2183
13.1913
13.9908
14.6289
15.147
15.5709
15.9273
16.2296
16.4963
16.7425
16.9711
17.1882
17.3922
17.5867
17.7679
17.937
18.0872
18.2192
18.3307
18.4238
18.4984
18.5564
18.5984
18.6258
18.6396
18.6398
18.6259
18.598
18.5556
18.5
18.4312
18.3531
18.2656
18.1716
18.07
17.9634
17.8501
17.7315
17.6023
17.4572
17.2973
17.1197
16.928
16.7198
16.501
16.2711
16.0404
15.8081
15.5793
15.3507
15.1259
14.9008
14.6769
14.4446
14.1945
13.9283
13.6413
13.3389
13.0174
12.6856
12.3423
12.0023
11.6639
11.3343
11.0083
10.6908
10.3757
10.0648
9.7446
9.40157
9.03764
8.6459
8.23295
7.79288
7.33705
6.86363
6.39458
5.92783
5.47583
5.03263
4.60848
4.19742
3.80729
3.42307
3.03246
2.65175
2.27496
1.90947
1.61607
1.40422
12.2747
13.581
14.4927
15.1283
15.6288
16.0107
16.3346
16.5892
16.8132
17.0399
17.2476
17.4601
17.6543
17.8539
18.0344
18.217
18.3674
18.5034
18.6099
18.7004
18.7678
18.8203
18.8549
18.8758
18.8855
18.8819
18.8633
18.8313
18.7808
18.7186
18.6365
18.5518
18.4537
18.3566
18.2476
18.142
18.027
17.919
17.8008
17.654
17.4965
17.3084
17.1134
16.8859
16.6569
16.3981
16.1594
15.9111
15.6839
15.4485
15.2329
15.0112
14.8116
14.6034
14.3551
14.097
13.7975
13.4939
13.147
12.8034
12.4208
12.0716
11.7125
11.3869
11.0526
10.7487
10.4387
10.1614
9.87402
9.53274
9.17866
8.7677
8.34957
7.869
7.38853
6.84738
6.35077
5.83516
5.36786
4.88574
4.45296
4.01432
3.63758
3.25947
2.82039
2.42187
1.9972
1.49399
1.16617
0.986684
13.0836
14.5385
15.3922
15.8219
16.2813
16.534
16.8415
16.9927
17.1262
17.3643
17.517
17.7579
17.9086
18.1482
18.2977
18.543
18.6683
18.83
18.9118
19.0102
19.0583
19.1098
19.131
19.1418
19.1502
19.1454
19.1197
19.0912
19.0226
18.9657
18.8451
18.7695
18.6403
18.5583
18.4202
18.334
18.1936
18.1211
18.0404
17.8658
17.7393
17.5069
17.3454
17.054
16.8556
16.496
16.2919
15.9835
15.8002
15.5177
15.3484
15.0896
14.9583
14.8197
14.5295
14.3251
13.9596
13.711
13.2718
12.977
12.4512
12.1548
11.713
11.4517
11.0528
10.8152
10.4545
10.2722
10.081
9.68224
9.40147
8.89969
8.55603
7.94488
7.52728
6.7669
6.33425
5.67286
5.28118
4.66773
4.30582
3.74202
3.46979
3.18362
2.54988
2.22964
1.83249
0.825949
0.502635
0.416637
2.71093
2.4573
2.21757
1.99104
1.77683
1.57395
1.38134
1.19785
1.02236
0.853719
0.690816
0.532554
0.377867
0.225713
0.0750702
2.69651
2.44338
2.20435
1.97868
1.76547
1.56368
1.37219
1.18984
1.01549
0.847973
0.686166
0.528973
0.375329
0.224199
0.0745669
2.66744
2.41532
2.17773
1.95385
1.74268
1.54308
1.35387
1.17383
1.00177
0.836507
0.676893
0.521835
0.370273
0.221183
0.0735647
2.6232
2.37269
2.13738
1.91629
1.70828
1.51207
1.32636
1.14984
0.981251
0.819375
0.663057
0.511195
0.362742
0.216693
0.0720728
2.56301
2.31483
2.08277
1.86564
1.66206
1.47054
1.28963
1.1179
0.954002
0.796678
0.644755
0.497139
0.352802
0.21077
0.0701056
2.48576
2.2408
2.01321
1.80143
1.60374
1.4184
1.24371
1.07811
0.920167
0.768569
0.622138
0.479797
0.340554
0.203477
0.0676843
2.38991
2.14939
1.92781
1.7231
1.53306
1.35558
1.18869
1.03066
0.879972
0.735282
0.595423
0.459353
0.326133
0.194899
0.0648373
2.27342
2.03902
1.82552
1.63007
1.44981
1.28214
1.12479
0.975865
0.833765
0.697157
0.56491
0.436052
0.309723
0.185147
0.0616022
2.13356
1.90772
1.70516
1.52183
1.35396
1.19836
1.05246
0.914228
0.782055
0.65466
0.531003
0.410216
0.291556
0.174361
0.058026
1.96663
1.7531
1.56556
1.39811
1.24581
1.10486
0.972449
0.846521
0.725558
0.608418
0.494218
0.382249
0.271919
0.162714
0.0541659
1.76759
1.57245
1.40586
1.25923
1.12629
1.0028
0.885944
0.77384
0.665229
0.559228
0.455195
0.352637
0.251155
0.150407
0.0500888
1.52971
1.36322
1.22619
1.10663
0.997315
0.89411
0.794671
0.697656
0.602281
0.508064
0.414693
0.321946
0.229652
0.13767
0.0458701
1.24468
1.12452
1.02904
0.943767
0.862216
0.781641
0.700963
0.619824
0.538166
0.456048
0.37356
0.290796
0.207836
0.124749
0.0415907
0.905745
0.861137
0.821659
0.777171
0.72613
0.669264
0.607706
0.542502
0.474506
0.404395
0.3327
0.259838
0.186145
0.111898
0.0373338
0.523111
0.59261
0.619279
0.617118
0.595861
0.56157
0.518089
0.467965
0.412956
0.354323
0.293001
0.229707
0.165005
0.0993628
0.0331797
9.85859
9.57546
9.29132
9.0054
8.71677
8.42423
8.12612
7.82011
7.50261
7.16779
6.80515
6.39278
5.87482
5.06957
3.23427
9.84084
9.52182
9.20064
8.87568
8.54492
8.20582
7.85487
7.48702
7.09456
6.665
6.17642
5.58697
4.80919
3.64776
1.67796
9.82357
9.46967
9.1126
8.74996
8.37887
7.99564
7.59534
7.17099
6.71227
6.20318
5.61772
4.9119
4.00998
2.7873
1.08423
9.80701
9.41972
9.02842
8.63011
8.22122
7.7973
7.3525
6.87882
6.36494
5.79438
5.14258
4.373
3.4335
2.26044
0.813665
9.79135
9.37255
8.94911
8.5176
8.07401
7.61346
7.1297
6.61454
6.05697
5.44198
4.74922
3.95208
3.01921
1.92364
0.668487
9.77675
9.32859
8.87539
8.41346
7.93858
7.44572
6.92869
6.37971
5.78886
5.14357
4.42834
3.62541
2.71789
1.69767
0.580123
9.76328
9.28813
8.80774
8.31832
7.81563
7.29476
6.74987
6.17395
5.55855
4.89373
4.16835
3.37137
2.49482
1.53929
0.521409
9.75102
9.25132
8.74636
8.23239
7.7053
7.16046
6.59259
5.99559
5.36255
4.68592
3.95807
3.17258
2.32659
1.4242
0.480011
9.73995
9.21815
8.69122
8.15556
7.60729
7.04217
6.45553
5.84225
5.19682
4.51369
3.78781
3.0158
2.19753
1.33814
0.449605
9.73006
9.18855
8.64216
8.08748
7.52097
6.93881
6.33697
5.71122
5.05728
4.37113
3.64959
2.89114
2.09701
1.27231
0.426613
9.72129
9.16235
8.59883
8.02763
7.4455
6.84911
6.23502
5.59978
4.94009
4.25314
3.53699
2.79125
2.01773
1.22106
0.40885
9.71357
9.13931
8.56085
7.97536
7.37995
6.77171
6.14775
5.50529
4.84184
4.15541
3.44494
2.71066
1.95453
1.18059
0.3949
9.70682
9.11919
8.52776
7.92997
7.32329
6.70522
6.07333
5.42539
4.75953
4.07439
3.36943
2.64523
1.9037
1.14827
0.383805
9.70095
9.10172
8.49907
7.89076
7.27455
6.64832
6.01004
5.35794
4.6906
4.00711
3.30728
2.59183
1.86252
1.12224
0.374893
9.69587
9.08661
8.47432
7.85702
7.23278
6.59978
5.95635
5.30108
4.63289
3.95119
3.25599
2.54805
1.82895
1.1011
0.367676
9.6915
9.07361
8.45305
7.82809
7.19708
6.55847
5.91088
5.25318
4.58456
3.90463
3.21354
2.51202
1.80145
1.08385
0.361794
9.68774
9.06245
8.43483
7.80338
7.16667
6.5234
5.87243
5.21286
4.54407
3.86583
3.17833
2.48226
1.77882
1.0697
0.356975
9.68453
9.05291
8.41927
7.78231
7.14081
6.49367
5.83996
5.17894
4.51015
3.83346
3.14908
2.45763
1.76015
1.05804
0.353011
9.68179
9.04477
8.40601
7.76439
7.11887
6.46852
5.81256
5.15041
4.48173
3.80642
3.12472
2.43719
1.74469
1.0484
0.349738
9.67945
9.03785
8.39474
7.74918
7.10027
6.44725
5.78946
5.12643
4.4579
3.78382
3.10442
2.42019
1.73186
1.04042
0.347027
9.67747
9.03197
8.38518
7.73629
7.08454
6.42929
5.76999
5.10627
4.43791
3.76492
3.08748
2.40603
1.72119
1.03379
0.344777
9.67578
9.02698
8.37708
7.72538
7.07125
6.41413
5.7536
5.08932
4.42115
3.74909
3.07333
2.39422
1.71231
1.02827
0.342907
9.67436
9.02276
8.37022
7.71615
7.06002
6.40136
5.7398
5.07508
4.40709
3.73584
3.0615
2.38436
1.7049
1.02367
0.341348
9.67315
9.01919
8.36443
7.70837
7.05055
6.39059
5.72818
5.06312
4.3953
3.72474
3.0516
2.37613
1.69871
1.01984
0.340048
9.67213
9.01618
8.35954
7.7018
7.04257
6.38153
5.71842
5.05307
4.3854
3.71544
3.04331
2.36924
1.69354
1.01663
0.338963
9.67128
9.01363
8.35541
7.69626
7.03585
6.3739
5.71021
5.04463
4.3771
3.70764
3.03637
2.36347
1.68922
1.01396
0.338057
9.67055
9.01149
8.35194
7.69159
7.03019
6.36748
5.70331
5.03754
4.37013
3.70111
3.03056
2.35865
1.68561
1.01172
0.337299
9.66994
9.00968
8.34901
7.68767
7.02543
6.36209
5.69751
5.03159
4.36429
3.69563
3.02569
2.35461
1.68258
1.00984
0.336665
9.66943
9.00816
8.34655
7.68437
7.02143
6.35756
5.69265
5.0266
4.35939
3.69104
3.02161
2.35123
1.68005
1.00828
0.336134
9.669
9.00689
8.34448
7.6816
7.01807
6.35376
5.68856
5.02242
4.35529
3.6872
3.0182
2.3484
1.67794
1.00697
0.335691
9.66863
9.00582
8.34275
7.67927
7.01525
6.35057
5.68515
5.01891
4.35185
3.68398
3.01535
2.34604
1.67617
1.00587
0.335321
9.66833
9.00492
8.34129
7.67733
7.0129
6.34791
5.68229
5.01598
4.34898
3.68129
3.01296
2.34406
1.67469
1.00496
0.335011
9.66808
9.00417
8.34008
7.6757
7.01093
6.34568
5.6799
5.01354
4.34659
3.67905
3.01098
2.34242
1.67346
1.0042
0.334754
9.66787
9.00354
8.33907
7.67435
7.00929
6.34383
5.67791
5.0115
4.34459
3.67719
3.00932
2.34105
1.67243
1.00357
0.334539
9.66769
9.00303
8.33823
7.67322
7.00793
6.34229
5.67627
5.00982
4.34294
3.67565
3.00796
2.33992
1.67159
1.00304
0.334362
9.66755
9.0026
8.33754
7.6723
7.00681
6.34103
5.67491
5.00843
4.34158
3.67438
3.00683
2.33898
1.67089
1.00261
0.334217
9.66743
9.00225
8.33698
7.67155
7.0059
6.34
5.6738
5.0073
4.34048
3.67334
3.00591
2.33822
1.67032
1.00226
0.334098
9.66733
9.00197
8.33652
7.67094
7.00517
6.33917
5.67292
5.00639
4.33959
3.67251
3.00517
2.33761
1.66987
1.00198
0.334002
9.66726
9.00175
8.33617
7.67046
7.00459
6.33851
5.67222
5.00567
4.33889
3.67185
3.00459
2.33713
1.66951
1.00176
0.333927
9.6672
9.00158
8.3359
7.6701
7.00415
6.33802
5.67168
5.00513
4.33835
3.67136
3.00415
2.33677
1.66923
1.00159
0.33387
9.66716
9.00146
8.3357
7.66984
7.00384
6.33766
5.67131
5.00474
4.33797
3.671
3.00384
2.33651
1.66904
1.00147
0.333829
9.66714
9.00139
8.33558
7.66968
7.00364
6.33744
5.67107
5.0045
4.33773
3.67078
3.00364
2.33635
1.66892
1.00139
0.333804
9.66713
9.00136
8.33553
7.6696
7.00355
6.33734
5.67096
5.00439
4.33763
3.67068
3.00355
2.33627
1.66886
1.00136
0.333793
9.66713
9.00136
8.33554
7.66962
7.00357
6.33737
5.67099
5.00442
4.33765
3.6707
3.00357
2.33629
1.66888
1.00137
0.333795
9.66714
9.00141
8.33562
7.66973
7.0037
6.33751
5.67114
5.00458
4.33781
3.67085
3.0037
2.3364
1.66896
1.00142
0.333812
9.66718
9.00151
8.33577
7.66993
7.00394
6.33779
5.67143
5.00488
4.3381
3.67112
3.00395
2.3366
1.66911
1.00151
0.333843
9.66722
9.00164
8.33599
7.67023
7.0043
6.33819
5.67187
5.00532
4.33854
3.67153
3.00431
2.3369
1.66933
1.00165
0.33389
9.66729
9.00183
8.3363
7.67063
7.00479
6.33875
5.67247
5.00593
4.33913
3.67209
3.0048
2.3373
1.66963
1.00183
0.333954
9.66737
9.00207
8.33669
7.67116
7.00543
6.33947
5.67324
5.00672
4.33991
3.67281
3.00544
2.33783
1.67003
1.00208
0.334036
9.66747
9.00238
8.33718
7.67182
7.00623
6.34037
5.67421
5.00771
4.34088
3.67371
3.00624
2.3385
1.67053
1.00239
0.33414
9.6676
9.00276
8.33779
7.67264
7.00722
6.34149
5.6754
5.00894
4.34208
3.67484
3.00724
2.33932
1.67114
1.00277
0.334269
9.66775
9.00322
8.33854
7.67364
7.00843
6.34286
5.67687
5.01043
4.34354
3.67621
3.00845
2.34033
1.67189
1.00323
0.334426
9.66794
9.00377
8.33944
7.67484
7.00989
6.34451
5.67864
5.01225
4.34532
3.67787
3.00992
2.34154
1.6728
1.00379
0.334617
9.66817
9.00445
8.34053
7.6763
7.01165
6.3465
5.68077
5.01443
4.34746
3.67987
3.0117
2.34301
1.6739
1.00447
0.334847
9.66844
9.00525
8.34183
7.67805
7.01377
6.34889
5.68333
5.01705
4.35003
3.68227
3.01383
2.34478
1.67522
1.00529
0.335123
9.66877
9.00621
8.34339
7.68013
7.01629
6.35175
5.6864
5.02019
4.3531
3.68515
3.01638
2.34689
1.6768
1.00627
0.335454
9.66916
9.00736
8.34525
7.68263
7.01931
6.35516
5.69006
5.02395
4.35678
3.68859
3.01944
2.34942
1.6787
1.00744
0.33585
9.66962
9.00873
8.34747
7.6856
7.02291
6.35923
5.69443
5.02843
4.36118
3.6927
3.02309
2.35245
1.68096
1.00884
0.336324
9.67017
9.01036
8.35011
7.68913
7.0272
6.36409
5.69964
5.03377
4.36642
3.69761
3.02744
2.35606
1.68366
1.01051
0.33689
9.67082
9.0123
8.35324
7.69334
7.0323
6.36986
5.70585
5.04013
4.37267
3.70347
3.03264
2.36037
1.68689
1.01251
0.337567
9.6716
9.0146
8.35697
7.69834
7.03836
6.37674
5.71324
5.04772
4.38011
3.71045
3.03885
2.36552
1.69075
1.0149
0.338376
9.67252
9.01733
8.3614
7.70428
7.04557
6.38491
5.72203
5.05675
4.38899
3.71878
3.04626
2.37167
1.69536
1.01775
0.339343
9.67362
9.02056
8.36665
7.71133
7.05413
6.39462
5.73249
5.0675
4.39957
3.72872
3.05511
2.37902
1.70087
1.02117
0.340499
9.67491
9.0244
8.37287
7.71969
7.06429
6.40616
5.74492
5.0803
4.41218
3.74057
3.06567
2.3878
1.70746
1.02525
0.341882
9.67645
9.02894
8.38024
7.7296
7.07633
6.41986
5.7597
5.09554
4.4272
3.75471
3.07828
2.3983
1.71535
1.03014
0.34354
9.67826
9.0343
8.38895
7.74132
7.09061
6.43611
5.77726
5.11366
4.44511
3.7716
3.09336
2.41087
1.72479
1.03601
0.345527
9.6804
9.04064
8.39925
7.75519
7.10752
6.45539
5.79812
5.13523
4.46645
3.79175
3.1114
2.42592
1.73612
1.04304
0.347914
9.68292
9.04811
8.4114
7.77157
7.12751
6.47823
5.82289
5.1609
4.4919
3.81584
3.133
2.44398
1.74973
1.0515
0.350785
9.68588
9.0569
8.42571
7.7909
7.15114
6.50527
5.85228
5.19143
4.52225
3.84464
3.15888
2.46566
1.7661
1.0617
0.354245
9.68936
9.06722
8.44253
7.81365
7.17902
6.53724
5.88713
5.22773
4.55845
3.8791
3.18994
2.49175
1.78584
1.074
0.358426
9.69344
9.07932
8.46227
7.84038
7.21185
6.57501
5.92842
5.2709
4.60166
3.92037
3.22726
2.5232
1.80969
1.0889
0.363493
9.69819
9.09346
8.48537
7.87174
7.25045
6.61956
5.9773
5.3222
4.65322
3.96984
3.27219
2.5612
1.83861
1.107
0.369657
9.70373
9.10993
8.51232
7.9084
7.29573
6.672
6.03508
5.38314
4.71479
4.02921
3.32639
2.60725
1.87379
1.12909
0.377188
9.71016
9.12904
8.54364
7.95113
7.34868
6.73359
6.10329
5.45549
4.78831
4.10056
3.39192
2.66325
1.91677
1.15616
0.386439
9.71757
9.15113
8.57992
8.00075
7.41042
6.80575
6.18366
5.54127
4.87612
4.18641
3.47136
2.73162
1.96957
1.18957
0.397881
9.72609
9.17652
8.62171
8.05811
7.48211
6.89
6.27812
5.64286
4.98098
4.28985
3.56796
2.81547
2.03481
1.2311
0.412148
9.73581
9.20555
8.66961
8.1241
7.56497
6.98799
6.3888
5.76294
5.10614
4.41464
3.68579
2.91888
2.11607
1.28321
0.430125
9.74684
9.23852
8.72415
8.19954
7.66021
7.10141
6.51799
5.90451
5.2554
4.56536
3.83005
3.04722
2.2182
1.34936
0.453078
9.75926
9.27569
8.78581
8.28518
7.76899
7.23191
6.66805
6.07081
5.43308
4.7475
4.00729
3.20765
2.34797
1.43457
0.482883
9.77311
9.31724
8.85494
8.38164
7.89225
7.38102
6.84127
6.26523
5.64399
4.96758
4.2258
3.40975
2.51505
1.54637
0.522464
9.78844
9.36324
8.93171
8.48925
8.03068
7.54992
7.03967
6.49105
5.89318
5.23306
4.49586
3.66648
2.73349
1.69652
0.576642
9.8052
9.41363
9.01606
8.60805
8.18451
7.73928
7.26472
6.75104
6.1856
5.55206
4.82992
3.99515
3.02413
1.90423
0.654021
9.82332
9.4682
9.10765
8.73763
8.35338
7.94901
7.51693
7.04698
6.52528
5.93258
5.24219
4.41844
3.41815
2.20241
0.771562
9.84267
9.52653
9.20582
8.87709
8.53622
8.17798
7.79541
7.37883
6.91427
6.38091
5.74705
4.9643
3.96178
2.64998
0.967067
9.86305
9.58803
9.30955
9.02498
8.73111
8.42383
8.09749
7.74399
7.35103
6.89903
6.35528
5.66275
4.72017
3.35525
1.33703
9.88421
9.65193
9.41751
9.1793
8.93531
8.6829
8.41843
8.13653
7.82875
7.48084
7.06681
6.53484
5.77183
4.5142
2.16242
9.90585
9.71731
9.52809
9.33764
9.14533
8.95032
8.75146
8.54703
8.33432
8.10853
7.86022
7.56733
7.16695
6.43294
4.35796
9.92764
9.78317
9.63951
9.49726
9.35721
9.2204
9.08832
8.96326
8.84893
8.75185
8.68454
8.67444
8.79372
9.28287
11.1653
9.94925
9.84847
9.74993
9.65535
9.56683
9.48718
9.42029
9.37201
9.35154
9.37445
9.46909
9.69165
10.1636
11.1652
13.3286
9.97036
9.91222
9.8576
9.8092
9.77028
9.74506
9.73933
9.76142
9.82399
9.94719
10.1648
10.5356
11.1656
12.2407
14.0475
0.215123
0.385712
0.460186
0.487901
0.48839
0.471267
0.442024
0.404112
0.359851
0.310883
0.258416
0.203373
0.146488
0.0883666
0.029533
0.11545
0.264366
0.348023
0.389334
0.402913
0.397588
0.378891
0.350469
0.314841
0.27382
0.228761
0.180712
0.130512
0.0788637
0.026379
0.0727076
0.188338
0.265263
0.310023
0.330561
0.33319
0.322507
0.301826
0.273572
0.239559
0.201181
0.159542
0.115541
0.0699407
0.0234147
0.0506484
0.139187
0.204839
0.247528
0.270643
0.278034
0.273064
0.258441
0.2363
0.208327
0.175865
0.14001
0.101679
0.0616602
0.0206607
0.0374483
0.10593
0.160359
0.198625
0.221642
0.231461
0.230321
0.220273
0.203078
0.18021
0.152903
0.122198
0.0889878
0.0540603
0.01813
0.0287031
0.082429
0.127102
0.160309
0.181803
0.192495
0.193762
0.187067
0.173792
0.155174
0.132299
0.106123
0.0774887
0.0471563
0.0158282
0.0225132
0.0652143
0.101806
0.130127
0.149465
0.160074
0.16273
0.15843
0.148216
0.133091
0.113988
0.0917548
0.0671679
0.0409435
0.0137541
0.017938
0.0522416
0.0822539
0.106181
0.123186
0.133174
0.136529
0.133898
0.126047
0.113772
0.0978489
0.0790201
0.0579838
0.0354005
0.0119012
0.0144547
0.0422484
0.0669266
0.0870414
0.10178
0.110879
0.114482
0.11299
0.106951
0.0969832
0.0837272
0.0678178
0.0498734
0.0304932
0.0102589
0.0117461
0.0344185
0.0547677
0.0716346
0.0842879
0.0924007
0.0959729
0.0952379
0.0905813
0.0824778
0.0714473
0.0580279
0.0427598
0.0261787
0.00881316
0.00960661
0.0282015
0.0450265
0.0591535
0.0699484
0.0770747
0.0804538
0.0802085
0.0766049
0.0700043
0.0608259
0.0495213
0.0365578
0.0224087
0.00754852
0.00789645
0.0232134
0.0371584
0.0489858
0.0581561
0.0643501
0.0674511
0.0675105
0.064709
0.0593202
0.0516803
0.0421662
0.0311787
0.0191322
0.00644832
0.00651671
0.019178
0.0307606
0.0406627
0.0484301
0.0537729
0.0565599
0.0567986
0.0546094
0.0501987
0.043836
0.035834
0.0265346
0.0162982
0.00549582
0.00539536
0.0158913
0.0255296
0.0338218
0.0403874
0.0449701
0.0474378
0.0477724
0.046052
0.0424325
0.0371295
0.0304023
0.0225411
0.0138571
0.00467469
0.00447866
0.0132001
0.0212331
0.0281795
0.0337214
0.0376355
0.0397967
0.0401727
0.0388128
0.035835
0.0314118
0.0257579
0.0191188
0.0117621
0.00396943
0.00372572
0.0109868
0.0176911
0.0235124
0.0281854
0.0315178
0.0333951
0.0337782
0.032697
0.0302409
0.0265485
0.0217973
0.0161947
0.00996971
0.00336565
0.00310494
0.00916015
0.0147621
0.0196426
0.0235802
0.0264104
0.0280307
0.0284001
0.0275356
0.0255051
0.0224202
0.0184278
0.0137028
0.00844043
0.0028502
0.00259152
0.00764819
0.0123338
0.0164274
0.0197438
0.022143
0.0235347
0.0238788
0.0231837
0.0215013
0.0189218
0.0155669
0.0115838
0.00713875
0.00241125
0.00216586
0.00639379
0.0103167
0.0137517
0.0165441
0.0185751
0.0197659
0.020079
0.0195171
0.0181204
0.0159617
0.0131422
0.00978562
0.00603313
0.00203824
0.00181224
0.00535115
0.00863835
0.0115221
0.013873
0.0155906
0.0166065
0.0168865
0.0164302
0.0152683
0.0134604
0.0110904
0.00826223
0.00509577
0.00172188
0.00151802
0.00448328
0.0072401
0.0096623
0.0116417
0.0130931
0.0139579
0.0142054
0.013833
0.0128648
0.0113494
0.00935652
0.00697372
0.00430243
0.00145404
0.00127295
0.0037601
0.00607416
0.00810997
0.00977689
0.011003
0.0117379
0.0119546
0.0116494
0.0108412
0.00956981
0.00789337
0.00588549
0.00363202
0.00122764
0.00106866
0.00315709
0.00510139
0.00681375
0.00821813
0.00925376
0.00987767
0.0100661
0.00981495
0.00913915
0.00807144
0.00666032
0.00496776
0.00306638
0.00103657
0.000898312
0.00265414
0.00428965
0.00573135
0.00691538
0.0077904
0.00831976
0.00848281
0.00827533
0.00770921
0.00681146
0.00562267
0.00419499
0.00258989
0.000875583
0.000756285
0.00223472
0.00361245
0.00482784
0.00582715
0.006567
0.00701616
0.00715675
0.00698468
0.00650948
0.00575354
0.00475085
0.0035454
0.00218921
0.000740187
0.000637956
0.00188522
0.00304796
0.00407433
0.00491906
0.00554541
0.00592679
0.00604776
0.00590449
0.00550466
0.00486691
0.0040198
0.00300046
0.00185299
0.000626552
0.00053951
0.00159442
0.00257812
0.00344694
0.00416257
0.00469388
0.0050182
0.00512221
0.0050024
0.00466502
0.00412563
0.00340831
0.00254448
0.00157158
0.000531433
0.000457807
0.00135303
0.00218806
0.00292589
0.00353405
0.00398606
0.00426255
0.00435205
0.00425136
0.00396561
0.00350788
0.00289852
0.00216423
0.00133686
0.000452084
0.000390256
0.00115345
0.00186547
0.00249486
0.00301394
0.0034001
0.00363673
0.00371391
0.0036288
0.00338561
0.0029954
0.00247547
0.00184858
0.00114198
0.000386202
0.000334732
0.000989378
0.00160025
0.0021404
0.00258611
0.00291795
0.00312159
0.00318845
0.00311597
0.00290768
0.00257297
0.00212666
0.00158829
0.000981258
0.00033186
0.000289495
0.0008557
0.00138413
0.00185151
0.00223734
0.00252479
0.00270142
0.00275973
0.00269743
0.00251751
0.00222803
0.00184178
0.00137565
0.000849944
0.000287459
0.000253135
0.000748247
0.00121039
0.00161924
0.00195688
0.00220856
0.00236338
0.00241474
0.00236056
0.0022034
0.00195027
0.00161234
0.00120438
0.000744165
0.000251691
0.00022452
0.000663681
0.00107365
0.00143641
0.00173608
0.00195957
0.00209718
0.00214301
0.00209518
0.00195591
0.00173139
0.00143151
0.00106938
0.000660784
0.000223495
0.000202765
0.000599385
0.000969674
0.00129739
0.00156817
0.0017702
0.0018947
0.0019363
0.00189327
0.0017676
0.00156484
0.0012939
0.000966637
0.000597323
0.000202035
0.000187194
0.000553367
0.00089526
0.00119788
0.00144799
0.00163466
0.00174977
0.00178834
0.00174875
0.0016328
0.00144561
0.00119539
0.000893089
0.000551894
0.000186673
0.000177327
0.000524207
0.000848107
0.00113484
0.00137186
0.00154881
0.00165798
0.00169465
0.00165725
0.00154747
0.00137014
0.00113304
0.000846543
0.000523145
0.000176952
0.000172857
0.000511
0.000826758
0.00110631
0.00133742
0.00151001
0.00161653
0.00165237
0.00161599
0.00150902
0.00133617
0.00110499
0.000825613
0.000510222
0.000172582
0.000173645
0.000513332
0.000830546
0.00111141
0.00134363
0.00151706
0.00162415
0.00166023
0.00162374
0.00151632
0.00134268
0.00111041
0.000829682
0.000512745
0.000173437
0.00017971
0.000531266
0.000859573
0.00115027
0.00139064
0.00157019
0.00168107
0.00171846
0.00168075
0.0015696
0.00138989
0.00114948
0.000858886
0.0005308
0.000179546
0.000191236
0.000565342
0.000914713
0.00122407
0.00147988
0.00167098
0.00178901
0.00182883
0.00178873
0.00167047
0.00147923
0.00122339
0.000914121
0.00056494
0.000191094
0.000208571
0.000616589
0.000997633
0.00133504
0.00161406
0.00182249
0.00195124
0.0019947
0.00195098
0.001822
0.00161343
0.00133439
0.000997065
0.000616203
0.000208435
0.00023224
0.000686561
0.00111085
0.00148655
0.00179723
0.00202933
0.00217269
0.00222109
0.00217241
0.0020288
0.00179656
0.00148584
0.00111024
0.000686145
0.000232093
0.000262963
0.000777385
0.0012578
0.00168319
0.00203497
0.00229776
0.00246008
0.00251487
0.00245974
0.00229713
0.00203417
0.00168235
0.00125707
0.000776889
0.000262787
0.000301672
0.000891818
0.00144295
0.00193095
0.00233449
0.00263594
0.00282213
0.00288495
0.00282169
0.00263513
0.00233346
0.00192987
0.00144201
0.000891182
0.000301447
0.000349545
0.00103334
0.00167192
0.00223734
0.00270489
0.00305414
0.00326983
0.00334258
0.00326924
0.00305306
0.00270351
0.0022359
0.00167066
0.00103249
0.000349244
0.000408038
0.00120625
0.00195167
0.00261169
0.00315743
0.00356505
0.00381677
0.00390162
0.00381596
0.00356357
0.00315553
0.00260971
0.00194995
0.00120508
0.000407624
0.00047893
0.00141582
0.00229073
0.00306536
0.00370585
0.0041842
0.00447955
0.00457905
0.00447842
0.00418214
0.00370321
0.00306261
0.00228833
0.00141419
0.000478353
0.00056438
0.00166842
0.0026994
0.00361218
0.00436684
0.00493041
0.00527831
0.00539542
0.00527673
0.00492752
0.00436314
0.00360831
0.00269603
0.00166614
0.000563571
0.00066699
0.00197175
0.00319012
0.00426876
0.00516049
0.00582634
0.00623729
0.0063755
0.00623507
0.00582228
0.00515529
0.00426332
0.00318538
0.00196853
0.000665853
0.000789891
0.00233505
0.00377785
0.00505512
0.00611096
0.00689924
0.00738563
0.00754902
0.00738249
0.00689351
0.00610363
0.00504745
0.00377118
0.00233051
0.000788288
0.00093683
0.0027694
0.00448052
0.00599521
0.00724718
0.00818174
0.0087582
0.0089516
0.00875378
0.00817366
0.00723683
0.00598439
0.0044711
0.00276301
0.000934569
0.0011123
0.00328807
0.00531955
0.00711769
0.00860375
0.00971285
0.0103967
0.0106258
0.0103905
0.00970145
0.00858916
0.00710243
0.00530627
0.00327905
0.00110911
0.00132166
0.00390692
0.0063206
0.00845682
0.010222
0.0115392
0.012351
0.0126224
0.0123422
0.0115231
0.0102014
0.00843528
0.00630184
0.00389419
0.00131715
0.00157132
0.00464488
0.00751427
0.0100535
0.0121514
0.0137164
0.0146804
0.015002
0.0146679
0.0136936
0.0121223
0.0100231
0.00748779
0.00462691
0.00156497
0.00186895
0.00552459
0.00893713
0.0119566
0.0144508
0.0163108
0.0174558
0.0178368
0.0174382
0.0162787
0.0144098
0.0119137
0.00889976
0.00549923
0.00185998
0.0022237
0.00657308
0.0106329
0.0142245
0.0171905
0.0194015
0.0207616
0.0212127
0.0207368
0.0193562
0.0171326
0.0141639
0.0105801
0.00653727
0.00221103
0.00264649
0.00782263
0.0126536
0.0169267
0.0204544
0.0230829
0.0246985
0.0252323
0.0246635
0.023019
0.0203726
0.0168411
0.0125791
0.00777208
0.00262861
0.00315039
0.00931183
0.0150616
0.0201463
0.0243427
0.0274676
0.0293863
0.0300175
0.0293369
0.0273774
0.0242272
0.0200256
0.0149565
0.00924046
0.00312515
0.00375103
0.0110868
0.0179314
0.0239827
0.0289747
0.0326898
0.034968
0.0357135
0.0348983
0.0325624
0.0288117
0.0238122
0.017783
0.0109861
0.00371539
0.0044671
0.0132028
0.0213521
0.0285545
0.0344932
0.0389095
0.0416137
0.042493
0.0415153
0.0387297
0.0342631
0.0283138
0.0211425
0.0130605
0.00441679
0.00532102
0.0157258
0.0254301
0.0340036
0.0410687
0.0463179
0.0495264
0.0505617
0.0493875
0.046064
0.0407438
0.0336638
0.0251343
0.015525
0.00524999
0.00633964
0.0187352
0.0302932
0.0404998
0.048905
0.055143
0.0589479
0.0601644
0.0587518
0.0547846
0.0484463
0.0400202
0.0298756
0.0184517
0.00623937
0.00755523
0.0223261
0.0360946
0.0482467
0.0582458
0.0656572
0.0701666
0.0715922
0.0698897
0.0651513
0.0575984
0.0475697
0.035505
0.0219259
0.00741367
0.0090066
0.0266128
0.0430183
0.0574884
0.0693832
0.0781861
0.0835262
0.0851918
0.0831354
0.077472
0.0684692
0.0565326
0.0421859
0.0260478
0.00880674
0.0107405
0.0317332
0.0512855
0.0685181
0.0826671
0.0931191
0.099437
0.101375
0.0988853
0.092111
0.0813769
0.0671687
0.0501103
0.0309355
0.0104584
0.0128135
0.0378535
0.0611632
0.0816886
0.0985177
0.110922
0.118388
0.120633
0.11761
0.109499
0.0966963
0.0797837
0.0595042
0.0367274
0.0124151
0.015294
0.0451752
0.0729739
0.0974254
0.11744
0.132154
0.140965
0.143549
0.139865
0.130145
0.114869
0.0947362
0.0706317
0.0435852
0.0147315
0.0182652
0.0539427
0.0871085
0.116243
0.140042
0.157484
0.167864
0.170815
0.166312
0.154649
0.136413
0.112446
0.0838016
0.0516977
0.017471
0.0218287
0.0644538
0.104042
0.138763
0.167059
0.187717
0.199919
0.203257
0.19773
0.183716
0.161936
0.133404
0.0993731
0.0612839
0.0207072
0.0261089
0.0770734
0.124355
0.165745
0.199378
0.223822
0.238129
0.241854
0.235039
0.218174
0.192146
0.158178
0.117762
0.072597
0.0245251
0.031259
0.09225
0.148758
0.198112
0.238077
0.266963
0.283686
0.287769
0.279325
0.258993
0.227869
0.18743
0.139449
0.0859278
0.029022
0.0374694
0.110539
0.178129
0.236997
0.284466
0.318551
0.338017
0.342382
0.331865
0.307304
0.27006
0.221916
0.164982
0.101609
0.0343091
0.0449777
0.132632
0.213554
0.283797
0.340149
0.380287
0.402831
0.407327
0.394155
0.364421
0.319818
0.262504
0.194985
0.120015
0.0405119
0.0540837
0.1594
0.256393
0.34024
0.407089
0.454237
0.480176
0.484536
0.467944
0.43186
0.378401
0.310177
0.230161
0.141568
0.0477705
0.065169
0.191947
0.308358
0.408486
0.487708
0.542911
0.572504
0.576291
0.555265
0.511362
0.447232
0.366038
0.271292
0.166733
0.0562397
0.0787265
0.23169
0.37163
0.491245
0.585002
0.649365
0.682746
0.685274
0.658469
0.604906
0.52791
0.431306
0.319234
0.196019
0.0660875
0.0954007
0.280476
0.449014
0.591957
0.702705
0.77733
0.814409
0.81462
0.780248
0.714719
0.622201
0.507312
0.374911
0.229967
0.0774926
0.116051
0.340744
0.544167
0.715022
0.845487
0.931361
0.971669
0.967976
0.923659
0.843267
0.732022
0.595476
0.439295
0.269144
0.0906406
0.141844
0.415781
0.661932
0.866132
1.01923
1.11703
1.15948
1.14953
1.09211
0.993233
0.859406
0.697269
0.513377
0.314118
0.105717
0.174409
0.510109
0.808826
1.05272
1.23136
1.34113
1.38366
1.36405
1.28935
1.16746
1.00644
0.814165
0.598125
0.365438
0.122899
0.216084
0.630114
0.993785
1.28462
1.4913
1.6119
1.65098
1.61682
1.51935
1.36885
1.17518
0.947556
0.69443
0.423596
0.142344
0.270353
0.785086
1.22931
1.57496
1.81102
1.93928
1.96915
1.91354
1.78618
1.60019
1.36749
1.09865
0.803026
0.488984
0.164175
0.342656
0.989016
1.53328
1.94139
2.20558
2.33496
2.34667
2.26007
2.0937
1.86396
1.58488
1.26833
0.924406
0.561844
0.188464
0.442005
1.26384
1.9318
2.40775
2.69375
2.81234
2.79243
2.66199
2.44522
2.16198
1.82828
1.45702
1.05872
0.642213
0.215214
0.584531
1.6455
2.46365
3.00599
3.29816
3.38588
3.31492
3.12385
2.84287
2.49502
2.09776
1.66447
1.20566
0.729865
0.244344
0.80212
2.19577
3.187
3.77795
4.04452
4.06957
3.9208
3.64811
3.28694
2.86236
2.39224
1.88963
1.3644
0.824263
0.275669
1.16594
3.02549
4.1883
4.77515
4.95855
4.87395
4.61272
4.23378
3.77503
3.26129
2.70925
2.1305
1.53346
0.924531
0.308899
1.85776
4.33904
5.58952
6.05249
6.05867
5.80096
5.38634
4.87483
4.30128
3.68681
3.04478
2.38406
1.71077
1.02944
0.343629
3.40668
6.50728
7.53759
7.647
7.34198
6.83688
6.22721
5.55892
4.85591
4.13143
3.39329
2.64631
1.89365
1.13747
0.379359
7.53388
10.1132
10.1251
9.52924
8.76419
7.94537
7.10873
6.2671
5.42541
4.58551
3.74789
2.9125
2.07897
1.24682
0.41551
9.9927
9.97963
9.97128
9.97119
9.98359
10.0138
10.069
10.1588
10.2973
10.5051
10.8128
11.266
11.9275
12.8649
14.0757
10.0155
10.0485
10.087
10.1354
10.1984
10.2821
10.3939
10.5436
10.7444
11.0136
11.3743
11.8545
12.4828
13.272
14.1815
10.0365
10.1116
10.1929
10.2849
10.3926
10.5222
10.6808
10.8773
11.1228
11.4307
11.8162
12.2948
12.8771
13.5589
14.3079
10.0555
10.1686
10.2881
10.4186
10.565
10.7332
10.9296
11.162
11.4389
11.77
12.1649
12.6313
13.1717
13.7784
14.4297
10.0724
10.2192
10.3723
10.5362
10.7157
10.9159
11.1426
11.402
11.7007
12.0455
12.4419
12.8937
13.3999
13.9533
14.5393
10.0871
10.2634
10.4457
10.6383
10.8456
11.0721
11.3228
11.6026
11.9165
12.2691
12.6637
13.1015
13.5808
14.0955
14.6355
10.0999
10.3015
10.5088
10.7257
10.9561
11.2041
11.4738
11.769
12.0937
12.4507
12.842
13.2678
13.7262
14.2122
14.7187
10.1107
10.3339
10.5623
10.7995
11.0491
11.3145
11.5991
11.9061
12.2383
12.5978
12.9857
13.4016
13.8437
14.3082
14.7898
10.1198
10.361
10.607
10.861
11.1262
11.4055
11.7019
12.0179
12.3556
12.7165
13.1012
13.5091
13.9387
14.3869
14.8499
10.1273
10.3832
10.6436
10.9113
11.189
11.4795
11.7851
12.1079
12.4496
12.8113
13.1933
13.595
14.015
14.4509
14.8997
10.1332
10.4011
10.673
10.9515
11.2391
11.5383
11.851
12.179
12.5237
12.8858
13.2655
13.6624
14.0752
14.5019
14.9401
10.1379
10.4149
10.6956
10.9825
11.2777
11.5834
11.9015
12.2333
12.5801
12.9425
13.3206
13.7139
14.1213
14.5412
14.9717
10.1413
10.425
10.7122
11.0051
11.3058
11.6162
11.9381
12.2727
12.621
12.9835
13.3604
13.7511
14.1547
14.5699
14.9949
10.1435
10.4316
10.723
11.0198
11.3241
11.6376
11.9619
12.2982
12.6475
13.0101
13.3862
13.7753
14.1765
14.5887
15.0103
10.1446
10.4348
10.7283
11.0271
11.3331
11.6481
11.9737
12.3108
12.6605
13.0232
13.3989
13.7872
14.1873
14.598
15.0178
15.1169
15.6845
16.6012
17.0816
17.7367
18.0873
18.5564
18.7786
18.983
19.3756
19.6306
20.0495
20.3194
20.7658
21.0586
21.5636
21.8405
22.2348
22.4593
22.7819
22.9674
23.2303
23.362
23.4917
23.7463
23.9221
24.2222
24.4277
24.7832
25.0304
25.4774
25.734
26.1224
26.3505
26.6952
26.8971
27.1955
27.3456
27.4989
27.8099
28.0294
28.4163
28.6861
29.1669
29.5039
30.1265
30.483
31.0305
31.3504
31.841
32.1258
32.5528
32.7627
32.9771
33.4238
33.7315
34.2787
34.6469
35.3
35.7377
36.533
36.9698
37.622
37.9877
38.5347
38.8383
39.283
39.489
39.6894
40.1122
40.3864
40.8721
41.1786
41.7196
42.0602
42.6793
43.0028
43.4991
43.7634
44.1953
44.4235
44.8345
44.9719
45.1349
45.7304
45.6959
45.321
44.5007
42.6584
37.835
14.996
15.6507
16.3166
16.8785
17.4111
17.8537
18.2646
18.6018
18.9177
19.2613
19.5916
19.9476
20.2884
20.6567
21.0083
21.3853
21.7188
22.0485
22.3368
22.6195
22.8669
23.1079
23.3168
23.5232
23.7564
23.9912
24.2545
24.5187
24.8165
25.1139
25.4464
25.7525
26.0684
26.3542
26.6451
26.9066
27.1692
27.4018
27.6388
27.9153
28.2007
28.5298
28.8666
29.2549
29.6478
30.0939
30.5055
30.9338
31.3206
31.7162
32.0698
32.4252
32.7357
33.051
33.4215
33.7999
34.2349
34.6709
35.1675
35.6558
36.1992
36.6834
37.1718
37.5954
38.014
38.371
38.7153
38.9981
39.2707
39.5836
39.888
40.2287
40.5523
40.9107
41.2431
41.6029
41.8991
42.1842
42.4022
42.6022
42.7303
42.8245
42.8059
42.7088
42.5358
42.0149
41.0418
39.4113
36.7049
32.2322
14.9985
15.6008
16.1813
16.7175
17.215
17.6653
18.0788
18.4554
18.8123
19.1659
19.5152
19.8674
20.2176
20.5713
20.9212
21.2694
21.6023
21.9218
22.2219
22.5075
22.7756
23.0315
23.275
23.5159
23.7639
24.0187
24.2853
24.561
24.85
25.1468
25.4531
25.7563
26.0577
26.35
26.637
26.914
27.1859
27.4514
27.7215
28.0075
28.3089
28.6318
28.9724
29.3361
29.7149
30.1103
30.5038
30.8966
31.2776
31.6515
32.0108
32.3617
32.7014
33.0449
33.4075
33.7864
34.189
34.6072
35.0467
35.4942
35.9503
36.3902
36.8146
37.2099
37.5816
37.9213
38.2357
38.5215
38.7936
39.0667
39.3368
39.6094
39.8755
40.1387
40.3862
40.6174
40.811
40.9654
41.0662
41.1121
41.0855
40.9762
40.7528
40.3915
39.8414
38.9848
37.7086
35.8706
33.2947
29.8526
15.0376
15.5819
16.1098
16.6122
17.0864
17.53
17.9458
18.3372
18.7116
19.0763
19.4347
19.7897
20.1416
20.491
20.8361
21.1754
21.5047
21.8227
22.1277
22.4205
22.7014
22.9726
23.2366
23.498
23.7613
24.0289
24.3029
24.5837
24.8718
25.1657
25.4639
25.7626
26.0598
26.3533
26.643
26.9285
27.2115
27.494
27.781
28.0774
28.3856
28.708
29.0445
29.3953
29.7577
30.129
30.5028
30.876
31.2445
31.6074
31.9634
32.314
32.6612
33.0109
33.3694
33.7386
34.1201
34.5124
34.9139
35.3196
35.7243
36.1191
36.4988
36.858
37.195
37.5075
37.7968
38.064
38.3146
38.5535
38.7816
38.999
39.2024
39.389
39.5522
39.6856
39.7787
39.8233
39.809
39.7259
39.5593
39.2917
38.8977
38.3454
37.5882
36.5585
35.1838
33.3923
31.1313
28.4206
15.0888
15.5865
16.0748
16.5476
17.0014
17.4346
17.8478
18.2433
18.6246
18.9955
19.3587
19.7163
20.0689
20.4168
20.7593
21.0954
21.4233
21.742
22.0509
22.3503
22.6408
22.924
23.2018
23.477
23.7523
24.0296
24.3105
24.5955
24.885
25.1781
25.4739
25.7705
26.0668
26.3616
26.6547
26.9463
27.2374
27.53
27.8265
28.1298
28.4417
28.7635
29.0955
29.4374
29.7875
30.1435
30.5025
30.8617
31.2189
31.573
31.9234
32.2708
32.6168
32.9641
33.3155
33.6725
34.0355
34.4036
34.7749
35.1458
35.5122
35.8691
36.2121
36.5375
36.8429
37.1269
37.3891
37.6302
37.8518
38.0555
38.2413
38.4081
38.5531
38.6725
38.7607
38.8112
38.8158
38.7655
38.6506
38.4594
38.1779
37.7888
37.27
36.5941
35.727
34.6284
33.259
31.5895
29.6153
27.3793
15.1424
15.6044
16.0619
16.5101
16.9459
17.3677
17.7753
18.1696
18.5523
18.9255
19.2909
19.6497
20.0027
20.3501
20.6917
21.0268
21.3548
21.6752
21.9877
22.2926
22.5905
22.8827
23.1704
23.4556
23.74
24.025
24.3117
24.6008
24.8925
25.1865
25.4822
25.7788
26.0756
26.3721
26.6683
26.9643
27.2611
27.5598
27.862
28.1694
28.4831
28.8039
29.1321
29.4672
29.8082
30.1536
30.5014
30.8498
31.1976
31.5435
31.8873
32.2292
32.57
32.9109
33.2531
33.5973
33.9432
34.29
34.6358
34.978
35.3135
35.6387
35.9503
36.2453
36.5215
36.7772
37.0114
37.2239
37.4144
37.5828
37.728
37.8481
37.9402
38.0003
38.0232
38.0026
37.9312
37.8006
37.6013
37.3225
36.9512
36.4723
35.868
35.1178
34.1988
33.0878
31.766
30.2252
28.4759
26.5559
15.194
15.6289
16.0622
16.4903
16.9105
17.3212
17.7217
18.1123
18.4936
18.8666
19.2322
19.5913
19.9444
20.2916
20.633
20.9682
21.2971
21.6194
21.9352
22.2446
22.5484
22.8474
23.1425
23.4352
23.7265
24.0176
24.3093
24.6021
24.8964
25.192
25.4888
25.7864
26.0845
26.3829
26.6816
26.981
27.2815
27.5841
27.8898
28.1994
28.5138
28.8335
29.1584
29.4883
29.8224
30.1596
30.4988
30.8388
31.1783
31.5167
31.8536
32.1888
32.5227
32.8555
33.1876
33.519
33.8493
34.1773
34.5014
34.8196
35.1292
35.4275
35.7119
35.9798
36.229
36.4578
36.6647
36.8487
37.0085
37.1429
37.2502
37.328
37.3731
37.3813
37.3478
37.2668
37.1314
36.9342
36.6663
36.3182
35.8788
35.3359
34.6759
33.8842
32.9465
31.8503
30.588
29.1607
27.582
25.8809
15.2414
15.6555
16.0698
16.4816
16.8885
17.289
17.6824
18.0682
18.4466
18.818
19.1828
19.5414
19.8942
20.2413
20.5828
20.9186
21.2486
21.5728
21.8914
22.2046
22.513
22.8172
23.118
23.4163
23.7131
24.009
24.3049
24.6011
24.8979
25.1956
25.494
25.793
26.0927
26.3928
26.6937
26.9955
27.2987
27.6038
27.9115
28.2223
28.5367
28.855
29.1772
29.5029
29.8316
30.1626
30.4949
30.8278
31.1603
31.4918
31.8218
32.1501
32.4764
32.8006
33.1227
33.4421
33.7581
34.0697
34.3752
34.6729
34.9606
35.236
35.4968
35.7406
35.9655
36.1694
36.3507
36.5077
36.6386
36.7417
36.8146
36.8546
36.8584
36.8219
36.7404
36.6087
36.4204
36.1688
35.8464
35.4449
34.9552
34.3678
33.6728
32.8604
31.9221
30.8516
29.6474
28.314
26.8642
25.3198
15.2834
15.6816
16.0811
16.4797
16.8755
17.2672
17.6537
18.0345
18.4095
18.7786
19.1419
19.4997
19.852
20.199
20.5406
20.877
21.2081
21.5341
21.855
22.1713
22.4833
22.7916
23.0967
23.3995
23.7004
24.0003
24.2996
24.5988
24.8981
25.1977
25.4979
25.7985
26.0997
26.4015
26.7041
27.0077
27.3127
27.6194
27.9283
28.2396
28.5537
28.8707
29.1904
29.5127
29.8371
30.1631
30.4899
30.8169
31.1433
31.4686
31.7922
32.1137
32.4326
32.7486
33.0611
33.3696
33.673
33.9703
34.26
34.5403
34.8094
35.0652
35.3056
35.5284
35.7316
35.9132
36.0713
36.2037
36.3085
36.3834
36.4259
36.4329
36.4012
36.3267
36.2051
36.0314
35.8001
35.5051
35.14
34.698
34.1719
33.5543
32.8383
32.0176
31.0874
30.0453
28.8923
27.6344
26.2824
24.853
15.3196
15.7055
16.0935
16.4816
16.8684
17.2525
17.6329
18.0092
18.3807
18.7473
19.109
19.4656
19.8173
20.164
20.5058
20.8427
21.1749
21.5023
21.8252
22.1439
22.4588
22.7702
23.0787
23.3849
23.6892
23.9922
24.2943
24.5959
24.8974
25.199
25.5007
25.8029
26.1055
26.4087
26.7127
27.0177
27.324
27.6317
27.9412
28.2526
28.5662
28.8819
29.1996
29.5192
29.8401
30.162
30.4843
30.8064
31.1277
31.4475
31.7653
32.0805
32.3927
32.7011
33.0051
33.3038
33.5964
33.8815
34.1577
34.4234
34.6769
34.9161
35.1392
35.344
35.5285
35.6906
35.8282
35.9391
36.021
36.0715
36.0877
36.0667
36.0051
35.8991
35.7445
35.5367
35.271
34.9419
34.5441
34.0719
33.5197
32.8821
32.1543
31.3323
30.4136
29.3981
28.2882
27.0897
25.812
24.4678
15.3498
15.7263
16.1054
16.4854
16.8649
17.2428
17.6182
17.9903
18.3587
18.723
19.083
19.4385
19.7895
20.1359
20.4778
20.8152
21.1481
21.4767
21.8012
22.1218
22.4389
22.7527
23.0638
23.3726
23.6795
23.985
24.2894
24.5931
24.8964
25.1996
25.5028
25.8062
26.1101
26.4145
26.7196
27.0256
27.3327
27.6411
27.9509
28.2623
28.5753
28.8899
29.2059
29.5232
29.8414
30.1601
30.4787
30.7968
31.1137
31.4288
31.7417
32.0515
32.3577
32.6595
32.9562
33.2467
33.5301
33.805
34.0701
34.3238
34.5644
34.79
34.9986
35.1884
35.3572
35.5029
35.6232
35.7158
35.7784
35.8083
35.8027
35.7586
35.6725
35.5409
35.3599
35.1252
34.8326
34.4773
34.0549
33.5606
32.9902
32.3396
31.6055
30.7856
29.879
28.8866
27.8114
26.6589
25.4371
24.1561
15.3738
15.7435
16.1158
16.4896
16.8636
17.2367
17.6079
17.9767
18.3425
18.7047
19.0632
19.4177
19.768
20.1142
20.4561
20.7938
21.1274
21.4569
21.7826
22.1046
22.4233
22.739
23.052
23.3628
23.6716
23.979
24.2851
24.5905
24.8953
25.1998
25.5042
25.8087
26.1136
26.4189
26.7248
27.0316
27.3393
27.6481
27.958
28.2692
28.5817
28.8954
29.2101
29.5256
29.8416
30.1578
30.4735
30.7884
31.1018
31.4132
31.7219
32.0273
32.3286
32.625
32.9156
33.1995
33.4755
33.7423
33.9985
34.2427
34.473
34.6877
34.8849
35.0626
35.2188
35.3511
35.4575
35.5354
35.5825
35.5959
35.5729
35.5104
35.4051
35.2536
35.0521
34.7968
34.4838
34.1091
33.6687
33.1587
32.5758
31.9169
31.1799
30.3634
29.4676
28.4939
27.4455
26.3276
25.147
23.9122
15.3917
15.7565
16.1242
16.4935
16.8634
17.2329
17.6011
17.9674
18.331
18.6917
19.049
19.4026
19.7524
20.0983
20.4402
20.7781
21.1121
21.4423
21.7689
22.092
22.4119
22.7288
23.0433
23.3554
23.6657
23.9744
24.2818
24.5884
24.8943
25.1998
25.5051
25.8105
26.1161
26.4221
26.7286
27.0359
27.344
27.653
27.963
28.274
28.5861
28.899
29.2127
29.5269
29.8414
30.1556
30.4692
30.7817
31.0925
31.4011
31.7067
32.0086
32.3061
32.5984
32.8845
33.1633
33.4337
33.6944
33.944
34.181
34.4036
34.6102
34.7989
34.9675
35.1141
35.2365
35.3323
35.3991
35.4344
35.4355
35.3995
35.3233
35.2038
35.0377
34.8213
34.5512
34.2236
33.8351
33.3821
32.8614
32.2703
31.6064
30.8682
30.0552
29.168
28.2083
27.1795
26.0862
24.9347
23.7322
15.4036
15.7653
16.1299
16.4963
16.8636
17.2307
17.5969
17.9615
18.3238
18.6833
19.0398
19.3928
19.7422
20.0879
20.4298
20.7679
21.1021
21.4328
21.7599
22.0836
22.4043
22.7221
23.0374
23.3505
23.6617
23.9713
24.2796
24.5869
24.8935
25.1997
25.5057
25.8116
26.1177
26.4241
26.7311
27.0386
27.347
27.6561
27.9661
28.277
28.5888
28.9012
29.2142
29.5276
29.8409
30.1539
30.4661
30.7771
31.0861
31.3927
31.6962
31.9959
32.2909
32.5803
32.8633
33.1387
33.4054
33.662
33.9072
34.1394
34.357
34.5582
34.7411
34.9037
35.044
35.1596
35.2484
35.3078
35.3352
35.3281
35.2834
35.1982
35.0694
34.8936
34.6675
34.3878
34.0508
33.6535
33.1926
32.6653
32.0692
31.4025
30.664
29.8537
28.9723
28.0219
27.0058
25.9285
24.7955
23.6135
15.4096
15.7697
16.1328
16.4978
16.8638
17.2298
17.595
17.9586
18.3202
18.6792
19.0352
19.388
19.7372
20.0828
20.4247
20.7628
21.0972
21.428
21.7554
22.0795
22.4005
22.7188
23.0345
23.348
23.6597
23.9697
24.2784
24.5862
24.8931
25.1996
25.5059
25.8121
26.1185
26.4251
26.7323
27.04
27.3484
27.6576
27.9676
28.2785
28.59
28.9023
29.2149
29.5278
29.8407
30.153
30.4645
30.7747
31.0828
31.3885
31.6909
31.9894
32.2831
32.5712
32.8526
33.1263
33.3911
33.6457
33.8887
34.1186
34.3336
34.5321
34.7121
34.8717
35.0088
35.1211
35.2063
35.262
35.2855
35.2742
35.2252
35.1356
35.0021
34.8215
34.5907
34.3062
33.9647
33.563
33.0983
32.5678
31.9694
31.3014
30.5629
29.754
28.8757
27.9299
26.9201
25.8505
24.7266
23.5546
21.6135
16.0407
13.4357
11.7288
10.3696
9.17825
8.08214
7.04608
6.05046
5.0832
4.13624
3.20385
2.28174
1.36644
0.455056
24.8496
19.539
16.1488
13.7807
11.953
10.4279
9.08391
7.85535
6.70391
5.60578
4.54526
3.51139
2.49609
1.49302
0.496919
25.3423
21.1167
17.8398
15.2918
13.2338
11.4961
9.97017
8.58743
7.30396
6.09068
4.92758
3.80033
2.69818
1.61262
0.536513
25.14
21.7455
18.8016
16.3129
14.1941
12.3526
10.7131
9.22015
7.83375
6.52532
5.27399
4.06413
2.88365
1.72273
0.573025
24.753
21.9235
19.3081
16.9638
14.8768
13.0068
11.3095
9.74618
8.2855
6.9028
5.57886
4.29852
3.04952
1.82161
0.605878
24.3302
21.887
19.5432
17.3571
15.3426
13.4881
11.7717
10.1695
8.65916
7.22143
5.84008
4.50152
3.19425
1.9083
0.634745
23.9223
21.751
19.6204
17.5788
15.6481
13.8311
12.1196
10.5008
8.96013
7.48361
6.05844
4.67318
3.31762
1.98257
0.659538
23.5489
21.5741
19.6083
17.6894
15.8397
14.0683
12.3749
10.7539
9.19684
7.69435
6.23682
4.81508
3.42046
2.04481
0.680366
23.2179
21.388
19.549
17.7306
15.953
14.2273
12.5575
10.9428
9.37892
7.86003
6.37934
4.9298
3.50429
2.09581
0.697478
22.9328
21.2108
19.469
17.7309
16.0141
14.3301
12.6851
11.0807
9.51592
7.9874
6.49066
5.02043
3.57105
2.13663
0.711208
22.695
21.0532
19.385
17.7096
16.0422
14.394
12.7717
11.179
9.61652
8.0829
6.57538
5.09016
3.6228
2.16842
0.721928
22.5049
20.9216
19.308
17.68
16.0511
14.4316
12.8288
11.2469
9.68811
8.15222
6.63773
5.14199
3.66152
2.19232
0.729999
22.3624
20.8202
19.2452
17.6512
16.0503
14.4524
12.8646
11.2918
9.73665
8.20004
6.68126
5.17847
3.68894
2.20929
0.735745
22.2675
20.7514
19.201
17.629
16.0465
14.4628
12.8853
11.3188
9.76657
8.22992
6.70872
5.20163
3.70642
2.22015
0.739424
22.2201
20.7167
19.1783
17.617
16.0436
14.4671
12.8947
11.3315
9.78081
8.24427
6.72197
5.21286
3.71492
2.22544
0.741218
)
;

boundaryField
{
    hot
    {
        type            fixedValue;
        value           uniform 10;
    }
    cold
    {
        type            fixedValue;
        value           uniform 0;
    }
    interface_left
    {
        type            fixedValue;
        value           nonuniform List<scalar> 
90
(
0
0
0
0
0
0
0
0
0
0
0
0
0
0
0
0
0
0
0
0
0
0
0
0
0
0
0
0
0
0
0
0
0
0
0
0
0
0
0
0
0
0
0
0
0
0
0
0
0
0
0
0
0
0
0
0
0
0
0
0
0
0
0
0
0
0
0
0
0
0
0
0
0
0
0
0
0
0
0
0
0
0
0
0
0
0
0
15.4501
15.4501
15.4501
)
;
    }
    interface_right
    {
        type            fixedValue;
        value           uniform 0;
    }
    interface_top
    {
        type            fixedValue;
        value           nonuniform List<scalar> 
90
(
15.4501
15.4501
17.0574
17.0574
18.1187
18.1187
18.8799
18.8799
18.8799
19.5319
19.5319
20.2077
20.2077
20.9309
20.9309
21.8168
21.8168
22.4499
22.4499
22.9617
22.9617
23.3859
23.3859
23.3859
23.7979
23.7979
24.274
24.274
24.8445
24.8445
25.6297
25.6297
26.2646
26.2646
26.8229
26.8229
27.3151
27.3151
27.3151
27.823
27.823
28.4437
28.4437
29.2262
29.2262
30.3341
30.3341
31.2424
31.2424
32.0512
32.0512
32.7727
32.7727
32.7727
33.5247
33.5247
34.4294
34.4294
35.521
35.521
36.9577
36.9577
38.0531
38.0531
38.9701
38.9701
39.7384
39.7384
39.7384
40.4831
40.4831
41.3226
41.3226
42.268
42.268
43.43
43.43
44.3232
44.3232
45.1383
45.1383
46.0362
46.0362
46.0362
47.7811
47.7811
47.7811
47.7811
47.7811
47.7811
)
;
    }
    interface_bottom
    {
        type            fixedValue;
        value           nonuniform List<scalar> 
90
(
15.4501
15.4501
16.1472
16.1472
16.7562
16.7562
17.2072
17.2072
17.2072
17.588
17.588
17.9717
17.9717
18.3602
18.3602
18.7924
18.7924
19.0507
19.0507
19.2011
19.2011
19.2763
19.2763
19.2763
19.292
19.292
19.2498
19.2498
19.135
19.135
18.9168
18.9168
18.6995
18.6995
18.469
18.469
18.2278
18.2278
18.2278
17.937
17.937
17.5549
17.5549
17.0709
17.0709
16.433
16.433
15.9297
15.9297
15.4706
15.4706
15.0369
15.0369
15.0369
14.555
14.555
13.9566
13.9566
13.2301
13.2301
12.3011
12.3011
11.5831
11.5831
10.9369
10.9369
10.3339
10.3339
10.3339
9.67196
9.67196
8.85179
8.85179
7.84341
7.84341
6.49065
6.49065
5.39747
5.39747
4.37759
4.37759
3.39592
3.39592
3.39592
2.18888
2.18888
2.18888
0
0
0
)
;
    }
    defaultFaces
    {
        type            empty;
    }
}


// ************************************************************************* //
