/*--------------------------------*- C++ -*----------------------------------*\
| =========                 |                                                 |
| \\      /  F ield         | OpenFOAM: The Open Source CFD Toolbox           |
|  \\    /   O peration     | Version:  5.x                                   |
|   \\  /    A nd           | Web:      www.OpenFOAM.org                      |
|    \\/     M anipulation  |                                                 |
\*---------------------------------------------------------------------------*/
FoamFile
{
    version     2.0;
    format      ascii;
    class       volScalarField;
    location    "9.4";
    object      gradTx;
}
// * * * * * * * * * * * * * * * * * * * * * * * * * * * * * * * * * * * * * //

dimensions      [0 -1 0 1 0 0 0];

internalField   nonuniform List<scalar> 
6300
(
51.6696
52.1084
52.9777
54.2603
55.9292
57.9451
60.2556
62.7927
65.472
68.1933
70.8421
73.295
75.4266
77.119
78.2721
51.2295
51.6765
52.5629
53.8728
55.5806
57.6491
60.0275
62.6489
65.4286
68.2641
71.0364
73.6147
75.8642
77.6566
78.8824
50.3409
50.8037
51.7231
53.0858
54.8697
57.0418
59.555
62.3451
65.3277
68.3964
71.423
74.2616
76.7572
78.7588
80.1363
48.988
49.473
50.4388
51.8762
53.7693
56.0918
58.804
61.8473
65.1392
68.5692
71.9959
75.2499
78.1425
80.4836
82.1058
47.1489
47.66
48.6813
50.2096
52.2378
54.7508
57.7205
61.0992
64.8112
68.7436
72.74
76.5979
80.0776
82.9255
84.9111
44.7973
45.3356
46.4153
48.0418
50.2202
52.9515
56.2265
60.0165
64.261
68.8526
73.6209
78.3223
82.643
86.228
88.7398
41.906
42.4683
43.6013
45.3207
47.6482
50.6071
54.216
58.4777
63.3623
68.7831
74.5671
80.4256
85.9424
90.6019
93.8806
38.4511
39.0291
40.1993
41.9903
44.4435
47.6113
51.5512
56.3144
61.9258
68.3491
75.437
82.8688
90.0975
96.3549
100.783
34.417
34.9963
36.1754
37.9963
40.5229
43.8422
48.0616
53.3016
59.6757
67.2488
75.9615
85.5135
95.2221
103.935
110.173
29.8024
30.3624
31.5086
33.2952
35.8085
39.1715
43.55
49.1533
56.2254
65.0073
75.6448
87.9999
101.341
113.987
123.281
24.6265
25.1412
26.2002
27.8664
30.2429
33.4842
37.8122
43.5349
51.0637
60.9086
73.6089
89.4989
108.151
127.388
142.342
18.935
19.3745
20.2834
21.7262
23.8114
26.7092
30.6783
36.1092
43.5843
53.9531
68.3816
88.2332
114.376
145.071
171.824
12.8029
13.1372
13.8317
14.9424
16.5664
18.8616
22.0816
26.638
33.2099
42.9364
57.7293
80.6746
116.045
166.693
221.839
6.33543
6.53897
6.96288
7.64434
8.64919
10.0881
12.1475
15.1501
19.6798
26.8518
38.9231
60.6887
102.436
183.813
319.282
-0.336433
-0.280556
-0.164406
0.02199
0.29703
0.693296
1.26921
2.13403
3.50617
5.86655
10.421
20.7199
49.1937
146.841
550.942
78.8172
78.8165
78.3588
77.4549
76.1294
74.4175
72.3613
70.0059
67.3966
64.5761
61.5835
58.4531
55.2144
51.8924
48.508
45.0792
41.621
38.1466
34.6677
31.1948
27.7374
24.3042
20.9028
17.5404
14.2232
10.9564
7.74467
4.5917
1.50043
-1.52695
-4.48893
-7.3846
-10.2135
-12.9757
-15.6711
-18.3001
-20.8626
-23.3585
-25.7873
-28.1486
-30.4415
-32.6655
-34.82
-36.9052
-38.9217
-40.871
-42.7551
-44.5766
-46.3385
-48.0439
-49.6955
-51.2956
-52.8454
-54.3454
-55.795
-57.1927
-58.5366
-59.8244
-61.0537
-62.2226
-63.3293
-64.3727
-65.3518
-66.2656
-67.1124
-67.8898
-68.594
-69.2193
-69.7583
-70.2018
-70.5389
-70.7576
-70.8456
-70.7908
-70.5818
-70.2089
-69.6647
-68.9442
-68.0451
-66.968
-65.7167
-64.2978
-62.7211
-60.9992
-59.148
-57.1866
-55.1368
-53.0229
-50.8712
-48.709
79.466
79.4731
78.9998
78.0603
76.6841
74.9118
72.7906
70.3702
67.6992
64.8226
61.7806
58.6078
55.3332
51.9809
48.5711
45.1204
41.6433
38.1522
34.6583
31.1718
27.702
24.2575
20.8462
17.4749
14.15
10.8767
7.6597
4.50254
1.40817
-1.62133
-4.58456
-7.48078
-10.3098
-13.0717
-15.7669
-18.3957
-20.9584
-23.4548
-25.8845
-28.2467
-30.5405
-32.765
-34.9194
-37.0036
-39.0181
-40.9644
-42.8446
-44.6617
-46.4193
-48.1206
-49.7691
-51.3672
-52.9164
-54.4172
-55.8687
-57.2694
-58.6166
-59.9076
-61.1398
-62.311
-63.4195
-64.4643
-65.4449
-66.3609
-67.2113
-67.9942
-68.7064
-69.3424
-69.8948
-70.3538
-70.708
-70.9447
-71.0502
-71.0116
-70.8164
-70.4545
-69.9175
-69.2002
-68.3001
-67.2178
-65.9569
-64.5241
-62.9289
-61.1842
-59.3058
-57.313
-55.2281
-53.0764
-50.8855
-48.6842
80.7989
80.8197
80.3104
79.2929
77.8075
75.9068
73.6491
71.0938
68.2962
65.3058
62.1648
58.9077
55.5625
52.1512
48.6918
45.1988
41.6848
38.1609
34.6373
31.1238
27.6294
24.1625
20.7311
17.3421
14.0019
10.7157
7.48809
4.32267
1.22222
-1.81133
-4.77683
-7.67386
-10.5026
-13.2638
-15.9581
-18.5865
-21.1494
-23.6469
-26.0785
-28.443
-30.7391
-32.965
-35.1195
-37.2019
-39.2123
-41.1522
-43.0243
-44.8322
-46.5802
-48.2729
-49.9145
-51.5083
-53.0563
-54.5589
-56.015
-57.422
-58.7764
-60.0745
-61.3129
-62.4887
-63.6003
-64.6473
-65.63
-66.5494
-67.406
-68.1994
-68.9273
-69.5848
-70.1643
-70.6555
-71.0454
-71.3191
-71.4613
-71.4563
-71.2902
-70.9507
-70.4287
-69.7181
-68.8162
-67.7235
-66.4435
-64.9829
-63.3511
-61.5606
-59.6273
-57.5708
-55.4144
-53.1854
-50.9139
-48.632
82.8924
82.9281
82.351
81.1976
79.5275
77.4141
74.9349
72.1646
69.1693
66.0046
62.7147
59.3334
55.8856
52.3898
48.8597
45.3064
41.7395
38.1681
34.6011
31.0476
27.5163
24.0159
20.5543
17.1387
13.7755
10.4699
7.22657
4.04894
0.939673
-2.09951
-5.06782
-7.96534
-10.7929
-13.552
-16.2443
-18.8714
-21.4344
-23.9337
-26.3687
-28.7377
-31.0383
-33.2676
-35.4231
-37.5032
-39.5075
-41.4373
-43.2959
-45.0882
-46.8201
-48.498
-50.1279
-51.7146
-53.2608
-54.767
-56.2311
-57.6494
-59.0164
-60.3267
-61.575
-62.7577
-63.8732
-64.9216
-65.9053
-66.8272
-67.6907
-68.4979
-69.2483
-69.9382
-70.56
-71.1019
-71.5486
-71.882
-72.0829
-72.1321
-72.0122
-71.7086
-71.2103
-70.5104
-69.6059
-68.4976
-67.1891
-65.687
-64.0006
-62.1415
-60.1253
-57.9714
-55.7045
-53.3546
-50.9563
-48.5474
85.8742
85.9173
85.22
83.8446
81.8843
79.4464
76.6386
73.5578
70.2849
66.8822
63.395
59.8534
56.2767
52.6765
49.06
45.4326
41.7999
38.1681
34.5447
30.9384
27.3581
23.8127
20.3106
16.8594
13.4654
10.1342
6.87004
3.67647
0.555966
-2.48996
-5.4609
-8.35761
-11.1819
-13.9364
-16.6242
-19.2484
-21.811
-24.313
-26.7538
-29.1307
-31.4396
-33.676
-35.835
-37.9133
-39.9093
-41.8243
-43.6625
-45.4305
-47.1371
-48.7916
-50.403
-51.9785
-53.5221
-55.0346
-56.5125
-57.9496
-59.3374
-60.667
-61.9306
-63.1227
-64.2415
-65.2883
-66.2682
-67.1881
-68.0556
-68.8769
-69.6551
-70.3885
-71.0695
-71.6843
-72.2137
-72.6345
-72.9216
-73.0501
-72.9976
-72.7456
-72.281
-71.5961
-70.6881
-69.5586
-68.2122
-66.6557
-64.8974
-62.9478
-60.8204
-58.5337
-56.1132
-53.5925
-51.0131
-48.4221
89.9449
89.9708
89.0637
87.3325
84.9271
82.0101
78.7338
75.2263
71.5858
67.8804
64.1521
60.4227
56.7005
52.9855
49.2747
45.5656
41.8579
38.155
34.4631
30.7911
27.1489
23.5464
19.9932
16.497
13.0647
9.70142
6.41156
3.19847
0.0646288
-2.98855
-5.96101
-8.85425
-11.6714
-14.4169
-17.0959
-19.7138
-22.2746
-24.7805
-27.2306
-29.621
-31.9453
-34.1953
-36.3628
-38.4413
-40.4273
-42.3215
-44.1295
-45.8608
-47.5283
-49.1465
-50.7291
-52.2873
-53.8277
-55.351
-56.8519
-58.3199
-59.7412
-61.1014
-62.388
-63.5925
-64.7122
-65.7505
-66.7165
-67.6234
-68.4857
-69.3168
-70.1254
-70.9133
-71.6732
-72.3885
-73.034
-73.5784
-73.9875
-74.2276
-74.2688
-74.0875
-73.6678
-73.0017
-72.0881
-70.9309
-69.5368
-67.9136
-66.0686
-64.0091
-61.7439
-59.2878
-56.6651
-53.9138
-51.0858
-48.2432
95.4143
95.3661
94.0926
91.7894
88.7051
85.0898
81.1604
77.085
72.9789
68.9102
64.9094
60.9806
57.1126
53.2872
49.4861
45.6955
41.9083
38.125
34.3521
30.6001
26.8816
23.2089
19.5928
16.0423
12.5639
9.16259
5.8422
2.60607
-0.543086
-3.60356
-6.5753
-9.46055
-12.2641
-14.9929
-17.6556
-20.2612
-22.8172
-25.3279
-27.793
-30.2065
-32.5576
-34.833
-37.0183
-39.102
-41.0768
-42.9425
-44.7062
-46.3822
-47.99
-49.5519
-51.0897
-52.6211
-54.1571
-55.699
-57.2379
-58.7565
-60.2321
-61.641
-62.9627
-64.1836
-65.2991
-66.3156
-67.2489
-68.1217
-68.9599
-69.788
-70.6244
-71.477
-72.34
-73.1921
-73.9987
-74.7159
-75.2955
-75.6903
-75.8594
-75.7716
-75.4082
-74.7625
-73.8377
-72.6431
-71.1903
-69.4898
-67.5477
-65.3652
-62.9415
-60.2807
-57.4013
-54.3448
-51.1788
-47.9911
102.769
102.524
100.602
97.3692
93.2462
88.6199
83.796
78.9866
74.317
69.8411
65.5615
61.4498
57.4623
53.5529
49.6814
45.8193
41.9521
38.0792
34.2101
30.3604
26.5478
22.789
19.0977
15.4833
11.9518
8.50683
5.1512
1.88816
-1.27872
-4.34649
-7.31426
-10.1846
-12.9643
-15.664
-18.2976
-20.88
-23.4247
-25.9409
-28.4294
-30.8812
-33.2789
-35.5997
-37.8199
-39.9189
-41.8831
-43.7099
-45.4087
-47.0011
-48.5172
-49.9915
-51.4586
-52.9476
-54.4772
-56.0504
-57.6524
-59.2542
-60.8181
-62.3052
-63.6818
-64.9251
-66.0276
-66.9995
-67.8673
-68.6688
-69.4476
-70.2461
-71.0988
-72.0249
-73.0213
-74.0599
-75.091
-76.0504
-76.8683
-77.4769
-77.8185
-77.8513
-77.5539
-76.9242
-75.9746
-74.7257
-73.1994
-71.4129
-69.3719
-67.0678
-64.4795
-61.5873
-58.3917
-54.9325
-51.3021
-47.6348
112.802
112.094
108.999
104.229
98.5098
92.4328
86.409
80.6855
75.3749
70.4879
65.9709
61.7388
57.6983
53.7628
49.8622
45.9493
42.0033
38.027
34.0392
30.0664
26.1358
22.2715
18.491
14.8044
11.2148
7.72201
4.32654
1.03153
-2.15726
-5.23357
-8.19362
-11.0393
-13.7796
-16.4305
-19.0132
-21.5526
-24.0733
-26.5936
-29.1183
-31.6337
-34.1105
-36.511
-38.7957
-40.9292
-42.8869
-44.6608
-46.264
-47.7294
-49.1038
-50.4408
-51.7951
-53.2149
-54.7339
-56.3594
-58.0665
-59.8054
-61.5136
-63.1276
-64.592
-65.8684
-66.9432
-67.8324
-68.5799
-69.2474
-69.9057
-70.625
-71.4665
-72.4702
-73.6405
-74.9374
-76.2852
-77.5875
-78.7411
-79.6468
-80.2208
-80.4052
-80.1768
-79.545
-78.5411
-77.2064
-75.5822
-73.7009
-71.574
-69.1783
-66.4538
-63.3299
-59.7605
-55.7661
-51.4774
-47.1214
126.877
125.098
119.805
112.452
104.287
96.1666
88.5873
81.7879
75.8213
70.6006
65.9687
61.7506
57.7818
53.9214
50.0596
46.1259
42.097
37.9904
33.8459
29.7106
25.6277
21.6326
17.7487
13.9853
10.3379
6.79665
3.3569
0.0217095
-3.19799
-6.28823
-9.23776
-12.0457
-14.7238
-17.2949
-19.7911
-22.2522
-24.7221
-27.2397
-29.8205
-32.4412
-35.0515
-37.5887
-39.9886
-42.1922
-44.1547
-45.8569
-47.317
-48.5881
-49.7434
-50.8648
-52.0362
-53.3387
-54.8363
-56.5499
-58.4339
-60.3999
-62.3438
-64.1642
-65.7717
-67.101
-68.1247
-68.8685
-69.4063
-69.8383
-70.2747
-70.8267
-71.5993
-72.6744
-74.0762
-75.7402
-77.5434
-79.3375
-80.9696
-82.2932
-83.1825
-83.552
-83.3791
-82.7004
-81.5828
-80.1024
-78.3336
-76.3414
-74.1619
-71.7609
-69.0022
-65.7128
-61.7401
-57.0224
-51.7489
-46.3504
147.515
143.162
133.577
121.84
110.001
99.1186
89.6405
81.6894
75.1916
69.864
65.3694
61.4019
57.7082
54.081
50.3592
46.4389
42.3014
38.0073
33.6387
29.2786
24.9925
20.833
16.832
12.999
9.30745
5.72485
2.23637
-1.15467
-4.42532
-7.54562
-10.4859
-13.2392
-15.822
-18.2671
-20.6194
-22.9389
-25.3023
-27.7943
-30.4649
-33.2634
-36.0975
-38.8637
-41.4639
-43.8017
-45.7967
-47.4012
-48.6414
-49.6128
-50.4312
-51.2158
-52.088
-53.1808
-54.6268
-56.4944
-58.6824
-61.0252
-63.351
-65.5065
-67.3511
-68.7724
-69.7084
-70.1999
-70.3838
-70.4217
-70.4763
-70.7093
-71.2954
-72.407
-74.133
-76.3412
-78.8136
-81.3192
-83.6408
-85.5634
-86.8914
-87.4785
-87.3085
-86.4861
-85.1453
-83.4126
-81.4053
-79.2502
-77.0676
-74.8572
-72.3135
-69.0783
-64.7916
-59.0778
-52.1995
-45.1053
179.856
168.754
150.446
131.374
114.337
100.047
88.4938
79.4967
72.8757
67.9265
64.0098
60.6578
57.5374
54.3758
50.9435
47.0635
42.7304
38.1307
33.4185
28.7395
24.1741
19.8048
15.6731
11.8085
8.11981
4.51723
0.975291
-2.50459
-5.86931
-9.06237
-12.0031
-14.6783
-17.1182
-19.373
-21.4949
-23.5622
-25.6969
-28.0914
-30.9248
-34.0342
-37.2408
-40.3771
-43.3165
-45.9044
-48.0006
-49.4695
-50.3525
-50.857
-51.167
-51.4401
-51.8214
-52.5137
-53.8092
-55.9766
-58.7071
-61.6741
-64.6025
-67.2955
-69.5388
-71.1417
-71.9309
-71.9734
-71.5705
-70.98
-70.4199
-70.0823
-70.2338
-71.2538
-73.4942
-76.5604
-80.0349
-83.5643
-86.8853
-89.6883
-91.666
-92.494
-92.1756
-91.0171
-89.2709
-87.1168
-84.6884
-82.1973
-80.0122
-78.4321
-76.6195
-73.9567
-69.8972
-62.8091
-52.9603
-42.8592
235.641
204.723
168.41
137.975
114.712
97.0343
83.664
73.8806
68.1507
64.501
61.8356
59.5791
57.4247
55.0592
52.1713
48.3395
43.5422
38.4153
33.1494
28.0362
23.0726
18.4336
14.1291
10.3641
6.80782
3.22194
-0.375416
-4.02056
-7.56065
-10.9425
-13.9029
-16.4562
-18.681
-20.6703
-22.4487
-24.0885
-25.717
-27.7561
-30.9872
-34.6644
-38.4849
-42.1735
-45.6748
-48.7145
-51.1071
-52.3807
-52.6078
-52.3808
-51.9551
-51.5079
-51.1062
-50.9772
-51.7354
-54.647
-58.3902
-62.3775
-66.1919
-69.731
-72.6475
-74.6818
-75.2272
-74.3871
-73.0262
-71.4931
-70.042
-68.7498
-67.9201
-68.342
-71.6647
-76.1905
-81.1759
-86.1078
-90.8745
-95
-98.0944
-99.1584
-98.2509
-96.3928
-93.9823
-91.2144
-88.0604
-84.7022
-82.084
-82.3403
-82.1486
-80.845
-79.3626
-70.5148
-54.0833
-38.1999
345.2
248.458
177.909
134.247
107.041
87.8175
73.6675
62.4262
60.429
59.6568
59.0712
58.3521
57.615
56.4936
54.757
51.005
44.8276
38.899
32.6595
27.1168
21.5031
16.5803
11.8078
8.61859
5.53818
1.94293
-1.65754
-5.68797
-9.47994
-13.4297
-16.3889
-18.7071
-20.5827
-22.271
-23.602
-24.6311
-25.1453
-25.7043
-30.4068
-35.088
-39.9186
-44.239
-48.6973
-52.4559
-55.8243
-56.7982
-55.5166
-54.1898
-52.7737
-51.5096
-49.9975
-48.1623
-46.5599
-52.1191
-57.721
-63.329
-68.1765
-73.0622
-77.0254
-80.3647
-80.5177
-77.5497
-74.7286
-71.8872
-69.434
-66.7501
-63.8029
-61.2522
-68.1013
-75.1577
-82.3923
-88.8879
-95.7853
-101.795
-107.445
-108.66
-105.694
-102.562
-99.2067
-95.8666
-91.7249
-86.1399
-80.0154
-86.8921
-89.2773
-87.9896
-99.4329
-89.1399
-54.4162
-27.1544
595.557
254.471
148.687
106.818
87.876
71.2928
59.481
37.6592
50.9421
54.5425
56.4978
57.15
58.3573
58.8127
60.2436
57.162
45.7535
39.8295
31.1656
26.2986
18.9383
14.5099
7.20637
6.71604
5.00961
0.671175
-2.32073
-7.6989
-11.1722
-17.3432
-19.7979
-21.5953
-22.7542
-24.3861
-25.1897
-25.9149
-24.5089
-17.6855
-29.8565
-35.2962
-42.0863
-46.1055
-52.7269
-56.7584
-63.9891
-64.4627
-58.4897
-56.1268
-53.3727
-51.8675
-49.3533
-45.0115
-31.0711
-49.5288
-57.0423
-65.3747
-70.1048
-77.7206
-82.3007
-90.6344
-90.301
-80.4994
-76.4589
-71.721
-69.157
-65.1287
-59.1134
-40.6257
-64.2383
-73.867
-84.6713
-91.0877
-101.973
-109.107
-123.178
-124.183
-113.371
-109.053
-104.407
-101.671
-97.4663
-88.353
-59.2237
-97.9101
-101.694
-76.8
-150.802
-142.943
-44.0031
1.05386
-46.3522
-43.8425
-41.4381
-39.1726
-37.0723
-35.1557
-33.4343
-31.9139
-30.5958
-29.4778
-28.5564
-27.8268
-27.2844
-26.9252
-26.7464
-46.2864
-43.7365
-41.2984
-39.0068
-36.8879
-34.9598
-33.2328
-31.7112
-30.3949
-29.2809
-28.3641
-27.6391
-27.1007
-26.7444
-26.5671
-46.1501
-43.5178
-41.0114
-38.6674
-36.5123
-34.5622
-32.8251
-31.3025
-29.9914
-28.8861
-27.9794
-27.2644
-26.7344
-26.3842
-26.21
-45.9333
-43.1725
-40.5611
-38.1387
-35.9309
-33.951
-32.2024
-30.6819
-29.3817
-28.292
-27.4027
-26.7041
-26.1878
-25.8474
-25.6783
-45.619
-42.6771
-39.9212
-37.3946
-35.1209
-33.1077
-31.3512
-29.8403
-28.5608
-27.4972
-26.6349
-25.961
-25.465
-25.1388
-24.9771
-45.1807
-41.9948
-39.0514
-36.397
-34.0499
-32.0073
-30.2537
-28.767
-27.5235
-26.5005
-25.6781
-25.0396
-24.572
-24.2654
-24.1137
-44.5765
-41.0694
-37.892
-35.0916
-32.6736
-30.6173
-28.8887
-27.45
-26.2651
-25.3028
-24.537
-23.947
-23.5173
-23.2368
-23.0982
-43.7398
-39.8134
-36.3551
-33.403
-30.9352
-28.8992
-27.2334
-25.8785
-24.7839
-23.9082
-23.2195
-22.6937
-22.3131
-22.0657
-21.9438
-42.5582
-38.0885
-34.3115
-31.2296
-28.7643
-26.8106
-25.2665
-24.0465
-23.0832
-22.3262
-21.7388
-21.2946
-20.9754
-20.7687
-20.6672
-40.8321
-35.67
-31.5722
-28.4388
-26.0814
-24.3117
-22.9753
-21.9572
-21.1757
-20.5743
-20.1145
-19.7703
-19.5246
-19.3662
-19.2886
-38.1836
-32.1867
-27.8679
-24.8716
-22.8104
-21.379
-20.3654
-19.631
-19.0878
-18.6804
-18.3741
-18.1473
-17.9862
-17.8827
-17.832
-33.8519
-27.025
-22.8408
-20.3687
-18.9093
-18.0283
-17.4759
-17.1133
-16.8637
-16.6851
-16.5541
-16.4581
-16.3899
-16.3461
-16.3245
-26.2352
-19.22
-16.1013
-14.8527
-14.4295
-14.3485
-14.3965
-14.4822
-14.5685
-14.6418
-14.6989
-14.7406
-14.7692
-14.7868
-14.7952
-11.8948
-7.51811
-7.49123
-8.51111
-9.60711
-10.5394
-11.279
-11.8503
-12.2859
-12.6144
-12.8587
-13.0361
-13.1591
-13.2365
-13.2739
16.4816
8.53368
2.16569
-2.09326
-4.94827
-6.9229
-8.32968
-9.35404
-10.1101
-10.671
-11.0853
-11.3857
-11.5944
-11.7261
-11.7898
-6.50428
-6.58778
-6.76288
-7.04715
-7.47096
-8.08402
-8.9681
-10.2632
-12.2264
-15.382
-20.9726
-32.5795
-63.0223
-167.969
-626.16
-12.0539
-12.2585
-12.6862
-13.3772
-14.4018
-15.8757
-17.9898
-21.0699
-25.7011
-33.0084
-45.3346
-67.9531
-113.298
-208.85
-386.141
-17.462
-17.7748
-18.427
-19.4761
-21.0211
-23.2231
-26.3411
-30.8
-37.3179
-47.15
-62.5491
-87.5438
-128.709
-192.967
-269.238
-22.6532
-23.0559
-23.8927
-25.2308
-27.1846
-29.9347
-33.7614
-39.1006
-46.6335
-57.4258
-73.1003
-95.9054
-128.08
-168.741
-205.3
-27.5651
-28.036
-29.0105
-30.5584
-32.7954
-35.8989
-40.1319
-45.8779
-53.6859
-64.311
-78.6996
-97.7605
-121.559
-147.362
-166.748
-32.1504
-32.6666
-33.7305
-35.4077
-37.8047
-41.0789
-45.4518
-51.2237
-58.7821
-68.5827
-81.0537
-96.3256
-113.645
-130.437
-141.659
-36.3774
-36.9173
-38.0249
-39.7573
-42.2051
-45.4961
-49.8003
-55.329
-62.3214
-71
-81.4625
-93.4685
-106.097
-117.381
-124.362
-40.2298
-40.7741
-41.8855
-43.6105
-46.02
-49.21
-53.2987
-58.4179
-64.6899
-72.1785
-80.7993
-90.1788
-99.4819
-107.312
-111.913
-43.7045
-44.2372
-45.3202
-46.9884
-49.2931
-52.2997
-56.0814
-60.7064
-66.2136
-72.5706
-79.6092
-86.942
-93.8897
-99.4848
-102.659
-46.8094
-47.3184
-48.3488
-49.9245
-52.079
-54.8514
-58.2785
-62.3822
-67.1472
-72.4896
-78.2145
-83.9725
-89.2364
-93.3385
-95.6091
-49.561
-50.0377
-50.9989
-52.4588
-54.436
-56.9483
-60.0059
-63.5987
-67.6798
-72.1428
-76.7968
-81.346
-85.3898
-88.464
-90.1356
-51.9818
-52.4208
-53.3027
-54.634
-56.4213
-58.6668
-61.3616
-64.4761
-67.9471
-71.6634
-75.4519
-79.0702
-82.2163
-84.5632
-85.8228
-54.0978
-54.4964
-55.2946
-56.4927
-58.0886
-60.0734
-62.426
-65.1059
-68.044
-71.1339
-74.225
-77.1223
-79.5976
-81.4174
-82.3844
-55.937
-56.2948
-57.0088
-58.0753
-59.4859
-61.2245
-63.2632
-65.5563
-68.0354
-70.6035
-73.1327
-75.4673
-77.4341
-78.8636
-79.6175
-57.5279
-57.8457
-58.4783
-59.419
-60.6554
-62.1674
-63.9236
-65.8777
-67.9651
-70.1
-72.1756
-74.0675
-75.6437
-76.7789
-77.3741
-58.8982
-59.1782
-59.7341
-60.5574
-61.6336
-62.9407
-64.4465
-66.1065
-67.8617
-69.6378
-71.3459
-72.8871
-74.1593
-75.0691
-75.5439
-60.0742
-60.319
-60.8041
-61.5201
-62.4516
-63.5761
-64.8625
-66.2692
-67.7439
-69.2226
-70.6322
-71.8932
-72.9266
-73.6613
-74.0433
-61.0803
-61.2931
-61.7139
-62.3332
-63.1356
-64.0992
-65.1948
-66.3848
-67.6231
-68.8555
-70.0215
-71.0575
-71.9013
-72.4984
-72.8079
-61.9387
-62.1226
-62.4859
-63.0192
-63.7076
-64.5307
-65.4616
-66.4668
-67.5064
-68.5345
-69.5012
-70.3551
-71.0472
-71.5351
-71.7874
-62.6693
-62.8277
-63.14
-63.5974
-64.1861
-64.8872
-65.6767
-66.525
-67.3977
-68.2562
-69.0592
-69.7651
-70.3349
-70.7354
-70.9421
-63.29
-63.4258
-63.6934
-64.0845
-64.5865
-65.1825
-65.851
-66.5663
-67.2989
-68.0163
-68.6845
-69.2696
-69.7403
-70.0702
-70.2402
-63.8164
-63.9325
-64.1611
-64.4946
-64.9218
-65.4274
-65.9927
-66.5955
-67.2106
-67.8106
-68.3675
-68.8535
-69.2433
-69.516
-69.6564
-64.2621
-64.3612
-64.556
-64.8398
-65.2025
-65.6309
-66.1085
-66.6163
-67.1327
-67.635
-68.0996
-68.5041
-68.8278
-69.0538
-69.17
-64.639
-64.7234
-64.889
-65.1301
-65.4376
-65.8002
-66.2034
-66.631
-67.0647
-67.4854
-67.8736
-68.2107
-68.48
-68.6678
-68.7642
-64.9575
-65.0291
-65.1697
-65.3742
-65.6347
-65.9411
-66.2814
-66.6414
-67.0057
-67.3583
-67.683
-67.9644
-68.1889
-68.3452
-68.4254
-65.2261
-65.2869
-65.4062
-65.5793
-65.7998
-66.0587
-66.3457
-66.6487
-66.9549
-67.2506
-67.5225
-67.7577
-67.9451
-68.0754
-68.1423
-65.4526
-65.5041
-65.6052
-65.7517
-65.9381
-66.1568
-66.3988
-66.654
-66.9113
-67.1596
-67.3874
-67.5842
-67.7409
-67.8497
-67.9055
-65.6434
-65.687
-65.7725
-65.8965
-66.054
-66.2387
-66.4428
-66.6577
-66.8741
-67.0826
-67.2737
-67.4387
-67.5698
-67.6609
-67.7076
-65.8038
-65.8408
-65.9131
-66.018
-66.1511
-66.3071
-66.4792
-66.6603
-66.8425
-67.0178
-67.1782
-67.3167
-67.4266
-67.5029
-67.542
-65.9387
-65.9699
-66.0312
-66.1199
-66.2324
-66.3641
-66.5095
-66.6622
-66.8156
-66.9631
-67.0981
-67.2144
-67.3067
-67.3707
-67.4035
-66.0518
-66.0783
-66.1301
-66.2052
-66.3005
-66.4118
-66.5346
-66.6635
-66.7929
-66.9172
-67.0309
-67.1288
-67.2064
-67.2602
-67.2878
-66.1465
-66.169
-66.213
-66.2766
-66.3573
-66.4515
-66.5554
-66.6644
-66.7738
-66.8788
-66.9747
-67.0572
-67.1226
-67.168
-67.1912
-66.2257
-66.2448
-66.2821
-66.3362
-66.4046
-66.4846
-66.5727
-66.6651
-66.7577
-66.8466
-66.9277
-66.9975
-67.0528
-67.0912
-67.1108
-66.2916
-66.3079
-66.3397
-66.3857
-66.444
-66.5121
-66.587
-66.6655
-66.7443
-66.8197
-66.8886
-66.9479
-66.9948
-67.0273
-67.0439
-66.3463
-66.3602
-66.3874
-66.4268
-66.4766
-66.5348
-66.5988
-66.6659
-66.7331
-66.7975
-66.8562
-66.9068
-66.9468
-66.9745
-66.9886
-66.3913
-66.4032
-66.4266
-66.4605
-66.5034
-66.5534
-66.6085
-66.6661
-66.7238
-66.7791
-66.8296
-66.8729
-66.9073
-66.931
-66.9432
-66.4279
-66.4383
-66.4586
-66.488
-66.5252
-66.5686
-66.6163
-66.6663
-66.7163
-66.7642
-66.8079
-66.8454
-66.8751
-66.8957
-66.9062
-66.4574
-66.4665
-66.4844
-66.5101
-66.5427
-66.5808
-66.6226
-66.6664
-66.7102
-66.7522
-66.7904
-66.8233
-66.8493
-66.8673
-66.8765
-66.4806
-66.4887
-66.5045
-66.5275
-66.5565
-66.5903
-66.6275
-66.6665
-66.7054
-66.7427
-66.7767
-66.8059
-66.829
-66.845
-66.8532
-66.4981
-66.5054
-66.5198
-66.5406
-66.5669
-66.5976
-66.6313
-66.6665
-66.7018
-66.7356
-66.7663
-66.7928
-66.8137
-66.8281
-66.8355
-66.5105
-66.5173
-66.5307
-66.5499
-66.5743
-66.6027
-66.6339
-66.6665
-66.6992
-66.7305
-66.759
-66.7834
-66.8028
-66.8162
-66.823
-66.5182
-66.5247
-66.5374
-66.5557
-66.5788
-66.6059
-66.6355
-66.6666
-66.6976
-66.7274
-66.7544
-66.7777
-66.7961
-66.8088
-66.8153
-66.5214
-66.5278
-66.5402
-66.5581
-66.5807
-66.6072
-66.6362
-66.6666
-66.697
-66.726
-66.7525
-66.7753
-66.7933
-66.8057
-66.8121
-66.5202
-66.5266
-66.5391
-66.5572
-66.58
-66.6067
-66.636
-66.6666
-66.6972
-66.7265
-66.7532
-66.7762
-66.7943
-66.8069
-66.8133
-66.5146
-66.5212
-66.5342
-66.553
-66.5767
-66.6044
-66.6348
-66.6666
-66.6984
-66.7288
-66.7566
-66.7804
-66.7992
-66.8123
-66.8189
-66.5044
-66.5114
-66.5253
-66.5453
-66.5706
-66.6002
-66.6326
-66.6666
-66.7005
-66.733
-66.7626
-66.7881
-66.8082
-66.8221
-66.8292
-66.4892
-66.4969
-66.5121
-66.534
-66.5616
-66.5939
-66.6294
-66.6665
-66.7037
-66.7392
-66.7716
-66.7994
-66.8214
-66.8366
-66.8444
-66.4687
-66.4773
-66.4942
-66.5186
-66.5495
-66.5855
-66.625
-66.6665
-66.7079
-66.7476
-66.7837
-66.8148
-66.8394
-66.8564
-66.8651
-66.4422
-66.4519
-66.4711
-66.4987
-66.5337
-66.5745
-66.6194
-66.6664
-66.7134
-66.7584
-66.7994
-66.8347
-66.8626
-66.8819
-66.8917
-66.4089
-66.4201
-66.442
-66.4738
-66.5139
-66.5608
-66.6123
-66.6663
-66.7203
-66.772
-66.8191
-66.8596
-66.8917
-66.9139
-66.9253
-66.3678
-66.3808
-66.4062
-66.443
-66.4895
-66.5438
-66.6036
-66.6661
-66.7288
-66.7888
-66.8435
-66.8905
-66.9277
-66.9535
-66.9667
-66.3177
-66.3328
-66.3625
-66.4054
-66.4597
-66.5231
-66.5928
-66.6659
-66.7391
-66.8092
-66.8731
-66.9281
-66.9716
-67.0018
-67.0172
-66.257
-66.2748
-66.3096
-66.3599
-66.4236
-66.498
-66.5798
-66.6656
-66.7515
-66.8339
-66.9091
-66.9737
-67.0249
-67.0603
-67.0785
-66.1841
-66.205
-66.2459
-66.3051
-66.3801
-66.4676
-66.564
-66.6651
-66.7665
-66.8636
-66.9523
-67.0286
-67.089
-67.1309
-67.1523
-66.0966
-66.1212
-66.1695
-66.2393
-66.3278
-66.4312
-66.545
-66.6645
-66.7843
-66.8992
-67.0042
-67.0945
-67.166
-67.2157
-67.241
-65.992
-66.0211
-66.0781
-66.1606
-66.2652
-66.3875
-66.5222
-66.6636
-66.8055
-66.9417
-67.0662
-67.1734
-67.2583
-67.3172
-67.3474
-65.8672
-65.9016
-65.969
-66.0666
-66.1903
-66.3351
-66.4947
-66.6623
-66.8307
-66.9924
-67.1403
-67.2677
-67.3687
-67.4388
-67.4746
-65.7185
-65.7592
-65.8389
-65.9544
-66.1009
-66.2724
-66.4616
-66.6605
-66.8605
-67.0527
-67.2286
-67.3802
-67.5006
-67.5841
-67.6268
-65.5416
-65.5897
-65.684
-65.8207
-65.9942
-66.1974
-66.4218
-66.658
-66.8956
-67.1243
-67.3338
-67.5145
-67.658
-67.7576
-67.8087
-65.3314
-65.3882
-65.4997
-65.6614
-65.8668
-66.1076
-66.3739
-66.6544
-66.937
-67.2093
-67.459
-67.6745
-67.8459
-67.965
-68.026
-65.0816
-65.1487
-65.2805
-65.4717
-65.7148
-66.0002
-66.3161
-66.6494
-66.9856
-67.31
-67.6078
-67.8653
-68.0702
-68.2126
-68.2856
-64.7852
-64.8645
-65.02
-65.2459
-65.5335
-65.8715
-66.2463
-66.6422
-67.0424
-67.4291
-67.7847
-68.0925
-68.3378
-68.5084
-68.5959
-64.4338
-64.5272
-64.7106
-64.9773
-65.3173
-65.7174
-66.1618
-66.6322
-67.1086
-67.5698
-67.9947
-68.3632
-68.6572
-68.8619
-68.967
-64.0176
-64.1275
-64.3435
-64.6579
-65.0592
-65.5325
-66.0592
-66.618
-67.1852
-67.7357
-68.244
-68.6856
-69.0385
-69.2846
-69.4111
-63.525
-63.6541
-63.908
-64.2781
-64.7513
-65.3105
-65.9343
-66.598
-67.2735
-67.9309
-68.5395
-69.0695
-69.494
-69.7905
-69.9429
-62.9428
-63.0941
-63.3919
-63.8267
-64.3837
-65.0435
-65.7819
-66.5697
-67.3743
-68.1599
-68.8895
-69.5268
-70.0383
-70.3963
-70.5805
-62.2556
-62.4324
-62.7808
-63.2903
-63.9447
-64.7221
-65.595
-66.5299
-67.4883
-68.4278
-69.3037
-70.0713
-70.6893
-71.1227
-71.3461
-61.4455
-61.6515
-62.0579
-62.6534
-63.4203
-64.3345
-65.365
-66.4736
-67.6154
-68.7399
-69.793
-70.7197
-71.4684
-71.9949
-72.2667
-60.4925
-60.7316
-61.2038
-61.8974
-62.7935
-63.8662
-65.0808
-66.3943
-67.7546
-69.1017
-70.37
-71.4918
-72.4019
-73.0439
-73.3761
-59.3736
-59.6497
-60.1961
-61.0007
-62.0443
-63.2992
-64.7281
-66.2825
-67.9028
-69.5181
-71.0488
-72.4107
-73.5214
-74.3081
-74.7161
-58.0629
-58.3801
-59.0091
-59.9381
-61.1483
-62.6115
-64.2881
-66.1251
-68.0545
-69.9932
-71.8447
-73.504
-74.8658
-75.8351
-76.3394
-56.5321
-56.8942
-57.6137
-58.6804
-60.0768
-61.7757
-63.7367
-65.9034
-68.1997
-70.5289
-72.7741
-74.804
-76.4827
-77.6849
-78.3128
-54.75
-55.1602
-55.9773
-57.1937
-58.7953
-60.7578
-63.0427
-65.5917
-68.3222
-71.1227
-73.8528
-76.3477
-78.4306
-79.9334
-80.7221
-52.6831
-53.1436
-54.0636
-55.4396
-57.2631
-59.5161
-62.1651
-65.1541
-68.396
-71.7655
-75.0949
-78.1774
-80.7812
-82.6776
-83.679
-50.2965
-50.8081
-51.8334
-53.375
-55.4329
-57.9994
-61.0515
-64.5408
-68.3811
-72.436
-76.5084
-80.3394
-83.623
-86.0431
-87.3312
-47.5549
-48.1161
-49.2448
-50.9518
-53.2495
-56.1456
-59.6344
-63.6837
-68.2173
-73.0944
-78.0895
-82.8814
-87.0643
-90.1945
-91.8778
-44.4236
-45.0301
-46.2546
-48.1187
-50.6507
-53.8803
-57.8282
-62.4903
-67.8149
-73.6707
-79.8115
-85.8463
-91.2366
-95.3504
-97.5931
-40.8714
-41.5152
-42.8206
-44.8218
-47.5676
-51.1163
-55.5259
-60.837
-67.0435
-74.0489
-81.607
-89.2585
-96.2951
-101.805
-104.866
-36.8722
-37.5412
-38.9035
-41.008
-43.9272
-47.7546
-52.5978
-58.5618
-65.7174
-74.0434
-83.3374
-93.0975
-102.413
-109.962
-114.263
-32.4088
-33.0859
-34.4713
-36.6288
-39.6562
-43.6876
-48.8913
-55.4593
-63.5785
-73.3656
-84.744
-97.2449
-109.758
-120.373
-126.647
-27.4754
-28.139
-29.5034
-31.6456
-34.6882
-38.8068
-44.2375
-51.2797
-60.2814
-71.5826
-85.3708
-101.384
-118.42
-133.798
-143.387
-22.0815
-22.7058
-23.9955
-26.0374
-28.9733
-33.015
-38.4648
-45.7393
-55.3874
-68.0726
-84.4525
-104.811
-128.234
-151.244
-166.785
-16.2545
-16.8109
-17.9657
-19.8088
-22.4908
-26.2457
-31.425
-38.5509
-48.3844
-61.9969
-80.7709
-106.111
-138.334
-173.875
-200.975
-10.0416
-10.5009
-11.4583
-12.9979
-15.2637
-18.4873
-23.0339
-29.4823
-38.7572
-52.3369
-72.5295
-102.631
-146.13
-202.366
-253.984
-3.51024
-3.84553
-4.54711
-5.68297
-7.372
-9.81063
-13.3224
-18.4513
-26.1407
-38.085
-57.407
-89.8457
-145.08
-234.064
-342.836
3.25344
3.0637
2.66515
2.01555
1.03984
-0.389122
-2.48847
-5.64258
-10.5701
-18.7099
-33.1759
-61.2305
-120.591
-252.018
-507.222
10.1483
10.1173
10.0512
9.93997
9.7659
9.49739
9.07742
8.39706
7.2308
5.05785
0.491285
-10.8749
-46.0559
-184.015
-848.828
17.0639
17.1948
17.4678
17.9075
18.5569
19.4885
20.8234
22.7734
25.7299
30.4871
38.8799
56.0184
99.8531
249.858
927.237
23.8879
24.1729
24.7681
25.7285
27.1514
29.1986
32.1416
36.4497
42.9777
53.3906
71.1943
104.371
172.031
317.497
594.379
30.5133
30.935
31.8139
33.2278
35.3115
38.2859
42.5108
48.5832
57.5265
71.1606
92.8319
128.777
190.173
293.872
453.818
53.4745
21.7995
9.08453
2.50288
-1.4846
-4.12818
-5.97653
-7.31155
-8.29437
-9.02392
-9.56393
-9.95667
-10.2304
-10.4036
-10.4876
33.8007
20.6923
11.1151
4.87964
0.730936
-2.13973
-4.19371
-5.69924
-6.81948
-7.65803
-8.28301
-8.7401
-9.0601
-9.26326
-9.36192
23.2295
17.1326
10.8248
5.80723
2.05894
-0.718391
-2.7917
-4.35444
-5.54011
-6.44038
-7.11858
-7.61864
-7.97082
-8.19536
-8.30467
16.892
13.7192
9.63851
5.85327
2.71265
0.214053
-1.74423
-3.27143
-4.45887
-5.37687
-6.07777
-6.59977
-6.97009
-7.20738
-7.32323
12.7577
10.936
8.24691
5.45159
2.92046
0.771279
-0.996102
-2.42434
-3.56469
-4.46405
-5.16113
-5.68615
-6.06167
-6.30363
-6.42215
9.88826
8.75503
6.92901
4.86638
2.86301
1.06335
-0.483478
-1.77714
-2.83782
-3.69165
-4.36391
-4.87628
-5.24594
-5.48553
-5.60329
7.80569
7.05507
5.77533
4.23996
2.66404
1.17984
-0.146663
-1.2917
-2.25456
-3.0453
-3.67768
-4.16544
-4.52046
-4.75196
-4.86615
6.24429
5.72247
4.79909
3.64166
2.40135
1.18681
0.0641327
-0.932764
-1.79081
-2.50889
-3.09184
-3.54673
-3.88072
-4.0998
-4.20825
5.04518
4.66865
3.98534
3.10086
2.12074
1.12997
0.187579
-0.670241
-1.42423
-2.06628
-2.59489
-3.01195
-3.32071
-3.52442
-3.62561
4.1075
3.82783
3.31124
2.62644
1.84751
1.03951
0.252292
-0.479813
-1.13537
-1.70243
-2.17536
-2.55234
-2.83361
-3.0202
-3.11318
3.36399
3.15147
2.75391
2.21736
1.59444
0.934607
0.27873
-0.342534
-0.907961
-1.40394
-1.82243
-2.15917
-2.41223
-2.58096
-2.66529
2.76802
2.60358
2.29307
1.86822
1.36698
0.826948
0.281127
-0.244028
-0.728766
-1.15923
-1.52625
-1.82408
-2.04937
-2.20029
-2.27592
2.2862
2.15711
1.9116
1.57212
1.16644
0.723301
0.269168
-0.173585
-0.587252
-0.958575
-1.27809
-1.53935
-1.73814
-1.87187
-1.93906
1.894
1.79146
1.59536
1.32196
0.991894
0.627281
0.249303
-0.123338
-0.475135
-0.793882
-1.07038
-1.29798
-1.47208
-1.58963
-1.64883
1.57298
1.49074
1.3328
1.11114
0.841328
0.540534
0.225727
-0.0875632
-0.385964
-0.658516
-0.896612
-1.09376
-1.24526
-1.3479
-1.39969
1.30906
1.24258
1.11447
0.933731
0.712271
0.463513
0.201096
-0.0621278
-0.314739
-0.547069
-0.751269
-0.921219
-1.05235
-1.14145
-1.1865
1.09129
1.0372
0.932677
0.784592
0.602161
0.395972
0.177023
-0.0440614
-0.257595
-0.45515
-0.629702
-0.775625
-0.888619
-0.965596
-1.00457
0.911079
0.866822
0.781125
0.659294
0.508542
0.337286
0.154432
-0.0312386
-0.211543
-0.379201
-0.528008
-0.652889
-0.749888
-0.816117
-0.849695
0.761585
0.725213
0.654657
0.554071
0.429155
0.286649
0.133796
-0.0221423
-0.17427
-0.316338
-0.442922
-0.549506
-0.632515
-0.689303
-0.718129
0.637341
0.607332
0.549036
0.465736
0.361979
0.243196
0.1153
-0.0156921
-0.14398
-0.264225
-0.37172
-0.462489
-0.533344
-0.581899
-0.606571
0.533929
0.509087
0.460772
0.391603
0.305233
0.206067
0.0989524
-0.0111195
-0.119273
-0.220963
-0.312127
-0.389295
-0.449652
-0.491074
-0.512139
0.447762
0.427137
0.386983
0.329409
0.25737
0.174456
0.0846572
-0.0078786
-0.0990545
-0.185008
-0.26225
-0.327771
-0.379104
-0.414378
-0.43233
0.375913
0.358742
0.325287
0.277256
0.217055
0.147625
0.0722613
-0.00558195
-0.0824613
-0.1551
-0.22051
-0.276094
-0.319705
-0.349705
-0.364983
0.315983
0.301652
0.27371
0.233551
0.183145
0.124914
0.061586
-0.00395461
-0.0688121
-0.130208
-0.185592
-0.232727
-0.269756
-0.29525
-0.308241
0.266001
0.254009
0.230614
0.19696
0.154668
0.105741
0.0524465
-0.00280162
-0.0575656
-0.109491
-0.156401
-0.196375
-0.227813
-0.249474
-0.260518
0.224344
0.214281
0.19464
0.166365
0.130796
0.0895982
0.0446633
-0.00198475
-0.0482898
-0.0922548
-0.132024
-0.16595
-0.192655
-0.211069
-0.22046
0.189673
0.181201
0.16466
0.140832
0.110832
0.0760497
0.0380694
-0.00140606
-0.0406385
-0.0779317
-0.111702
-0.140538
-0.163254
-0.178926
-0.186922
0.160883
0.153723
0.139738
0.119583
0.0941888
0.064721
0.0325133
-0.000996119
-0.0343334
-0.0660542
-0.0948047
-0.119375
-0.138742
-0.152111
-0.158934
0.137062
0.130981
0.119101
0.10197
0.0803733
0.0552941
0.0278609
-0.000705739
-0.0291503
-0.0562386
-0.0808096
-0.101822
-0.118395
-0.129839
-0.135682
0.117464
0.112266
0.102108
0.0874562
0.0689755
0.0475012
0.0239951
-0.000500071
-0.0249088
-0.0481705
-0.0692846
-0.0873517
-0.101608
-0.111457
-0.116485
0.101473
0.0969928
0.0882361
0.0756002
0.0596557
0.0411188
0.020816
-0.000354433
-0.0214635
-0.0415931
-0.0598748
-0.0755261
-0.0878817
-0.0964193
-0.10078
0.0885925
0.0846885
0.0770567
0.0660409
0.0521356
0.0359621
0.018239
-0.000251341
-0.0186982
-0.0362985
-0.0522909
-0.0659883
-0.0768053
-0.0842818
-0.0881008
0.078422
0.0749719
0.0682263
0.0584873
0.0461899
0.0318812
0.0161947
-0.000178423
-0.0165207
-0.03212
-0.0463002
-0.05845
-0.0680478
-0.0746831
-0.078073
0.0706466
0.0675428
0.0614737
0.0527098
0.0416405
0.0287566
0.0146269
-0.000126923
-0.0148588
-0.0289264
-0.041719
-0.0526833
-0.0613468
-0.0673374
-0.0703982
0.0650256
0.0621721
0.0565919
0.0485325
0.0383508
0.0264967
0.0134925
-9.06602e-05
-0.0136582
-0.0266181
-0.0384069
-0.0485136
-0.0565013
-0.0620255
-0.0648483
0.0613855
0.0586943
0.0534311
0.0458285
0.0362221
0.0250353
0.01276
-6.52812e-05
-0.0128792
-0.0251226
-0.0362624
-0.0458149
-0.0533658
-0.0585887
-0.0612578
0.0596135
0.057002
0.0518943
0.0445154
0.0351904
0.0243294
0.0124092
-4.77393e-05
-0.0124964
-0.0243933
-0.03522
-0.0445055
-0.0518465
-0.0569248
-0.0595201
0.0596543
0.0570425
0.051934
0.0445534
0.0352251
0.0243588
0.0124309
-3.59288e-05
-0.0124966
-0.0244068
-0.0352473
-0.0445459
-0.0518981
-0.0569844
-0.059584
0.0615081
0.0588163
0.053551
0.0459434
0.0363274
0.025125
0.0128269
-2.84321e-05
-0.0128788
-0.025163
-0.036345
-0.0459374
-0.0535226
-0.0587703
-0.0614525
0.0652306
0.0623766
0.0567939
0.0487275
0.0385312
0.0266518
0.0136097
-2.43495e-05
-0.0136542
-0.0266843
-0.0385462
-0.0487224
-0.0567696
-0.0623372
-0.065183
0.0709343
0.0678312
0.0617611
0.0529903
0.0419032
0.0289857
0.0148034
-2.31912e-05
-0.0148457
-0.0290167
-0.0419175
-0.0529854
-0.0617379
-0.0677937
-0.0708889
0.0787921
0.0753454
0.0686031
0.0588609
0.0465459
0.0321976
0.0164443
-2.48185e-05
-0.0164896
-0.0322308
-0.0465613
-0.0588557
-0.0685783
-0.0753052
-0.0787436
0.0890427
0.0851474
0.0775276
0.0665177
0.0526001
0.0363849
0.0185821
-2.94272e-05
-0.0186358
-0.0364243
-0.0526183
-0.0665115
-0.0774982
-0.0850998
-0.0889851
0.101997
0.0975348
0.0888056
0.0761928
0.0602494
0.0416744
0.0212812
-3.75711e-05
-0.0213499
-0.0417247
-0.0602726
-0.0761849
-0.0887681
-0.0974741
-0.101924
0.11805
0.112884
0.10278
0.08818
0.0697256
0.048226
0.024623
-5.02285e-05
-0.0247148
-0.0482932
-0.0697567
-0.0881695
-0.102729
-0.112803
-0.117952
0.137689
0.131662
0.119874
0.102843
0.0813159
0.0562377
0.0287077
-6.89197e-05
-0.0288336
-0.05633
-0.0813585
-0.102829
-0.119805
-0.131551
-0.137554
0.161511
0.15444
0.140609
0.120627
0.0953714
0.0659516
0.0336577
-9.58897e-05
-0.0338329
-0.0660799
-0.0954307
-0.120607
-0.140513
-0.154285
-0.161323
0.190242
0.18191
0.165614
0.142072
0.112318
0.0776607
0.039621
-0.000134377
-0.0398665
-0.0778405
-0.112401
-0.142043
-0.16548
-0.181693
-0.189979
0.224756
0.214909
0.19565
0.167828
0.132668
0.0917178
0.0467754
-0.000189005
-0.0471207
-0.0919708
-0.132785
-0.167788
-0.195461
-0.214604
-0.224387
0.266107
0.254443
0.231631
0.198678
0.157038
0.108546
0.0553334
-0.000266331
-0.05582
-0.108903
-0.157203
-0.198622
-0.231364
-0.254012
-0.265586
0.315554
0.301715
0.274651
0.235558
0.186166
0.128652
0.0655484
-0.000375643
-0.0662347
-0.129155
-0.186398
-0.23548
-0.274275
-0.301108
-0.314819
0.374609
0.358169
0.326021
0.279589
0.220931
0.152639
0.0777212
-0.000530067
-0.0786897
-0.153348
-0.221258
-0.279478
-0.325491
-0.357312
-0.373572
0.445076
0.425529
0.387306
0.332107
0.262384
0.181224
0.0922086
-0.000748144
-0.0935755
-0.182225
-0.262846
-0.331951
-0.386558
-0.424318
-0.443612
0.529113
0.505854
0.460375
0.394708
0.311777
0.215262
0.109432
-0.00105606
-0.111361
-0.216676
-0.31243
-0.394488
-0.459319
-0.504145
-0.527047
0.629296
0.601603
0.54746
0.469295
0.370599
0.255768
0.129889
-0.00149079
-0.132612
-0.257763
-0.371521
-0.468983
-0.54597
-0.599191
-0.62638
0.748704
0.715714
0.651222
0.558133
0.440624
0.303943
0.154163
-0.00210453
-0.158008
-0.30676
-0.441924
-0.557693
-0.649118
-0.712309
-0.744587
0.891014
0.851693
0.774837
0.663924
0.523957
0.361212
0.182942
-0.00297096
-0.18837
-0.365188
-0.525793
-0.663303
-0.771866
-0.846886
-0.885202
1.06062
1.01373
0.922093
0.789884
0.623101
0.429259
0.217026
-0.00419412
-0.224689
-0.434872
-0.625694
-0.789008
-0.917899
-1.00694
-1.05242
1.26278
1.20683
1.09751
0.939847
0.74103
0.510074
0.257348
-0.00592084
-0.268166
-0.517998
-0.74469
-0.938609
-1.09159
-1.19725
-1.2512
1.50378
1.43698
1.3065
1.11838
0.881271
0.606002
0.304988
-0.00835842
-0.32026
-0.617188
-0.886437
-1.11663
-1.29814
-1.42346
-1.48743
1.79115
1.71135
1.5555
1.33091
1.04801
0.719802
0.361189
-0.0117995
-0.382748
-0.735594
-1.0553
-1.32844
-1.5437
-1.69225
-1.76806
2.13392
2.0385
1.85222
1.58391
1.24619
0.854713
0.427369
-0.016657
-0.457804
-0.877007
-1.25649
-1.58044
-1.83556
-2.01155
-2.10133
2.54293
2.42873
2.20589
1.88511
1.48169
1.01452
0.505131
-0.0235139
-0.548094
-1.04599
-1.49623
-1.8802
-2.18237
-2.39068
-2.49691
3.03121
2.8944
2.62754
2.24369
1.76143
1.20364
0.596257
-0.033193
-0.656906
-1.24808
-1.78196
-2.23677
-2.59434
-2.84068
-2.96625
3.61446
3.45034
3.13039
2.6706
2.0936
1.4272
0.702697
-0.0468554
-0.788312
-1.48992
-2.12259
-2.66083
-3.08354
-3.3745
-3.52276
4.31166
4.11447
3.73032
3.17887
2.48784
1.69109
0.826525
-0.0661394
-0.947379
-1.77964
-2.52877
-3.16509
-3.66418
-4.00741
-4.18218
5.14573
4.9084
4.4464
3.78404
2.95546
2.00206
0.969856
-0.0933565
-1.14045
-2.12707
-3.01326
-3.76461
-4.35304
-4.75724
-4.96293
6.14457
5.8583
5.30155
4.50462
3.50972
2.36775
1.13471
-0.131767
-1.3755
-2.54422
-3.59135
-4.47723
-5.16979
-5.64489
-5.88646
7.34216
6.99595
6.32346
5.36263
4.16607
2.79664
1.32277
-0.185968
-1.66264
-3.04578
-4.28139
-5.32405
-6.13749
-6.69466
-6.97769
8.78008
8.36013
7.54552
6.38428
4.94243
3.29804
1.53504
-0.262439
-2.0147
-3.64977
-5.10538
-6.33001
-7.28308
-7.93474
-8.2654
10.5096
9.99827
9.00822
7.60074
5.85938
3.88176
1.77124
-0.370305
-2.44814
-4.37833
-6.08971
-7.52448
-8.63792
-9.39764
-9.78265
12.594
11.9688
10.7607
9.04898
6.94035
4.55772
2.02898
-0.522411
-2.98409
-5.25881
-7.26606
-8.94201
-10.2383
-11.1207
-11.5672
15.1124
14.344
12.8629
10.7728
8.21152
5.33511
2.30241
-0.736812
-3.64983
-6.32496
-8.67242
-10.6231
-12.1261
-13.1463
-13.6616
18.1644
17.2139
15.3878
12.8236
9.70147
6.22098
2.58035
-1.03885
-4.48073
-7.6186
-10.3542
-12.6149
-14.349
-15.5223
-16.1138
21.8762
20.6917
18.425
15.2617
11.4402
7.21799
2.84337
-1.464
-5.52272
-9.19148
-12.3658
-14.9722
-16.9614
-18.3021
-18.9766
26.4103
24.9209
22.0848
18.1568
13.4571
8.32077
3.05966
-2.06182
-6.83544
-11.1076
-14.7717
-17.758
-20.0238
-21.5445
-22.3075
31.9783
30.0852
26.5024
21.5877
15.7769
9.51014
3.17894
-2.9012
-8.49633
-13.4459
-17.6481
-21.044
-23.6033
-25.3128
-26.168
38.8608
36.4225
31.8448
25.6407
18.4132
10.7442
3.12383
-4.07738
-10.6055
-16.303
-21.0842
-24.9107
-27.7728
-29.6741
-30.6222
47.436
44.2451
38.3164
30.4041
21.3558
11.9443
2.77762
-5.72099
-13.2912
-19.7964
-25.1829
-29.447
-32.6092
-34.6971
-35.7344
58.2267
53.9685
46.165
35.956
24.5505
12.9742
1.96746
-8.00927
-16.7166
-24.0663
-30.0609
-34.7482
-38.1912
-40.4493
-41.5666
71.974
66.1533
55.6836
42.3386
27.8634
13.6085
0.441963
-11.1791
-21.0846
-29.2771
-35.8464
-40.913
-44.5958
-46.9932
-48.1743
89.7627
81.5659
67.1985
49.5057
31.023
13.487
-2.15683
-15.5401
-26.6419
-35.6151
-42.675
-48.0384
-51.8925
-54.3813
-55.6016
113.243
101.263
81.022
57.2207
33.525
12.0513
-6.32539
-21.4852
-33.6774
-43.2813
-50.6813
-56.2116
-60.1367
-62.6498
-63.8757
145.041
126.695
97.3171
64.8621
34.4835
8.4647
-12.7277
-29.491
-42.5101
-52.4777
-59.9857
-65.4988
-69.3609
-71.8114
-73.0005
189.578
159.789
115.748
71.0608
32.414
1.52627
-22.2055
-40.0965
-53.4614
-63.3817
-70.675
-75.932
-79.5648
-81.8483
-82.9503
254.8
202.777
134.626
73.0645
24.9561
-10.3818
-35.7392
-53.8445
-66.8042
-76.1094
-82.7778
-87.4924
-90.7048
-92.7047
-93.6645
356.147
256.962
148.927
65.7251
8.62959
-29.2209
-54.3086
-71.1652
-82.6842
-90.6675
-96.2367
-100.095
-102.686
-104.283
-105.044
526.369
317.292
145.98
40.2557
-21.0612
-56.9228
-78.5937
-92.1916
-101.019
-106.901
-110.883
-113.578
-115.356
-116.439
-116.952
841.778
351.392
97.4856
-16.053
-68.4291
-94.4785
-108.484
-116.53
-121.397
-124.454
-126.421
-127.696
-128.508
-128.99
-129.215
1497.72
221.268
-48.4878
-114.836
-134.079
-140.397
-142.512
-143.075
-143.031
-142.763
-142.438
-142.134
-141.889
-141.719
-141.632
37.4781
38.023
39.1548
40.9645
43.6064
47.3258
52.5044
59.7357
69.9456
84.567
105.728
136.178
177.813
224.912
240.115
44.5299
45.1672
46.4841
48.5709
51.5764
55.7268
61.3521
68.9218
79.0803
92.6505
110.507
133.065
158.863
181.576
187.019
50.9432
51.6303
53.0423
55.2573
58.4003
62.6512
68.2535
75.5171
84.8018
96.4465
110.58
126.707
142.997
155.506
158.837
56.6679
57.3673
58.796
61.0143
64.1149
68.2227
73.4916
80.0894
88.1616
97.7524
108.657
120.186
130.909
138.61
141.045
61.6916
62.3737
63.7586
65.8877
68.8206
72.6315
77.3987
83.1851
90.0011
97.7435
106.105
114.467
121.84
126.98
128.835
66.0317
66.6756
67.9757
69.9557
72.6469
76.0821
80.2846
85.2489
90.9123
97.1147
103.551
109.735
115.003
118.632
120.072
69.7264
70.3196
71.5115
73.3111
75.7276
78.7639
82.4067
86.6112
91.2821
96.2498
101.25
105.915
109.803
112.471
113.605
72.8261
73.3634
74.4379
76.048
78.187
80.8377
83.9651
87.5051
91.3527
95.3504
99.2808
102.871
105.82
107.843
108.748
75.3868
75.8683
76.8272
78.2545
80.133
82.4335
85.1093
88.0893
91.2711
94.5163
97.6496
100.468
102.758
104.333
105.063
77.4644
77.8939
78.7464
80.0081
81.6553
83.6525
85.9479
88.4701
91.1244
93.792
96.3319
98.5895
100.411
101.665
102.262
79.1106
79.4947
80.2549
81.3743
82.8261
84.5716
86.5581
88.717
90.9627
93.1935
95.2945
97.1453
98.6306
99.6532
100.147
80.3711
80.7178
81.4023
82.4063
83.7013
85.2479
86.9941
88.8753
90.8144
92.723
94.5055
96.065
97.3108
98.1679
98.585
81.2831
81.6013
82.2284
83.1454
84.3233
85.7227
87.2933
88.9741
90.6947
92.3767
93.9378
95.2964
96.3778
97.1207
97.4827
81.8752
82.1742
82.7629
83.6218
84.722
86.0245
87.4803
89.0314
90.6117
92.1495
93.5708
94.8032
95.7816
96.4525
96.779
82.1664
82.4559
83.0252
83.8552
84.9167
86.1711
87.5703
89.0577
90.5695
92.0372
93.3906
94.5622
95.4909
96.1271
96.436
183.594
172.663
160.493
130.811
115.795
94.2429
79.3401
48.8212
67.5369
72.777
74.8015
75.9102
78.0746
80.0654
85.6279
83.6055
71.4376
65.6695
57.8525
53.5429
46.9524
41.1636
27.1196
39.3445
43.7871
47.9206
50.677
55.9181
59.9998
69.1851
70.2662
64.8417
62.1731
58.0099
55.4876
50.9543
45.7867
31.1554
47.7124
54.6585
62.8479
68.4034
78.9305
86.5457
102.648
105.304
98.2741
94.8321
89.3367
85.8244
79.2576
71.0438
47.2693
73.8453
84.3199
95.5978
102.281
113.89
121.379
136.504
135.994
119.408
111.037
98.4806
91.0593
78.8602
67.9177
41.5122
62.4544
68.9089
73.0219
74.6446
77.0516
78.2926
81.8096
78.5313
65.2763
58.7156
51.2141
47.1228
44.4458
36.7598
17.8061
54.3245
35.4972
-49.1852
-124.572
-271.86
-677.205
-1985.71
170.945
158.366
145.287
128.784
114.269
99.6699
87.0246
75.5648
75.5998
76.5456
77.1978
77.685
78.3399
78.9191
79.2938
76.914
71.4845
66.3464
61.0611
56.4681
51.7759
47.4511
43.5313
45.6582
48.2247
50.954
53.6622
56.909
60.1357
63.5937
64.5349
63.0585
61.173
58.8079
56.4993
53.7813
50.9929
48.5543
53.2382
58.4465
64.1888
69.903
76.5994
83.0312
89.7597
92.3141
91.0069
88.8038
85.709
82.4262
78.2829
73.6768
69.3021
76.0844
83.165
90.3427
96.6812
103.374
108.911
113.693
112.798
106.182
98.9294
90.5521
82.5628
73.6968
64.9454
56.3551
58.1464
60.019
61.1494
61.3019
60.9359
59.702
57.5108
52.2576
43.63
34.9426
25.7135
16.313
5.64374
-8.40175
-26.4613
-43.1842
-84.5321
-160.94
-270.176
-443.977
-731.052
-1136.48
153.037
144.788
135.009
123.893
112.864
102.281
93.0009
85.7547
82.3502
80.7357
79.8309
79.2171
78.7133
78.0659
76.9253
74.6132
71.1108
67.2343
63.2719
59.5355
56.0695
53.1549
51.2353
51.3383
52.427
54.0173
55.871
57.928
59.9375
61.6256
62.2842
61.8634
60.8626
59.5238
58.0998
56.7086
55.6948
55.696
58.008
61.4647
65.5689
69.9871
74.6479
79.088
82.8806
84.8835
85.028
84.0578
82.3505
80.2653
77.9729
75.9754
75.2677
77.8922
81.8689
86.2943
90.5703
94.5174
97.5295
99.0554
97.8377
93.8725
88.4387
82.0634
75.3273
68.3673
61.7401
56.2476
53.7203
52.1969
50.6843
48.7051
46.0691
42.4895
37.6207
30.8426
22.0697
11.9498
0.45953
-12.6695
-28.2963
-47.7825
-72.6528
-105.232
-154.073
-225.42
-322.804
-452.969
-614.459
-768.187
138.533
133.41
126.654
118.876
110.813
103.015
96.0467
90.4116
86.5215
83.9027
82.0436
80.5896
79.2923
77.9221
76.2425
74.0254
71.2748
68.245
65.1566
62.2127
59.5682
57.4252
56.0262
55.598
55.9065
56.7005
57.7864
59.0146
60.2015
61.1391
61.5869
61.5027
61.0382
60.3613
59.6522
59.0917
58.934
59.5092
61.1286
63.5494
66.4957
69.7207
73.0129
76.0758
78.5772
80.1276
80.6524
80.3718
79.5344
78.4015
77.2369
76.415
76.4333
77.7516
79.9249
82.4595
84.9314
87.006
88.2858
88.3665
86.832
83.6755
79.3022
74.0926
68.4131
62.5573
56.8998
51.8696
47.8475
44.3588
40.8905
37.0535
32.5605
27.1329
20.4799
12.2998
2.44897
-9.06973
-22.4342
-38.0549
-56.678
-79.4092
-107.742
-143.861
-191.204
-252.404
-328.223
-416.845
-509.034
-581.377
127.62
124.384
119.767
114.266
108.38
102.55
97.1718
92.5541
88.8608
85.9742
83.672
81.7354
79.975
78.2227
76.3327
74.2049
71.84
69.3388
66.8326
64.4577
62.3438
60.6233
59.4185
58.7963
58.6858
58.9627
59.496
60.16
60.8234
61.3573
61.6545
61.6888
61.5186
61.2443
60.9897
60.894
61.1168
61.8176
63.0942
64.8763
67.0199
69.3563
71.7069
73.8704
75.642
76.847
77.4353
77.4859
77.1422
76.5819
76.0056
75.6435
75.7252
76.3781
77.4592
78.7134
79.8626
80.6376
80.767
80.0021
78.1601
75.2294
71.3686
66.7972
61.7517
56.4605
51.1551
46.039
41.206
36.4905
31.6271
26.3459
20.3976
13.5408
5.53795
-3.83718
-14.7697
-27.431
-42.0784
-59.1163
-79.1428
-102.968
-131.617
-166.324
-208.377
-258.33
-315.2
-375.578
-432.183
-473.382
119.453
117.345
114.151
110.209
105.864
101.435
97.1996
93.3641
90.0369
87.2033
84.7725
82.6262
80.645
78.7203
76.7645
74.7248
72.6002
70.4391
68.3184
66.3263
64.5518
63.0782
61.9708
61.2567
60.9068
60.8546
61.0168
61.3051
61.6312
61.9153
62.0999
62.1684
62.1481
62.0979
62.0973
62.2369
62.6101
63.296
64.3309
65.6817
67.2654
68.9702
70.6692
72.2282
73.5212
74.4533
74.9909
75.1664
75.0606
74.7842
74.4644
74.2318
74.1931
74.3868
74.7429
75.1173
75.3312
75.1975
74.5345
73.1872
71.0545
68.1212
64.457
60.1831
55.4432
50.3834
45.1369
39.8002
34.3947
28.8349
22.9649
16.5989
9.54253
1.59912
-7.4278
-17.7311
-29.4988
-42.9314
-58.2795
-75.8729
-96.1361
-119.58
-146.765
-178.206
-214.173
-254.294
-297.124
-339.737
-377.509
-404.69
113.287
111.869
109.609
106.73
103.466
100.041
96.6496
93.4406
90.5007
87.8508
85.4621
83.2779
81.2323
79.2617
77.3158
75.3659
73.4118
71.4803
69.6179
67.8805
66.3256
65.005
63.9558
63.1919
62.6982
62.4368
62.3551
62.395
62.4986
62.6156
62.7115
62.775
62.8196
62.8793
63.002
63.2422
63.6522
64.271
65.1113
66.1506
67.3355
68.5913
69.8317
70.9677
71.9188
72.6265
73.0663
73.2508
73.2232
73.0473
72.7963
72.5394
72.325
72.1601
71.9987
71.7507
71.2992
70.518
69.286
67.502
65.1006
62.0642
58.4224
54.2387
49.5947
44.5739
39.2481
33.6596
27.8051
21.6255
15.0166
7.84575
-0.0351596
-8.7822
-18.5552
-29.5161
-41.8297
-55.6729
-71.2465
-88.7837
-108.547
-130.804
-155.781
-183.569
-213.981
-246.355
-279.355
-310.863
-338.08
-358.034
108.589
107.601
105.958
103.804
101.298
98.5956
95.8357
93.1282
90.5454
88.1209
85.8556
83.7291
81.7101
79.7664
77.8716
76.0121
74.1895
72.4212
70.7364
69.1708
67.7612
66.5399
65.5291
64.7368
64.1544
63.759
63.5175
63.3923
63.3456
63.3452
63.3689
63.4079
63.4684
63.5689
63.7366
64.0019
64.3924
64.926
65.6042
66.4086
67.3021
68.2334
69.1435
69.9721
70.6655
71.184
71.508
71.6391
71.5979
71.4173
71.1351
70.7846
70.384
69.927
69.3781
68.6755
67.7404
66.4865
64.831
62.7045
60.0599
56.8779
53.1669
48.9563
44.2875
39.2032
33.7367
27.9016
21.6831
15.0339
7.87729
0.115074
-8.36553
-17.6858
-27.9719
-39.3523
-51.9575
-65.9218
-81.3848
-98.4881
-117.364
-138.11
-160.746
-185.147
-210.961
-237.512
-263.73
-288.162
-309.105
-324.927
104.988
104.274
103.041
101.384
99.4112
97.2314
94.9448
92.6345
90.3608
88.1602
86.048
84.0239
82.0785
80.1992
78.3757
76.6038
74.8879
73.2407
71.6821
70.2355
68.9247
67.7705
66.7868
65.9785
65.3405
64.8585
64.5117
64.2754
64.1251
64.0394
64.003
64.0089
64.0585
64.1608
64.3296
64.5803
64.9256
65.3716
65.9142
66.5372
67.213
67.9049
68.5713
69.1698
69.6627
70.0206
70.226
70.2744
70.1719
69.9322
69.5712
69.1007
68.5229
67.825
66.9772
65.9341
64.6394
63.032
61.053
58.6519
55.7918
52.4524
48.6297
44.3329
39.5781
34.3821
28.7554
22.6952
16.1811
9.17257
1.61008
-6.58107
-15.4865
-25.1984
-35.8123
-47.4239
-60.1271
-74.0117
-89.1598
-105.639
-123.487
-142.694
-163.166
-184.688
-206.877
-229.142
-250.674
-270.481
-287.5
-300.776
102.23
101.69
100.732
99.4174
97.8207
96.0193
94.0866
92.0866
90.0695
88.0708
86.1122
84.2043
82.3504
80.5504
78.8041
77.1139
75.4861
73.9318
72.4654
71.1034
69.8619
68.7546
67.7909
66.974
66.3009
65.7626
65.3455
65.0337
64.8105
64.6615
64.5754
64.546
64.5719
64.656
64.8038
65.0214
65.3127
65.677
66.1073
66.5887
67.0995
67.612
68.0955
68.5187
68.8531
69.0753
69.1691
69.1256
68.9423
68.6208
68.1635
67.5701
66.8335
65.9378
64.8565
63.5538
61.9874
60.1115
57.8819
55.2593
52.2129
48.7217
44.7746
40.3681
35.5032
30.1809
24.3977
18.1421
11.391
4.10883
-3.75184
-12.2485
-21.4457
-31.4117
-42.2153
-53.9228
-66.5945
-80.2808
-95.0171
-110.815
-127.652
-145.453
-164.072
-183.266
-202.679
-221.824
-240.097
-256.812
-271.279
-282.907
100.135
99.7085
98.9346
97.8555
96.5234
94.9945
93.3239
91.5617
89.7502
87.9223
86.1019
84.3054
82.5434
80.8231
79.1507
77.5327
75.9775
74.4951
73.0974
71.7967
70.6046
69.5311
68.5825
67.7615
67.0663
66.4911
66.027
65.6632
65.3883
65.1918
65.0652
65.0024
65.0004
65.0583
65.1765
65.3553
65.5935
65.8866
66.2256
66.5969
66.9824
67.3599
67.7054
67.9943
68.2038
68.3139
68.3087
68.1769
67.9104
67.5036
66.9508
66.2444
65.3722
64.3165
63.0533
61.5524
59.7798
57.6993
55.2756
52.4761
49.2737
45.6469
41.5802
37.0628
32.0865
26.6426
20.7201
14.3022
7.36529
-0.121835
-8.19781
-16.907
-26.2975
-36.4182
-47.3159
-59.0322
-71.5995
-85.0367
-99.3439
-114.495
-130.427
-147.033
-164.146
-181.528
-198.863
-215.759
-231.76
-246.377
-259.144
-269.67
98.5796
98.226
97.5748
96.6562
95.5079
94.1721
92.6915
91.1065
89.453
87.7614
86.0559
84.3556
82.675
81.0256
79.4175
77.86
76.3627
74.9354
73.5886
72.3323
71.1758
70.1265
69.1894
68.3668
67.6578
67.0586
66.5631
66.1637
65.8522
65.6207
65.4619
65.3704
65.3417
65.3727
65.4608
65.6028
65.7944
66.0288
66.2962
66.5838
66.8755
67.1528
67.3955
67.5833
67.6964
67.7171
67.6296
67.4208
67.0794
66.5954
65.9583
65.1561
64.1739
62.9932
61.591
59.9412
58.0145
55.7805
53.2092
50.2723
46.9446
43.2045
39.0341
34.4179
29.3423
23.7934
17.7554
11.2093
4.13187
-3.50456
-11.7318
-20.5842
-30.0974
-40.3051
-51.237
-62.9152
-75.3505
-88.5385
-102.454
-117.046
-132.23
-147.882
-163.831
-179.854
-195.678
-210.981
-225.41
-238.605
-250.231
-260.015
97.4785
97.1701
96.5985
95.7857
94.7608
93.5566
92.2078
90.7482
89.2092
87.6189
86.0012
84.376
82.7601
81.1675
79.6103
78.0996
76.6457
75.2587
73.9483
72.7232
71.5914
70.5591
69.6305
68.8076
68.0902
67.4756
66.9596
66.5365
66.2
65.9436
65.761
65.6468
65.5959
65.6039
65.6662
65.7778
65.9325
66.1222
66.3368
66.5637
66.7883
66.9941
67.1635
67.2785
67.3212
67.2748
67.1239
66.8543
66.4527
65.9065
65.2023
64.3258
63.2605
61.9873
60.4844
58.7276
56.6906
54.3465
51.6683
48.6303
45.2085
41.3812
37.1289
32.4339
27.2792
21.6479
15.5219
8.88124
1.70337
-6.03654
-14.3652
-23.3098
-32.8966
-43.1486
-54.0827
-65.7068
-78.0165
-90.9909
-104.589
-118.743
-133.357
-148.301
-163.406
-178.466
-193.24
-207.458
-220.835
-233.089
-243.966
-253.261
96.7737
96.4916
95.9676
95.2192
94.2701
93.1478
91.882
90.5025
89.0379
87.5145
85.9556
84.3817
82.8104
81.257
79.7349
78.2559
76.8312
75.4707
74.1838
72.9787
71.8627
70.8412
69.9182
69.0955
68.3733
67.7497
67.2214
66.7837
66.4315
66.159
65.9606
65.8308
65.7643
65.7557
65.7996
65.8898
66.0191
66.1787
66.3584
66.5458
66.727
66.8868
67.0089
67.0765
67.0729
66.9819
66.7881
66.4766
66.0332
65.4436
64.6932
63.7662
62.6453
61.3111
59.7424
57.9162
55.8079
53.3924
50.6446
47.54
44.0555
40.1691
35.8607
31.1112
25.9019
20.2144
14.0294
7.32653
0.0841093
-7.72073
-16.1113
-25.1102
-34.7375
-45.0092
-55.9338
-67.5102
-79.7241
-92.5444
-105.92
-119.775
-134.008
-148.484
-163.042
-177.487
-191.6
-205.143
-217.873
-229.553
-239.975
-248.972
96.4297
96.1597
95.658
94.94
94.027
92.944
91.7183
90.3779
88.9499
87.4596
85.9302
84.3822
82.8336
81.3002
79.7959
78.333
76.9229
75.5756
74.3002
73.105
71.9966
70.9804
70.0602
69.2378
68.5134
67.8856
67.3514
66.9068
66.547
66.2667
66.0604
65.9227
65.8481
65.8309
65.8653
65.9444
66.0608
66.2053
66.3676
66.5355
66.6954
66.8327
66.9315
66.9757
66.9492
66.8359
66.6204
66.2877
65.8229
65.2112
64.4372
63.4847
62.3359
60.9714
59.3702
57.5098
55.3665
52.9159
50.1337
46.9961
43.4801
39.564
35.2271
30.4498
25.2127
19.4968
13.2822
6.54862
-0.725331
-8.56142
-16.9813
-26.0051
-35.6502
-45.9287
-56.8454
-68.3945
-80.557
-93.297
-106.559
-120.263
-134.304
-148.549
-162.838
-176.983
-190.777
-203.996
-216.418
-227.826
-238.033
-246.888
-1966.84
-690.877
-364.439
-259.478
-216.166
-194.116
-181.127
-172.736
-166.998
-162.944
-160.039
-157.97
-156.548
-155.655
-155.224
-1131.02
-736.412
-487.63
-355.617
-284.452
-243.652
-218.653
-202.438
-191.459
-183.807
-178.401
-174.598
-172.008
-170.394
-169.617
-775.524
-636.109
-494.046
-390.903
-322.369
-277.385
-247.39
-226.903
-212.589
-202.423
-195.157
-190.011
-186.491
-184.291
-183.233
-592.654
-538.445
-461.535
-391.575
-336.73
-296.127
-266.614
-245.19
-229.568
-218.135
-209.791
-203.794
-199.651
-197.045
-195.787
-485.112
-463.473
-422.068
-377.124
-336.845
-303.773
-277.744
-257.673
-242.355
-230.756
-222.075
-215.719
-211.271
-208.449
-207.079
-415.881
-408.26
-386.135
-358.003
-329.749
-304.371
-282.913
-265.398
-251.419
-240.457
-232.03
-225.734
-221.263
-218.398
-216.999
-368.515
-367.546
-356.202
-338.997
-319.773
-301.043
-284.137
-269.584
-257.46
-247.622
-239.849
-233.921
-229.646
-226.877
-225.516
-334.761
-337.203
-332.123
-322.007
-309.299
-295.886
-283.002
-271.339
-261.213
-252.716
-245.822
-240.452
-236.519
-233.943
-232.67
-310.078
-314.376
-313.076
-307.605
-299.524
-290.196
-280.644
-271.551
-263.332
-256.204
-250.266
-245.544
-242.03
-239.705
-238.547
-291.787
-297.141
-298.197
-295.807
-290.992
-284.726
-277.821
-270.888
-264.355
-258.499
-253.49
-249.423
-246.35
-244.294
-243.264
-278.227
-284.202
-286.758
-286.432
-283.907
-279.891
-275.021
-269.821
-264.697
-259.944
-255.767
-252.306
-249.649
-247.853
-246.948
-268.331
-274.677
-278.198
-279.249
-278.31
-275.907
-272.546
-268.675
-264.665
-260.808
-257.326
-254.38
-252.085
-250.517
-249.722
-261.406
-267.972
-272.105
-274.053
-274.174
-272.877
-270.578
-267.664
-264.475
-261.293
-258.343
-255.8
-253.791
-252.405
-251.698
-257.008
-263.698
-268.191
-270.68
-271.45
-270.844
-269.22
-266.925
-264.275
-261.542
-258.951
-256.682
-254.869
-253.609
-252.964
-254.871
-261.617
-266.277
-269.02
-270.1
-269.826
-268.529
-266.537
-264.154
-261.645
-259.234
-257.103
-255.39
-254.195
-253.581
)
;

boundaryField
{
    hot
    {
        type            calculated;
        value           nonuniform List<scalar> 
120
(
51.5594
51.1172
50.2248
48.8666
47.0211
44.6629
41.7659
38.3075
34.2734
29.6639
24.4997
18.8269
12.7208
6.28555
-0.350145
-6.48389
-12.0039
-17.3854
-22.5544
-27.4494
-32.0232
-36.2442
-40.0952
-43.5724
-46.6829
-49.4424
-51.8723
-53.9982
-55.8475
-57.4483
-58.828
-60.0128
-61.0268
-61.8924
-62.6294
-63.2558
-63.7871
-64.2371
-64.6178
-64.9394
-65.2108
-65.4396
-65.6324
-65.7945
-65.9308
-66.0451
-66.1409
-66.2209
-66.2875
-66.3428
-66.3882
-66.4253
-66.4551
-66.4785
-66.4962
-66.5088
-66.5166
-66.5198
-66.5186
-66.5129
-66.5026
-66.4872
-66.4665
-66.4397
-66.406
-66.3645
-66.3138
-66.2525
-66.1788
-66.0904
-65.9846
-65.8585
-65.7083
-65.5295
-65.317
-65.0646
-64.7652
-64.4102
-63.9898
-63.4924
-62.9047
-62.211
-61.3937
-60.4324
-59.3042
-57.9833
-56.4413
-54.6473
-52.5679
-50.1688
-47.415
-44.2727
-40.7115
-36.7065
-32.2414
-27.3118
-21.928
-16.118
-9.92912
-3.42827
3.29974
10.1557
17.0318
23.8182
30.41
37.3444
44.3732
50.7737
56.4948
61.5224
65.8715
69.5784
72.6918
75.2662
77.3566
79.0141
80.2839
81.203
81.7998
82.0934
)
;
    }
    cold
    {
        type            calculated;
        value           nonuniform List<scalar> 
120
(
-26.7017
-26.5228
-26.1666
-25.6362
-24.9368
-24.076
-23.0638
-21.9136
-20.642
-19.2694
-17.8195
-16.3192
-14.7972
-13.2831
-11.8055
-10.5082
-9.38623
-8.33164
-7.35185
-6.45147
-5.63248
-4.8945
-4.23522
-3.65081
-3.13638
-2.68636
-2.29485
-1.95589
-1.66368
-1.41269
-1.19782
-1.01437
-0.858147
-0.725389
-0.612788
-0.51745
-0.436858
-0.368838
-0.31152
-0.263305
-0.222831
-0.188941
-0.160657
-0.137157
-0.117756
-0.101881
-0.0890658
-0.0789295
-0.0711717
-0.0655616
-0.0619323
-0.060176
-0.060241
-0.0621304
-0.0659022
-0.0716713
-0.0796126
-0.0899672
-0.103049
-0.119253
-0.139071
-0.163102
-0.192073
-0.226859
-0.268511
-0.318285
-0.377681
-0.448488
-0.532834
-0.63325
-0.752743
-0.894883
-1.0639
-1.26482
-1.50358
-1.78721
-2.124
-2.52373
-2.99794
-3.56017
-4.22627
-5.0148
-5.94736
-7.04901
-8.34867
-9.87954
-11.6794
-13.7911
-16.2622
-19.1456
-22.4985
-26.3819
-30.8589
-35.9929
-41.8445
-48.4673
-55.9037
-64.1785
-73.2934
-83.221
-93.8997
-105.23
-117.077
-129.269
-141.61
-155.118
-169.427
-182.973
-195.477
-206.742
-216.653
-225.179
-232.354
-238.259
-243.007
-246.72
-249.522
-251.52
-252.801
-253.426
)
;
    }
    interface_left
    {
        type            calculated;
        value           nonuniform List<scalar> 
90
(
-1001.87
-498.424
-306.875
-219.869
-173.333
-145.086
-126.359
-113.178
-103.511
-96.2088
-90.5725
-86.1495
-82.6339
-79.8112
-77.5265
-75.6652
-74.1407
-72.8867
-71.8515
-70.9946
-70.2833
-69.692
-69.1994
-68.7886
-68.4457
-68.1592
-67.9197
-67.7194
-67.5518
-67.4118
-67.2948
-67.1971
-67.1157
-67.0481
-66.9922
-66.9463
-66.9088
-66.8788
-66.8552
-66.8374
-66.8248
-66.8169
-66.8137
-66.8149
-66.8206
-66.831
-66.8464
-66.8673
-66.8942
-66.9281
-66.97
-67.0211
-67.083
-67.1577
-67.2475
-67.355
-67.4837
-67.6376
-67.8216
-68.0414
-68.3041
-68.6181
-68.9936
-69.4431
-69.9815
-70.6273
-71.4028
-72.3358
-73.4606
-74.82
-76.468
-78.4733
-80.9242
-83.9365
-87.6638
-92.3149
-98.1801
-105.675
-115.42
-128.378
-146.145
-171.57
-210.286
-274.862
-397.432
-671.655
-1402.63
1486.74
771.626
548.907
)
;
    }
    interface_right
    {
        type            calculated;
        value           nonuniform List<scalar> 
90
(
76.5947
41.1001
25.8812
18.0277
13.3287
10.2158
8.01264
6.38423
5.14447
4.18045
3.41901
2.81036
2.31932
1.92023
1.59397
1.326
1.10506
0.922324
0.770819
0.644954
0.540227
0.452989
0.380262
0.319611
0.269037
0.226891
0.191816
0.162694
0.138601
0.118778
0.102606
0.0895797
0.0792944
0.0714313
0.065747
0.0620658
0.0602736
0.0603145
0.0621886
0.065952
0.0717187
0.0796634
0.0900273
0.103125
0.119356
0.139212
0.163298
0.192348
0.227245
0.269055
0.319053
0.378765
0.450018
0.534993
0.636298
0.757046
0.900957
1.07248
1.27693
1.52067
1.81134
2.15806
2.57182
3.06584
3.65602
4.3616
5.20588
6.21716
7.42998
8.8867
10.6395
12.753
15.3082
18.4069
22.179
26.792
32.4652
39.4906
48.265
59.3418
73.5152
91.9691
116.551
150.32
198.752
272.666
396.206
631.016
1156.51
2556.23
)
;
    }
    interface_top
    {
        type            calculated;
        value           nonuniform List<scalar> 
90
(
183.594
172.663
160.493
130.811
115.795
94.2429
79.3401
48.8212
67.5369
72.777
74.8015
75.9102
78.0746
80.0654
85.6279
83.6055
71.4376
65.6695
57.8525
53.5429
46.9524
41.1636
27.1196
39.3445
43.7871
47.9206
50.677
55.9181
59.9998
69.1851
70.2662
64.8417
62.1731
58.0099
55.4876
50.9543
45.7867
31.1554
47.7124
54.6585
62.8479
68.4034
78.9305
86.5457
102.648
105.304
98.2741
94.8321
89.3367
85.8244
79.2576
71.0438
47.2693
73.8453
84.3199
95.5978
102.281
113.89
121.379
136.504
135.994
119.408
111.037
98.4806
91.0593
78.8602
67.9177
41.5122
62.4544
68.9089
73.0219
74.6446
77.0516
78.2926
81.8096
78.5313
65.2763
58.7156
51.2141
47.1228
44.4458
36.7598
17.8061
54.3245
35.4972
-49.1852
-124.572
-271.86
-677.205
-1985.71
)
;
    }
    interface_bottom
    {
        type            calculated;
        value           nonuniform List<scalar> 
90
(
595.557
254.471
148.687
106.818
87.876
71.2928
59.481
37.6592
50.9421
54.5425
56.4978
57.15
58.3573
58.8127
60.2436
57.162
45.7535
39.8295
31.1656
26.2986
18.9383
14.5099
7.20637
6.71604
5.00961
0.671175
-2.32073
-7.6989
-11.1722
-17.3432
-19.7979
-21.5953
-22.7542
-24.3861
-25.1897
-25.9149
-24.5089
-17.6855
-29.8565
-35.2962
-42.0863
-46.1055
-52.7269
-56.7584
-63.9891
-64.4627
-58.4897
-56.1268
-53.3727
-51.8675
-49.3533
-45.0115
-31.0711
-49.5288
-57.0423
-65.3747
-70.1048
-77.7206
-82.3007
-90.6344
-90.301
-80.4994
-76.4589
-71.721
-69.157
-65.1287
-59.1134
-40.6257
-64.2383
-73.867
-84.6713
-91.0877
-101.973
-109.107
-123.178
-124.183
-113.371
-109.053
-104.407
-101.671
-97.4663
-88.353
-59.2237
-97.9101
-101.694
-76.8
-150.802
-142.943
-44.0031
1.05386
)
;
    }
    defaultFaces
    {
        type            empty;
    }
}


// ************************************************************************* //
