/*--------------------------------*- C++ -*----------------------------------*\
| =========                 |                                                 |
| \\      /  F ield         | OpenFOAM: The Open Source CFD Toolbox           |
|  \\    /   O peration     | Version:  5.x                                   |
|   \\  /    A nd           | Web:      www.OpenFOAM.org                      |
|    \\/     M anipulation  |                                                 |
\*---------------------------------------------------------------------------*/
FoamFile
{
    version     2.0;
    format      ascii;
    class       volScalarField;
    location    "18.1";
    object      gradTx;
}
// * * * * * * * * * * * * * * * * * * * * * * * * * * * * * * * * * * * * * //

dimensions      [0 -1 0 1 0 0 0];

internalField   nonuniform List<scalar> 
6300
(
-10.9339
-10.7021
-10.2413
-9.55736
-8.65979
-7.56253
-6.28486
-4.85227
-3.29718
-1.6591
0.0158582
1.67656
3.26949
4.74237
6.04836
-11.166
-10.9315
-10.4648
-9.7713
-8.85979
-7.74326
-6.4401
-4.97512
-3.38051
-1.69634
0.0297554
1.74398
3.38917
4.90889
6.25229
-11.633
-11.3932
-10.9153
-10.2036
-9.26511
-8.11095
-6.75749
-5.22792
-3.55374
-1.77584
0.0551627
1.88006
3.63397
5.25138
6.67264
-12.3402
-12.0932
-11.6
-10.863
-9.88644
-8.67827
-7.25131
-5.62568
-3.83103
-1.90881
0.0863141
2.08674
4.01487
5.78961
7.33572
-13.2948
-13.0396
-12.5288
-11.7621
-10.7398
-9.46467
-7.94413
-6.19278
-4.23624
-2.11505
0.111814
2.36534
4.54882
6.55608
8.2858
-14.5048
-14.2419
-13.714
-12.9171
-11.8461
-10.4969
-8.86809
-6.96542
-4.80645
-2.42731
0.110287
2.7136
5.25862
7.59969
9.59177
-15.9779
-15.7096
-15.1685
-14.3463
-13.2311
-11.8089
-10.0663
-7.99469
-5.59717
-2.89839
0.0426842
3.11979
6.17199
8.99193
11.3595
-17.7196
-17.4502
-16.9045
-16.069
-14.9233
-13.4416
-11.5938
-9.35021
-6.68948
-3.61212
-0.161306
3.55052
7.31726
10.8361
13.7541
-19.7311
-19.4674
-18.9306
-18.1019
-16.952
-15.4407
-13.5173
-11.1232
-8.19877
-4.69963
-0.626658
3.92595
8.71005
13.2807
17.0416
-22.0065
-21.7578
-21.249
-20.4564
-19.3423
-17.8521
-15.9119
-13.4269
-10.2831
-6.36129
-1.572
4.06953
10.3159
16.5347
21.6738
-24.5309
-24.3086
-23.8514
-23.1328
-22.1089
-20.7137
-18.8518
-16.3895
-13.1457
-8.89079
-3.36993
3.6079
11.9489
20.8679
28.4744
-27.2778
-27.0945
-26.7156
-26.1147
-25.247
-24.0422
-22.3924
-20.1338
-17.0198
-12.6865
-6.62516
1.78272
13.0033
26.5132
39.0942
-30.2082
-30.0761
-29.802
-29.3636
-28.7225
-27.816
-26.542
-24.7338
-22.1135
-18.2107
-12.2272
-2.85559
11.7679
33.0867
57.2792
-33.2709
-33.2002
-33.0528
-32.8153
-32.4638
-31.9575
-31.2261
-30.1461
-28.4898
-25.8158
-21.2179
-12.7462
3.83672
36.7857
93.0049
-36.4046
-36.4011
-36.3938
-36.3812
-36.3601
-36.3241
-36.259
-36.1348
-35.8841
-35.3451
-34.0826
-30.7485
-20.461
17.2135
178.407
7.07501
7.83444
8.42743
8.85263
9.11454
9.22243
9.18901
9.02911
8.7585
8.39287
7.94713
7.43495
6.86851
6.25843
5.61383
4.94245
4.2508
3.54436
2.8277
2.1047
1.37859
0.652123
-0.0723581
-0.792873
-1.50774
-2.21555
-2.91514
-3.6056
-4.28624
-4.95663
-5.61654
-6.26593
-6.90493
-7.53379
-8.15279
-8.76221
-9.36226
-9.95303
-10.5345
-11.1064
-11.6685
-12.2204
-12.7619
-13.2926
-13.8124
-14.3216
-14.8203
-15.309
-15.7883
-16.2587
-16.7209
-17.175
-17.6211
-18.0589
-18.4877
-18.9067
-19.3146
-19.7103
-20.0924
-20.4598
-20.8113
-21.1461
-21.4632
-21.762
-22.0414
-22.3001
-22.5365
-22.7483
-22.9327
-23.0863
-23.205
-23.2845
-23.3204
-23.3082
-23.2439
-23.124
-22.946
-22.7081
-22.4095
-22.0506
-21.6328
-21.1587
-20.6318
-20.0567
-19.4389
-18.7851
-18.1027
-17.4
-16.6858
-15.9691
7.30294
8.07372
8.66866
9.08739
9.33597
9.42556
9.37079
9.18822
8.89502
8.50793
8.04252
7.51281
6.93109
6.3079
5.65217
4.97142
4.27191
3.55887
2.83668
2.10901
1.37895
0.64914
-0.0781863
-0.80111
-1.518
-2.22746
-2.92836
-3.61978
-4.30106
-4.97176
-5.6317
-6.28089
-6.91954
-7.54796
-8.16655
-8.77567
-9.37558
-9.96641
-10.5481
-11.1204
-11.683
-12.2355
-12.7772
-13.3081
-13.8278
-14.3365
-14.8345
-15.3224
-15.8008
-16.2706
-16.7323
-17.1863
-17.6329
-18.0715
-18.5017
-18.9223
-19.3321
-19.7296
-20.1134
-20.4823
-20.8352
-21.1712
-21.4895
-21.7897
-22.0709
-22.332
-22.5716
-22.7876
-22.9769
-23.1362
-23.2611
-23.3471
-23.3893
-23.3829
-23.3236
-23.2076
-23.0321
-22.7951
-22.496
-22.1351
-21.7137
-21.2345
-20.701
-20.1178
-19.4906
-18.826
-18.1317
-17.4164
-16.6892
-15.9596
7.77263
8.56586
9.16329
9.5668
9.78602
9.83624
9.73626
9.50631
9.16645
8.73548
8.23024
7.66534
7.05315
6.40398
5.72634
5.02721
4.31232
3.5864
2.85339
2.11661
1.37883
0.642453
-0.0904656
-0.818142
-1.53903
-2.25178
-2.95528
-3.64862
-4.33113
-5.00242
-5.66235
-6.31104
-6.94886
-7.57629
-8.19394
-8.80234
-9.40192
-9.99289
-10.5752
-11.1485
-11.7122
-12.2657
-12.8083
-13.3394
-13.8589
-14.3666
-14.8632
-15.3492
-15.8258
-16.2939
-16.7545
-17.2084
-17.6558
-18.0963
-18.5293
-18.9534
-19.367
-19.7684
-20.1558
-20.5278
-20.8832
-21.2214
-21.5419
-21.8445
-22.1289
-22.3947
-22.6406
-22.8648
-23.0643
-23.2353
-23.3732
-23.4726
-23.5279
-23.5336
-23.4847
-23.3767
-23.2063
-22.9715
-22.6714
-22.3063
-21.8778
-21.3883
-20.8416
-20.2422
-19.5958
-18.9094
-18.191
-17.4497
-16.6957
-15.9396
8.51334
9.33956
9.93678
10.3112
10.479
10.4628
10.2885
9.98232
9.56877
9.06969
8.50358
7.88567
7.22819
6.54083
5.83124
5.10548
4.3684
3.62394
2.87538
2.12547
1.37655
0.630657
-0.11041
-0.845059
-1.57185
-2.28951
-2.9969
-3.6931
-4.37742
-5.04947
-5.70919
-6.35688
-6.99311
-7.61871
-8.23461
-8.84168
-9.44063
-10.0318
-10.6151
-11.1901
-11.756
-12.3115
-12.8557
-13.3876
-13.9067
-14.4129
-14.9068
-15.3896
-15.8627
-16.3277
-16.7863
-17.2397
-17.6882
-18.1319
-18.5695
-18.9994
-19.4194
-19.8271
-20.2202
-20.5969
-20.9559
-21.2968
-21.6197
-21.9251
-22.2137
-22.4857
-22.7407
-22.9773
-23.1924
-23.3819
-23.5403
-23.6612
-23.7377
-23.7629
-23.7305
-23.6352
-23.4731
-23.2417
-22.9401
-22.5687
-22.1292
-21.6243
-21.0577
-20.4339
-19.7586
-19.0387
-18.2829
-17.5012
-16.7052
-15.9073
9.57439
10.4426
11.0307
11.3528
11.4366
11.3168
11.0304
10.6125
10.0939
9.5001
8.85124
8.16274
7.44602
6.70946
5.95921
5.19985
4.4349
3.66722
2.89915
2.13274
1.36976
0.611791
-0.139711
-0.883387
-1.61793
-2.3421
-3.05471
-3.75474
-4.44141
-5.1143
-5.7734
-6.4192
-7.05267
-7.67508
-8.28795
-8.8927
-9.49048
-10.0819
-10.667
-11.245
-11.8144
-12.3736
-12.9207
-13.4541
-13.9728
-14.4766
-14.9664
-15.4437
-15.911
-16.3708
-16.8256
-17.2776
-17.7277
-18.1758
-18.6206
-19.0595
-19.4893
-19.9066
-20.308
-20.6911
-21.0545
-21.398
-21.7225
-22.0298
-22.3221
-22.601
-22.8673
-23.1203
-23.3571
-23.573
-23.7612
-23.9136
-24.0211
-24.0748
-24.0666
-23.9897
-23.8394
-23.6127
-23.309
-22.9289
-22.4746
-21.9491
-21.3559
-20.6996
-19.9852
-19.2196
-18.4118
-17.573
-16.7172
-15.8596
11.0329
11.9488
12.5072
12.7374
12.6869
12.4103
11.9614
11.3875
10.7271
10.0095
9.25571
8.48016
7.69216
6.89757
6.10008
5.30204
4.50516
3.71086
2.92038
2.13492
1.35561
0.583489
-0.180393
-0.934961
-1.67905
-2.41139
-3.13068
-3.83566
-4.5253
-5.199
-5.85676
-6.49932
-7.12812
-7.7452
-8.35294
-8.9537
-9.5494
-10.1412
-10.7291
-11.312
-11.8876
-12.4531
-13.0053
-13.5417
-14.0602
-14.5606
-15.0438
-15.5123
-15.9699
-16.4207
-16.8689
-17.318
-17.7698
-18.2245
-18.6799
-19.1325
-19.5771
-20.0086
-20.4219
-20.8135
-21.1815
-21.5262
-21.8497
-22.156
-22.4494
-22.7341
-23.0128
-23.2862
-23.5518
-23.8038
-24.0336
-24.2303
-24.3816
-24.4756
-24.5013
-24.4498
-24.3153
-24.0946
-23.7875
-23.3957
-22.9223
-22.3709
-21.7451
-21.0485
-20.2853
-19.4612
-18.585
-17.6694
-16.7315
-15.7916
13.008
13.9693
14.4558
14.526
14.2623
13.7516
13.0719
12.2866
11.4422
10.5706
9.69129
8.81525
7.94752
7.08965
6.24151
5.40236
4.57155
3.7488
2.93422
2.12813
1.33096
0.543205
-0.234598
-1.00172
-1.75716
-2.49957
-3.22733
-3.93872
-4.63218
-5.30667
-5.96204
-6.59924
-7.22043
-7.82875
-8.42797
-9.02193
-9.61392
-10.206
-10.7984
-11.3893
-11.9753
-12.5515
-13.1128
-13.6546
-14.1738
-14.6691
-15.1421
-15.5966
-16.0383
-16.4742
-16.9109
-17.3543
-17.8077
-18.2717
-18.7433
-19.2166
-19.6838
-20.1365
-20.567
-20.9697
-21.3419
-21.6845
-22.0017
-22.3005
-22.5891
-22.8754
-23.1658
-23.4632
-23.7656
-24.0663
-24.3534
-24.6119
-24.8246
-24.9746
-25.0468
-25.0293
-24.9149
-24.7007
-24.3877
-23.9798
-23.4821
-22.8995
-22.2358
-21.4932
-20.6729
-19.7777
-18.8146
-17.7975
-16.7486
-15.6963
15.687
16.6734
17.0034
16.795
16.1933
15.3358
14.3345
13.2704
12.1964
11.1424
10.1219
9.13814
8.18841
7.26751
6.3698
5.49047
4.62613
3.77483
2.93568
2.10833
1.29265
0.488474
-0.304281
-1.0854
-1.85411
-2.6089
-3.34761
-4.06764
-4.7664
-5.44191
-6.09348
-6.72223
-7.33126
-7.92539
-8.51055
-9.09297
-9.67828
-10.2702
-10.8696
-11.4738
-12.077
-12.6713
-13.2483
-13.8002
-14.3214
-14.8097
-15.2669
-15.699
-16.1152
-16.5262
-16.9432
-17.3759
-17.8303
-18.3079
-18.804
-19.3093
-19.8111
-20.2962
-20.752
-21.1696
-21.5447
-21.8791
-22.1801
-22.4596
-22.7317
-23.0107
-23.3086
-23.6325
-23.9819
-24.348
-24.7144
-25.0591
-25.3576
-25.5854
-25.7211
-25.7483
-25.6581
-25.4487
-25.1245
-24.6931
-24.1639
-23.5447
-22.84
-22.0494
-21.1683
-20.1919
-19.1217
-17.9712
-16.7705
-15.5627
19.3751
20.3221
20.3261
19.6301
18.4923
17.127
15.6871
14.2683
12.9215
11.6656
10.4994
9.41178
8.38756
7.41175
6.47141
5.55681
4.66178
3.78323
2.91998
2.07162
1.23764
0.417197
-0.390806
-1.18705
-1.97117
-2.74145
-3.49484
-4.22723
-4.93414
-5.61165
-6.25778
-6.8736
-7.46355
-8.03495
-8.59701
-9.15984
-9.73302
-10.3237
-10.934
-11.5597
-12.1913
-12.8159
-13.4198
-13.9899
-14.5164
-14.9949
-15.4277
-15.8243
-16.1992
-16.5695
-16.953
-17.3659
-17.8195
-18.3171
-18.8514
-19.4066
-19.9626
-20.4976
-20.992
-21.4305
-21.8061
-22.1215
-22.3892
-22.629
-22.8641
-23.1186
-23.4139
-23.7647
-24.1738
-24.6292
-25.1063
-25.5726
-25.9921
-26.3288
-26.5512
-26.6361
-26.5725
-26.362
-26.0151
-25.5472
-24.975
-24.3127
-23.5677
-22.7359
-21.8006
-20.7411
-19.5441
-18.2172
-16.8024
-15.3723
24.5979
25.3283
24.6565
23.1008
21.1184
19.0255
17.0091
15.1622
13.5156
12.0593
10.7637
9.5938
8.51677
7.5047
6.53575
5.59477
4.67351
3.76943
2.88271
2.01404
1.16305
0.327899
-0.494352
-1.30624
-2.10823
-2.8984
-3.67234
-4.42358
-5.14421
-5.82661
-6.46575
-7.0622
-7.62255
-8.15791
-8.68234
-9.21176
-9.76259
-10.3487
-10.976
-11.637
-12.3155
-12.9905
-13.6398
-14.2422
-14.7805
-15.2456
-15.6405
-15.9809
-16.2897
-16.5935
-16.9202
-17.297
-17.7453
-18.2734
-18.8683
-19.5028
-20.1439
-20.7575
-21.312
-21.7819
-22.1539
-22.4322
-22.6385
-22.805
-22.9685
-23.1675
-23.4391
-23.8127
-24.299
-24.8789
-25.5134
-26.1532
-26.7454
-27.2368
-27.5792
-27.7373
-27.6982
-27.4715
-27.0797
-26.5513
-25.9156
-25.1995
-24.4202
-23.5711
-22.6115
-21.488
-20.1536
-18.5894
-16.8562
-15.0911
32.3326
32.3532
30.259
27.1856
23.9028
20.8132
18.0866
15.7675
13.8354
12.2214
10.8466
9.64189
8.55218
7.53532
6.55958
5.60412
4.66032
3.73046
2.81926
1.93087
1.06551
0.219912
-0.612928
-1.43976
-2.26237
-3.07878
-3.88256
-4.66404
-5.40937
-6.10386
-6.73523
-7.30277
-7.81752
-8.29659
-8.76045
-9.23278
-9.74127
-10.3145
-10.9692
-11.6892
-12.4447
-13.2018
-13.9271
-14.5867
-15.1501
-15.597
-15.9318
-16.1828
-16.3871
-16.5844
-16.8154
-17.1247
-17.5562
-18.1335
-18.8278
-19.5894
-20.3645
-21.1024
-21.7535
-22.2743
-22.6363
-22.8462
-22.945
-22.9849
-23.0215
-23.1116
-23.317
-23.6984
-24.2889
-25.0498
-25.9127
-26.8021
-27.6436
-28.3589
-28.8722
-29.1221
-29.0939
-28.8182
-28.3408
-27.7097
-26.9716
-26.1772
-25.3731
-24.5651
-23.658
-22.5386
-21.0938
-19.2049
-16.9555
-14.6478
44.5811
42.4229
37.2712
31.5714
26.4083
22.0774
18.5768
15.8152
13.6966
12.0389
10.6844
9.52407
8.48246
7.50647
6.55398
5.59647
4.62683
3.66443
2.72278
1.81437
0.939352
0.0934328
-0.740269
-1.57944
-2.42554
-3.27739
-4.12497
-4.9566
-5.74778
-6.47202
-7.09662
-7.61934
-8.06384
-8.45716
-8.82633
-9.2017
-9.62661
-10.163
-10.8682
-11.6902
-12.5716
-13.4587
-14.3091
-15.0694
-15.6874
-16.1098
-16.3434
-16.4517
-16.4946
-16.5264
-16.5975
-16.7764
-17.1569
-17.8247
-18.6902
-19.6563
-20.6384
-21.5723
-22.3822
-22.995
-23.3373
-23.4201
-23.3359
-23.1693
-22.9972
-22.8895
-22.9413
-23.2825
-24.0333
-25.0736
-26.2735
-27.5197
-28.7234
-29.7714
-30.5442
-30.9072
-30.8456
-30.455
-29.8231
-29.0217
-28.1084
-27.1683
-26.3314
-25.7016
-25.0098
-24.0574
-22.6734
-20.339
-17.1388
-13.8709
65.9543
56.8025
45.0726
35.1845
27.7152
22.146
18.0027
14.9366
12.8941
11.4197
10.2422
9.23509
8.31802
7.44358
6.55543
5.6061
4.58279
3.56837
2.57836
1.64967
0.771215
-0.0507126
-0.859798
-1.70921
-2.58046
-3.4822
-4.39041
-5.3074
-6.1826
-6.98368
-7.60469
-8.04856
-8.38382
-8.6525
-8.88323
-9.09924
-9.35129
-9.76856
-10.5988
-11.6057
-12.6902
-13.7683
-14.8209
-15.7567
-16.5062
-16.8945
-16.9352
-16.8149
-16.6178
-16.4117
-16.2244
-16.1379
-16.3434
-17.2312
-18.4078
-19.6999
-20.9813
-22.2206
-23.2947
-24.1051
-24.4118
-24.2344
-23.8451
-23.3614
-22.8802
-22.4373
-22.1488
-22.2766
-23.3604
-24.8675
-26.5672
-28.2985
-30.0269
-31.5802
-32.8058
-33.3036
-33.0708
-32.4392
-31.5492
-30.4944
-29.2835
-28.0107
-26.9913
-26.9273
-26.7366
-26.1974
-25.6212
-22.7199
-17.4194
-12.3064
108.487
74.8935
50.2207
35.314
26.2854
20.1609
15.8769
12.584
11.273
10.3727
9.55442
8.81622
8.09194
7.40021
6.64474
5.72206
4.52572
3.43697
2.34543
1.4125
0.521539
-0.213465
-0.921346
-1.80764
-2.69153
-3.67774
-4.64323
-5.71841
-6.72417
-7.75467
-8.36782
-8.63416
-8.79968
-8.90242
-8.96128
-8.94482
-8.83798
-8.77935
-10.0749
-11.4094
-12.8178
-14.1145
-15.5009
-16.712
-17.845
-18.1793
-17.7588
-17.2885
-16.7537
-16.2698
-15.7058
-15.0786
-14.5475
-16.2214
-17.959
-19.7586
-21.3847
-23.1064
-24.5867
-25.9402
-26.1831
-25.3536
-24.4897
-23.5499
-22.7075
-21.7626
-20.7566
-19.8939
-22.0775
-24.384
-26.815
-29.081
-31.5821
-33.8605
-36.1151
-36.7517
-35.8698
-34.795
-33.512
-32.1919
-30.5474
-28.4879
-26.2749
-28.3352
-28.9649
-28.3905
-31.9166
-28.5556
-17.4296
-8.68182
207.244
80.1377
41.305
26.9783
20.6734
15.5249
12.3239
7.37707
9.06014
9.20745
8.7511
8.37707
7.81878
7.44839
6.97464
6.23189
4.31352
3.30945
1.88398
1.11477
0.0471909
-0.415351
-0.726051
-1.90956
-2.65532
-3.90315
-4.73815
-6.22942
-7.23013
-9.12663
-9.63036
-9.36491
-9.30592
-9.21551
-9.14774
-8.9205
-8.25521
-5.84005
-9.49485
-11.1065
-13.1061
-14.3312
-16.4334
-17.7797
-20.3336
-20.5512
-18.6537
-17.8547
-16.8162
-16.2432
-15.278
-13.8808
-9.57622
-15.1196
-17.4207
-20.067
-21.6502
-24.3395
-26.0612
-29.3743
-29.4982
-26.5223
-25.2435
-23.5978
-22.6825
-21.1755
-19.1578
-13.1242
-20.6174
-23.7212
-27.2999
-29.5249
-33.4578
-36.1748
-41.7539
-42.3861
-38.9463
-37.4503
-35.5282
-34.356
-32.4085
-29.1859
-19.4046
-31.803
-32.9265
-24.6788
-48.1294
-45.5724
-14.015
0.448321
-15.1891
-14.3596
-13.5659
-12.819
-12.1273
-11.4966
-10.9306
-10.431
-9.99808
-9.63107
-9.32867
-9.08929
-8.91137
-8.79357
-8.73492
-15.1661
-14.3235
-13.519
-12.7637
-12.0661
-11.4318
-10.8641
-10.3642
-9.93203
-9.56636
-9.26555
-9.02774
-8.85115
-8.73432
-8.67618
-15.1187
-14.2493
-13.4227
-12.6506
-11.9415
-11.3003
-10.7296
-10.2297
-9.79936
-9.4367
-9.13933
-8.90486
-8.7311
-8.61629
-8.5592
-15.0432
-14.1321
-13.2717
-12.4745
-11.7487
-11.0983
-10.5243
-10.0254
-9.59891
-9.24164
-8.95013
-8.72117
-8.552
-8.44045
-8.38505
-14.9339
-13.9642
-13.0573
-12.2269
-11.4803
-10.8197
-10.2437
-9.74848
-9.32918
-8.98073
-8.69829
-8.4776
-8.31518
-8.20838
-8.15542
-14.7817
-13.7333
-12.7663
-11.8953
-11.1258
-10.4566
-9.88226
-9.39554
-8.98851
-8.65372
-8.3846
-8.17568
-8.02266
-7.92237
-7.87274
-14.5725
-13.4208
-12.3791
-11.462
-10.6708
-9.99832
-9.43313
-8.96279
-8.5755
-8.26095
-8.01062
-7.81778
-7.67732
-7.58562
-7.54034
-14.2841
-12.9981
-11.8672
-10.9028
-10.0971
-9.43265
-8.88903
-8.44691
-8.08967
-7.80387
-7.57906
-7.4074
-7.28315
-7.20237
-7.16258
-13.8793
-12.4201
-11.1887
-10.1848
-9.38209
-8.74603
-8.24334
-7.84605
-7.53231
-7.28571
-7.09429
-6.94952
-6.84544
-6.77806
-6.74495
-13.293
-11.614
-10.2828
-9.26546
-8.50032
-7.92594
-7.49215
-7.16157
-6.90772
-6.71228
-6.5628
-6.45088
-6.37095
-6.31941
-6.29415
-12.4024
-10.4601
-9.06272
-8.09387
-7.42771
-6.9652
-6.63766
-6.40029
-6.22464
-6.09283
-5.99368
-5.92018
-5.86799
-5.83444
-5.818
-10.9625
-8.76115
-7.414
-6.61948
-6.15139
-5.86939
-5.69294
-5.57724
-5.49765
-5.44065
-5.39883
-5.36813
-5.34633
-5.33227
-5.32536
-8.45866
-6.20793
-5.21261
-4.81859
-4.6889
-4.66799
-4.68741
-4.718
-4.748
-4.77325
-4.79282
-4.80711
-4.81687
-4.8229
-4.82576
-3.78648
-2.39921
-2.40985
-2.75333
-3.11757
-3.42622
-3.67066
-3.85931
-4.00306
-4.11146
-4.19205
-4.25054
-4.29111
-4.31664
-4.32897
5.40788
2.80744
0.725778
-0.667273
-1.60182
-2.24862
-2.70965
-3.04549
-3.29344
-3.47743
-3.61333
-3.71187
-3.78034
-3.82355
-3.84446
-39.2804
-39.3391
-39.4614
-39.6577
-39.9457
-40.3537
-40.9269
-41.7405
-42.9267
-44.7436
-47.7745
-53.6248
-67.8389
-113.954
-308.432
-41.8541
-41.966
-42.1989
-42.5729
-43.1221
-43.9022
-45.0037
-46.5779
-48.891
-52.4449
-58.2639
-68.6134
-88.7557
-130.169
-205.665
-44.3501
-44.5088
-44.8387
-45.3665
-46.1382
-47.2277
-48.7523
-50.9022
-53.9938
-58.5733
-65.6072
-76.8016
-94.9013
-122.714
-155.325
-46.7361
-46.933
-47.341
-47.9907
-48.9337
-50.251
-52.0668
-54.5724
-58.0635
-62.9971
-70.0612
-80.1942
-94.302
-111.927
-127.63
-48.9855
-49.2106
-49.6755
-50.4113
-51.4695
-52.9282
-54.9024
-57.5584
-61.1314
-65.9417
-72.3841
-80.8263
-91.2602
-102.474
-110.841
-51.0785
-51.3217
-51.822
-52.6082
-53.7271
-55.2473
-57.2646
-59.9075
-63.3403
-67.7528
-73.3182
-80.0751
-87.6768
-94.9966
-99.863
-53.0028
-53.2545
-53.7699
-54.5741
-55.7062
-57.2214
-59.1922
-61.7081
-64.8687
-68.7634
-73.425
-78.7372
-84.2892
-89.2232
-92.264
-54.7524
-55.0041
-55.5174
-56.3123
-57.4192
-58.879
-60.7414
-63.0611
-65.8872
-69.2415
-73.0801
-77.2328
-81.3305
-84.7645
-86.7765
-56.3272
-56.5721
-57.0694
-57.8339
-58.8873
-60.257
-61.973
-64.0625
-66.5388
-69.3831
-72.5169
-75.7666
-78.8326
-81.2933
-82.6862
-57.732
-57.9649
-58.4359
-59.1549
-60.1359
-61.3945
-62.9453
-64.7953
-66.9348
-69.3238
-71.8734
-74.4278
-76.755
-78.5637
-79.563
-58.975
-59.1924
-59.6301
-60.2941
-61.1916
-62.3292
-63.7098
-65.3269
-67.1577
-69.1529
-71.2264
-73.2467
-75.0376
-76.396
-77.1337
-60.0673
-60.2668
-60.6673
-61.2712
-62.0805
-63.0952
-64.31
-65.7102
-67.2663
-68.9276
-70.6163
-72.2249
-73.6204
-74.6595
-75.2165
-61.0209
-61.2017
-61.5633
-62.1056
-62.8268
-63.7223
-64.7815
-65.9853
-67.3019
-68.6833
-70.0619
-71.3511
-72.4506
-73.2577
-73.6862
-61.8491
-62.011
-62.3339
-62.8157
-63.4522
-64.2356
-65.1525
-66.182
-67.2927
-68.4408
-69.5694
-70.6092
-71.4838
-72.1188
-72.4534
-62.5649
-62.7084
-62.9941
-63.4184
-63.9757
-64.6562
-65.4455
-66.3223
-67.2573
-68.212
-69.1386
-69.9819
-70.6835
-71.1884
-71.4529
-63.181
-63.3073
-63.5579
-63.9289
-64.4135
-65.0013
-65.6776
-66.4222
-67.2083
-68.0026
-68.7655
-69.4529
-70.0198
-70.4249
-70.6361
-63.7095
-63.8198
-64.0383
-64.3606
-64.7796
-65.2849
-65.8624
-66.4932
-67.1536
-67.8151
-68.4449
-69.0077
-69.4685
-69.7959
-69.9661
-64.1613
-64.2571
-64.4465
-64.725
-65.0857
-65.5185
-66.0102
-66.5436
-67.0982
-67.6496
-68.1707
-68.6333
-69.0099
-69.2761
-69.4141
-64.5467
-64.6294
-64.7928
-65.0325
-65.3418
-65.7113
-66.1289
-66.5795
-67.045
-67.505
-67.9372
-68.3187
-68.6277
-68.8454
-68.958
-64.8746
-64.9458
-65.0862
-65.2917
-65.556
-65.8706
-66.2247
-66.6048
-66.9957
-67.3798
-67.7389
-68.0544
-68.309
-68.4878
-68.58
-65.1531
-65.2141
-65.3343
-65.5099
-65.7353
-66.0026
-66.3023
-66.6229
-66.9509
-67.272
-67.5709
-67.8325
-68.0428
-68.1902
-68.2661
-65.3892
-65.4414
-65.544
-65.6937
-65.8853
-66.1121
-66.3655
-66.6356
-66.9111
-67.1796
-67.4287
-67.6461
-67.8204
-67.9422
-68.0049
-65.5891
-65.6336
-65.721
-65.8483
-66.011
-66.2031
-66.4172
-66.6447
-66.8759
-67.1008
-67.3087
-67.4896
-67.6343
-67.7354
-67.7873
-65.7582
-65.796
-65.8703
-65.9784
-66.1163
-66.2788
-66.4595
-66.6511
-66.8453
-67.0336
-67.2074
-67.3582
-67.4786
-67.5626
-67.6057
-65.9009
-65.933
-65.9961
-66.0878
-66.2046
-66.3419
-66.4944
-66.6556
-66.8188
-66.9766
-67.1219
-67.2479
-67.3483
-67.4182
-67.454
-66.0214
-66.0486
-66.1021
-66.1797
-66.2785
-66.3945
-66.5231
-66.6588
-66.7959
-66.9283
-67.05
-67.1553
-67.2391
-67.2974
-67.3273
-66.1229
-66.146
-66.1913
-66.2569
-66.3405
-66.4384
-66.5468
-66.6611
-66.7764
-66.8875
-66.9894
-67.0775
-67.1476
-67.1963
-67.2213
-66.2084
-66.2279
-66.2663
-66.3218
-66.3924
-66.4751
-66.5665
-66.6627
-66.7597
-66.853
-66.9385
-67.0123
-67.071
-67.1117
-67.1326
-66.2803
-66.2969
-66.3293
-66.3763
-66.4359
-66.5057
-66.5828
-66.6639
-66.7454
-66.8239
-66.8957
-66.9577
-67.0068
-67.041
-67.0585
-66.3408
-66.3548
-66.3822
-66.4219
-66.4723
-66.5313
-66.5963
-66.6647
-66.7334
-66.7994
-66.8598
-66.9118
-66.9531
-66.9818
-66.9964
-66.3915
-66.4033
-66.4266
-66.4602
-66.5028
-66.5526
-66.6076
-66.6653
-66.7232
-66.7788
-66.8297
-66.8734
-66.9082
-66.9322
-66.9446
-66.434
-66.444
-66.4637
-66.4922
-66.5283
-66.5705
-66.6169
-66.6657
-66.7146
-66.7616
-66.8044
-66.8414
-66.8706
-66.8909
-66.9013
-66.4695
-66.478
-66.4947
-66.5189
-66.5495
-66.5853
-66.6247
-66.666
-66.7074
-66.7471
-66.7834
-66.8146
-66.8393
-66.8564
-66.8652
-66.4991
-66.5064
-66.5206
-66.5411
-66.5672
-66.5976
-66.6311
-66.6662
-66.7013
-66.7351
-66.7658
-66.7923
-66.8132
-66.8278
-66.8352
-66.5237
-66.5299
-66.542
-66.5596
-66.5818
-66.6078
-66.6364
-66.6663
-66.6963
-66.7251
-66.7513
-66.7738
-66.7917
-66.804
-66.8104
-66.5439
-66.5492
-66.5597
-66.5748
-66.5939
-66.6162
-66.6407
-66.6664
-66.6922
-66.7168
-66.7393
-66.7586
-66.7739
-66.7845
-66.7899
-66.5605
-66.5651
-66.5741
-66.5872
-66.6037
-66.623
-66.6443
-66.6665
-66.6887
-66.7101
-66.7295
-66.7462
-66.7594
-66.7686
-66.7732
-66.5738
-66.5778
-66.5857
-66.5972
-66.6117
-66.6285
-66.6471
-66.6665
-66.686
-66.7046
-66.7216
-66.7362
-66.7477
-66.7557
-66.7598
-66.5843
-66.5879
-66.5949
-66.6051
-66.6179
-66.6329
-66.6493
-66.6666
-66.6838
-66.7003
-66.7154
-66.7283
-66.7385
-66.7456
-66.7492
-66.5924
-66.5956
-66.6019
-66.6111
-66.6227
-66.6362
-66.6511
-66.6666
-66.6822
-66.697
-66.7106
-66.7223
-66.7315
-66.7379
-66.7411
-66.5981
-66.6011
-66.607
-66.6154
-66.6261
-66.6386
-66.6523
-66.6666
-66.681
-66.6947
-66.7072
-66.7179
-66.7264
-66.7323
-66.7353
-66.6019
-66.6047
-66.6102
-66.6182
-66.6283
-66.6401
-66.6531
-66.6666
-66.6802
-66.6932
-66.705
-66.7151
-66.7232
-66.7287
-66.7316
-66.6036
-66.6064
-66.6117
-66.6195
-66.6294
-66.6408
-66.6534
-66.6666
-66.6798
-66.6924
-66.7039
-66.7138
-66.7216
-66.727
-66.7298
-66.6034
-66.6062
-66.6116
-66.6194
-66.6293
-66.6408
-66.6534
-66.6666
-66.6799
-66.6925
-66.704
-66.7139
-66.7218
-66.7272
-66.73
-66.6014
-66.6042
-66.6098
-66.6178
-66.628
-66.6399
-66.653
-66.6666
-66.6803
-66.6934
-66.7053
-66.7155
-66.7236
-66.7292
-66.732
-66.5973
-66.6003
-66.6063
-66.6148
-66.6256
-66.6383
-66.6521
-66.6666
-66.6811
-66.695
-66.7077
-66.7185
-66.7271
-66.7331
-66.7361
-66.5912
-66.5944
-66.6009
-66.6102
-66.622
-66.6357
-66.6508
-66.6666
-66.6824
-66.6975
-66.7113
-66.7231
-66.7325
-66.739
-66.7423
-66.5827
-66.5864
-66.5935
-66.6039
-66.617
-66.6322
-66.649
-66.6666
-66.6842
-66.701
-66.7163
-66.7295
-66.7399
-66.7471
-66.7508
-66.5717
-66.5759
-66.584
-66.5957
-66.6105
-66.6277
-66.6467
-66.6666
-66.6864
-66.7055
-66.7228
-66.7377
-66.7495
-66.7576
-66.7618
-66.5579
-66.5626
-66.5719
-66.5853
-66.6022
-66.622
-66.6437
-66.6665
-66.6893
-66.7111
-66.731
-66.7481
-66.7616
-66.771
-66.7758
-66.5407
-66.5462
-66.5569
-66.5724
-66.592
-66.6149
-66.6401
-66.6664
-66.6928
-66.7181
-66.7411
-66.7609
-66.7766
-66.7875
-66.793
-66.5198
-66.5262
-66.5387
-66.5567
-66.5796
-66.6063
-66.6356
-66.6664
-66.6971
-66.7266
-66.7535
-66.7767
-66.795
-66.8077
-66.8141
-66.4944
-66.5019
-66.5165
-66.5377
-66.5645
-66.5958
-66.6302
-66.6662
-66.7024
-66.737
-66.7686
-66.7957
-66.8172
-66.8321
-66.8398
-66.4639
-66.4727
-66.4899
-66.5147
-66.5463
-66.5831
-66.6236
-66.666
-66.7086
-66.7494
-66.7867
-66.8187
-66.8441
-66.8617
-66.8707
-66.4272
-66.4376
-66.4578
-66.4872
-66.5244
-66.5678
-66.6156
-66.6658
-66.7161
-66.7644
-66.8084
-66.8463
-66.8764
-66.8972
-66.9078
-66.3834
-66.3956
-66.4195
-66.4542
-66.4981
-66.5495
-66.606
-66.6654
-66.725
-66.7822
-66.8344
-66.8794
-66.915
-66.9398
-66.9524
-66.331
-66.3455
-66.3738
-66.4148
-66.4668
-66.5275
-66.5945
-66.6649
-66.7356
-66.8034
-66.8655
-66.9189
-66.9613
-66.9907
-67.0058
-66.2687
-66.2858
-66.3192
-66.3677
-66.4293
-66.5013
-66.5807
-66.6642
-66.7481
-66.8287
-66.9025
-66.9661
-67.0166
-67.0516
-67.0695
-66.1944
-66.2147
-66.2542
-66.3116
-66.3845
-66.4698
-66.564
-66.6631
-66.7629
-66.8588
-66.9467
-67.0224
-67.0826
-67.1244
-67.1458
-66.1062
-66.1301
-66.1769
-66.2448
-66.3311
-66.4322
-66.544
-66.6617
-66.7803
-66.8945
-66.9992
-67.0896
-67.1614
-67.2113
-67.2369
-66.0014
-66.0296
-66.0849
-66.1652
-66.2673
-66.3872
-66.5198
-66.6596
-66.8007
-66.9368
-67.0616
-67.1696
-67.2554
-67.3151
-67.3457
-65.8769
-65.9102
-65.9756
-66.0705
-66.1913
-66.3333
-66.4906
-66.6567
-66.8246
-66.9868
-67.1359
-67.2649
-67.3677
-67.4391
-67.4758
-65.7294
-65.7686
-65.8457
-65.9578
-66.1006
-66.2687
-66.4553
-66.6527
-66.8525
-67.0459
-67.224
-67.3784
-67.5016
-67.5873
-67.6314
-65.5546
-65.6008
-65.6916
-65.8238
-65.9924
-66.1912
-66.4124
-66.6469
-66.8848
-67.1156
-67.3287
-67.5137
-67.6615
-67.7645
-67.8175
-65.3476
-65.402
-65.5088
-65.6644
-65.8633
-66.0982
-66.3602
-66.6388
-66.9221
-67.1977
-67.4528
-67.6747
-67.8525
-67.9765
-68.0403
-65.103
-65.1667
-65.292
-65.4749
-65.7092
-65.9865
-66.2966
-66.6273
-66.9648
-67.2941
-67.5998
-67.8666
-68.0807
-68.2304
-68.3075
-64.8142
-64.8886
-65.0354
-65.2498
-65.5251
-65.852
-66.2187
-66.6111
-67.0131
-67.4069
-67.7737
-68.095
-68.3535
-68.5347
-68.6281
-64.4736
-64.5604
-64.7317
-64.9824
-65.3052
-65.6898
-66.1228
-66.5883
-67.0672
-67.5384
-67.9793
-68.367
-68.68
-68.9
-69.0136
-64.0727
-64.1736
-64.3727
-64.6651
-65.0425
-65.4939
-66.0045
-66.5561
-67.1266
-67.691
-68.2219
-68.6909
-69.0712
-69.3393
-69.4779
-63.6019
-63.7185
-63.9491
-64.2886
-64.7285
-65.2569
-65.8578
-66.5107
-67.1903
-67.8669
-68.5073
-69.0765
-69.5402
-69.8684
-70.0385
-63.0501
-63.1842
-63.45
-63.8424
-64.353
-64.9695
-65.675
-66.4468
-67.2561
-68.068
-68.8422
-69.5352
-70.1032
-70.5072
-70.7173
-62.4051
-62.5584
-62.863
-63.3141
-63.9039
-64.6204
-65.4461
-66.3567
-67.32
-68.2952
-69.2336
-70.0806
-70.7802
-71.2807
-71.5419
-61.6537
-61.8277
-62.1742
-62.6894
-63.3669
-64.1955
-65.1583
-66.2301
-67.3757
-68.548
-69.6884
-70.7285
-71.5955
-72.2202
-72.5479
-60.7814
-60.9773
-61.3682
-61.9522
-62.7248
-63.6774
-64.7948
-66.0524
-67.4127
-68.8229
-70.2128
-71.4966
-72.579
-73.3661
-73.7814
-59.7732
-59.9914
-60.4282
-61.0841
-61.9578
-63.0449
-64.334
-65.8032
-67.4152
-69.1119
-70.8108
-72.4045
-73.7674
-74.7701
-75.3032
-58.6135
-58.8537
-59.3362
-60.0646
-61.0427
-62.272
-63.748
-65.455
-67.3589
-69.3994
-71.4817
-73.4728
-75.206
-76.5002
-77.1953
-57.2871
-57.5478
-58.0733
-58.8717
-59.9532
-61.3279
-63.0017
-64.9699
-67.2077
-69.6577
-72.216
-74.7202
-76.9494
-78.6463
-79.5699
-55.7797
-56.0579
-56.6211
-57.4823
-58.6601
-60.1761
-62.051
-64.2977
-66.9092
-69.841
-72.9877
-76.1584
-79.0625
-81.3295
-82.5859
-54.0792
-54.3702
-54.9619
-55.8732
-57.1322
-58.775
-60.8421
-63.3722
-66.3882
-69.8749
-73.7428
-77.7817
-81.6178
-84.7143
-86.4743
-52.1766
-52.4739
-53.0808
-54.0225
-55.3379
-57.0793
-59.3119
-62.1091
-65.5403
-69.644
-74.3792
-79.5458
-84.6867
-89.0273
-91.5847
-50.0677
-50.3625
-50.9672
-51.9126
-53.2477
-55.0424
-57.3896
-60.4059
-64.2253
-68.9746
-74.716
-81.3278
-88.3112
-94.5785
-98.4711
-47.7541
-48.0361
-48.617
-49.532
-50.8386
-52.6219
-55.0025
-58.1452
-62.2644
-67.6163
-74.4483
-82.8515
-92.433
-101.779
-108.06
-45.2447
-45.5023
-46.0348
-46.8796
-48.0985
-49.7867
-52.0864
-55.2062
-59.4475
-65.2302
-73.0894
-83.5569
-96.7182
-111.107
-122.012
-42.5566
-42.7776
-43.236
-43.9675
-45.0324
-46.5269
-48.6008
-51.4885
-55.5603
-61.402
-69.919
-82.3917
-100.151
-122.854
-143.536
-39.7151
-39.8881
-40.2477
-40.8239
-41.6682
-42.8649
-44.55
-46.9484
-50.4441
-55.716
-64.0018
-77.5551
-100.15
-136.005
-179.421
-36.7537
-36.8691
-37.1091
-37.4941
-38.0595
-38.8638
-40.0039
-41.6466
-44.0943
-47.9372
-54.4265
-66.4394
-90.9418
-143.904
-245.457
-33.7123
-33.7636
-33.87
-34.0392
-34.285
-34.6295
-35.109
-35.7858
-36.7757
-38.3208
-41.0156
-46.6506
-61.9691
-118.06
-382.014
-30.6354
-30.6202
-30.5873
-30.5313
-30.4421
-30.3016
-30.0772
-29.7076
-29.0717
-27.9062
-25.5629
-20.1373
-4.68273
52.1354
317.29
-27.5693
-27.4891
-27.3208
-27.0467
-26.635
-26.0322
-25.1462
-23.8147
-21.7357
-18.3097
-12.2512
-0.588737
23.8788
77.6519
181.57
-24.559
-24.4194
-24.128
-23.6576
-22.9609
-21.9595
-20.5247
-18.441
-15.3355
-10.5417
-2.83132
10.0672
32.0888
68.3445
118.019
17.392
7.10464
2.96887
0.824657
-0.476136
-1.33941
-1.94347
-2.38002
-2.70154
-2.94028
-3.11704
-3.24562
-3.33524
-3.39196
-3.41945
10.9976
6.73921
3.62499
1.59524
0.243383
-0.692862
-1.36324
-1.85491
-2.22092
-2.49499
-2.69931
-2.84878
-2.95342
-3.01987
-3.05214
7.56041
5.57916
3.52798
1.89506
0.674277
-0.230936
-0.907118
-1.41706
-1.80412
-2.09812
-2.31966
-2.48304
-2.59812
-2.6715
-2.70722
5.49901
4.46762
3.14047
1.90867
0.886018
0.0719429
-0.566435
-1.06452
-1.45194
-1.75156
-1.98037
-2.15082
-2.27175
-2.34925
-2.38709
4.15381
3.56145
2.68673
1.77703
0.952905
0.252808
-0.323175
-0.788819
-1.16074
-1.45414
-1.68161
-1.85296
-1.97554
-2.05453
-2.09322
3.21994
2.85134
2.25725
1.58594
0.933658
0.347481
-0.156536
-0.578204
-0.92404
-1.2025
-1.4218
-1.58896
-1.70959
-1.78777
-1.8262
2.54202
2.29781
1.88137
1.38161
0.868501
0.385096
-0.0470823
-0.420247
-0.734123
-0.991949
-1.19818
-1.35727
-1.47309
-1.54861
-1.58586
2.03367
1.86386
1.56334
1.18656
0.782705
0.387134
0.0213893
-0.303459
-0.583124
-0.817216
-1.00729
-1.15563
-1.26455
-1.33601
-1.37138
1.64323
1.52068
1.29825
1.0103
0.691148
0.368458
0.0614599
-0.218046
-0.463768
-0.673046
-0.845371
-0.981351
-1.08203
-1.14846
-1.18145
1.33788
1.24684
1.07866
0.855697
0.602044
0.33888
0.0824384
-0.156092
-0.369718
-0.554532
-0.708685
-0.83158
-0.92328
-0.984116
-1.01443
1.09574
1.02655
0.897111
0.7224
0.519541
0.304632
0.0909777
-0.111431
-0.295673
-0.457306
-0.593702
-0.703465
-0.785956
-0.840962
-0.868454
0.901637
0.848098
0.746991
0.608644
0.445402
0.269509
0.0917067
-0.0793841
-0.237327
-0.377601
-0.497211
-0.594282
-0.667715
-0.716907
-0.741562
0.744709
0.702674
0.622727
0.512171
0.380047
0.235709
0.0877746
-0.0564678
-0.191248
-0.312244
-0.416367
-0.501511
-0.566301
-0.609886
-0.631786
0.616965
0.583572
0.519714
0.430672
0.32317
0.204406
0.0812779
-0.0401218
-0.154741
-0.2586
-0.348701
-0.422872
-0.479608
-0.51792
-0.537213
0.512407
0.485623
0.434185
0.36199
0.27411
0.176131
0.0735804
-0.0284841
-0.125705
-0.21451
-0.292093
-0.356337
-0.405707
-0.439156
-0.456035
0.426444
0.404791
0.363066
0.304197
0.232062
0.151031
0.0655446
-0.0202098
-0.102512
-0.178211
-0.244748
-0.300127
-0.342859
-0.371896
-0.386574
0.355515
0.337895
0.303851
0.255615
0.19619
0.129022
0.0576947
-0.0143328
-0.0839039
-0.148273
-0.205149
-0.252698
-0.289519
-0.314604
-0.327304
0.296819
0.282403
0.254488
0.214802
0.165693
0.109902
0.0503306
-0.0101616
-0.068908
-0.123537
-0.172025
-0.212718
-0.244327
-0.265909
-0.276852
0.248132
0.236283
0.213298
0.18053
0.139834
0.0934064
0.0436054
-0.00720262
-0.056771
-0.103064
-0.144312
-0.179045
-0.206096
-0.224602
-0.233996
0.207671
0.197894
0.178901
0.151761
0.117955
0.0792526
0.0375792
-0.0051044
-0.0469084
-0.0860931
-0.121124
-0.150705
-0.173796
-0.189621
-0.197662
0.173998
0.165903
0.15016
0.127621
0.0994762
0.0671611
0.0322544
-0.00361698
-0.0388645
-0.0720064
-0.101719
-0.12687
-0.146543
-0.160044
-0.16691
0.145945
0.139223
0.126136
0.107372
0.0838928
0.0568687
0.0275994
-0.00256276
-0.0322826
-0.0603008
-0.0854803
-0.106839
-0.123574
-0.135073
-0.140925
0.122559
0.116961
0.106055
0.0903967
0.0707704
0.048135
0.0235641
-0.0018157
-0.026882
-0.0505662
-0.0718944
-0.0900186
-0.104239
-0.114022
-0.119004
0.103059
0.0983856
0.0892732
0.0761762
0.0597369
0.0407451
0.0200905
-0.00128635
-0.022441
-0.0424673
-0.0605329
-0.0759081
-0.0879869
-0.0963033
-0.100541
0.0868045
0.0828914
0.0752578
0.0642762
0.0504757
0.0345097
0.0171183
-0.000911303
-0.0187834
-0.0357296
-0.0510394
-0.064086
-0.0743465
-0.0814164
-0.0850209
0.0732665
0.0699803
0.0635666
0.0543331
0.0427179
0.0292639
0.0145891
-0.000645595
-0.0157687
-0.030128
-0.0431171
-0.0541984
-0.0629211
-0.0689355
-0.0720031
0.0620099
0.0592405
0.0538333
0.0460437
0.0362366
0.0248655
0.0124487
-0.000457361
-0.0132844
-0.0254777
-0.0365194
-0.0459482
-0.0533759
-0.0585003
-0.061115
0.0526761
0.0503321
0.0457539
0.0391551
0.0308412
0.0211932
0.0106479
-0.000324019
-0.0112399
-0.0216269
-0.0310415
-0.0390874
-0.0454298
-0.0498077
-0.0520421
0.0449697
0.0429748
0.0390773
0.0334571
0.026372
0.0181439
0.00914327
-0.000229568
-0.00956272
-0.0184512
-0.0265139
-0.0334092
-0.0388477
-0.0426033
-0.0445205
0.0386483
0.0369383
0.0335967
0.0287763
0.0226962
0.015631
0.00789705
-0.000162673
-0.00819427
-0.0158487
-0.0227968
-0.0287423
-0.0334341
-0.0366751
-0.03833
0.0335141
0.0320346
0.0291429
0.02497
0.0197044
0.0135824
0.00687698
-0.000115306
-0.00708766
-0.0137368
-0.0197757
-0.0249459
-0.0290276
-0.0318481
-0.0332885
0.0294071
0.0281114
0.0255785
0.0219224
0.0173072
0.0119389
0.00605605
-8.17815e-05
-0.00620547
-0.0120484
-0.0173577
-0.0219053
-0.0254967
-0.0279791
-0.0292471
0.0261997
0.0250472
0.0227939
0.0195407
0.0154328
0.0106527
0.00541212
-5.80741e-05
-0.00551823
-0.0107304
-0.0154687
-0.0195286
-0.0227359
-0.0249532
-0.026086
0.0237923
0.0227472
0.0207036
0.0177525
0.0140249
0.00968615
0.00492763
-4.13384e-05
-0.00500316
-0.00974147
-0.0140505
-0.0177438
-0.0206623
-0.0226803
-0.0237115
0.0221106
0.0211405
0.0192434
0.0165033
0.0130415
0.00901102
0.00458926
-2.95653e-05
-0.00464328
-0.00905058
-0.0130598
-0.0164971
-0.0192138
-0.0210927
-0.0220528
0.0211024
0.0201774
0.0183683
0.0157551
0.012453
0.00860752
0.00438771
-2.13415e-05
-0.0044267
-0.00863608
-0.0124662
-0.0157506
-0.018347
-0.0201429
-0.0210606
0.0207364
0.0198281
0.0180516
0.0154852
0.0122417
0.00846391
0.00431753
-1.56798e-05
-0.00434618
-0.00848489
-0.0122514
-0.0154819
-0.0180359
-0.0198028
-0.0207057
0.021001
0.0200816
0.0182834
0.0156853
0.0124015
0.00857618
0.00437709
-1.19008e-05
-0.00439883
-0.00859211
-0.0124088
-0.0156828
-0.0182715
-0.0200624
-0.0209777
0.0219039
0.0209454
0.0190705
0.0163614
0.0129372
0.00894797
0.00456848
-9.55067e-06
-0.00458593
-0.00896075
-0.0129431
-0.0163594
-0.0190609
-0.0209299
-0.0218852
0.0234723
0.0224454
0.0204366
0.0175342
0.0138653
0.0095907
0.00489771
-8.34758e-06
-0.00491296
-0.00960187
-0.0138704
-0.0175324
-0.0204283
-0.0224319
-0.023456
0.0257537
0.0246271
0.0224233
0.019239
0.0152138
0.0105239
0.00537487
-8.14721e-06
-0.00538976
-0.0105349
-0.0152188
-0.0192373
-0.0224152
-0.0246139
-0.0257377
0.0288173
0.0275567
0.0250908
0.0215278
0.0170237
0.011776
0.00601446
-8.92572e-06
-0.00603077
-0.011788
-0.0170293
-0.0215259
-0.0250819
-0.0275422
-0.0287998
0.0327561
0.0313231
0.02852
0.0244698
0.01935
0.013385
0.00683583
-1.07768e-05
-0.00685552
-0.0133994
-0.0193567
-0.0244676
-0.0285093
-0.0313057
-0.032735
0.0376898
0.0360408
0.0328152
0.0281545
0.0222632
0.0153994
0.00786374
-1.39229e-05
-0.00788918
-0.015418
-0.0222718
-0.0281516
-0.0328013
-0.0360183
-0.0376626
0.0437684
0.0418531
0.0381067
0.0326937
0.0258515
0.0178802
0.00912913
-1.87421e-05
-0.00916337
-0.0179053
-0.0258631
-0.0326898
-0.038088
-0.0418228
-0.0437317
0.0511768
0.0489369
0.0445555
0.0382251
0.0302237
0.0209025
0.01067
-2.58134e-05
-0.0107172
-0.0209371
-0.0302397
-0.0382197
-0.0445296
-0.0488951
-0.0511263
0.0601404
0.0575074
0.0523573
0.0449167
0.0355124
0.0245575
0.0125325
-3.59862e-05
-0.0125983
-0.0246057
-0.0355346
-0.0449091
-0.0523214
-0.0574492
-0.06007
0.0709322
0.0678257
0.0617496
0.0529715
0.0418777
0.0289556
0.0147724
-5.04822e-05
-0.0148646
-0.0290231
-0.0419089
-0.052961
-0.0616991
-0.067744
-0.0708334
0.0838807
0.0802057
0.0730179
0.0626343
0.0495123
0.0342292
0.0174564
-7.10426e-05
-0.0175862
-0.0343243
-0.0495562
-0.0626194
-0.0729469
-0.0800908
-0.0837418
0.0993809
0.0950248
0.0865051
0.0741983
0.0586474
0.0405373
0.0206642
-0.000100137
-0.0208472
-0.0406713
-0.0587093
-0.0741774
-0.086405
-0.0948628
-0.099185
0.117906
0.112735
0.102622
0.0880148
0.0695593
0.0480694
0.0244909
-0.000141258
-0.024749
-0.0482584
-0.0696466
-0.0879853
-0.102481
-0.112506
-0.117629
0.140021
0.133876
0.121859
0.104503
0.082578
0.0570516
0.0290491
-0.000199346
-0.0294133
-0.0573184
-0.0827012
-0.104462
-0.12166
-0.133553
-0.139631
0.166402
0.159094
0.144803
0.124165
0.0980969
0.067753
0.0344724
-0.000281374
-0.0349865
-0.0681295
-0.0982708
-0.124106
-0.144521
-0.158638
-0.165851
0.197858
0.18916
0.172153
0.147597
0.116585
0.0804932
0.0409187
-0.000397194
-0.0416444
-0.0810248
-0.11683
-0.147514
-0.171756
-0.188517
-0.197081
0.235352
0.224995
0.204745
0.175511
0.138599
0.095652
0.0485739
-0.000560712
-0.0495983
-0.0964024
-0.138945
-0.175394
-0.204184
-0.224088
-0.234255
0.280038
0.267698
0.243575
0.208756
0.164803
0.113679
0.0576568
-0.000791563
-0.0591031
-0.114739
-0.165292
-0.20859
-0.242784
-0.266417
-0.27849
0.333292
0.318583
0.289832
0.248343
0.195985
0.135108
0.0684241
-0.00111747
-0.0704658
-0.136603
-0.196676
-0.248109
-0.288715
-0.316775
-0.331106
0.396758
0.379216
0.344934
0.295475
0.233083
0.160568
0.0811755
-0.00157755
-0.0840579
-0.16268
-0.234058
-0.295145
-0.343357
-0.376664
-0.393672
0.472404
0.451472
0.410574
0.351588
0.277207
0.190805
0.0962598
-0.00222705
-0.100329
-0.193785
-0.278584
-0.351122
-0.408347
-0.447869
-0.468047
0.562583
0.537592
0.488772
0.418388
0.32968
0.226695
0.114081
-0.00314395
-0.119825
-0.230903
-0.331623
-0.417731
-0.485628
-0.532504
-0.556432
0.670114
0.640255
0.581943
0.497911
0.392064
0.269271
0.135103
-0.00443831
-0.143213
-0.275211
-0.394808
-0.496983
-0.577505
-0.633073
-0.661431
0.798377
0.762674
0.692972
0.592579
0.466215
0.319743
0.159857
-0.0062655
-0.171305
-0.328129
-0.470089
-0.591271
-0.686707
-0.752535
-0.786118
0.951429
0.908699
0.82531
0.705281
0.554326
0.37953
0.18894
-0.00884482
-0.205101
-0.391368
-0.559796
-0.703433
-0.816465
-0.894385
-0.934122
1.13415
1.08295
0.983089
0.839453
0.658992
0.450281
0.223019
-0.0124858
-0.245833
-0.466993
-0.666714
-0.836846
-0.970603
-1.06275
-1.10972
1.35242
1.291
1.17126
0.999193
0.783273
0.533911
0.262821
-0.0176252
-0.295026
-0.557505
-0.794177
-0.995516
-1.15363
-1.26247
-1.31792
1.61333
1.53953
1.39576
1.18938
0.930775
0.632626
0.309119
-0.0248793
-0.35458
-0.665935
-0.946171
-1.18419
-1.37088
-1.49926
-1.56463
1.92548
1.83665
1.66373
1.41583
1.10573
0.748948
0.3627
-0.0351178
-0.426872
-0.795971
-1.12747
-1.40852
-1.62861
-1.77979
-1.85672
2.29932
2.19215
1.98376
1.68547
1.3131
0.885726
0.424314
-0.0495671
-0.514894
-0.952112
-1.34381
-1.67516
-1.93419
-2.11188
-2.20222
2.74755
2.61795
2.3662
2.00653
1.55866
1.04614
0.494583
-0.0699566
-0.622432
-1.13986
-1.60204
-1.99202
-2.29624
-2.50461
-2.61045
3.28578
3.12854
2.82357
2.38884
1.84912
1.23365
0.573869
-0.0987238
-0.754308
-1.36596
-1.91041
-2.36843
-2.72484
-2.96852
-3.09216
3.93318
3.74173
3.37102
2.84405
2.19216
1.45192
0.66205
-0.139302
-0.916687
-1.63872
-2.2788
-2.81537
-3.23172
-3.51578
-3.65972
4.71351
4.47937
4.02696
3.38601
2.59654
1.70464
0.758203
-0.196522
-1.1175
-1.96837
-2.71907
-3.34577
-3.83045
-4.16031
-4.32722
5.6564
5.36856
4.81382
4.03107
3.07205
1.99521
0.86011
-0.277177
-1.36699
-2.36759
-3.24544
-3.97477
-4.53666
-4.91799
-5.11061
6.79916
6.44307
5.75897
4.79854
3.62935
2.32625
0.963529
-0.390799
-1.67843
-2.85202
-3.87493
-4.72004
-5.36822
-5.80669
-6.02773
8.18916
7.74531
6.896
5.71094
4.27962
2.69866
1.06112
-0.550737
-2.06906
-3.44107
-4.62785
-5.60205
-6.34539
-6.84635
-7.09832
9.88733
9.32909
8.26615
6.79433
5.03379
3.11035
1.14086
-0.775626
-2.56127
-4.15874
-5.52838
-6.64434
-7.49083
-8.05887
-8.34384
11.9731
11.2633
9.92018
8.07819
5.90104
3.55399
1.1838
-1.09138
-3.18413
-5.03461
-6.60505
-7.87373
-8.82959
-9.46792
-9.78722
14.5518
13.6372
11.9206
9.59473
6.88626
4.01368
1.16076
-1.53382
-3.97522
-6.10492
-7.89123
-9.32031
-10.3888
-11.0985
-11.4523
17.7654
16.5681
14.344
11.3769
7.9854
4.45968
1.02775
-2.15206
-4.98274
-7.41365
-9.42544
-11.0172
-12.1972
-12.9761
-13.3629
21.8104
20.2119
17.2834
13.4537
9.17768
4.8405
0.719661
-3.01276
-6.26783
-9.01341
-11.2513
-13
-14.284
-15.1258
-15.5422
26.9654
24.7792
20.8483
15.8405
10.4124
5.07107
0.141815
-4.20493
-7.90671
-10.9657
-13.4166
-15.3056
-16.6779
-17.5708
-18.0106
33.6385
30.558
25.161
18.5192
11.5866
5.01545
-0.840564
-5.845
-9.99192
-13.3402
-15.9721
-17.9699
-19.4045
-20.3304
-20.7842
42.4505
37.9454
30.3379
21.3996
12.5099
4.46315
-2.41434
-8.08055
-12.6317
-16.2122
-18.9679
-21.0252
-22.4842
-23.4177
-23.8729
54.3909
47.487
36.439
24.2462
12.8477
3.09884
-4.82928
-11.0905
-15.9454
-19.6569
-22.4485
-24.4958
-25.9286
-26.837
-27.2776
71.1253
59.9062
43.3347
26.5412
12.0398
0.470164
-8.40184
-15.0769
-20.0533
-23.7401
-26.4459
-28.3932
-29.737
-30.581
-30.9881
95.6504
76.0419
50.3844
27.2442
9.19592
-4.0318
-13.5
-20.2428
-25.0567
-28.5046
-30.9699
-32.7093
-33.8925
-34.6282
-34.981
133.792
96.378
55.6858
24.411
3.00426
-11.1444
-20.4907
-26.7481
-31.0088
-33.9514
-35.9977
-37.4115
-38.3585
-38.9411
-39.2188
197.915
118.99
54.447
14.725
-8.22791
-21.5919
-29.6263
-34.6398
-37.8759
-40.0206
-41.4647
-42.4377
-43.0773
-43.4656
-43.6492
316.845
131.614
35.9712
-6.60614
-26.1191
-35.7404
-40.8596
-43.7657
-45.5008
-46.5761
-47.2585
-47.6952
-47.9703
-48.1319
-48.2068
564.407
82.0231
-19.3561
-43.9541
-50.8792
-53.0152
-53.6296
-53.7044
-53.5839
-53.4041
-53.2226
-53.0648
-52.9418
-52.8583
-52.8162
-21.3544
-21.159
-20.7529
-20.1028
-19.1522
-17.8107
-15.9371
-13.3105
-9.58541
-4.22534
3.56698
14.8196
30.2457
47.8547
55.2368
-18.0543
-17.8132
-17.315
-16.5256
-15.3884
-13.8173
-11.6857
-8.81268
-4.94797
0.232569
7.08636
15.8299
26.0513
35.7284
40.422
-14.9956
-14.7249
-14.1688
-13.2965
-12.0589
-10.3845
-8.17597
-5.30698
-1.62697
3.01675
8.71589
15.3615
22.4003
28.5852
32.2153
-12.208
-11.9223
-11.3389
-10.433
-9.16629
-7.48632
-5.32701
-2.61278
0.729681
4.74496
9.39889
14.4991
19.6023
23.9962
26.9364
-9.70632
-9.41788
-8.83198
-7.93065
-6.68726
-5.0677
-3.03329
-0.547257
2.41284
5.83387
9.63566
13.6335
17.513
20.8606
23.3009
-7.49347
-7.21124
-6.64082
-5.77069
-4.58474
-3.06422
-1.19146
1.04382
3.63439
6.54116
9.67581
12.8861
15.955
18.6314
20.7027
-5.56324
-5.29317
-4.74975
-3.92693
-2.81712
-1.41328
0.287602
2.27932
4.5393
7.01985
9.63966
12.2796
14.7888
17.0069
18.8021
-3.90346
-3.64884
-3.13847
-2.37056
-1.3439
-0.0597136
1.47553
3.24629
5.22333
7.35883
9.58284
11.8034
13.9132
15.8047
17.3904
-2.49868
-2.26067
-1.78511
-1.07333
-0.128606
1.04242
2.42758
4.00667
5.74858
7.60895
9.52904
11.4375
13.2557
14.9079
16.3328
-1.33229
-1.11046
-0.668347
-0.00946882
0.859982
1.93
3.18532
4.60384
6.15504
7.799
9.48654
11.1613
12.7638
14.2381
15.5389
-0.388134
-0.180906
0.231243
0.843417
1.64759
2.63184
3.77945
5.06792
6.46833
7.94505
9.45647
10.9568
12.3996
13.7415
14.9472
0.348402
0.543331
0.930412
1.5039
2.25471
3.16992
4.23227
5.41965
6.70489
8.05599
9.437
10.8096
12.1358
13.3805
14.5149
0.889612
1.07502
1.44278
1.98666
2.697
3.56045
4.55964
5.67308
6.87514
8.1366
9.42546
10.7085
11.953
13.1294
14.2128
1.24502
1.42396
1.77863
2.30255
2.98579
3.81481
4.77235
5.83743
6.98557
8.18936
9.41933
10.6453
11.838
12.9708
14.0213
1.42109
1.59676
1.94484
2.45873
3.12839
3.94024
4.8771
5.9183
7.03993
8.21549
9.41675
10.615
11.7825
12.8941
13.9284
43.7781
45.9127
43.9468
35.1604
30.9384
24.9571
20.967
12.8523
18.0896
19.6976
20.6402
21.2017
22.2285
23.0439
25.0164
24.6082
21.2765
19.7079
17.5464
16.3667
14.5426
12.8502
8.56234
12.7453
14.3589
16.0307
17.1136
19.1068
20.569
23.7172
24.0378
21.9791
20.9968
19.5169
18.6398
17.0929
15.3432
10.4063
15.9724
18.2729
20.9189
22.663
25.8932
28.2019
33.0479
33.71
31.1076
29.8671
27.971
26.8164
24.7347
22.2136
14.9518
23.4024
26.8483
30.7748
33.1793
37.4412
40.2997
46.1482
46.447
41.6711
39.3391
35.9046
33.8543
30.4119
26.7921
17.1901
26.8888
30.5192
34.2346
36.3697
40.1925
42.6892
48.0734
48.067
43.1643
40.8884
38.5082
37.1157
36.28
31.7851
18.6372
41.6086
33.2906
-11.6205
-44.3162
-101.874
-256.93
-755.781
39.076
38.4029
36.4223
32.5708
29.0109
25.3228
22.159
19.33
19.6223
20.1786
20.6993
21.1649
21.6969
22.1725
22.5828
22.1397
20.7821
19.4688
18.0907
16.8934
15.6572
14.5076
13.4888
14.4145
15.4714
16.5993
17.6897
18.946
20.1405
21.3645
21.6814
21.1254
20.4453
19.6127
18.814
17.884
16.9324
16.0944
17.6439
19.3452
21.1871
22.9804
25.0406
26.9855
28.9778
29.6401
29.0529
28.2367
27.1767
26.1153
24.8329
23.4634
22.2295
24.5213
26.96
29.5186
31.8657
34.429
36.6782
38.7961
39.0088
37.3651
35.4765
33.2502
31.0974
28.6527
26.152
23.777
25.6887
27.7189
29.7346
31.4337
33.2382
34.6606
35.8696
35.1387
32.5235
29.6285
26.3851
22.8283
18.4712
12.178
3.89995
-1.61443
-18.931
-52.4512
-97.1472
-165.222
-275.726
-430.938
33.0439
32.7755
31.5912
29.561
27.2677
24.933
22.8686
21.3128
20.7744
20.7107
20.8373
21.0324
21.246
21.3948
21.3775
20.988
20.2237
19.3225
18.3746
17.476
16.6467
15.9764
15.6149
15.8947
16.4815
17.2216
18.0267
18.8741
19.6693
20.318
20.5815
20.4502
20.1132
19.6593
19.1774
18.7058
18.358
18.3445
19.0966
20.2147
21.5252
22.9135
24.3534
25.7009
26.8226
27.3692
27.3276
26.9569
26.3844
25.732
25.0561
24.5178
24.4301
25.4284
26.8988
28.5668
30.2406
31.8687
33.2455
34.1869
34.2435
33.4116
32.1
30.4896
28.7608
26.9739
25.3307
24.1907
24.3181
24.9392
25.6904
26.3459
26.8339
26.9394
26.4591
24.9238
22.2854
18.8703
14.7134
9.69316
3.45044
-4.57087
-14.8169
-27.842
-47.8191
-77.1883
-116.313
-167.469
-230.141
-289.548
28.2397
28.4666
27.9775
26.9297
25.5837
24.1536
22.8453
21.8302
21.2426
20.9682
20.8766
20.8727
20.8882
20.8562
20.7078
20.3756
19.862
19.2432
18.5873
17.9584
17.4073
17.0002
16.8173
16.9327
17.2709
17.7498
18.3027
18.8773
19.4087
19.8261
20.0499
20.0712
19.9491
19.7461
19.5257
19.3494
19.3018
19.492
20.022
20.8069
21.7513
22.7718
23.7993
24.741
25.4952
25.9452
26.0758
25.9676
25.7069
25.3824
25.081
24.9232
25.0665
25.6555
26.553
27.6062
28.681
29.6699
30.4397
30.8518
30.7574
30.1484
29.1536
27.8992
26.5079
25.088
23.7846
22.7794
22.2364
21.972
21.7837
21.4995
20.9801
20.0618
18.5677
16.2976
13.1655
9.18055
4.28482
-1.68143
-9.00903
-18.116
-29.5314
-44.0584
-63.1817
-87.8768
-118.15
-153.133
-189.254
-217.609
24.664
25.1883
25.168
24.7271
24.0204
23.1985
22.3993
21.7319
21.2592
20.9624
20.7893
20.6847
20.5985
20.4847
20.3025
20.0242
19.6517
19.2168
18.7612
18.3283
17.9604
17.7009
17.59
17.6498
17.8573
18.1712
18.5473
18.9425
19.312
19.6126
19.8098
19.8982
19.9016
19.8576
19.8102
19.8074
19.903
20.15
20.5803
21.1691
21.8675
22.6198
23.3685
24.0511
24.6054
24.9811
25.1679
25.1975
25.121
24.9992
24.8989
24.8949
25.061
25.4382
25.9826
26.6144
27.2449
27.7866
28.1486
28.2456
28.0122
27.4407
26.5809
25.5056
24.2958
23.0342
21.8091
20.7025
19.7535
18.8951
18.0153
16.9916
15.701
14.0131
11.7937
8.91283
5.27384
0.802411
-4.60205
-11.0955
-18.906
-28.3368
-39.765
-53.6559
-70.5207
-90.5323
-113.208
-137.155
-159.551
-175.948
22.0155
22.6938
22.9636
22.907
22.6223
22.2103
21.763
21.3528
21.0223
20.7782
20.6031
20.4697
20.3484
20.2113
20.0355
19.808
19.5307
19.2203
18.9019
18.6044
18.3571
18.1873
18.1166
18.1541
18.2902
18.5028
18.7641
19.0445
19.3143
19.5476
19.7263
19.8473
19.9223
19.9737
20.0302
20.1235
20.2859
20.5439
20.91
21.3732
21.9061
22.4726
23.0328
23.5454
23.9728
24.2885
24.486
24.5799
24.6001
24.585
24.5777
24.6214
24.7512
24.98
25.2862
25.6242
25.9365
26.1617
26.239
26.115
25.7538
25.1478
24.3184
23.3056
22.1582
20.9278
19.6628
18.3984
17.1402
15.849
14.4541
12.8678
10.9938
8.73001
5.97228
2.61978
-1.41898
-6.23202
-11.9206
-18.6128
-26.4695
-35.6808
-46.4517
-58.97
-73.327
-89.3499
-106.433
-123.411
-138.484
-149.443
20.0376
20.7869
21.229
21.4146
21.4071
21.2727
21.0731
20.8583
20.6608
20.4941
20.3564
20.2369
20.1208
19.9933
19.8427
19.6632
19.4572
19.2348
19.0122
18.8082
18.642
18.5308
18.4873
18.5161
18.6125
18.764
18.9534
19.1614
19.3692
19.5607
19.7258
19.8623
19.9767
20.0823
20.197
20.3402
20.5306
20.7822
21.0997
21.4766
21.896
22.3345
22.7655
23.1621
23.5009
23.7661
23.9529
24.0685
24.1297
24.1594
24.1829
24.2238
24.2985
24.41
24.5437
24.6708
24.7534
24.7497
24.6188
24.326
23.8477
23.1762
22.32
21.2991
20.1402
18.8711
17.5154
16.0853
14.5743
12.9522
11.1685
9.15841
6.84807
4.15821
1.0074
-2.6849
-6.99666
-12.0055
-17.7938
-24.453
-32.082
-40.7789
-50.6219
-61.6355
-73.7336
-86.6388
-99.81
-112.408
-123.341
-131.458
18.5472
19.3223
19.863
20.2002
20.3741
20.4284
20.4048
20.3384
20.2547
20.168
20.0833
19.9988
19.9093
19.8083
19.6912
19.5564
19.4067
19.2495
19.0955
18.9572
18.8472
18.7768
18.7536
18.7806
18.8553
18.9705
19.1156
19.2784
19.4471
19.6119
19.7663
19.909
20.0436
20.1778
20.3223
20.4886
20.6872
20.9251
21.2039
21.5186
21.8581
22.2069
22.5474
22.8618
23.1349
23.3563
23.522
23.6351
23.7044
23.7424
23.7628
23.7774
23.7929
23.8077
23.8105
23.7814
23.6944
23.5206
23.2318
22.8038
22.2195
21.4707
20.5586
19.4912
18.2806
16.9391
15.4751
13.8888
12.1684
10.2881
8.20888
5.88139
3.24891
0.250269
-3.17757
-7.0974
-11.5704
-16.6561
-22.4127
-28.8963
-36.1564
-44.2263
-53.1063
-62.7393
-72.9772
-83.5439
-94.0109
-103.802
-112.25
-118.719
17.4178
18.1948
18.7896
19.2206
19.5131
19.696
19.7976
19.8432
19.8524
19.8387
19.8095
19.7678
19.7137
19.6463
19.5649
19.4707
19.3669
19.2594
19.1559
19.065
18.9954
18.9544
18.9473
18.9761
19.0397
19.1337
19.2519
19.3867
19.5307
19.6776
19.8234
19.9672
20.1106
20.2583
20.416
20.5904
20.787
21.0089
21.2562
21.5247
21.8065
22.0912
22.3666
22.6207
22.8432
23.0264
23.1668
23.2647
23.324
23.3506
23.3509
23.3296
23.288
23.2224
23.1232
22.9753
22.7601
22.4568
22.045
21.5066
20.8279
20.0004
19.0206
17.8894
16.6096
15.1836
13.6109
11.8853
9.99272
7.91037
5.60685
3.04365
0.17711
-3.03949
-6.65393
-10.7131
-15.2616
-20.3402
-25.9843
-32.2211
-39.0645
-46.5066
-54.5059
-62.9718
-71.7468
-80.5923
-89.1843
-97.1294
-104.008
-109.446
16.5619
17.3292
17.9516
18.4398
18.8097
19.0801
19.2708
19.4
19.4829
19.5313
19.5534
19.5543
19.5372
19.5041
19.4569
19.3983
19.3322
19.2634
19.1978
19.142
19.102
19.0831
19.0889
19.1213
19.1798
19.262
19.3642
19.4816
19.6097
19.7445
19.8834
20.0255
20.1716
20.3239
20.4856
20.6601
20.8499
21.0562
21.2778
21.5113
21.7507
21.9886
22.2162
22.4252
22.6077
22.758
22.8724
22.9497
22.9905
22.9966
22.9698
22.9107
22.8176
22.6854
22.5056
22.2661
21.9526
21.5492
21.0403
20.4114
19.6507
18.7491
17.7006
16.5015
15.1488
13.6392
11.9668
10.1221
8.09037
5.85121
3.37881
0.642782
-2.39048
-5.75623
-9.48963
-13.6241
-18.1893
-23.2098
-28.7021
-34.6721
-41.1098
-47.9839
-55.2333
-62.7586
-70.4144
-78.0051
-85.2884
-91.9917
-97.8407
-102.601
15.9187
16.6718
17.3067
17.8291
18.2489
18.5788
18.8323
19.0229
19.1626
19.2614
19.3274
19.3665
19.3833
19.3817
19.3649
19.3367
19.3009
19.2623
19.2256
19.1959
19.178
19.1757
19.1922
19.2287
19.2855
19.3614
19.4541
19.5609
19.6788
19.8053
19.9386
20.0779
20.2233
20.3757
20.5366
20.7074
20.889
21.0811
21.2821
21.489
21.697
21.9004
22.0927
22.2674
22.4185
22.541
22.6313
22.6871
22.7068
22.6898
22.6351
22.5408
22.4032
22.2169
21.9736
21.6634
21.2743
20.7935
20.2082
19.506
18.6761
17.7092
16.5976
15.3347
13.9141
12.3291
10.5709
8.62832
6.48671
4.12794
1.53045
-1.32996
-4.47918
-7.94339
-11.7477
-15.9143
-20.4612
-25.3995
-30.7318
-36.4489
-42.5264
-48.9203
-55.5627
-62.3569
-69.1753
-75.8598
-82.2274
-88.0832
-93.2401
-97.5421
15.4456
16.1841
16.8232
17.3655
17.8173
18.1869
18.484
18.7188
18.9007
19.0386
19.1397
19.2103
19.2558
19.2807
19.2892
19.2855
19.2736
19.258
19.2429
19.2326
19.231
19.2414
19.2661
19.3067
19.3636
19.4363
19.5236
19.6239
19.7353
19.8561
19.985
20.1212
20.2645
20.415
20.5731
20.739
20.9126
21.0928
21.2779
21.4649
21.6498
21.828
21.9942
22.1433
22.2701
22.3703
22.4399
22.4759
22.4758
22.4372
22.3573
22.2327
22.059
21.83
21.5381
21.1741
20.7279
20.1883
19.5441
18.7843
17.8986
16.8775
15.7123
14.3946
12.9163
11.2683
9.44054
7.42108
5.19581
2.74845
0.060788
-2.88674
-6.11414
-9.6407
-13.4837
-17.657
-22.169
-27.0215
-32.2069
-37.7063
-43.4867
-49.4985
-55.6727
-61.9196
-68.1285
-74.1701
-79.9024
-85.1806
-89.8697
-93.8596
15.1132
15.8392
16.4785
17.0321
17.5036
17.8989
18.2252
18.4902
18.7021
18.8682
18.9955
19.0901
19.1576
19.203
19.2309
19.2456
19.2515
19.2526
19.253
19.2565
19.2666
19.286
19.3169
19.3609
19.4186
19.4899
19.5743
19.6707
19.778
19.895
20.0206
20.1542
20.2952
20.4433
20.5982
20.7595
20.9263
21.0974
21.2707
21.4434
21.612
21.7725
21.9203
22.051
22.1601
22.2432
22.2966
22.3167
22.3002
22.2437
22.1435
21.9954
21.7941
21.5335
21.206
20.8032
20.3157
19.7335
19.0463
18.2438
17.3161
16.2534
15.0464
13.686
12.1626
10.4663
8.58623
6.5102
4.22475
1.71507
-1.03459
-4.04041
-7.31815
-10.8821
-14.744
-18.9114
-23.3864
-28.1638
-33.2296
-38.5587
-44.1135
-49.8422
-55.6775
-61.5365
-67.3219
-72.9249
-78.2306
-83.1253
-87.5056
-91.2877
14.9016
15.6186
16.257
16.8164
17.2993
17.7099
18.054
18.338
18.5689
18.7533
18.8979
19.0086
19.091
19.1502
19.1912
19.2183
19.2358
19.2479
19.2584
19.2708
19.2883
19.3136
19.3488
19.3951
19.4536
19.5244
19.6073
19.7016
19.8065
19.9211
20.0446
20.1763
20.3154
20.4614
20.6138
20.7716
20.9337
21.0987
21.2642
21.4277
21.5858
21.7349
21.871
21.9897
22.087
22.1588
22.201
22.21
22.1819
22.1128
21.9986
21.8343
21.6146
21.333
20.9822
20.5541
20.0398
19.4298
18.7143
17.8836
16.9277
15.8369
14.6015
13.2119
11.6578
9.92899
8.01405
5.90092
3.5766
1.02733
-1.76102
-4.8024
-8.10984
-11.6944
-15.5641
-19.7227
-24.168
-28.8907
-33.8726
-39.0855
-44.4893
-50.0318
-55.6475
-61.2587
-66.7772
-72.1072
-77.15
-81.81
-86.0018
-89.6566
14.7987
15.5111
16.1486
16.7105
17.1985
17.6163
17.9688
18.262
18.5021
18.6956
18.8487
18.9674
19.0573
19.1235
19.171
19.2043
19.2277
19.2452
19.2606
19.2775
19.2987
19.3269
19.3641
19.4117
19.4707
19.5413
19.6235
19.7169
19.8207
19.9342
20.0566
20.1873
20.3254
20.4703
20.6213
20.7772
20.937
21.0988
21.2605
21.4194
21.5724
21.716
21.8462
21.9591
22.0506
22.1166
22.1532
22.1565
22.1224
22.0469
21.9254
21.753
21.524
21.232
20.8697
20.429
19.9015
19.2777
18.5483
17.7035
16.7335
15.6285
14.3788
12.9743
11.4048
9.65959
7.72726
5.59578
3.25241
0.683931
-2.12297
-5.18117
-8.50231
-12.0959
-15.9682
-20.1208
-24.5498
-29.2438
-34.1828
-39.3368
-44.6652
-50.1154
-55.6232
-61.1138
-66.5034
-71.7024
-76.6197
-81.1683
-85.2707
-88.8647
-749.276
-263.573
-138.868
-98.5368
-81.7733
-73.1793
-68.0886
-64.7858
-62.5203
-60.916
-59.7648
-58.9444
-58.3799
-58.0252
-57.854
-429.503
-279.585
-184.872
-134.513
-107.306
-91.6725
-82.0736
-75.8368
-71.6076
-68.657
-66.5706
-65.1023
-64.1019
-63.4781
-63.1782
-293.017
-240.391
-186.521
-147.335
-121.263
-104.131
-92.6958
-84.8798
-79.4157
-75.5334
-72.7579
-70.7917
-69.4469
-68.6064
-68.2019
-222.568
-202.44
-173.482
-147.043
-126.279
-110.891
-99.6984
-91.5702
-85.6416
-81.3023
-78.1352
-75.8591
-74.2869
-73.2981
-72.8206
-181.036
-173.316
-157.924
-141.074
-125.92
-113.455
-103.636
-96.0602
-90.2774
-85.8985
-82.621
-80.2219
-78.5431
-77.478
-76.9611
-154.266
-151.863
-143.825
-133.406
-122.869
-113.373
-105.329
-98.7568
-93.5085
-89.3925
-86.2278
-83.8637
-82.1849
-81.1091
-80.584
-135.949
-136.044
-132.103
-125.856
-118.778
-111.837
-105.55
-100.129
-95.6066
-91.9347
-89.0331
-86.8196
-85.2231
-84.189
-83.6811
-122.905
-124.26
-122.687
-119.137
-114.548
-109.645
-104.906
-100.6
-96.8537
-93.706
-91.1497
-89.1577
-87.698
-86.7421
-86.2695
-113.379
-115.402
-115.247
-113.457
-110.63
-107.289
-103.827
-100.511
-97.5015
-94.8849
-92.7012
-90.9629
-89.6684
-88.8113
-88.3847
-106.33
-108.721
-109.441
-108.813
-107.225
-105.051
-102.603
-100.116
-97.7554
-95.6301
-93.8067
-92.3234
-91.2008
-90.4491
-90.0725
-101.113
-103.711
-104.982
-105.127
-104.406
-103.088
-101.416
-99.5924
-97.7733
-96.0728
-94.5711
-93.3224
-92.3617
-91.7111
-91.383
-97.3116
-100.027
-101.649
-102.307
-102.183
-101.477
-100.38
-99.0639
-97.6718
-96.316
-95.0819
-94.0325
-93.2119
-92.6499
-92.3646
-94.6548
-97.4369
-99.2779
-100.269
-100.543
-100.255
-99.5613
-98.611
-97.5333
-96.4365
-95.4074
-94.513
-93.8027
-93.3112
-93.0602
-92.9689
-95.7865
-97.7559
-98.9465
-99.464
-99.4364
-98.9993
-98.2848
-97.4131
-96.4885
-95.5974
-94.8085
-94.174
-93.7312
-93.504
-92.1504
-94.9832
-97.0121
-98.2962
-98.9293
-99.0268
-98.7139
-98.1148
-97.345
-96.5062
-95.6844
-94.9488
-94.3528
-93.9348
-93.7198
)
;

boundaryField
{
    hot
    {
        type            calculated;
        value           nonuniform List<scalar> 
120
(
-10.9921
-11.2248
-11.6931
-12.4021
-13.3585
-14.5703
-16.0447
-17.7866
-19.7964
-22.068
-24.5857
-27.3229
-30.2406
-33.2882
-36.4054
-39.266
-41.8266
-44.3112
-46.6878
-48.9301
-51.0186
-52.9406
-54.6901
-56.2664
-57.6741
-58.9209
-60.0175
-60.9757
-61.8086
-62.5289
-63.1493
-63.6818
-64.1373
-64.5259
-64.8567
-65.1377
-65.3761
-65.5779
-65.7486
-65.8928
-66.0145
-66.1171
-66.2035
-66.2761
-66.3372
-66.3885
-66.4314
-66.4674
-66.4973
-66.5221
-66.5426
-66.5593
-66.5728
-66.5834
-66.5915
-66.5974
-66.6011
-66.6029
-66.6027
-66.6006
-66.5965
-66.5903
-66.5818
-66.5707
-66.5567
-66.5394
-66.5182
-66.4925
-66.4617
-66.4246
-66.3803
-66.3274
-66.2644
-66.1893
-66.1002
-65.9942
-65.8685
-65.7195
-65.5429
-65.334
-65.087
-64.7954
-64.4517
-64.0474
-63.5726
-63.0164
-62.3666
-61.6101
-60.7325
-59.7187
-58.5536
-57.2222
-55.7106
-54.007
-52.1031
-49.9949
-47.6846
-45.1814
-42.5023
-39.6727
-36.7254
-33.6997
-30.6391
-27.5888
-24.5931
-21.4024
-18.1136
-15.0624
-12.2786
-9.77787
-7.56365
-5.63054
-3.96703
-2.5582
-1.38784
-0.440081
0.299499
0.843072
1.20009
1.37697
)
;
    }
    cold
    {
        type            calculated;
        value           nonuniform List<scalar> 
120
(
-8.72029
-8.66168
-8.54497
-8.37125
-8.14223
-7.86039
-7.52909
-7.1527
-6.73675
-6.28789
-5.81394
-5.32365
-4.82646
-4.332
-3.8496
-3.42622
-3.06009
-2.71604
-2.39644
-2.1028
-1.83573
-1.59511
-1.38018
-1.18968
-1.022
-0.875325
-0.747732
-0.637274
-0.542053
-0.460273
-0.390264
-0.330499
-0.279606
-0.236362
-0.199688
-0.168641
-0.142401
-0.120261
-0.101611
-0.0859308
-0.0727776
-0.0617752
-0.0526064
-0.0450048
-0.0387481
-0.0336525
-0.0295675
-0.0263723
-0.023972
-0.0222954
-0.0212926
-0.0209339
-0.0212091
-0.0221267
-0.0237148
-0.0260218
-0.0291177
-0.0330962
-0.0380781
-0.0442142
-0.0516903
-0.0607324
-0.0716142
-0.0846645
-0.100277
-0.118924
-0.141166
-0.167674
-0.199244
-0.236825
-0.28154
-0.334726
-0.397969
-0.473144
-0.562476
-0.668592
-0.794598
-0.944154
-1.12157
-1.33191
-1.58112
-1.87612
-2.22499
-2.63712
-3.1233
-3.69595
-4.3692
-5.159
-6.08321
-7.16149
-8.41519
-9.86704
-11.5406
-13.4593
-15.6458
-18.1197
-20.8965
-23.9853
-27.3861
-31.088
-35.0674
-39.2866
-43.6939
-48.2249
-52.8057
-57.812
-63.1046
-68.1027
-72.7032
-76.8337
-80.4542
-83.5552
-86.152
-88.2783
-89.9783
-91.3006
-92.2927
-92.9968
-93.4464
-93.6653
)
;
    }
    interface_left
    {
        type            calculated;
        value           nonuniform List<scalar> 
90
(
-467.078
-253.189
-171.314
-133.851
-113.67
-101.344
-93.1315
-87.3286
-83.0593
-79.8266
-77.3263
-75.3609
-73.7967
-72.5393
-71.5207
-70.6901
-70.0094
-69.4493
-68.9866
-68.6035
-68.2854
-68.0208
-67.8004
-67.6166
-67.4631
-67.3348
-67.2276
-67.1379
-67.0629
-67.0001
-66.9477
-66.9039
-66.8674
-66.8371
-66.812
-66.7913
-66.7744
-66.7608
-66.7501
-66.7419
-66.7361
-66.7323
-66.7305
-66.7307
-66.7328
-66.7369
-66.7431
-66.7517
-66.7629
-66.777
-66.7944
-66.8158
-66.8417
-66.873
-66.9105
-66.9556
-67.0096
-67.0741
-67.1512
-67.2433
-67.3535
-67.4851
-67.6425
-67.8309
-68.0565
-68.327
-68.6518
-69.0424
-69.5132
-70.0818
-70.7708
-71.6086
-72.6318
-73.8881
-75.4408
-77.3756
-79.8114
-82.918
-86.947
-92.2891
-99.5878
-109.988
-125.744
-151.865
-201.122
-310.657
-601.304
537.237
248.428
145.346
)
;
    }
    interface_right
    {
        type            calculated;
        value           nonuniform List<scalar> 
90
(
24.8982
13.3679
8.42173
5.86805
4.33945
3.32646
2.60934
2.07921
1.67554
1.36162
1.11365
0.915425
0.755492
0.625507
0.519242
0.43196
0.359997
0.300482
0.25114
0.210151
0.17605
0.147648
0.123977
0.104243
0.0877951
0.0740981
0.0627106
0.0532691
0.0454743
0.0390808
0.0338883
0.0297347
0.026491
0.0240566
0.0223559
0.0213362
0.020966
0.0212334
0.0221462
0.0237319
0.0260385
0.0291359
0.0331183
0.0381066
0.0442525
0.051743
0.060806
0.0717174
0.0848097
0.100482
0.119213
0.141574
0.16825
0.200057
0.237971
0.283158
0.337011
0.401194
0.477698
0.568905
0.677668
0.807411
0.962244
1.14711
1.36797
1.63202
1.948
2.32649
2.78043
3.3257
3.98183
4.77307
5.72972
6.89001
8.30264
10.0304
12.1557
14.788
18.0765
22.2291
27.5444
34.4678
43.6949
56.3784
74.5825
102.39
148.917
237.456
435.83
964.717
)
;
    }
    interface_top
    {
        type            calculated;
        value           nonuniform List<scalar> 
90
(
43.7781
45.9127
43.9468
35.1604
30.9384
24.9571
20.967
12.8523
18.0896
19.6976
20.6402
21.2017
22.2285
23.0439
25.0164
24.6082
21.2765
19.7079
17.5464
16.3667
14.5426
12.8502
8.56234
12.7453
14.3589
16.0307
17.1136
19.1068
20.569
23.7172
24.0378
21.9791
20.9968
19.5169
18.6398
17.0929
15.3432
10.4063
15.9724
18.2729
20.9189
22.663
25.8932
28.2019
33.0479
33.71
31.1076
29.8671
27.971
26.8164
24.7347
22.2136
14.9518
23.4024
26.8483
30.7748
33.1793
37.4412
40.2997
46.1482
46.447
41.6711
39.3391
35.9046
33.8543
30.4119
26.7921
17.1901
26.8888
30.5192
34.2346
36.3697
40.1925
42.6892
48.0734
48.067
43.1643
40.8884
38.5082
37.1157
36.28
31.7851
18.6372
41.6086
33.2906
-11.6205
-44.3162
-101.874
-256.93
-755.781
)
;
    }
    interface_bottom
    {
        type            calculated;
        value           nonuniform List<scalar> 
90
(
207.244
80.1377
41.305
26.9783
20.6734
15.5249
12.3239
7.37707
9.06014
9.20745
8.7511
8.37707
7.81878
7.44839
6.97464
6.23189
4.31352
3.30945
1.88398
1.11477
0.0471909
-0.415351
-0.726051
-1.90956
-2.65532
-3.90315
-4.73815
-6.22942
-7.23013
-9.12663
-9.63036
-9.36491
-9.30592
-9.21551
-9.14774
-8.9205
-8.25521
-5.84005
-9.49485
-11.1065
-13.1061
-14.3312
-16.4334
-17.7797
-20.3336
-20.5512
-18.6537
-17.8547
-16.8162
-16.2432
-15.278
-13.8808
-9.57622
-15.1196
-17.4207
-20.067
-21.6502
-24.3395
-26.0612
-29.3743
-29.4982
-26.5223
-25.2435
-23.5978
-22.6825
-21.1755
-19.1578
-13.1242
-20.6174
-23.7212
-27.2999
-29.5249
-33.4578
-36.1748
-41.7539
-42.3861
-38.9463
-37.4503
-35.5282
-34.356
-32.4085
-29.1859
-19.4046
-31.803
-32.9265
-24.6788
-48.1294
-45.5724
-14.015
0.448321
)
;
    }
    defaultFaces
    {
        type            empty;
    }
}


// ************************************************************************* //
