/*--------------------------------*- C++ -*----------------------------------*\
| =========                 |                                                 |
| \\      /  F ield         | OpenFOAM: The Open Source CFD Toolbox           |
|  \\    /   O peration     | Version:  5.x                                   |
|   \\  /    A nd           | Web:      www.OpenFOAM.org                      |
|    \\/     M anipulation  |                                                 |
\*---------------------------------------------------------------------------*/
FoamFile
{
    version     2.0;
    format      ascii;
    class       volScalarField;
    location    "6";
    object      gradTx;
}
// * * * * * * * * * * * * * * * * * * * * * * * * * * * * * * * * * * * * * //

dimensions      [0 -1 0 1 0 0 0];

internalField   nonuniform List<scalar> 
6300
(
125.529
126.211
127.56
129.546
132.12
135.213
138.734
142.562
146.552
150.531
154.302
157.654
160.375
162.265
163.161
124.844
125.54
126.92
128.954
131.597
134.783
138.422
142.397
146.56
150.735
154.717
158.282
161.201
163.257
164.271
123.459
124.184
125.623
127.751
130.528
133.896
137.771
142.039
146.554
151.129
155.545
159.552
162.885
165.289
166.549
121.346
122.111
123.633
125.895
128.866
132.5
136.723
141.432
146.482
151.679
156.78
161.492
165.493
168.463
170.12
118.464
119.277
120.9
123.325
126.539
130.51
135.186
140.481
146.26
152.323
158.399
164.138
169.13
172.944
175.194
114.768
115.631
117.361
119.966
123.45
127.811
133.027
139.044
145.748
152.95
160.351
167.527
173.941
178.987
182.096
110.205
111.114
112.945
115.723
119.481
124.254
130.066
136.914
144.737
153.376
162.523
171.676
180.116
186.963
191.329
104.73
105.672
107.579
110.498
114.495
119.654
126.065
133.806
142.906
153.289
164.686
176.533
187.881
197.414
203.675
98.3099
99.2617
101.199
104.191
108.344
113.798
120.73
129.335
139.789
152.185
166.396
181.884
197.458
211.133
220.391
90.9356
91.8631
93.7618
96.722
100.887
106.462
113.721
123.01
134.728
149.261
166.826
187.147
208.928
229.263
243.611
82.6311
83.4908
85.2602
88.045
92.0183
97.4395
104.68
114.254
126.847
143.302
164.497
190.945
221.838
253.378
277.21
73.4646
74.2064
75.7407
78.1769
81.699
86.5947
93.3015
102.477
115.102
132.598
156.912
190.292
234.098
285.193
328.926
63.554
64.127
65.317
67.2205
70.0037
73.9365
79.4515
87.2487
98.4806
115.074
140.256
179.21
239.063
324.366
416.262
53.0683
53.4283
54.1778
55.3822
57.1567
59.6939
63.317
68.583
76.4948
88.9598
109.823
147.226
218.573
356.938
585.804
42.2206
42.3381
42.5818
42.972
43.5448
44.3633
45.5375
47.2693
49.9536
54.444
62.8476
81.2935
131.06
299.005
988.09
163.049
162.052
160.237
157.625
154.265
150.22
145.566
140.385
134.757
128.759
122.459
115.92
109.195
102.331
95.3668
88.338
81.2752
74.2063
67.1567
60.1502
53.2084
46.3516
39.5979
32.9636
26.4631
20.1082
13.9088
7.87229
2.00406
-3.69278
-9.21706
-14.5693
-19.7516
-24.767
-29.6192
-34.3124
-38.8504
-43.2369
-47.475
-51.5673
-55.5161
-59.3236
-62.9922
-66.525
-69.9257
-73.1994
-76.3517
-79.3893
-82.3192
-85.1482
-87.8823
-90.5265
-93.0842
-95.5567
-97.9441
-100.244
-102.455
-104.571
-106.591
-108.511
-110.328
-112.04
-113.646
-115.144
-116.53
-117.801
-118.948
-119.964
-120.835
-121.544
-122.074
-122.404
-122.514
-122.383
-121.992
-121.326
-120.37
-119.117
-117.562
-115.707
-113.555
-111.119
-108.413
-105.458
-102.28
-98.9117
-95.3892
-91.7541
-88.0513
-84.3277
164.218
163.228
161.379
158.7
155.247
151.093
146.323
141.026
135.288
129.189
122.801
116.185
109.393
102.472
95.4579
88.3848
81.2821
74.1766
67.0932
60.0554
53.0849
46.2019
39.4249
32.7704
26.2527
19.8839
13.6738
7.62984
1.75723
-3.94117
-9.4645
-14.8138
-19.9915
-25.0013
-29.8476
-34.5349
-39.0676
-43.4495
-47.6837
-51.7727
-55.7183
-59.5222
-63.1864
-66.7135
-70.1071
-73.3723
-76.5151
-79.5427
-82.4627
-85.2828
-88.0097
-90.6491
-93.2045
-95.6774
-98.0673
-100.372
-102.587
-104.709
-106.733
-108.657
-110.477
-112.191
-113.8
-115.302
-116.694
-117.975
-119.137
-120.171
-121.064
-121.8
-122.359
-122.72
-122.859
-122.755
-122.388
-121.739
-120.796
-119.549
-117.994
-116.13
-113.964
-111.505
-108.769
-105.776
-102.553
-99.1319
-95.5498
-91.8501
-88.0799
-84.2887
166.617
165.637
163.713
160.887
157.234
152.848
147.835
142.297
136.335
130.033
123.467
116.699
109.777
102.743
95.6319
88.4722
81.291
74.1132
66.9626
59.8622
52.834
45.8985
39.0746
32.3793
25.8271
19.4305
13.1992
7.14055
1.25949
-4.44153
-9.96233
-15.3048
-20.4726
-25.4705
-30.3041
-34.9792
-39.5009
-43.8736
-48.1004
-52.1832
-56.123
-59.9204
-63.5763
-67.0924
-70.4718
-73.7196
-76.8425
-79.8489
-82.748
-85.5493
-88.2612
-90.8905
-93.4414
-95.9155
-98.3112
-100.625
-102.851
-104.984
-107.018
-108.949
-110.774
-112.493
-114.105
-115.614
-117.018
-118.317
-119.507
-120.578
-121.518
-122.309
-122.928
-123.351
-123.552
-123.504
-123.186
-122.575
-121.658
-120.424
-118.867
-116.988
-114.792
-112.289
-109.493
-106.425
-103.11
-99.5817
-95.8782
-92.0461
-88.1372
-84.2069
170.379
169.402
167.34
164.261
160.272
155.505
150.097
144.179
137.866
131.255
124.424
117.43
110.319
103.124
95.873
88.5886
81.2931
74.0087
66.758
59.5636
52.4482
45.4332
38.5383
31.7812
25.1771
18.7386
12.4756
6.39537
0.502462
-5.20129
-10.7167
-16.0471
-21.1977
-26.1755
-30.9882
-35.6435
-40.148
-44.5068
-48.7233
-52.7983
-56.7314
-60.5211
-64.1661
-67.6665
-71.0244
-74.2449
-77.3358
-80.3076
-83.1724
-85.9426
-88.6296
-91.2426
-93.7869
-96.2641
-98.6711
-101.002
-103.248
-105.4
-107.45
-109.391
-111.223
-112.944
-114.559
-116.073
-117.491
-118.815
-120.044
-121.172
-122.185
-123.062
-123.777
-124.3
-124.599
-124.642
-124.401
-123.851
-122.975
-121.76
-120.202
-118.3
-116.06
-113.491
-110.608
-107.427
-103.974
-100.282
-96.3902
-92.3511
-88.224
-84.074
175.723
174.728
172.429
168.94
164.427
159.082
153.091
146.625
139.823
132.792
125.61
118.328
110.979
103.584
96.1596
88.7187
81.2773
73.8541
66.4705
59.1501
51.9167
44.7938
37.8026
30.962
24.288
17.7935
11.4885
5.3803
-0.526947
-6.23212
-11.7373
-17.0477
-22.1712
-27.1177
-31.8984
-36.5239
-41.0036
-45.3441
-49.5486
-53.6166
-57.5449
-61.3285
-64.9626
-68.444
-71.7732
-74.9549
-77.9988
-80.9186
-83.731
-86.4535
-89.1027
-91.6913
-94.2271
-96.7113
-99.1387
-101.499
-103.777
-105.96
-108.034
-109.991
-111.827
-113.546
-115.156
-116.669
-118.096
-119.447
-120.726
-121.93
-123.044
-124.045
-124.9
-125.57
-126.013
-126.188
-126.059
-125.595
-124.776
-123.589
-122.029
-120.098
-117.8
-115.146
-112.147
-108.819
-105.182
-101.266
-97.1132
-92.7814
-88.3421
-83.8768
182.996
181.929
179.228
175.089
169.779
163.583
156.766
149.551
142.105
134.544
126.937
119.319
111.702
104.085
96.4672
88.8475
81.2336
73.6407
66.0906
58.6096
51.225
43.9636
36.8492
29.9024
23.1398
16.5749
10.2178
4.07571
-1.84733
-7.5508
-13.0382
-18.317
-23.3989
-28.2982
-33.0311
-37.6135
-42.0587
-46.3761
-50.5691
-54.6348
-58.5654
-62.3499
-65.9773
-69.4392
-72.7326
-75.8618
-78.8388
-81.6825
-84.417
-87.0683
-89.6608
-92.2141
-94.7395
-97.2382
-99.7012
-102.11
-104.443
-106.675
-108.785
-110.761
-112.598
-114.303
-115.892
-117.385
-118.807
-120.18
-121.515
-122.814
-124.065
-125.237
-126.287
-127.164
-127.809
-128.169
-128.195
-127.849
-127.106
-125.954
-124.39
-122.42
-120.051
-117.295
-114.16
-110.654
-106.79
-102.589
-98.0927
-93.3651
-88.4963
-83.5944
192.731
191.478
188.092
182.921
176.404
168.975
161.013
152.806
144.551
136.36
128.278
120.306
112.421
104.587
96.7748
88.9658
81.1576
73.3638
65.61
57.9288
50.3549
42.9206
35.6537
28.5766
21.7065
15.0567
8.63723
2.45558
-3.48385
-9.18051
-14.639
-19.8696
-24.8888
-29.7176
-34.3799
-38.8995
-43.297
-47.5864
-51.7716
-55.8463
-59.7948
-63.5961
-67.2287
-70.6752
-73.9268
-76.9861
-79.8687
-82.6018
-85.221
-87.7656
-90.2734
-92.7749
-95.2881
-97.8146
-100.339
-102.83
-105.251
-107.562
-109.728
-111.729
-113.557
-115.226
-116.761
-118.202
-119.589
-120.963
-122.352
-123.768
-125.196
-126.601
-127.923
-129.088
-130.016
-130.63
-130.865
-130.672
-130.024
-128.909
-127.334
-125.312
-122.86
-119.989
-116.705
-113.004
-108.88
-104.337
-99.4033
-94.1507
-88.6966
-83.1948
205.767
204.096
199.522
192.69
184.336
175.132
165.608
156.128
146.902
138.014
129.456
121.168
113.062
105.055
97.0755
89.0808
81.0592
73.0276
65.023
57.0923
49.2827
41.6357
34.1842
26.952
19.9555
13.2064
6.71406
0.486572
-5.46986
-11.153
-16.5674
-21.7263
-26.6524
-31.3762
-35.9333
-40.3603
-44.6901
-48.9453
-53.1322
-57.2382
-61.2347
-65.0838
-68.7466
-72.1904
-75.3961
-78.3631
-81.1121
-83.6832
-86.1304
-88.5141
-90.8931
-93.3168
-95.8154
-98.3924
-101.021
-103.65
-106.216
-108.654
-110.907
-112.941
-114.745
-116.338
-117.766
-119.092
-120.388
-121.723
-123.15
-124.699
-126.36
-128.084
-129.783
-131.351
-132.671
-133.634
-134.148
-134.15
-133.61
-132.526
-130.919
-128.823
-126.268
-123.276
-119.848
-115.962
-111.574
-106.644
-101.172
-95.225
-88.9645
-82.6266
223.467
220.89
214.201
204.645
193.486
181.746
170.137
159.081
148.765
139.19
130.245
121.762
113.56
105.48
97.3958
89.2325
80.9731
72.6506
64.3282
56.0801
47.975
40.0681
32.398
24.9873
17.8479
10.9861
4.40936
-1.87275
-7.84923
-13.5123
-18.8633
-23.9177
-28.7066
-33.2741
-37.673
-41.9602
-46.1896
-50.4013
-54.6079
-58.7865
-62.8853
-66.8383
-70.578
-74.0468
-77.2073
-80.0521
-82.6095
-84.941
-87.1292
-89.267
-91.4465
-93.7486
-96.2277
-98.8934
-101.7
-104.559
-107.364
-110.008
-112.401
-114.482
-116.233
-117.685
-118.915
-120.024
-121.13
-122.346
-123.77
-125.465
-127.432
-129.598
-131.831
-133.969
-135.839
-137.282
-138.167
-138.408
-137.976
-136.892
-135.209
-132.992
-130.304
-127.187
-123.65
-119.64
-115.044
-109.733
-103.623
-96.7491
-89.3423
-81.8008
248.172
243.601
233.003
218.904
203.468
188.167
173.863
160.964
149.555
139.457
130.366
121.946
113.882
105.909
97.827
89.5201
80.976
72.2713
63.5248
54.8603
46.3804
38.1588
30.2372
22.6316
15.3398
8.35524
1.68024
-4.67213
-10.6796
-16.3208
-21.5858
-26.4908
-31.079
-35.4139
-39.5727
-43.6423
-47.7133
-51.8631
-56.1228
-60.448
-64.7443
-68.8982
-72.7979
-76.3452
-79.4712
-82.1527
-84.4304
-86.4028
-88.1986
-89.9576
-91.821
-93.9232
-96.3691
-99.1895
-102.3
-105.544
-108.742
-111.723
-114.341
-116.495
-118.149
-119.352
-120.233
-120.959
-121.71
-122.667
-123.999
-125.837
-128.215
-131.013
-134.015
-136.968
-139.619
-141.731
-143.11
-143.633
-143.279
-142.118
-140.264
-137.839
-134.953
-131.703
-128.131
-124.161
-119.543
-113.969
-107.17
-99.0398
-89.9125
-80.5454
284.208
274.986
256.839
235.085
213.251
193.151
175.559
160.7
148.451
138.272
129.519
121.612
114.069
106.493
98.5793
90.1471
81.2078
71.9506
62.6017
53.3731
44.4127
35.8163
27.6206
19.8236
12.3887
5.27844
-1.51352
-7.96797
-14.0374
-19.6703
-24.8263
-29.5193
-33.8153
-37.8065
-41.5997
-45.3212
-49.1224
-53.1654
-57.5422
-62.1493
-66.8068
-71.3225
-75.5232
-79.2484
-82.3729
-84.8328
-86.6889
-88.1167
-89.3186
-90.4958
-91.8495
-93.6003
-95.9689
-99.0658
-102.705
-106.592
-110.429
-113.956
-116.947
-119.227
-120.71
-121.48
-121.772
-121.854
-121.992
-122.444
-123.496
-125.431
-128.39
-132.13
-136.268
-140.402
-144.172
-147.232
-149.284
-150.12
-149.741
-148.34
-146.142
-143.344
-140.126
-136.678
-133.182
-129.612
-125.418
-119.967
-112.634
-102.765
-90.8263
-78.4855
340.372
319.218
285.862
251.377
220.533
194.521
173.317
156.674
144.362
135.03
127.451
120.752
114.301
107.562
100.075
91.5021
81.8958
71.76
61.5042
51.4987
41.9201
32.8961
24.4291
16.4939
8.96973
1.74329
-5.1932
-11.818
-18.0235
-23.706
-28.7329
-33.1191
-36.9895
-40.4833
-43.729
-46.8841
-50.1824
-53.9856
-58.6285
-63.7765
-69.072
-74.1987
-78.9312
-83.0147
-86.23
-88.38
-89.5624
-90.1537
-90.4721
-90.7777
-91.3043
-92.3856
-94.518
-98.159
-102.751
-107.711
-112.558
-116.961
-120.574
-123.103
-124.297
-124.294
-123.609
-122.669
-121.818
-121.357
-121.72
-123.547
-127.436
-132.675
-138.522
-144.359
-149.744
-154.182
-157.208
-158.353
-157.673
-155.709
-152.879
-149.455
-145.629
-141.722
-138.339
-135.961
-133.1
-128.675
-121.747
-109.468
-92.3184
-74.7019
436.717
381.015
316.505
262.419
220.853
188.961
164.503
146.407
135.979
129.259
124.114
119.532
114.945
109.704
103.133
94.3424
83.3441
71.74
60.0444
49.0081
38.6273
29.1731
20.4711
12.5718
5.12184
-2.20948
-9.32155
-16.2717
-22.7621
-28.6851
-33.5613
-37.4607
-40.7051
-43.5162
-45.9878
-48.2395
-50.514
-53.5954
-58.9856
-65.1898
-71.5783
-77.6406
-83.2719
-88.0289
-91.6187
-93.3184
-93.2846
-92.5814
-91.6419
-90.7387
-89.9577
-89.6551
-90.8921
-95.8807
-102.263
-108.988
-115.326
-121.102
-125.759
-128.898
-129.604
-128.085
-125.812
-123.354
-121.078
-119.081
-117.831
-118.692
-124.536
-132.343
-140.788
-148.964
-156.676
-163.164
-167.837
-169.21
-167.452
-164.321
-160.469
-156.142
-151.245
-146.008
-142.046
-143.004
-143.03
-140.986
-138.562
-123.183
-94.4814
-66.7242
624.884
455.49
332.134
255.425
207.238
172.693
146.523
125.095
122.25
121.22
119.962
118.318
116.525
113.758
109.386
100.359
85.6624
71.8502
57.6341
45.5722
33.9995
24.366
15.3571
8.00211
1.10308
-6.47787
-13.6828
-21.3872
-28.3172
-35.1708
-39.7958
-42.7444
-45.044
-47.0368
-48.5623
-49.5608
-49.6823
-49.8793
-58.1692
-66.336
-74.5523
-81.7014
-88.8693
-94.7219
-99.7268
-100.751
-97.9685
-95.3472
-92.757
-90.5217
-87.9201
-84.7055
-81.8615
-91.5934
-101.28
-110.821
-118.899
-126.851
-133.125
-138.196
-138.112
-132.961
-128.278
-123.773
-119.935
-115.729
-110.899
-106.66
-118.805
-131.092
-143.438
-154.234
-165.371
-174.754
-183.216
-184.574
-179.207
-173.969
-168.74
-163.647
-157.348
-148.456
-138.666
-151.389
-155.938
-153.843
-174.031
-156.08
-95.2836
-47.5936
1052.3
463.658
280.588
207.354
173.972
144.361
121.713
77.0188
105.907
113.506
116.36
117.316
119.506
120.117
122.342
114.535
86.7053
72.5399
52.1201
41.4307
26.5786
18.6587
7.86102
2.77572
-1.93373
-11.2876
-17.3244
-27.6172
-33.9817
-44.8648
-48.4435
-48.9614
-49.8236
-51.2293
-51.8942
-52.144
-48.7404
-34.5081
-57.5287
-67.409
-79.0613
-85.733
-96.3585
-102.633
-113.565
-113.662
-102.418
-98.0655
-93.3587
-90.8299
-86.763
-79.2201
-54.7196
-87.369
-100.503
-114.758
-122.651
-135.014
-142.218
-154.917
-153.91
-137.162
-130.486
-123.229
-119.318
-113.273
-103.115
-71.0335
-112.868
-129.751
-148.32
-159.009
-176.589
-187.67
-208.822
-209.618
-190.773
-183.603
-176.812
-172.886
-167.184
-152.195
-102.865
-171.542
-178.409
-134.611
-264.417
-250.672
-77.211
1.56411
-80.2658
-75.9373
-71.7875
-67.8752
-64.2462
-60.933
-57.9562
-55.3262
-53.0453
-51.1105
-49.5154
-48.2522
-47.3131
-46.6911
-46.3815
-80.1559
-75.7575
-71.5489
-67.5908
-63.9292
-60.5956
-57.6086
-54.9761
-52.6983
-50.7699
-49.1827
-47.9275
-46.9951
-46.3782
-46.0711
-79.9282
-75.3865
-71.0586
-67.0089
-63.2833
-59.9107
-56.9055
-54.2705
-52.001
-50.0873
-48.5174
-47.279
-46.3611
-45.7545
-45.4529
-79.5657
-74.8003
-70.2891
-66.1016
-62.2832
-58.8575
-55.8311
-53.1987
-50.9472
-49.06
-47.5197
-46.3094
-45.415
-44.8252
-44.5323
-79.04
-73.9587
-69.1948
-64.8243
-60.8894
-57.404
-54.362
-51.745
-49.5282
-47.6853
-46.191
-45.0233
-44.1637
-43.5984
-43.318
-78.3059
-72.7986
-67.706
-63.1105
-59.0451
-55.5061
-52.467
-49.8901
-47.7345
-45.961
-44.5352
-43.4282
-42.6173
-42.0858
-41.8228
-77.2921
-71.2226
-65.7191
-60.8656
-56.6734
-53.1074
-50.1091
-47.6133
-45.5579
-43.8885
-42.5598
-41.5363
-40.7909
-40.3042
-40.0639
-75.884
-69.0793
-63.0813
-57.9585
-53.6748
-50.1401
-47.2478
-44.8953
-42.9947
-41.4743
-40.2786
-39.3657
-38.705
-38.2756
-38.064
-73.8875
-66.1283
-59.5672
-54.2113
-49.9262
-46.5299
-43.8458
-41.7249
-40.0505
-38.7349
-37.7141
-36.9422
-36.3874
-36.0284
-35.852
-70.9561
-61.9779
-54.8469
-49.3925
-45.2881
-42.2067
-39.8799
-38.1074
-36.7469
-35.7001
-34.8999
-34.3011
-33.8736
-33.598
-33.4629
-66.4305
-55.9795
-48.4492
-43.2227
-39.6263
-37.1282
-35.359
-34.0771
-33.129
-32.4181
-31.8838
-31.488
-31.2071
-31.0267
-30.9383
-58.9818
-47.0598
-39.747
-35.422
-32.8657
-31.3204
-30.3503
-29.7126
-29.2735
-28.9591
-28.7286
-28.5596
-28.4399
-28.3627
-28.3248
-45.808
-33.5299
-28.0564
-25.8522
-25.0936
-24.9367
-25.0086
-25.1492
-25.2928
-25.4156
-25.5115
-25.5816
-25.6295
-25.659
-25.6731
-20.8965
-13.1948
-13.0961
-14.8363
-16.7192
-18.3239
-19.5979
-20.5822
-21.3327
-21.8987
-22.3197
-22.6252
-22.8371
-22.9705
-23.0349
28.5196
14.7435
3.70324
-3.67751
-8.62283
-12.0417
-14.4764
-16.2487
-17.5565
-18.5266
-19.2429
-19.7622
-20.1229
-20.3506
-20.4607
32.1677
32.0545
31.8163
31.4268
30.8406
29.9824
28.727
26.8569
23.9665
19.2153
10.5793
-7.85759
-57.4927
-231.819
-1000.46
23.106
22.7916
22.1334
21.0668
19.4791
17.1837
13.8705
9.00749
1.633
-10.1141
-30.1317
-67.2387
-142.314
-301.663
-598.81
14.2616
13.7665
12.7331
11.0677
8.60818
5.09092
0.0893484
-7.09876
-17.665
-33.701
-58.9755
-100.252
-168.611
-275.814
-403.5
5.76018
5.11415
3.77072
1.6191
-1.52895
-5.97185
-12.1741
-20.8598
-33.1652
-50.8729
-76.7072
-114.458
-167.931
-235.736
-296.859
-2.2935
-3.05469
-4.63117
-7.13822
-10.7676
-15.8135
-22.7136
-32.1077
-44.9142
-62.401
-86.1632
-117.746
-157.299
-200.294
-232.662
-9.81935
-10.6581
-12.3876
-15.1168
-19.023
-24.368
-31.5217
-40.9866
-53.4135
-69.5709
-90.1871
-115.5
-144.275
-172.231
-190.942
-16.7634
-17.6436
-19.4502
-22.2787
-26.2796
-31.6669
-38.7251
-47.809
-59.3226
-73.6446
-90.9489
-110.848
-131.819
-150.588
-162.213
-23.0968
-23.9865
-25.8039
-28.6268
-32.5738
-37.8059
-44.5219
-52.9444
-63.2819
-75.6473
-89.9083
-105.451
-120.891
-133.903
-141.557
-28.813
-29.6855
-31.4598
-34.1946
-37.9761
-42.9145
-49.1336
-56.7502
-65.8331
-76.3336
-87.9773
-100.125
-111.649
-120.94
-126.214
-33.9237
-34.7586
-36.4492
-39.0359
-42.5753
-47.1339
-52.7751
-59.5376
-67.3998
-76.226
-85.696
-95.2318
-103.958
-110.765
-114.534
-38.4551
-39.2379
-40.8167
-43.2159
-46.4671
-50.6017
-55.6379
-61.5614
-68.2972
-75.6712
-83.3687
-90.9001
-97.6005
-102.698
-105.471
-42.4432
-43.1648
-44.6148
-46.8045
-49.7458
-53.4435
-57.8845
-63.0213
-68.7512
-74.8916
-81.1566
-87.1451
-92.3556
-96.2447
-98.3327
-45.9304
-46.5862
-47.8994
-49.8715
-52.4993
-55.7694
-59.648
-64.0692
-68.9201
-74.0254
-79.1365
-83.9302
-88.0281
-91.0421
-92.6442
-48.9624
-49.5513
-50.7268
-52.4832
-54.8071
-57.6728
-61.0348
-64.8188
-68.9122
-73.1552
-77.3365
-81.1981
-84.4531
-86.8196
-88.0681
-51.5857
-52.1091
-53.1511
-54.7009
-56.7387
-59.2317
-62.1286
-65.3536
-68.8004
-72.3276
-75.7585
-78.8872
-81.4948
-83.3734
-84.3586
-53.8457
-54.307
-55.223
-56.58
-58.3544
-60.5101
-62.9945
-65.7344
-68.6328
-71.5669
-74.3901
-76.9382
-79.0424
-80.5475
-81.3331
-55.7856
-56.1891
-56.9888
-58.1692
-59.7054
-61.5604
-63.683
-66.0052
-68.4403
-70.8832
-73.2126
-75.2972
-77.006
-78.2211
-78.8529
-57.4455
-57.7963
-58.4902
-59.5115
-60.835
-62.4249
-64.233
-66.1975
-68.2424
-70.2783
-72.205
-73.9172
-75.3122
-76.2995
-76.8114
-58.8618
-59.1652
-59.7644
-60.644
-61.7797
-63.1379
-64.6744
-66.3341
-68.0508
-69.7491
-71.3463
-72.7575
-73.9015
-74.708
-75.1252
-60.0676
-60.3288
-60.8441
-61.5987
-62.57
-63.7272
-65.0303
-66.4309
-67.8721
-69.29
-70.6167
-71.7832
-72.725
-73.3869
-73.7285
-61.0919
-61.3161
-61.7576
-62.4029
-63.2314
-64.215
-65.3186
-66.4996
-67.7094
-68.8944
-69.9982
-70.965
-71.7428
-72.2881
-72.569
-61.9608
-62.1524
-62.5297
-63.0801
-63.785
-64.6197
-65.553
-66.5483
-67.564
-68.5551
-69.4749
-70.2778
-70.9221
-71.3727
-71.6046
-62.6965
-62.86
-63.1815
-63.6499
-64.2486
-64.9558
-65.7444
-66.5828
-67.4356
-68.2652
-69.0327
-69.7009
-70.2357
-70.6092
-70.8011
-63.3188
-63.4579
-63.7313
-64.1292
-64.637
-65.2354
-65.9012
-66.6072
-67.3235
-68.0183
-68.6596
-69.2165
-69.6614
-69.9716
-70.131
-63.8444
-63.9626
-64.1948
-64.5323
-64.9623
-65.4683
-66.0301
-66.6246
-67.2263
-67.8086
-68.345
-68.8098
-69.1806
-69.4389
-69.5714
-64.288
-64.3883
-64.5851
-64.8711
-65.235
-65.6625
-66.1364
-66.6368
-67.1425
-67.6309
-68.0799
-68.4685
-68.778
-68.9933
-69.1038
-64.6619
-64.7469
-64.9137
-65.1557
-65.4634
-65.8245
-66.2241
-66.6455
-67.0706
-67.4805
-67.8568
-68.182
-68.4408
-68.6206
-68.7128
-64.9768
-65.0488
-65.19
-65.3947
-65.6549
-65.9597
-66.2968
-66.6517
-67.0092
-67.3536
-67.6692
-67.9417
-68.1583
-68.3088
-68.3858
-65.2417
-65.3027
-65.4222
-65.5954
-65.8152
-66.0727
-66.357
-66.6561
-66.957
-67.2465
-67.5116
-67.7402
-67.9218
-68.0478
-68.1124
-65.4643
-65.5159
-65.6171
-65.7636
-65.9495
-66.167
-66.4069
-66.6592
-66.9127
-67.1563
-67.3792
-67.5713
-67.7238
-67.8296
-67.8837
-65.6511
-65.6948
-65.7804
-65.9045
-66.0618
-66.2457
-66.4484
-66.6613
-66.8752
-67.0805
-67.2683
-67.43
-67.5582
-67.6472
-67.6927
-65.8075
-65.8446
-65.9172
-66.0223
-66.1556
-66.3113
-66.4828
-66.6629
-66.8436
-67.017
-67.1755
-67.3118
-67.4199
-67.4949
-67.5332
-65.9382
-65.9697
-66.0313
-66.1206
-66.2337
-66.3659
-66.5114
-66.664
-66.8171
-66.9639
-67.0979
-67.2133
-67.3047
-67.368
-67.4004
-66.047
-66.0738
-66.1264
-66.2024
-66.2987
-66.4112
-66.535
-66.6648
-66.7949
-66.9196
-67.0334
-67.1313
-67.2089
-67.2626
-67.2901
-66.1371
-66.1601
-66.2051
-66.2701
-66.3525
-66.4487
-66.5545
-66.6653
-66.7764
-66.8829
-66.98
-67.0635
-67.1296
-67.1754
-67.1988
-66.2113
-66.2311
-66.2698
-66.3258
-66.3967
-66.4794
-66.5704
-66.6657
-66.7612
-66.8526
-66.936
-67.0077
-67.0645
-67.1038
-67.1239
-66.2718
-66.289
-66.3226
-66.3712
-66.4327
-66.5045
-66.5834
-66.666
-66.7487
-66.828
-66.9002
-66.9623
-67.0114
-67.0454
-67.0628
-66.3204
-66.3355
-66.365
-66.4076
-66.4616
-66.5245
-66.5937
-66.6662
-66.7387
-66.8082
-66.8715
-66.9258
-66.9689
-66.9987
-67.0139
-66.3585
-66.3719
-66.3982
-66.4362
-66.4842
-66.5403
-66.6018
-66.6663
-66.7308
-66.7926
-66.8489
-66.8972
-66.9355
-66.962
-66.9755
-66.3873
-66.3994
-66.4233
-66.4577
-66.5013
-66.5521
-66.608
-66.6664
-66.7249
-66.7809
-66.8319
-66.8757
-66.9103
-66.9343
-66.9466
-66.4076
-66.4189
-66.441
-66.473
-66.5134
-66.5605
-66.6123
-66.6665
-66.7207
-66.7726
-66.8198
-66.8604
-66.8925
-66.9148
-66.9261
-66.4201
-66.4308
-66.4519
-66.4823
-66.5208
-66.5656
-66.6149
-66.6665
-66.7181
-66.7675
-66.8124
-66.8511
-66.8816
-66.9028
-66.9136
-66.4251
-66.4356
-66.4563
-66.4861
-66.5238
-66.5677
-66.616
-66.6665
-66.7171
-66.7654
-66.8095
-66.8473
-66.8772
-66.8979
-66.9085
-66.4228
-66.4334
-66.4543
-66.4844
-66.5224
-66.5668
-66.6155
-66.6665
-66.7175
-66.7664
-66.8108
-66.849
-66.8792
-66.9001
-66.9108
-66.4131
-66.4242
-66.4458
-66.4771
-66.5167
-66.5628
-66.6135
-66.6665
-66.7196
-66.7703
-66.8166
-66.8563
-66.8877
-66.9094
-66.9205
-66.3958
-66.4076
-66.4307
-66.4641
-66.5064
-66.5557
-66.6098
-66.6665
-66.7232
-66.7774
-66.8268
-66.8693
-66.9028
-66.9261
-66.938
-66.3702
-66.3831
-66.4084
-66.445
-66.4912
-66.5451
-66.6044
-66.6664
-66.7285
-66.7878
-66.842
-66.8884
-66.9252
-66.9506
-66.9636
-66.3357
-66.3501
-66.3783
-66.4191
-66.4707
-66.5309
-66.5971
-66.6663
-66.7356
-66.8019
-66.8624
-66.9143
-66.9554
-66.9838
-66.9983
-66.2911
-66.3075
-66.3395
-66.3857
-66.4443
-66.5126
-66.5876
-66.6662
-66.7448
-66.8201
-66.8888
-66.9477
-66.9943
-67.0266
-67.0432
-66.2352
-66.254
-66.2907
-66.3439
-66.4111
-66.4895
-66.5757
-66.666
-66.7564
-66.8429
-66.9218
-66.9896
-67.0433
-67.0804
-67.0994
-66.1663
-66.188
-66.2306
-66.2922
-66.3701
-66.461
-66.561
-66.6657
-66.7706
-66.8711
-66.9626
-67.0413
-67.1037
-67.1468
-67.1689
-66.0823
-66.1076
-66.1573
-66.2292
-66.3201
-66.4263
-66.543
-66.6653
-66.7879
-66.9053
-67.0124
-67.1045
-67.1773
-67.2278
-67.2537
-65.9806
-66.0104
-66.0686
-66.1529
-66.2596
-66.3841
-66.5212
-66.6648
-66.8088
-66.9467
-67.0726
-67.1809
-67.2666
-67.326
-67.3564
-65.8583
-65.8933
-65.9619
-66.061
-66.1866
-66.3333
-66.4947
-66.664
-66.8338
-66.9965
-67.1451
-67.2729
-67.3741
-67.4443
-67.4801
-65.7117
-65.753
-65.8338
-65.9508
-66.099
-66.2722
-66.4629
-66.663
-66.8637
-67.0562
-67.232
-67.3833
-67.5032
-67.5863
-67.6289
-65.5365
-65.5852
-65.6807
-65.8189
-65.9941
-66.1989
-66.4246
-66.6614
-66.8992
-67.1274
-67.336
-67.5155
-67.6579
-67.7566
-67.8071
-65.3274
-65.385
-65.4979
-65.6614
-65.8687
-66.1111
-66.3785
-66.6593
-66.9414
-67.2123
-67.4601
-67.6735
-67.8428
-67.9603
-68.0204
-65.0784
-65.1465
-65.28
-65.4734
-65.7188
-66.006
-66.323
-66.6562
-66.9913
-67.3133
-67.6081
-67.8621
-68.0638
-68.2037
-68.2754
-64.782
-64.8625
-65.0204
-65.2493
-65.5399
-65.8803
-66.2563
-66.6519
-67.0501
-67.4333
-67.7843
-68.0871
-68.3276
-68.4946
-68.5801
-64.4297
-64.5249
-64.7116
-64.9824
-65.3265
-65.7299
-66.176
-66.6459
-67.1194
-67.5756
-67.994
-68.3553
-68.6425
-68.842
-68.9443
-64.0114
-64.1238
-64.3444
-64.6646
-65.0718
-65.5498
-66.079
-66.6373
-67.2007
-67.7443
-68.2434
-68.6749
-69.0183
-69.257
-69.3794
-63.5149
-63.6476
-63.9081
-64.2864
-64.7681
-65.3342
-65.962
-66.6253
-67.2957
-67.9437
-68.5396
-69.0556
-69.4667
-69.7527
-69.8994
-62.9264
-63.0828
-63.3899
-63.8364
-64.4057
-65.0758
-65.8202
-66.6082
-67.4064
-68.1793
-68.8915
-69.5091
-70.0019
-70.3452
-70.5214
-62.2293
-62.4133
-62.7749
-63.3013
-63.9733
-64.7659
-65.6481
-66.5842
-67.5345
-68.457
-69.3089
-70.0492
-70.6409
-71.0536
-71.2656
-61.4044
-61.6205
-62.0455
-62.665
-63.4573
-64.3937
-65.4385
-66.5503
-67.6821
-68.7838
-69.8039
-70.6925
-71.4042
-71.9013
-72.157
-60.4295
-60.6828
-61.1812
-61.9088
-62.8413
-63.9461
-65.1826
-66.5024
-67.8505
-69.1671
-70.3902
-71.4586
-72.3164
-72.9168
-73.2258
-59.2789
-59.5748
-60.1578
-61.0104
-62.1056
-63.4072
-64.8688
-66.4348
-68.0407
-69.6154
-71.0837
-72.3709
-73.4074
-74.1344
-74.5091
-57.9229
-58.2674
-58.9472
-59.9434
-61.2268
-62.7572
-64.4827
-66.3395
-68.2527
-70.1375
-71.903
-73.4573
-74.7132
-75.5965
-76.0526
-56.3277
-56.7274
-57.5171
-58.6772
-60.1765
-61.9717
-64.0053
-66.2051
-68.4843
-70.7423
-72.8691
-74.7507
-76.2777
-77.3552
-77.9128
-54.4551
-54.9165
-55.8299
-57.1753
-58.9208
-61.0206
-63.4124
-66.0157
-68.7305
-71.4382
-74.0053
-76.2902
-78.1543
-79.4749
-80.16
-52.2621
-52.792
-53.8429
-55.3957
-57.4193
-59.8668
-62.6728
-65.7489
-68.9817
-72.2318
-75.3374
-78.122
-80.4081
-82.0357
-82.8828
-49.7013
-50.3059
-51.5074
-53.2894
-55.6234
-58.4643
-61.7456
-65.3733
-69.2207
-73.1256
-76.8923
-80.2997
-83.119
-85.1385
-86.1936
-46.7209
-47.4053
-48.769
-50.8
-53.4755
-56.7559
-60.5779
-64.8452
-69.4198
-74.1155
-78.6965
-82.8856
-86.3851
-88.9109
-90.2369
-43.2654
-44.0332
-45.5675
-47.8633
-50.9076
-54.6716
-59.1011
-64.1037
-69.5347
-75.1848
-80.7728
-85.9504
-90.327
-93.5161
-95.2008
-39.2771
-40.1291
-41.8373
-44.4071
-47.8401
-52.1253
-57.2264
-63.0646
-69.4974
-76.2973
-83.1338
-89.5712
-95.0933
-99.1658
-101.334
-34.6973
-35.6309
-37.5091
-40.3516
-44.1809
-49.0126
-54.8401
-61.6126
-69.2053
-77.3842
-85.7717
-93.8274
-100.866
-106.137
-108.973
-29.4696
-30.4769
-32.5116
-35.6112
-39.8259
-45.2085
-51.7976
-59.591
-68.5059
-78.326
-88.6398
-98.7895
-107.866
-114.799
-118.581
-23.5428
-24.61
-26.7749
-30.0967
-34.6602
-40.5668
-47.919
-56.7906
-67.178
-78.9249
-91.6215
-104.497
-116.354
-125.649
-130.815
-16.8754
-17.9813
-20.2351
-23.7205
-28.5621
-34.9216
-42.9854
-52.9377
-64.906
-78.864
-94.4791
-110.91
-126.62
-139.366
-146.636
-9.44052
-10.5562
-12.8407
-16.4028
-21.4104
-28.0931
-36.7406
-47.6849
-61.2522
-77.6523
-96.7698
-117.824
-138.942
-156.887
-167.503
-1.23156
-2.31988
-4.55964
-8.08201
-13.0958
-19.9007
-28.901
-40.6109
-55.6312
-74.5534
-97.7151
-124.693
-153.469
-179.494
-195.743
7.73241
6.71527
4.6114
1.27386
-3.53793
-10.1841
-19.18
-31.2383
-47.3005
-68.5103
-96.0095
-130.314
-169.904
-208.889
-235.265
17.4019
16.5043
14.6384
11.6528
7.29311
1.16369
-7.33286
-19.0855
-35.3954
-58.0996
-89.5777
-132.264
-186.757
-247.04
-293.101
27.6937
26.9647
25.442
22.9851
19.3524
14.1546
6.77488
-3.76859
-19.0502
-41.5961
-75.3622
-126.015
-199.588
-295.066
-382.921
38.4908
37.9753
36.8934
35.133
32.4975
28.66
23.0789
14.838
2.33915
-17.3014
-49.4196
-103.848
-197.207
-348.381
-533.749
49.6447
49.3781
48.8147
47.8876
46.4764
44.3754
41.229
36.4005
28.687
15.6576
-7.98413
-54.6465
-154.674
-377.948
-813.298
60.9824
60.9857
60.9875
60.9771
60.9332
60.8155
60.5459
59.9652
58.7251
55.985
49.4372
31.6145
-26.5523
-260.236
-1395.17
72.3165
72.5928
73.1675
74.0886
75.4399
77.3597
80.0774
83.9863
89.8029
98.9552
114.687
145.891
223.456
483.344
1644.96
83.4571
83.9913
85.1055
86.9
89.5504
93.3484
98.7799
106.68
118.562
137.354
169.19
227.971
346.846
600.72
1081.67
94.225
94.9854
96.5695
99.1154
102.862
108.201
115.766
126.607
142.521
166.693
204.979
268.316
376.482
560.397
852.402
92.936
37.8457
15.748
4.31897
-2.60028
-7.18483
-10.3888
-12.702
-14.4044
-15.6679
-16.6029
-17.2828
-17.7566
-18.0564
-18.2017
58.7312
35.9357
19.2889
8.45665
1.25347
-3.72822
-7.29112
-9.90172
-11.8436
-13.2969
-14.3798
-15.1717
-15.726
-16.0779
-16.2488
40.3562
29.7553
18.7917
10.074
3.56451
-1.25685
-4.85472
-7.56571
-9.62201
-11.183
-12.3587
-13.2255
-13.8359
-14.225
-14.4144
29.3423
23.8266
16.7345
10.1579
4.70315
0.364903
-3.03417
-5.68426
-7.74427
-9.33651
-10.552
-11.4571
-12.0992
-12.5105
-12.7114
22.1586
18.9922
14.3192
9.4627
5.06637
1.33444
-1.73371
-4.21253
-6.19127
-7.75156
-8.96073
-9.87132
-10.5226
-10.9422
-11.1477
17.1734
15.204
12.0311
8.4478
4.96814
1.84301
-0.842505
-3.08802
-4.9288
-6.41036
-7.5767
-8.46552
-9.10673
-9.5223
-9.72656
13.5557
12.2514
10.028
7.3608
4.62365
2.04628
-0.256844
-2.24455
-3.91574
-5.288
-6.3853
-7.23157
-7.8475
-8.24909
-8.44718
10.8436
9.93696
8.33283
6.32233
4.16817
2.05906
0.109781
-1.62086
-3.11024
-4.35652
-5.36816
-6.15751
-6.737
-7.11712
-7.30528
8.7609
8.10679
6.91982
5.38354
3.68134
1.96084
0.324566
-1.16468
-2.47352
-3.58793
-4.50534
-5.22911
-5.7649
-6.11838
-6.29395
7.13239
6.64658
5.7493
4.55992
3.20718
1.8041
0.437247
-0.833778
-1.9718
-2.9561
-3.77693
-4.4312
-4.91932
-5.24313
-5.40447
5.84117
5.47205
4.78155
3.8497
2.76794
1.62218
0.483377
-0.595229
-1.57681
-2.43776
-3.16415
-3.74861
-4.1878
-4.48063
-4.62699
4.80622
4.52064
3.98136
3.24355
2.37312
1.4354
0.487698
-0.424053
-1.26558
-2.01283
-2.6499
-3.16686
-3.55788
-3.81981
-3.95108
3.96954
3.74535
3.31899
2.72945
2.025
1.25555
0.467047
-0.301643
-1.01979
-1.66439
-2.21903
-2.67252
-3.01757
-3.24967
-3.36629
3.28849
3.11042
2.7699
2.29513
1.72199
1.0889
0.432636
-0.214327
-0.825072
-1.37841
-1.85839
-2.25347
-2.55566
-2.7597
-2.86245
2.73108
2.58826
2.314
1.92909
1.46061
0.938337
0.391759
-0.152161
-0.670207
-1.14336
-1.55668
-1.8989
-2.16187
-2.34003
-2.42993
2.27281
2.15736
1.93491
1.62108
1.23655
0.804642
0.349033
-0.107961
-0.546513
-0.94984
-1.30432
-1.59934
-1.82697
-1.98163
-2.05982
1.89468
1.80075
1.61926
1.36214
1.04539
0.687396
0.307263
-0.0765667
-0.447274
-0.790233
-1.09325
-1.34656
-1.5427
-1.67632
-1.74398
1.58176
1.50492
1.35612
1.14459
0.882851
0.585518
0.268058
-0.054284
-0.3673
-0.658355
-0.916678
-1.13346
-1.30184
-1.41681
-1.47509
1.32219
1.25904
1.13654
0.961896
0.745021
0.497611
0.232241
-0.0384771
-0.302573
-0.549202
-0.768944
-0.953965
-1.09806
-1.19664
-1.24667
1.10645
1.05435
0.953142
0.808522
0.628387
0.42217
0.200136
-0.0272684
-0.249973
-0.458712
-0.645314
-0.802879
-0.925874
-1.01016
-1.05298
0.926891
0.883762
0.799883
0.679801
0.52986
0.357707
0.171757
-0.0193225
-0.207069
-0.383592
-0.54184
-0.675791
-0.78056
-0.85246
-0.889026
0.777267
0.741461
0.671755
0.571808
0.446752
0.302822
0.146939
-0.0136907
-0.171958
-0.321157
-0.455233
-0.568962
-0.658064
-0.719289
-0.75045
0.652499
0.622693
0.564621
0.481246
0.376747
0.256232
0.125417
-0.0096998
-0.143141
-0.26922
-0.382752
-0.479226
-0.554921
-0.606988
-0.633506
0.548422
0.523548
0.475051
0.405348
0.317861
0.216793
0.10688
-0.00687194
-0.119437
-0.225993
-0.322113
-0.403916
-0.468179
-0.512423
-0.53497
0.461613
0.440801
0.400201
0.341796
0.268402
0.183493
0.0910073
-0.00486836
-0.0999028
-0.19001
-0.271413
-0.340781
-0.395333
-0.432921
-0.452085
0.389252
0.371791
0.337712
0.28865
0.226935
0.155453
0.077488
-0.00344889
-0.0837897
-0.16007
-0.229068
-0.28793
-0.334263
-0.366209
-0.382503
0.329013
0.314316
0.285623
0.244288
0.192249
0.131914
0.0660316
-0.00244329
-0.0704958
-0.135184
-0.19376
-0.243778
-0.28318
-0.310362
-0.324232
0.278975
0.266559
0.242309
0.207357
0.163323
0.112224
0.0563749
-0.00173093
-0.0595376
-0.114541
-0.164393
-0.206996
-0.240578
-0.263758
-0.275588
0.237557
0.227016
0.206424
0.176732
0.1393
0.0958322
0.0482849
-0.00122634
-0.0505255
-0.0974735
-0.140058
-0.176475
-0.205198
-0.225032
-0.235157
0.203455
0.194451
0.176858
0.151478
0.119468
0.0822723
0.041558
-0.000868945
-0.0431457
-0.0834352
-0.120005
-0.151297
-0.175989
-0.193045
-0.201755
0.175604
0.16785
0.152696
0.130828
0.103235
0.0711551
0.0360201
-0.000615864
-0.0371453
-0.0719793
-0.103615
-0.130699
-0.15208
-0.166853
-0.174399
0.153135
0.146386
0.133194
0.114152
0.0901157
0.0621591
0.0315241
-0.000436714
-0.032322
-0.0627435
-0.0903857
-0.114061
-0.132757
-0.145679
-0.15228
0.13535
0.129395
0.117752
0.100943
0.0797184
0.0550222
0.0279484
-0.00030999
-0.0285148
-0.0554371
-0.07991
-0.100878
-0.117442
-0.128894
-0.134744
0.1217
0.116353
0.105898
0.0907999
0.0717308
0.0495358
0.0251952
-0.000220481
-0.025598
-0.0498309
-0.0718671
-0.0907538
-0.105677
-0.115996
-0.121269
0.111761
0.106857
0.0972656
0.0834132
0.0659132
0.045539
0.0231881
-0.000157441
-0.0234758
-0.0457497
-0.0660105
-0.0833803
-0.0971082
-0.106602
-0.111453
0.105227
0.100614
0.0915916
0.0785587
0.062091
0.0429141
0.0218717
-0.000113302
-0.0220787
-0.0430658
-0.062161
-0.078535
-0.0914783
-0.100431
-0.105006
0.101896
0.0974322
0.0887014
0.0760886
0.0601493
0.0415845
0.0212094
-8.27663e-05
-0.0213606
-0.0416952
-0.0602004
-0.0760713
-0.0886186
-0.0972983
-0.101734
0.101663
0.0972123
0.0885061
0.0759277
0.0600301
0.0415114
0.0211839
-6.21672e-05
-0.0212974
-0.0415946
-0.0600685
-0.0759147
-0.0884439
-0.0971117
-0.101542
0.104521
0.0999463
0.0909988
0.078071
0.0617305
0.042694
0.0217959
-4.90326e-05
-0.0218855
-0.0427596
-0.0617608
-0.0780607
-0.0909497
-0.099867
-0.104425
0.110553
0.105716
0.0962545
0.0825833
0.0653023
0.045169
0.0230652
-4.1786e-05
-0.0231415
-0.0452249
-0.0653281
-0.0825746
-0.0962127
-0.105649
-0.110471
0.119943
0.114696
0.104432
0.0896015
0.0708542
0.0490118
0.0250308
-3.95582e-05
-0.025103
-0.0490647
-0.0708787
-0.0895933
-0.104393
-0.114632
-0.119866
0.132976
0.127159
0.11578
0.0993385
0.0785546
0.0543392
0.0277525
-4.20822e-05
-0.0278294
-0.0543955
-0.0785806
-0.0993297
-0.115738
-0.127091
-0.132894
0.150047
0.143483
0.130643
0.11209
0.0886372
0.0613127
0.0313128
-4.96619e-05
-0.0314036
-0.0613791
-0.0886678
-0.112079
-0.130593
-0.143403
-0.14995
0.171675
0.164164
0.149471
0.128242
0.101407
0.0701433
0.0358191
-6.32081e-05
-0.0359345
-0.0702279
-0.101447
-0.128229
-0.149408
-0.164061
-0.171551
0.198516
0.189829
0.172837
0.148286
0.117253
0.0810982
0.0414068
-8.43482e-05
-0.0415609
-0.0812111
-0.117305
-0.148268
-0.172753
-0.189693
-0.198351
0.231388
0.22126
0.201451
0.172829
0.136653
0.0945085
0.0482439
-0.000115621
-0.0484551
-0.0946632
-0.136724
-0.172805
-0.201335
-0.221073
-0.231161
0.271289
0.259412
0.236181
0.202617
0.160195
0.110779
0.0565351
-0.000160784
-0.0568288
-0.110994
-0.160295
-0.202583
-0.23602
-0.259152
-0.270975
0.319436
0.305447
0.278084
0.238554
0.188594
0.130401
0.0665283
-0.000225259
-0.0669399
-0.130702
-0.188733
-0.238506
-0.277859
-0.305082
-0.318995
0.377294
0.360764
0.328434
0.28173
0.222708
0.153965
0.0785215
-0.00031679
-0.0791003
-0.154389
-0.222904
-0.281663
-0.328117
-0.360252
-0.376674
0.446626
0.42705
0.388763
0.333456
0.26357
0.182182
0.0928708
-0.000446369
-0.0936864
-0.182779
-0.263845
-0.333363
-0.388316
-0.426328
-0.445753
0.529548
0.506324
0.460906
0.395303
0.312415
0.215899
0.110001
-0.000629556
-0.111151
-0.216741
-0.312804
-0.395171
-0.460276
-0.505306
-0.528317
0.628591
0.601006
0.547061
0.469149
0.370722
0.256128
0.130417
-0.000888348
-0.13204
-0.257316
-0.371271
-0.468963
-0.546173
-0.599569
-0.626854
0.746784
0.713986
0.649853
0.557237
0.44025
0.304074
0.154717
-0.00125382
-0.157007
-0.305751
-0.441025
-0.556975
-0.648599
-0.711958
-0.744331
0.887743
0.84872
0.772417
0.662242
0.5231
0.361169
0.183607
-0.00176986
-0.186841
-0.363537
-0.524194
-0.661872
-0.770647
-0.845856
-0.884281
1.05579
1.00933
0.918495
0.787355
0.621771
0.429114
0.217922
-0.00249842
-0.222487
-0.432458
-0.623315
-0.786832
-0.915996
-1.00529
-1.05091
1.25609
1.20075
1.09255
0.936377
0.739234
0.509927
0.258643
-0.00352698
-0.265087
-0.514647
-0.741414
-0.93564
-1.08902
-1.19504
-1.24919
1.49482
1.42885
1.29991
1.11384
0.879024
0.605996
0.30692
-0.00497904
-0.316017
-0.612659
-0.882101
-1.1128
-1.29493
-1.42079
-1.48508
1.77933
1.70067
1.54693
1.32514
1.04534
0.720147
0.364097
-0.00702893
-0.37694
-0.729554
-1.04969
-1.32367
-1.53991
-1.68929
-1.76558
2.11845
2.0246
1.8412
1.5767
1.24317
0.855717
0.431741
-0.00992274
-0.449871
-0.868997
-1.2493
-1.57463
-1.83128
-2.00854
-2.09904
2.52273
2.41068
2.19178
1.87619
1.47843
1.01664
0.511662
-0.0140079
-0.537256
-1.03539
-1.48709
-1.87326
-2.17777
-2.38801
-2.49532
3.00479
2.87092
2.60948
2.23271
1.75813
1.20755
0.605946
-0.0197747
-0.642077
-1.23401
-1.77035
-2.22858
-2.58971
-2.83892
-2.9661
3.57979
3.41973
3.10724
2.65714
2.09059
1.43387
0.716972
-0.0279154
-0.767978
-1.47123
-2.10785
-2.65131
-3.07932
-3.37455
-3.52517
4.2659
4.07434
3.70051
3.16241
2.48565
1.70196
0.847429
-0.0394068
-0.919431
-1.7547
-2.51001
-3.15418
-3.66111
-4.01057
-4.18879
5.08499
4.85549
4.40783
3.76393
2.95493
2.01923
1.00031
-0.0556279
-1.10195
-2.09369
-2.98933
-3.75232
-4.3522
-4.76546
-4.97612
6.06339
5.78808
5.25137
4.48007
3.51216
2.39426
1.17889
-0.0785245
-1.32237
-2.49938
-3.56074
-4.46369
-5.17284
-5.66098
-5.90969
7.2329
6.90214
6.25774
5.3327
4.1735
2.83696
1.38664
-0.110842
-1.58918
-2.98536
-4.2421
-5.3096
-6.1469
-6.7227
-7.01591
8.63203
8.23392
7.45894
6.34788
4.95795
3.35865
1.62712
-0.156455
-1.91301
-3.56815
-5.05482
-6.31531
-7.30248
-7.9806
-8.32567
10.3075
9.82732
8.89343
7.55664
5.88775
3.97213
1.90372
-0.220826
-2.30726
-4.26788
-6.02456
-7.51074
-8.67261
-9.46968
-9.87496
12.3164
11.7357
10.6076
8.99594
6.98881
4.69166
2.21928
-0.31166
-2.78885
-5.10919
-7.18207
-8.93129
-10.296
-11.2307
-11.7056
14.7283
14.0239
12.6576
10.7097
8.29119
5.53284
2.57547
-0.439815
-3.37933
-6.1223
-8.56427
-10.6188
-12.2178
-13.311
-13.8658
17.6293
16.7718
15.1111
12.7503
9.82944
6.51216
2.97187
-0.620585
-4.10626
-7.34435
-10.2154
-12.6225
-14.4906
-15.7652
-16.4111
21.1256
20.077
18.0508
15.1797
11.6428
7.64626
3.40445
-0.875495
-5.00509
-8.82118
-12.1887
-15.0004
-17.1753
-18.6557
-19.4048
25.3499
24.061
21.5769
18.0713
13.7753
8.95058
3.86346
-1.2348
-6.12156
-10.6094
-14.5477
-17.8204
-20.3422
-22.0538
-22.9185
30.4689
28.8748
25.8121
21.5115
16.2749
10.437
4.33018
-1.74097
-7.51497
-12.7792
-17.3689
-21.1617
-24.0713
-26.0399
-27.0324
36.6945
34.7081
30.9067
25.6014
19.1919
12.11
4.77207
-2.45347
-9.26229
-15.4173
-20.7431
-25.1162
-28.4537
-30.7035
-31.8352
44.2991
41.8016
37.0453
30.4578
22.5755
13.9607
5.13585
-3.45534
-11.4635
-18.631
-24.7786
-29.7894
-33.5913
-36.1431
-37.4235
53.6376
50.463
44.455
36.213
26.4677
15.957
5.33732
-4.86203
-14.2485
-22.5527
-29.6034
-35.3018
-39.5965
-42.4653
-43.9005
65.1801
61.0916
53.4157
43.0118
30.891
18.0287
5.24684
-6.83316
-17.785
-27.3445
-35.3671
-41.7884
-46.5915
-49.7824
-51.3736
79.5609
74.2109
64.27
51.0025
35.8288
20.0443
4.6689
-9.58767
-22.2883
-33.2033
-42.2422
-49.3983
-54.7055
-58.21
-59.9511
97.6563
90.5172
77.434
60.3163
41.1903
21.7757
3.31387
-13.4226
-28.0315
-40.3644
-50.4245
-58.2916
-64.0708
-67.8613
-69.737
120.708
110.951
93.3986
71.0242
46.7517
22.8453
0.760581
-18.7349
-35.3551
-49.1034
-60.1291
-68.634
-74.8165
-78.8415
-80.8245
150.535
136.795
112.711
83.0493
52.0584
22.6496
-3.59078
-26.0437
-44.6729
-59.7327
-71.5837
-80.5883
-87.0596
-91.2389
-93.2882
189.901
169.823
135.896
95.9963
56.2658
20.2534
-10.5722
-36.0077
-56.4689
-72.5899
-85.0142
-94.3009
-100.893
-105.114
-107.174
243.208
212.465
163.228
108.825
57.8905
14.2549
-21.2963
-49.4256
-71.2783
-88.0138
-100.623
-109.884
-116.372
-120.49
-122.488
317.861
267.949
194.146
119.243
54.4461
2.64205
-37.1741
-67.2016
-89.6407
-106.302
-118.556
-127.39
-133.497
-137.336
-139.189
427.173
340.019
225.825
122.641
41.9785
-17.2962
-59.8489
-90.246
-112.014
-127.651
-138.862
-146.79
-152.194
-155.559
-157.175
597.003
430.865
249.854
110.4
14.6579
-48.8471
-90.9645
-119.281
-138.644
-152.072
-161.445
-167.942
-172.306
-174.996
-176.28
882.199
532.036
245.021
67.8011
-35.049
-95.2501
-131.663
-154.533
-169.394
-179.308
-186.024
-190.574
-193.578
-195.408
-196.276
1410.55
589.348
163.938
-26.4444
-114.373
-158.172
-181.764
-195.345
-203.579
-208.762
-212.105
-214.277
-215.663
-216.487
-216.871
2509.18
371.794
-80.3583
-191.839
-224.341
-235.123
-238.815
-239.868
-239.879
-239.493
-238.996
-238.523
-238.137
-237.868
-237.73
105.487
106.448
108.443
111.633
116.287
122.836
131.945
144.649
162.563
188.181
225.21
278.444
351.211
433.466
458.503
116.809
117.915
120.2
123.821
129.036
136.237
145.995
159.119
176.72
200.209
231.069
269.953
314.149
352.206
358.25
127.023
128.2
130.618
134.413
139.797
147.079
156.674
169.108
184.985
204.86
228.901
256.144
283.222
302.951
305.449
136.057
137.24
139.658
143.411
148.657
155.604
164.51
175.649
189.248
205.344
223.523
242.495
259.638
270.919
272.263
143.904
145.044
147.358
150.914
155.811
162.168
170.109
179.726
191.009
203.743
217.345
230.669
241.911
248.82
249.524
150.608
151.67
153.812
157.073
161.501
167.144
174.029
182.13
191.315
201.274
211.44
220.919
228.513
232.924
233.195
156.248
157.211
159.146
162.063
165.974
170.874
176.729
183.446
190.841
198.594
206.22
213.051
218.292
221.163
221.128
160.92
161.778
163.493
166.056
169.453
173.646
178.563
184.081
190.003
196.038
201.79
206.768
210.436
212.302
212.045
164.731
165.486
166.986
169.214
172.134
175.69
179.792
184.307
189.048
193.76
198.129
201.792
204.377
205.562
205.14
167.784
168.443
169.749
171.675
174.175
177.184
180.605
184.306
188.116
191.821
195.169
197.889
199.714
200.424
199.877
170.174
170.751
171.889
173.557
175.705
178.263
181.133
184.193
187.287
190.235
192.835
194.877
196.164
196.537
195.897
171.984
172.493
173.494
174.955
176.822
179.025
181.47
184.041
186.601
188.994
191.054
192.615
193.525
193.662
192.951
173.282
173.739
174.637
175.942
177.6
179.541
181.676
183.896
186.077
188.082
189.77
191.002
191.654
191.63
190.868
174.118
174.541
175.37
176.571
178.091
179.86
181.793
183.787
185.725
187.484
188.937
189.964
190.456
190.331
189.537
174.528
174.934
175.728
176.877
178.328
180.013
181.846
183.728
185.548
187.188
188.528
189.456
189.871
189.698
188.888
347.7
317.153
291.414
235.946
207.762
167.624
140.312
85.5634
116.047
123.948
125.635
126.407
128.162
130.939
140.304
137.492
119.255
110.329
97.7897
90.681
79.4961
69.6168
45.6362
65.7275
72.8353
79.0399
83.2654
91.433
98.0201
113.162
115.146
106.953
102.789
96.0316
91.8538
84.2018
75.5899
51.3301
78.279
89.5732
102.849
112.025
129.631
142.543
170.054
175.022
164.496
159.328
150.935
145.397
134.736
120.945
80.5494
126.116
144.233
164.079
175.763
195.954
208.85
234.713
233.613
204.488
189.694
167.352
154.184
132.606
113.705
68.8155
102.696
112.581
117.636
119.051
120.567
120.881
123.219
116.615
94.197
83.0241
70.1615
63.2292
58.6971
47.1458
20.2695
74.1348
43.5796
-87.9198
-210.795
-455.909
-1133.14
-3320.69
323.789
295.41
267.929
235.541
207.496
179.663
155.704
133.954
132.265
132.402
132.064
131.647
131.595
131.908
132.335
128.575
120.132
111.965
103.378
95.7423
87.7773
80.3256
73.4444
76.6602
80.5884
84.7173
88.8668
93.9367
99.1025
104.773
106.429
104.235
101.275
97.4418
93.6249
89.0679
84.3828
80.2492
87.8225
96.309
105.723
115.212
126.465
137.42
149.049
153.802
152.255
149.113
144.445
139.316
132.653
125.087
117.862
129.669
142.002
154.557
165.605
177.208
186.717
194.813
193.04
181.294
168.42
153.532
139.35
123.651
108.226
93.0151
95.0229
97.0779
97.6352
96.4911
94.2051
90.4989
85.0454
75.1319
60.0845
45.1925
29.5505
13.8371
-3.72797
-26.4212
-55.4599
-84.0767
-151.948
-276.177
-456.359
-745.467
-1224.55
-1901.83
291.038
272.369
251.505
228.877
206.92
186.12
167.911
153.457
145.852
141.537
138.604
136.358
134.504
132.708
130.396
126.399
120.61
114.205
107.597
101.276
95.3184
90.2119
86.7123
86.5665
88.0517
90.3641
93.1421
96.3014
99.4574
102.165
103.254
102.619
101.018
98.8281
96.4611
94.1176
92.3811
92.3098
96.0503
101.709
108.486
115.86
123.727
131.325
137.944
141.65
142.309
141.095
138.616
135.444
131.867
128.736
127.766
132.461
139.452
147.199
154.647
161.473
166.616
169.121
166.824
159.722
150.04
138.69
126.699
114.297
102.434
92.4183
87.2787
83.7289
80.0816
75.5734
69.8858
62.6305
53.2924
41.0392
25.7466
8.43933
-10.9587
-32.8895
-58.7687
-90.8507
-131.796
-185.761
-266.318
-383.856
-545.063
-761.447
-1030.54
-1286.9
264.619
252.483
237.619
221.242
204.673
188.843
174.707
163.095
154.697
148.681
144.152
140.504
137.326
134.25
130.88
126.803
121.973
116.734
111.402
106.286
101.633
97.7832
95.1496
94.1232
94.3229
95.3399
96.8673
98.6701
100.457
101.888
102.562
102.394
101.609
100.468
99.263
98.2922
97.9809
98.8808
101.515
105.498
110.389
115.795
121.375
126.639
131.03
133.885
135.061
134.895
133.785
132.152
130.436
129.272
129.511
131.943
135.812
140.27
144.579
148.157
150.31
150.338
147.525
141.862
134.056
124.768
114.636
104.163
93.9798
84.7977
77.2429
70.518
63.7653
56.3519
47.822
37.7593
25.7355
11.3219
-5.69153
-25.304
-47.8213
-73.9303
-104.877
-142.516
-189.381
-249.149
-327.431
-428.65
-554.308
-701.508
-854.849
-975.171
244.741
236.519
225.908
213.88
201.358
189.125
177.864
168.101
160.111
153.682
148.428
143.973
139.997
136.216
132.378
128.292
123.922
119.396
114.896
110.626
106.789
103.602
101.271
99.9133
99.4161
99.5796
100.195
101.061
101.967
102.7
103.08
103.055
102.71
102.201
101.726
101.516
101.836
102.953
105.037
107.978
111.55
115.479
119.477
123.208
126.328
128.538
129.741
130.054
129.704
128.979
128.21
127.786
128.095
129.355
131.32
133.55
135.563
136.891
137.061
135.644
132.325
127.086
120.204
112.06
103.064
93.6068
84.0822
74.8311
66.01
57.3448
48.3987
38.7362
27.9636
15.7107
1.61842
-14.6525
-33.3878
-54.8646
-79.5116
-108.005
-141.346
-180.896
-228.38
-285.872
-355.506
-438.241
-532.52
-632.714
-726.693
-795.017
229.844
223.991
216.231
207.227
197.624
188.005
178.86
170.554
163.272
156.99
151.55
146.749
142.383
138.264
134.233
130.186
126.096
122.018
118.057
114.341
111.007
108.188
105.991
104.462
103.557
103.167
103.161
103.394
103.724
104.019
104.181
104.178
104.047
103.882
103.809
103.977
104.541
105.634
107.321
109.551
112.193
115.065
117.96
120.654
122.935
124.639
125.701
126.167
126.162
125.865
125.486
125.241
125.308
125.75
126.445
127.142
127.531
127.287
126.095
123.687
119.888
114.673
108.165
100.575
92.1517
83.1466
73.7888
64.2435
54.551
44.5743
34.0622
22.718
10.2357
-3.69
-19.362
-37.0787
-57.1363
-79.8598
-105.663
-135.096
-168.871
-207.848
-252.968
-305.105
-364.715
-431.208
-502.205
-572.86
-635.469
-680.434
218.577
214.204
208.344
201.431
193.91
186.197
178.647
171.527
164.992
159.082
153.75
148.898
144.413
140.181
136.11
132.139
128.25
124.471
120.863
117.505
114.483
111.878
109.747
108.113
106.953
106.203
105.78
105.588
105.532
105.529
105.519
105.481
105.434
105.429
105.543
105.865
106.482
107.46
108.821
110.53
112.503
114.618
116.731
118.695
120.373
121.663
122.519
122.955
123.038
122.869
122.567
122.244
121.978
121.779
121.564
121.175
120.409
119.047
116.878
113.729
109.486
104.12
97.6831
90.2876
82.0752
73.1921
63.7634
53.8659
43.4996
32.5734
20.9225
8.3374
-5.41443
-20.5767
-37.3986
-56.1341
-77.0456
-100.42
-126.587
-155.935
-188.904
-225.948
-267.448
-313.568
-364.009
-417.682
-472.378
-524.584
-569.641
-602.592
209.974
206.553
201.969
196.506
190.469
184.152
177.812
171.653
165.808
160.34
155.254
150.517
146.074
141.866
137.842
133.971
130.244
126.676
123.306
120.182
117.358
114.882
112.786
111.082
109.755
108.768
108.064
107.583
107.262
107.046
106.897
106.799
106.758
106.803
106.977
107.329
107.904
108.732
109.817
111.129
112.609
114.17
115.717
117.146
118.367
119.31
119.938
120.25
120.275
120.063
119.675
119.162
118.551
117.829
116.93
115.747
114.142
111.965
109.072
105.343
100.699
95.1053
88.5795
81.174
72.9624
64.0211
54.4113
44.1614
33.2531
21.6146
9.12687
-4.36396
-19.0342
-35.0737
-52.6799
-72.0555
-93.4086
-116.956
-142.928
-171.558
-203.068
-237.627
-275.27
-315.801
-358.641
-402.673
-446.129
-486.593
-521.235
-547.337
203.367
200.574
196.857
192.405
187.428
182.134
176.715
171.325
166.079
161.045
156.255
151.71
147.393
143.282
139.354
135.595
132.005
128.596
125.393
122.427
119.732
117.336
115.259
113.506
112.069
110.921
110.028
109.348
108.839
108.466
108.201
108.031
107.957
107.99
108.153
108.469
108.959
109.634
110.485
111.487
112.594
113.744
114.869
115.896
116.76
117.409
117.812
117.957
117.85
117.511
116.961
116.219
115.284
114.13
112.704
110.926
108.697
105.911
102.466
98.2752
93.2749
87.4317
80.7405
73.2192
64.8986
55.8112
45.9792
35.4038
24.0569
11.8777
-1.2251
-15.3675
-30.6827
-47.3147
-65.413
-85.1284
-106.61
-130.002
-155.439
-183.03
-212.842
-244.859
-278.931
-314.705
-351.549
-388.487
-424.179
-456.979
-485.119
-507.015
198.295
195.923
192.801
189.056
184.838
180.296
175.572
170.788
166.04
161.397
156.9
152.571
148.415
144.432
140.619
136.974
133.502
130.217
127.136
124.281
121.672
119.329
117.263
115.477
113.963
112.707
111.683
110.863
110.221
109.729
109.368
109.126
108.999
108.99
109.107
109.358
109.749
110.279
110.935
111.692
112.514
113.354
114.16
114.878
115.459
115.862
116.056
116.024
115.759
115.258
114.524
113.553
112.328
110.821
108.983
106.752
104.052
100.805
96.9332
92.3702
87.0631
80.9772
74.0952
66.4138
57.9376
48.6721
38.6164
27.756
16.0582
3.47013
-10.0806
-24.6824
-40.4349
-57.444
-75.8169
-95.657
-117.059
-140.103
-164.844
-191.302
-219.438
-249.131
-280.138
-312.064
-344.315
-376.09
-406.386
-434.068
-457.988
-477.166
194.437
192.349
189.636
186.387
182.71
178.716
174.511
170.195
165.849
161.536
157.302
153.179
149.187
145.337
141.639
138.1
134.731
131.544
128.554
125.777
123.229
120.921
118.862
117.052
115.487
114.156
113.041
112.124
111.384
110.802
110.362
110.054
109.87
109.807
109.865
110.043
110.338
110.742
111.238
111.804
112.407
113.012
113.576
114.057
114.415
114.614
114.625
114.427
114.003
113.341
112.428
111.248
109.778
107.986
105.828
103.25
100.194
96.5953
92.3941
87.5347
81.9709
75.6674
68.5995
60.7513
52.1115
42.6698
32.4112
21.313
9.34081
-3.55177
-17.423
-32.3404
-48.3774
-65.609
-84.107
-103.935
-125.142
-147.757
-171.776
-197.155
-223.791
-251.505
-280.021
-308.948
-337.763
-365.817
-392.354
-416.567
-437.679
-455.047
191.569
189.672
187.238
184.333
181.037
177.434
173.61
169.644
165.607
161.557
157.542
153.597
149.75
146.021
142.426
138.979
135.694
132.584
129.662
126.943
124.437
122.154
120.099
118.274
116.674
115.291
114.114
113.128
112.318
111.668
111.167
110.802
110.565
110.45
110.45
110.56
110.77
111.069
111.439
111.858
112.298
112.727
113.11
113.411
113.597
113.634
113.494
113.153
112.589
111.783
110.714
109.359
107.691
105.676
103.274
100.436
97.1133
93.2522
88.8011
83.7119
77.9423
71.4566
64.2261
56.227
47.4391
37.8423
27.4142
16.1275
3.94815
-9.1649
-23.2591
-38.3862
-54.5994
-71.9497
-90.4811
-110.226
-131.197
-153.386
-176.747
-201.194
-226.587
-252.72
-279.31
-305.989
-332.304
-357.723
-381.662
-403.524
-422.756
-438.907
189.536
187.763
185.514
182.839
179.801
176.468
172.909
169.192
165.379
161.526
157.677
153.873
150.142
146.51
142.999
139.625
136.404
133.351
130.478
127.799
125.323
123.056
121.005
119.169
117.546
116.13
114.911
113.877
113.018
112.321
111.773
111.363
111.084
110.924
110.876
110.929
111.073
111.292
111.569
111.881
112.204
112.507
112.76
112.932
112.991
112.906
112.651
112.198
111.522
110.601
109.409
107.92
106.103
103.924
101.344
98.3196
94.8063
90.7568
86.125
80.8671
74.943
68.317
60.9577
52.8373
43.9301
34.2108
23.6527
12.2266
-0.100628
-13.3656
-27.6079
-42.8677
-59.1837
-76.589
-95.1073
-114.748
-135.499
-157.323
-180.15
-203.868
-228.314
-253.273
-278.465
-303.551
-328.129
-351.754
-373.954
-394.264
-412.262
-427.612
188.233
186.535
184.399
181.866
178.988
175.823
172.432
168.875
165.208
161.484
157.748
154.038
150.388
146.824
143.371
140.047
136.87
133.855
131.015
128.361
125.903
123.648
121.599
119.757
118.12
116.683
115.437
114.375
113.485
112.756
112.177
111.738
111.428
111.237
111.154
111.168
111.266
111.432
111.646
111.889
112.135
112.357
112.526
112.614
112.59
112.424
112.09
111.56
110.808
109.807
108.531
106.95
105.034
102.746
100.051
96.906
93.2697
89.0983
84.3488
78.9799
72.9527
66.2316
58.7838
50.5792
41.5892
31.7858
21.1403
9.6225
-2.79958
-16.1595
-30.4915
-45.8283
-62.1989
-79.625
-98.1167
-117.668
-138.253
-159.816
-182.27
-205.488
-229.3
-253.484
-277.77
-301.837
-325.322
-347.832
-368.963
-388.326
-405.576
-420.439
187.597
185.934
183.851
181.386
178.584
175.501
172.191
168.712
165.117
161.457
157.777
154.116
150.506
146.978
143.554
140.255
137.101
134.104
131.28
128.64
126.191
123.941
121.893
120.048
118.405
116.957
115.7
114.623
113.718
112.974
112.379
111.925
111.599
111.392
111.291
111.285
111.36
111.498
111.682
111.89
112.099
112.281
112.409
112.455
112.39
112.184
111.811
111.242
110.45
109.409
108.09
106.463
104.496
102.155
99.4025
96.1984
92.5017
88.2703
83.4628
78.0388
71.9602
65.1911
57.6983
49.4507
40.4185
30.5724
19.883
8.31979
-4.14857
-17.5541
-31.9282
-47.3001
-63.6939
-81.1256
-99.5988
-119.1
-139.596
-161.022
-183.285
-206.251
-229.745
-253.546
-277.386
-300.957
-323.914
-345.889
-366.51
-385.425
-402.321
-416.952
-3288.58
-1154.85
-609.318
-434.101
-361.896
-325.183
-303.582
-289.638
-280.108
-273.377
-268.556
-265.125
-262.765
-261.283
-260.568
-1892.18
-1232.06
-816.04
-595.369
-476.458
-408.314
-366.575
-339.513
-321.193
-308.428
-299.411
-293.069
-288.75
-286.057
-284.763
-1298.63
-1065.14
-827.407
-654.865
-540.247
-465.031
-414.884
-380.639
-356.716
-339.727
-327.585
-318.985
-313.104
-309.428
-307.659
-993.496
-902.439
-773.572
-656.428
-564.624
-496.671
-447.285
-411.439
-385.301
-366.173
-352.212
-342.178
-335.247
-330.887
-328.781
-814.135
-777.536
-708.002
-632.639
-565.14
-509.735
-466.138
-432.523
-406.869
-387.446
-372.907
-362.263
-354.813
-350.087
-347.792
-698.697
-685.556
-648.25
-600.974
-553.554
-510.984
-475.003
-445.638
-422.202
-403.828
-389.7
-379.147
-371.652
-366.848
-364.503
-619.718
-617.728
-598.456
-569.445
-537.107
-505.634
-477.245
-452.816
-432.467
-415.956
-402.914
-392.967
-385.792
-381.146
-378.863
-563.429
-567.173
-558.391
-541.235
-519.785
-497.194
-475.518
-455.907
-438.887
-424.61
-413.027
-404.007
-397.399
-393.073
-390.935
-522.256
-529.135
-526.691
-517.309
-503.597
-487.832
-471.718
-456.399
-442.559
-430.563
-420.571
-412.628
-406.718
-402.807
-400.861
-491.738
-500.411
-501.923
-497.703
-489.456
-478.809
-467.118
-455.404
-444.379
-434.504
-426.06
-419.209
-414.032
-410.569
-408.835
-469.106
-478.84
-482.878
-482.117
-477.706
-470.823
-462.533
-453.714
-445.041
-437.005
-429.951
-424.108
-419.626
-416.595
-415.068
-452.585
-462.958
-468.623
-470.175
-468.42
-464.236
-458.471
-451.872
-445.058
-438.519
-432.623
-427.641
-423.761
-421.111
-419.768
-441.021
-451.777
-458.474
-461.534
-461.555
-459.223
-455.234
-450.236
-444.794
-439.382
-434.375
-430.063
-426.66
-424.313
-423.118
-433.675
-444.648
-451.955
-455.924
-457.035
-455.86
-453
-449.036
-444.495
-439.832
-435.425
-431.57
-428.494
-426.358
-425.265
-430.106
-441.176
-448.767
-453.164
-454.793
-454.174
-451.862
-448.405
-444.309
-440.021
-435.915
-432.291
-429.382
-427.353
-426.312
)
;

boundaryField
{
    hot
    {
        type            calculated;
        value           nonuniform List<scalar> 
120
(
125.357
124.669
123.277
121.154
118.261
114.552
109.978
104.496
98.074
90.7064
82.4193
73.2822
63.4134
52.9801
42.1918
32.1952
23.1828
14.3828
5.91859
-2.10648
-9.61283
-16.5462
-22.8768
-28.5967
-33.7163
-38.2602
-42.2632
-45.7665
-48.8151
-51.4546
-53.7301
-55.6843
-57.3573
-58.7855
-60.0018
-61.0355
-61.9124
-62.6553
-63.2837
-63.8146
-64.2626
-64.6404
-64.9586
-65.2263
-65.4513
-65.64
-65.7981
-65.9302
-66.0402
-66.1313
-66.2063
-66.2675
-66.3166
-66.3551
-66.3842
-66.4047
-66.4174
-66.4224
-66.4201
-66.4103
-66.3928
-66.3669
-66.332
-66.287
-66.2305
-66.1608
-66.0759
-65.9731
-65.8495
-65.7013
-65.5242
-65.3129
-65.0611
-64.7617
-64.4057
-63.983
-63.4814
-62.8869
-62.1829
-61.3499
-60.3657
-59.2044
-57.8362
-56.2272
-54.3391
-52.1291
-49.5497
-46.5495
-43.0734
-39.0643
-34.4646
-29.219
-23.2779
-16.6015
-9.1649
-0.963351
7.98247
17.622
27.8721
38.6166
49.7095
60.9813
72.2487
83.3262
94.0387
105.251
116.537
126.733
135.764
143.621
150.344
156.008
160.706
164.542
167.619
170.029
171.856
173.166
174.011
174.425
)
;
    }
    cold
    {
        type            calculated;
        value           nonuniform List<scalar> 
120
(
-46.3042
-45.9945
-45.3776
-44.4593
-43.2482
-41.7574
-40.0042
-38.0115
-35.8082
-33.4295
-30.9165
-28.3155
-25.6765
-23.0507
-20.4878
-18.2375
-16.2909
-14.4611
-12.761
-11.1985
-9.77718
-8.49637
-7.35207
-6.33769
-5.44474
-4.66356
-3.98393
-3.39551
-2.88823
-2.45251
-2.07947
-1.76099
-1.48977
-1.25927
-1.06378
-0.898245
-0.758309
-0.640196
-0.54066
-0.456922
-0.386617
-0.327734
-0.278576
-0.237715
-0.203955
-0.176305
-0.153948
-0.136222
-0.122601
-0.112679
-0.106162
-0.102855
-0.102661
-0.105577
-0.11169
-0.121189
-0.134361
-0.151605
-0.173444
-0.200539
-0.233711
-0.273963
-0.322512
-0.380825
-0.450663
-0.534132
-0.633749
-0.752512
-0.893991
-1.06243
-1.26288
-1.50132
-1.78485
-2.1219
-2.52243
-2.99822
-3.5632
-4.23378
-5.0293
-5.97245
-7.08988
-8.41269
-9.97712
-11.8252
-14.0055
-16.5737
-19.5932
-23.1358
-27.2815
-32.1189
-37.7441
-44.2593
-51.7708
-60.3849
-70.2034
-81.3165
-93.7955
-107.682
-122.98
-139.644
-157.57
-176.594
-196.487
-216.964
-237.696
-260.393
-284.446
-307.225
-328.264
-347.227
-363.924
-378.298
-390.403
-400.376
-408.401
-414.685
-419.43
-422.816
-424.989
-426.049
)
;
    }
    interface_left
    {
        type            calculated;
        value           nonuniform List<scalar> 
90
(
-1631.63
-787.317
-466.622
-321.259
-243.671
-196.662
-165.541
-143.662
-127.63
-115.53
-106.196
-98.8744
-93.0576
-88.3889
-84.6109
-81.5338
-79.014
-76.9417
-75.2312
-73.8153
-72.6403
-71.6634
-70.8498
-70.1713
-69.6049
-69.1317
-68.7361
-68.4053
-68.1287
-67.8974
-67.7042
-67.5429
-67.4086
-67.297
-67.2048
-67.1289
-67.0672
-67.0178
-66.979
-66.9497
-66.929
-66.9163
-66.9112
-66.9135
-66.9233
-66.941
-66.9669
-67.002
-67.0473
-67.1042
-67.1745
-67.2602
-67.364
-67.4892
-67.6396
-67.8199
-68.0356
-68.2935
-68.6018
-68.9701
-69.4104
-69.9366
-70.566
-71.3193
-72.2218
-73.3042
-74.6043
-76.1685
-78.0546
-80.3345
-83.0989
-86.4633
-90.5768
-95.634
-101.894
-109.71
-119.571
-132.183
-148.592
-170.435
-200.42
-243.394
-308.946
-418.508
-626.919
-1094.13
-2341.41
2603.12
1389.06
1028.95
)
;
    }
    interface_right
    {
        type            calculated;
        value           nonuniform List<scalar> 
90
(
133.155
71.4276
44.9677
31.317
23.1513
17.7427
13.9153
11.0867
8.93339
7.25911
5.93674
4.87977
4.02705
3.33404
2.76753
2.30222
1.91858
1.60129
1.33822
1.11967
0.937825
0.78634
0.660048
0.55472
0.466881
0.393671
0.332731
0.282116
0.240223
0.205732
0.177564
0.154841
0.136856
0.123052
0.113001
0.106394
0.103024
0.102789
0.105677
0.111776
0.12127
0.134447
0.151706
0.173573
0.200712
0.233948
0.274292
0.322972
0.381472
0.451575
0.535419
0.635565
0.755075
0.89761
1.06754
1.27009
1.5115
1.79922
2.14219
2.55107
3.03866
3.62029
4.31438
5.14308
6.1331
7.31668
8.73291
10.4293
12.4637
14.9072
17.8472
21.3924
25.6782
30.8756
37.2023
44.9393
54.4541
66.2361
80.9509
99.5256
123.292
154.233
195.445
252.054
333.231
457.099
664.091
1057.43
1937.52
4281.38
)
;
    }
    interface_top
    {
        type            calculated;
        value           nonuniform List<scalar> 
90
(
347.7
317.153
291.414
235.946
207.762
167.624
140.312
85.5634
116.047
123.948
125.635
126.407
128.162
130.939
140.304
137.492
119.255
110.329
97.7897
90.681
79.4961
69.6168
45.6362
65.7275
72.8353
79.0399
83.2654
91.433
98.0201
113.162
115.146
106.953
102.789
96.0316
91.8538
84.2018
75.5899
51.3301
78.279
89.5732
102.849
112.025
129.631
142.543
170.054
175.022
164.496
159.328
150.935
145.397
134.736
120.945
80.5494
126.116
144.233
164.079
175.763
195.954
208.85
234.713
233.613
204.488
189.694
167.352
154.184
132.606
113.705
68.8155
102.696
112.581
117.636
119.051
120.567
120.881
123.219
116.615
94.197
83.0241
70.1615
63.2292
58.6971
47.1458
20.2695
74.1348
43.5796
-87.9198
-210.795
-455.909
-1133.14
-3320.69
)
;
    }
    interface_bottom
    {
        type            calculated;
        value           nonuniform List<scalar> 
90
(
1052.3
463.658
280.588
207.354
173.972
144.361
121.713
77.0188
105.907
113.506
116.36
117.316
119.506
120.117
122.342
114.535
86.7053
72.5399
52.1201
41.4307
26.5786
18.6587
7.86102
2.77572
-1.93373
-11.2876
-17.3244
-27.6172
-33.9817
-44.8648
-48.4435
-48.9614
-49.8236
-51.2293
-51.8942
-52.144
-48.7404
-34.5081
-57.5287
-67.409
-79.0613
-85.733
-96.3585
-102.633
-113.565
-113.662
-102.418
-98.0655
-93.3587
-90.8299
-86.763
-79.2201
-54.7196
-87.369
-100.503
-114.758
-122.651
-135.014
-142.218
-154.917
-153.91
-137.162
-130.486
-123.229
-119.318
-113.273
-103.115
-71.0335
-112.868
-129.751
-148.32
-159.009
-176.589
-187.67
-208.822
-209.618
-190.773
-183.603
-176.812
-172.886
-167.184
-152.195
-102.865
-171.542
-178.409
-134.611
-264.417
-250.672
-77.211
1.56411
)
;
    }
    defaultFaces
    {
        type            empty;
    }
}


// ************************************************************************* //
