/*--------------------------------*- C++ -*----------------------------------*\
| =========                 |                                                 |
| \\      /  F ield         | OpenFOAM: The Open Source CFD Toolbox           |
|  \\    /   O peration     | Version:  5.x                                   |
|   \\  /    A nd           | Web:      www.OpenFOAM.org                      |
|    \\/     M anipulation  |                                                 |
\*---------------------------------------------------------------------------*/
FoamFile
{
    version     2.0;
    format      ascii;
    class       volScalarField;
    location    "1.6";
    object      gradTy;
}
// * * * * * * * * * * * * * * * * * * * * * * * * * * * * * * * * * * * * * //

dimensions      [0 -1 0 1 0 0 0];

internalField   nonuniform List<scalar> 
6300
(
1226.72
1680.97
2137.59
2598.1
3063.86
3536.04
4015.55
4502.94
4998.31
5501.24
6010.7
6524.97
7041.64
7557.63
8069.25
-1.21865
-3.6182
-5.90213
-7.98554
-9.77249
-11.1537
-12.0068
-12.1997
-11.5989
-10.0837
-7.56525
-4.00932
0.541611
5.95406
12.0038
-2.07295
-6.15874
-10.0597
-13.6384
-16.7378
-19.1756
-20.7437
-21.2127
-20.3448
-17.9173
-13.757
-7.78289
-0.0499949
9.21868
19.6277
-2.98722
-8.88347
-14.5384
-19.7694
-24.363
-28.0652
-30.5775
-31.5601
-30.6474
-27.4806
-21.7592
-13.3114
-2.17317
11.3472
26.6476
-3.97955
-11.8488
-19.4397
-26.5361
-32.8773
-38.142
-41.9377
-43.7989
-43.2
-39.5939
-32.4828
-21.5255
-6.67299
11.7016
32.7375
-5.06125
-15.0916
-24.8339
-34.0559
-42.4652
-49.6841
-55.2285
-58.4929
-58.7543
-55.2064
-47.0463
-33.6283
-14.6887
9.40056
37.4541
-6.23459
-18.6213
-30.7462
-42.3856
-53.2396
-62.8963
-70.7937
-76.1838
-78.1108
-75.4237
-66.8596
-51.2443
-27.8454
3.14363
40.1578
-7.49003
-22.4116
-37.1416
-51.4973
-65.2071
-77.8627
-88.8599
-97.3308
-102.074
-101.509
-93.715
-76.6345
-48.5833
-9.12971
39.8364
-8.80346
-26.3918
-43.9086
-61.2511
-78.2239
-94.481
-109.445
-122.197
-131.334
-134.814
-129.846
-112.984
-80.7124
-30.905
34.7427
-10.1348
-30.4415
-50.8467
-71.3701
-91.9505
-112.385
-132.234
-150.668
-166.241
-176.554
-177.857
-164.73
-130.364
-68.5076
21.4906
-11.4284
-34.3907
-57.6629
-81.4271
-105.817
-130.867
-156.427
-181.99
-206.395
-227.292
-240.283
-237.698
-207.49
-134.236
-7.52058
-12.6158
-38.0278
-63.9834
-90.8536
-119.014
-148.831
-180.606
-214.459
-250.041
-285.919
-318.266
-338.271
-327.641
-253.403
-72.77
-13.6222
-41.1188
-69.3855
-98.9838
-130.549
-164.826
-202.697
-245.185
-293.377
-348.059
-408.57
-469.454
-511.372
-478.939
-241.786
-14.3758
-43.4371
-73.4519
-105.141
-139.365
-177.219
-220.157
-270.194
-330.206
-404.35
-498.475
-619.574
-769.421
-909.159
-783.034
-14.8188
-44.7995
-75.8402
-108.755
-144.544
-184.517
-230.505
-285.212
-352.883
-440.637
-561.38
-740.909
-1037.54
-1605.19
-2932.16
8530.47
8941.12
9340.61
9726.47
10096.4
10448.3
10780.4
11091.1
11379.1
11643.5
11883.4
12098.3
12288
12452.4
12591.5
12705.4
12794.7
12859.7
12901
12919.3
12915.5
12890.4
12845.1
12780.6
12698.1
12598.9
12484.1
12355.3
12213.7
12060.8
11897.9
11726.3
11547.5
11362.5
11172.6
10978.7
10781.9
10583.1
10382.9
10182
9980.96
9780.34
9580.52
9381.83
9184.54
8988.86
8794.96
8602.92
8412.79
8224.58
8038.24
7853.7
7670.86
7489.59
7309.75
7131.2
6953.78
6777.34
6601.74
6426.83
6252.48
6078.56
5904.96
5731.57
5558.3
5385.07
5211.83
5038.53
4865.18
4691.79
4518.43
4345.21
4172.27
3999.79
3827.99
3657.16
3487.57
3319.58
3153.51
2989.75
2828.67
2670.66
2516.09
2365.31
2218.68
2076.5
1939.04
1806.5
1679.05
1556.77
17.8632
23.2193
28.4196
33.3001
37.7312
41.6232
44.9271
47.6299
49.7466
51.3115
52.3698
52.9709
53.1628
52.9892
52.4878
51.6899
50.621
49.3012
47.7469
45.9718
43.9877
41.8065
39.441
36.907
34.224
31.4168
28.5159
25.5576
22.5825
19.6345
16.7575
13.9936
11.3798
8.94639
6.71492
4.69817
2.90033
1.3183
-0.0565862
-1.23644
-2.23491
-3.06561
-3.74105
-4.27226
-4.66885
-4.93959
-5.09304
-5.13833
-5.08571
-4.94682
-4.7347
-4.46338
-4.14734
-3.80073
-3.4366
-3.06626
-2.69885
-2.34121
-1.99815
-1.67293
-1.36792
-1.08545
-0.828526
-0.601455
-0.410158
-0.262222
-0.166588
-0.132947
-0.170903
-0.289018
-0.493896
-0.78943
-1.17633
-1.65197
-2.21052
-2.84337
-3.53965
-4.28674
-5.07078
-5.87685
-6.68909
-7.49053
-8.26293
-8.98674
-9.64131
-10.2057
-10.6597
-10.9861
-11.172
-11.2105
29.7262
38.9488
47.8776
56.2193
63.7476
70.3128
75.8409
80.3222
83.7955
86.3316
88.0169
88.9417
89.1915
88.8416
87.9556
86.5849
84.7705
82.5444
79.9321
76.954
73.6282
69.972
66.0046
61.7498
57.2385
52.5111
47.6187
42.6232
37.5954
32.6118
27.7502
23.0848
18.6808
14.5907
10.8515
7.48377
4.49253
1.86974
-0.402243
-2.34673
-3.98897
-5.35329
-6.46123
-7.33097
-7.97778
-8.41511
-8.65614
-8.71519
-8.60887
-8.35663
-7.98074
-7.50554
-6.95635
-6.35796
-5.73316
-5.10145
-4.47822
-3.87458
-3.29772
-2.75194
-2.23997
-1.76448
-1.32955
-0.941784
-0.611016
-0.350365
-0.1757
-0.104504
-0.15429
-0.340789
-0.6762
-1.16777
-1.81694
-2.61908
-3.56387
-4.63611
-5.8168
-7.08425
-8.41491
-9.78387
-11.1648
-12.5298
-13.8485
-15.0879
-16.2124
-17.185
-17.9695
-18.534
-18.8546
-18.9185
41.5315
55.1038
68.1827
80.3117
91.1523
100.497
108.264
114.467
119.196
122.578
124.76
125.885
126.084
125.466
124.12
122.117
119.511
116.341
112.64
108.433
103.74
98.5811
92.9776
86.9575
80.56
73.8391
66.8667
59.7326
52.5424
45.4117
38.4596
31.7993
25.5303
19.7312
14.4555
9.73028
5.55793
1.92043
-1.21453
-3.88678
-6.13738
-8.00391
-9.5178
-10.7038
-11.5811
-12.1659
-12.4737
-12.5225
-12.3344
-11.9368
-11.3622
-10.6469
-9.82909
-8.94637
-8.03308
-7.11807
-6.2233
-5.36349
-4.54686
-3.77682
-3.05423
-2.38008
-1.75783
-1.19546
-0.706564
-0.310595
-0.0319695
0.10176
0.0625648
-0.174978
-0.630692
-1.31644
-2.23472
-3.3784
-4.73148
-6.27061
-7.96713
-9.78899
-11.7023
-13.6721
-15.6623
-17.6345
-19.5471
-21.3534
-23.0013
-24.4343
-25.5954
-26.4327
-26.9062
-26.9947
53.2843
71.9769
89.863
106.267
120.718
132.963
142.943
150.743
156.54
160.559
163.031
164.17
164.158
163.142
161.235
158.522
155.062
150.903
146.077
140.61
134.521
127.827
120.547
112.705
104.343
95.5256
86.344
76.92
67.4011
57.9531
48.7481
39.9508
31.7047
24.1206
17.2706
11.1857
5.85938
1.25478
-2.68484
-6.02486
-8.82893
-11.1517
-13.0354
-14.5094
-15.5937
-16.3029
-16.6513
-16.6577
-16.3483
-15.7588
-14.9333
-13.9231
-12.7829
-11.5668
-10.3239
-9.09448
-7.90743
-6.78007
-5.7192
-4.72402
-3.78985
-2.91239
-2.09175
-1.33556
-0.660958
-0.0949116
0.326943
0.563166
0.570773
0.310353
-0.248949
-1.12561
-2.32359
-3.83219
-5.62744
-7.67504
-9.93377
-12.3591
-14.9056
-17.5286
-20.1832
-22.8231
-25.397
-27.8455
-30.098
-32.0738
-33.6865
-34.8539
-35.5112
-35.6232
65.0225
90.0157
113.682
135.037
153.461
168.693
180.763
189.901
196.444
200.766
203.218
204.106
203.671
202.093
199.503
195.988
191.609
186.409
180.419
173.662
166.15
157.894
148.898
139.174
128.755
117.708
106.142
94.216
82.1306
70.1184
58.4249
47.2858
36.9045
27.4341
18.9673
11.5346
5.10981
-0.377635
-5.0254
-8.93923
-12.2159
-14.9324
-17.1413
-18.8732
-20.1419
-20.9534
-21.3141
-21.2389
-20.7562
-19.9101
-18.7595
-17.3752
-15.8345
-14.2144
-12.5842
-10.9987
-9.49481
-8.09035
-6.78675
-5.57346
-4.43419
-3.3536
-2.32384
-1.34952
-0.450683
0.336393
0.960776
1.361
1.47176
1.2325
0.595816
-0.466402
-1.95991
-3.86824
-6.15544
-8.77113
-11.6566
-14.7509
-17.9955
-21.3362
-24.7224
-28.1039
-31.4251
-34.6173
-37.5913
-40.2345
-42.4171
-44.0083
-44.9001
-45.0334
76.8675
109.972
140.835
168.033
190.804
208.977
222.805
232.793
239.545
243.658
245.652
245.938
244.817
242.49
239.085
234.677
229.314
223.026
215.836
207.764
198.816
188.985
178.253
166.598
154.025
140.587
126.409
111.691
96.7052
81.7767
67.2569
53.4852
40.7505
29.263
19.1389
10.3994
2.98111
-3.24483
-8.44476
-12.7893
-16.4244
-19.4551
-21.9424
-23.9089
-25.351
-26.253
-26.6023
-26.4026
-25.6812
-24.492
-22.9131
-21.0424
-18.9894
-16.865
-14.7681
-12.7736
-10.9271
-9.24362
-7.71263
-6.30499
-4.98294
-3.7108
-2.46558
-1.24451
-0.0695342
1.01157
1.92663
2.58451
2.88521
2.73494
2.06091
0.820989
-0.992193
-3.35241
-6.20456
-9.47328
-13.0735
-16.9215
-20.9427
-25.0744
-29.2647
-33.4682
-37.6359
-41.7007
-45.5583
-49.056
-51.9975
-54.1677
-55.3797
-55.5296
89.1051
133.16
173.272
207.406
234.771
255.518
270.379
280.343
286.441
289.594
290.534
289.785
287.682
284.419
280.086
274.716
268.319
260.903
252.485
243.082
232.704
221.324
208.881
195.287
180.478
164.471
147.391
129.49
111.134
92.7853
74.9526
58.135
42.7475
29.0792
17.2702
7.31933
-0.903065
-7.62374
-13.1258
-17.6867
-21.5243
-24.7774
-27.5058
-29.7086
-31.3429
-32.3505
-32.6807
-32.3145
-31.2746
-29.6278
-27.4783
-24.962
-22.2361
-19.4643
-16.7919
-14.3228
-12.1115
-10.1643
-8.44789
-6.90042
-5.44724
-4.01697
-2.56059
-1.06152
0.458013
1.93671
3.27329
4.33236
4.95768
5.00073
4.34959
2.94208
0.770992
-2.12094
-5.64701
-9.69177
-14.1275
-18.8374
-23.7257
-28.7233
-33.7837
-38.8801
-43.9914
-49.0789
-54.0408
-58.6759
-62.6859
-65.7049
-67.387
-67.5404
102.409
162.033
214.323
256.533
288.27
310.543
325.011
333.466
337.58
338.72
337.849
335.576
332.212
327.877
322.565
316.216
308.769
300.197
290.519
279.774
267.997
255.156
241.125
225.682
208.614
189.856
169.513
147.901
125.512
103.012
81.1509
60.693
42.2404
26.1928
12.7048
1.73237
-6.96424
-13.7688
-19.17
-23.6301
-27.4672
-30.8531
-33.8207
-36.3179
-38.2255
-39.4096
-39.7462
-39.1794
-37.7242
-35.4692
-32.5529
-29.1647
-25.5299
-21.9016
-18.5043
-15.4819
-12.8975
-10.7344
-8.92228
-7.34288
-5.86194
-4.34478
-2.70182
-0.893458
1.05818
3.0796
5.03193
6.71655
7.87966
8.27661
7.73725
6.17193
3.58084
0.031736
-4.335
-9.34023
-14.7804
-20.4905
-26.3457
-32.2767
-38.2464
-44.2663
-50.3773
-56.6345
-62.9906
-69.1933
-74.7989
-79.1651
-81.5936
-81.7109
118.449
201.476
269.899
320.754
355.405
376.814
388.31
392.85
393.014
390.75
387.195
382.944
378.144
372.744
366.531
359.289
350.828
341.07
330.068
317.928
304.798
290.673
275.378
258.387
239.157
217.496
193.434
167.41
140.028
112.302
85.3151
60.3544
38.2654
19.6208
4.52113
-7.12342
-15.7383
-21.92
-26.5518
-30.4507
-34.0372
-37.5066
-40.7858
-43.7474
-46.1184
-47.6565
-48.0786
-47.2896
-45.2916
-42.2295
-38.2749
-33.6913
-28.7849
-23.9776
-19.6497
-15.9842
-13.0519
-10.775
-9.03857
-7.62142
-6.30762
-4.83353
-3.06209
-0.91367
1.57479
4.33788
7.19089
9.86549
11.9178
12.9128
12.6134
10.8892
7.77985
3.3707
-2.09531
-8.35472
-15.0377
-21.9282
-28.8507
-35.7691
-42.6318
-49.5172
-56.5489
-64.044
-72.1584
-80.5676
-88.6941
-95.4133
-99.1264
-99.076
141.872
261.96
350.787
408.32
441.619
457.366
461.63
458.538
451.945
444.64
437.536
431.096
424.928
418.768
411.957
404.091
394.718
383.694
371.208
357.455
342.97
327.809
312
294.24
273.124
248.512
220.1
188.794
154.959
120.449
86.4879
55.8109
29.2656
7.88495
-8.69105
-20.3887
-28.0566
-32.3376
-35.0174
-37.7435
-40.7922
-44.4447
-48.2142
-52.0284
-55.2071
-57.5028
-58.1435
-57.1259
-54.3738
-50.2556
-44.8816
-38.6607
-31.8746
-25.3409
-19.8191
-15.4085
-12.2408
-10.0164
-8.67453
-7.73109
-6.9646
-5.73149
-3.94683
-1.40579
1.71299
5.48301
9.62233
13.9253
17.4923
19.4259
19.5538
17.6127
13.8614
8.24168
1.29632
-6.7504
-14.9882
-23.3122
-31.3545
-39.3356
-46.9785
-54.552
-62.0484
-70.5573
-80.8976
-92.3455
-104.613
-115.987
-122.076
-121.405
187.951
367.474
476.745
530.793
553.115
554.461
545.552
529.271
511.905
498.242
486.924
478.855
471.694
465.715
458.879
451.033
440.947
428.374
414.118
397.975
382.044
365.802
351.352
334.841
312.037
284.912
250.839
213.73
170.771
127.722
82.8507
45.2441
12.7622
-10.8278
-28.9793
-39.5001
-45.2898
-45.0919
-43.4425
-44.5918
-46.6921
-51.2224
-55.5795
-61.2199
-65.5568
-69.7168
-70.5767
-69.4375
-65.398
-60.0639
-52.6809
-44.4172
-34.5742
-25.221
-18.3629
-13.0179
-10.0472
-7.96259
-7.71329
-7.56284
-8.27113
-7.40185
-5.89983
-2.70973
0.932542
6.11451
11.8352
19.0612
25.4341
28.5535
29.4868
26.9555
22.6453
15.0326
6.28418
-4.86135
-14.8058
-25.0936
-33.9389
-43.3821
-51.4189
-59.6922
-66.0849
-74.4289
-88.0377
-102.94
-121.814
-144.17
-154.759
-151.881
316.845
574.161
682.232
698.957
694.821
666.333
640.102
601.58
566.55
548.481
531.649
525.316
516.762
513.895
507.249
501.178
490.728
475.438
459.698
438.132
421.501
401.148
393.602
384.431
357.098
331.235
285.873
247.012
186.637
137.551
68.6907
27.2468
-16.5875
-37.4034
-60.2787
-65.4392
-71.1539
-59.9408
-47.8389
-50.0671
-49.0832
-58.2347
-61.0756
-72.261
-76.1279
-86.6453
-85.847
-85.8826
-78.2428
-72.7798
-61.7069
-52.4082
-36.5311
-21.4733
-14.6943
-7.1764
-6.54698
-3.23596
-6.5807
-6.12971
-11.822
-9.95702
-10.2587
-4.64113
-2.04286
5.99105
11.8997
25.4438
38.0776
40.8445
44.4232
38.8736
36.1975
23.4704
14.7348
-4.69184
-14.1197
-28.9437
-35.6547
-49.4469
-55.5127
-67.5345
-67.3066
-70.7147
-93.3118
-107.81
-133.998
-189.295
-206.83
-196.357
806.518
995.769
1019.26
897.167
871.604
774.96
752.363
668.87
596.789
596.956
561.268
574.988
553.649
567.513
554.776
557.6
547.435
523.095
513.598
471.105
466.233
417.955
438.094
460.071
399.933
405.526
311.429
311.159
186.131
175.746
14.9553
12.6047
-79.1551
-61.0755
-117.135
-90.6206
-121.425
-76.0981
-31.6249
-60.1851
-36.8901
-74.3338
-54.5491
-93.8234
-77.0989
-119.836
-99.8805
-113.34
-87.9126
-93.5325
-68.1383
-69.8331
-37.272
-5.77045
-12.0572
8.61537
-6.87748
11.1045
-10.8845
4.17828
-26.2273
-9.36506
-23.1151
-2.20012
-12.8222
8.94971
0.989951
33.1559
64.9472
51.983
72.5198
46.6683
64.2365
26.1734
38.5923
-18.9096
-5.65327
-44.4671
-27.165
-66.6304
-51.0227
-93.0103
-63.287
-39.363
-110.244
-95.8437
-104.263
-288.794
-299.23
-265.434
3104.54
1656.07
1565.95
956.372
1150.75
776.97
952.321
719.748
523.019
697.086
519.772
675.165
539.871
659.439
579.901
632.69
624.517
549.309
614.945
449.811
573.379
336.132
479.835
653.852
347.997
623.249
201.745
554.823
20.4116
430.4
-267.032
126.618
-299.954
21.9518
-292.93
-33.2957
-281.334
-91.0458
89.7289
-144.983
62.7548
-172.829
37.0318
-195.99
7.58516
-243.249
-65.7473
-196.737
-52.8224
-158.89
-35.5132
-136.537
-36.4453
64.3834
-48.2049
76.5181
-55.3767
83.0349
-68.509
79.9918
-108.665
35.3388
-85.8592
45.6814
-70.2231
54.7456
-67.6785
41.4275
156.283
14.8974
167.432
-8.04617
172.399
-43.8043
163.148
-135.008
77.8049
-140.788
63.0786
-163.111
36.4116
-221.744
-50.9108
128.513
-249.976
-51.0139
179.079
-638.989
-455.323
-380.053
1427.97
1294.86
1168.92
1049.82
937.123
830.322
728.863
632.167
539.639
450.689
364.734
281.202
199.538
119.196
39.6447
-11.0912
-10.7607
-10.2548
-9.60624
-8.85075
-8.02297
-7.15317
-6.2657
-5.37841
-4.50302
-3.64588
-2.809
-1.99102
-1.18814
-0.394938
-18.707
-18.1289
-17.2496
-16.129
-14.8315
-13.4183
-11.9417
-10.4427
-8.95087
-7.4848
-6.05401
-4.66071
-3.30161
-1.96949
-0.654538
-26.6696
-25.7978
-24.4851
-22.8281
-20.9278
-18.8768
-16.7522
-14.6124
-12.4974
-10.4312
-8.42454
-6.47814
-4.58516
-2.73365
-0.908248
-35.1484
-33.9071
-32.0645
-29.7701
-27.1742
-24.4085
-21.5777
-18.757
-15.9949
-13.3178
-10.7347
-8.24202
-5.82719
-3.47165
-1.15304
-44.3495
-42.6168
-40.0948
-37.0131
-33.5898
-30.005
-26.3927
-22.8427
-19.4073
-16.1102
-12.9543
-9.92791
-7.00984
-4.17265
-1.38528
-54.5359
-52.1148
-48.6837
-44.5971
-40.1661
-35.6283
-31.1451
-26.8133
-22.6809
-18.7611
-15.0441
-11.5054
-8.11148
-4.82378
-1.6007
-66.0581
-62.6216
-57.9271
-52.5245
-46.8486
-41.1965
-35.7455
-30.5842
-25.7416
-21.2089
-16.9553
-12.9378
-9.10684
-5.41021
-1.79442
-79.3983
-74.385
-67.8775
-60.7241
-53.5065
-46.5627
-40.0554
-34.036
-28.492
-23.3773
-18.6303
-14.1834
-9.96774
-5.91574
-1.96114
-95.2272
-87.6414
-78.4727
-68.9871
-59.8896
-51.4918
-43.877
-37.0119
-30.8126
-25.1777
-20.005
-15.1974
-10.6649
-6.32378
-2.09551
-114.441
-102.479
-89.3835
-76.8609
-65.572
-55.6373
-46.948
-39.3216
-32.5682
-26.5156
-21.0144
-15.9363
-11.1704
-6.61891
-2.19258
-138.019
-118.449
-99.7199
-83.4999
-69.8995
-58.5366
-48.9557
-40.7575
-33.6226
-27.3018
-21.6002
-16.3626
-11.4615
-6.78876
-2.24845
-166.044
-133.577
-107.546
-87.5185
-71.9884
-59.6531
-49.58
-41.1298
-33.8625
-27.4684
-21.7219
-16.4521
-11.5241
-6.82611
-2.2609
-193.466
-142.266
-109.367
-87.039
-70.8816
-58.5068
-48.5809
-40.3185
-33.2288
-26.9872
-21.3666
-16.1997
-11.3565
-6.73059
-2.22989
-193.576
-132.654
-100.614
-80.3886
-65.9916
-54.9108
-45.9178
-38.3339
-31.7466
-25.8845
-20.5573
-15.6233
-10.9715
-6.50978
-2.15794
-14.9365
-45.1578
-76.4552
-109.657
-145.78
-186.166
-232.69
-288.143
-356.933
-446.539
-570.746
-757.694
-1072.13
-1683.33
-3087.38
-14.7766
-44.6587
-75.5545
-108.236
-143.636
-182.957
-227.828
-280.569
-344.613
-425.223
-530.563
-672.631
-863.557
-1079.88
-1041.24
-14.3879
-43.454
-73.4112
-104.923
-138.765
-175.887
-217.494
-265.134
-320.776
-386.718
-464.857
-553.617
-637.316
-653.469
-414.393
-13.797
-41.6288
-70.1857
-99.9878
-131.61
-165.697
-202.961
-244.134
-289.774
-339.732
-391.76
-438.101
-457.959
-404.281
-197.058
-13.0403
-39.2988
-66.0929
-93.7854
-122.739
-153.293
-185.708
-220.024
-255.762
-291.296
-322.598
-340.965
-329.652
-261.708
-109.504
-12.1598
-36.5954
-61.374
-86.7041
-112.751
-139.593
-167.129
-194.919
-221.884
-245.787
-262.406
-264.43
-240.662
-177.64
-68.3379
-11.1982
-33.6525
-56.2701
-79.1218
-102.208
-125.405
-148.367
-170.381
-190.125
-205.33
-212.341
-205.795
-178.927
-125.705
-46.1794
-10.196
-30.5951
-51.0019
-71.3737
-91.5858
-111.375
-130.258
-147.412
-161.514
-170.556
-171.686
-161.266
-135.487
-92.0328
-32.9314
-9.18863
-27.5314
-45.7561
-63.7342
-81.2539
-97.9712
-113.345
-126.556
-136.411
-141.271
-139.045
-127.397
-104.317
-69.2238
-24.3775
-8.2049
-24.5486
-40.6802
-56.411
-71.4765
-85.497
-97.9311
-108.026
-114.773
-116.901
-112.944
-101.462
-81.4865
-53.1856
-18.5373
-7.2668
-21.7123
-35.8812
-49.548
-62.4227
-74.1219
-84.1387
-91.8163
-96.3383
-96.7529
-92.0639
-81.4221
-64.4347
-41.5536
-14.3813
-6.38963
-19.0672
-31.4298
-43.2334
-54.1832
-63.913
-71.968
-77.7956
-80.7529
-80.1458
-75.3152
-65.7863
-51.4736
-32.9003
-11.3294
-5.58284
-16.6403
-27.3654
-37.5103
-46.7891
-54.865
-61.3419
-65.7657
-67.6403
-66.4689
-61.8269
-53.4706
-41.4695
-26.3276
-9.03245
-4.85097
-14.4437
-23.7028
-32.3872
-40.2288
-46.9256
-52.1397
-55.5039
-56.6408
-55.2
-50.9159
-43.6842
-33.6452
-21.2494
-7.26979
-4.19479
-12.4781
-20.4386
-27.8484
-34.4621
-40.0142
-44.2205
-46.787
-47.4295
-45.9038
-42.0503
-35.8459
-27.4565
-17.2705
-5.89572
-3.61226
-10.7362
-17.5561
-23.8613
-29.4315
-34.0361
-37.4384
-39.4048
-39.7223
-38.2227
-34.8157
-29.5239
-22.5145
-14.1165
-4.81083
-3.09943
-9.20518
-15.0303
-20.3837
-25.0703
-28.8917
-31.6521
-33.1664
-33.2755
-31.865
-28.889
-24.3936
-18.5361
-11.5922
-3.94526
-2.65116
-7.86871
-12.8315
-17.3686
-21.3089
-24.4832
-26.7299
-27.9028
-27.8828
-26.5933
-24.0164
-20.2084
-15.3116
-9.55583
-3.24869
-2.26167
-6.70887
-10.9279
-14.7674
-18.0786
-20.7181
-22.5526
-23.4664
-23.3708
-22.2149
-19.9978
-16.7787
-12.6829
-7.90205
-2.6841
-1.92496
-5.70727
-9.28734
-12.5325
-15.3143
-17.5112
-19.0138
-19.7303
-19.5942
-18.5726
-16.6744
-13.9571
-10.5297
-6.5515
-2.22378
-1.63514
-4.84591
-7.87905
-10.6191
-12.9555
-14.786
-16.0203
-16.5856
-16.4318
-15.5383
-13.9193
-11.6281
-8.75866
-5.44344
-1.8466
-1.38657
-4.10775
-6.67403
-8.98548
-10.9476
-12.4742
-13.4909
-13.9396
-13.7826
-13.0074
-11.6305
-9.7002
-7.29691
-4.53077
-1.53625
-1.17404
-3.47702
-5.64576
-7.5942
-9.24175
-10.5159
-11.3555
-11.7138
-11.5623
-10.8938
-9.7256
-8.10047
-6.08687
-3.77655
-1.28001
-0.992771
-2.9394
-4.77027
-6.41161
-7.79487
-8.85919
-9.55397
-9.84165
-9.70048
-9.12695
-8.13767
-6.77022
-5.08268
-3.15151
-1.06781
-0.838498
-2.48205
-4.02624
-5.40801
-6.56922
-7.45876
-8.03479
-8.26697
-8.1386
-7.64847
-6.81207
-5.66204
-4.24752
-2.63227
-0.891641
-0.707419
-2.09363
-3.39486
-4.55739
-5.53199
-6.27579
-6.75412
-6.94237
-6.82767
-6.41019
-5.70404
-4.73734
-3.55159
-2.20003
-0.745057
-0.596193
-1.76416
-2.85968
-3.83711
-4.65486
-5.27696
-5.67465
-5.82792
-5.72676
-5.37218
-4.77674
-3.96458
-2.9707
-1.83952
-0.622851
-0.501903
-1.48494
-2.4064
-3.2276
-3.91344
-4.43377
-4.76473
-4.88996
-4.80165
-4.50123
-3.99978
-3.3179
-2.48504
-1.53832
-0.520784
-0.422016
-1.24844
-2.02266
-2.71198
-3.28683
-3.72195
-3.99751
-4.10014
-4.02367
-3.76973
-3.34799
-2.77594
-2.07836
-1.28625
-0.43539
-0.354344
-1.04814
-1.69781
-2.27577
-2.75714
-3.12079
-3.35026
-3.43454
-3.36878
-3.15464
-2.80046
-2.32107
-1.73727
-1.07492
-0.363817
-0.297003
-0.87845
-1.4227
-1.90654
-2.3091
-2.61272
-2.8037
-2.87303
-2.81683
-2.6367
-2.33979
-1.93864
-1.45065
-0.897418
-0.303712
-0.248371
-0.73456
-1.18949
-1.5937
-1.9297
-2.18277
-2.34154
-2.39859
-2.35083
-2.19975
-1.95144
-1.61643
-1.20929
-0.747994
-0.253123
-0.207061
-0.612348
-0.991476
-1.32816
-1.60784
-1.81823
-1.94993
-1.99685
-1.95651
-1.83025
-1.62323
-1.34426
-1.00549
-0.621861
-0.210426
-0.17188
-0.508281
-0.822896
-1.10218
-1.33402
-1.50826
-1.61714
-1.65564
-1.6218
-1.51678
-1.34492
-1.11357
-0.832817
-0.515015
-0.174262
-0.141805
-0.419325
-0.678823
-0.909101
-1.10016
-1.24364
-1.33316
-1.36462
-1.33645
-1.24966
-1.10787
-0.917159
-0.68584
-0.424088
-0.14349
-0.115954
-0.34287
-0.555017
-0.743224
-0.899313
-1.01645
-1.08944
-1.11496
-1.09177
-1.0207
-0.904756
-0.748915
-0.559973
-0.346234
-0.117144
-0.0935654
-0.276661
-0.447816
-0.599624
-0.725482
-0.819881
-0.878641
-0.899107
-0.88028
-0.822876
-0.729315
-0.603631
-0.451306
-0.279029
-0.0944033
-0.073976
-0.218732
-0.354035
-0.474022
-0.573472
-0.648032
-0.694405
-0.710505
-0.695553
-0.650128
-0.576155
-0.476828
-0.356478
-0.22039
-0.0745625
-0.0566029
-0.167361
-0.270878
-0.362665
-0.438727
-0.495733
-0.531168
-0.54344
-0.531961
-0.497183
-0.440582
-0.364605
-0.272567
-0.168507
-0.0570084
-0.0409276
-0.121012
-0.195856
-0.262214
-0.317197
-0.358396
-0.383996
-0.392848
-0.384531
-0.359373
-0.318447
-0.263522
-0.196995
-0.121784
-0.0412008
-0.0264806
-0.0782955
-0.12672
-0.169653
-0.205225
-0.231879
-0.248439
-0.254163
-0.248779
-0.2325
-0.20602
-0.170485
-0.127444
-0.0787869
-0.0266544
-0.0128283
-0.0379303
-0.061392
-0.082196
-0.0994369
-0.11236
-0.120395
-0.12318
-0.120581
-0.112701
-0.0998725
-0.0826514
-0.0617886
-0.0381995
-0.0129235
0.000439689
0.00129806
0.00209461
0.0027921
0.00335891
0.00377064
0.00401107
0.00407261
0.00395613
0.00367026
0.00323047
0.0026578
0.00197768
0.00121871
0.000411628
0.0137227
0.0405707
0.065652
0.0878736
0.106266
0.120024
0.128545
0.131453
0.128615
0.120152
0.106429
0.0880444
0.0658007
0.0406716
0.0137584
0.0274207
0.0810703
0.131196
0.175615
0.212391
0.239915
0.256978
0.262823
0.257181
0.240286
0.212866
0.176111
0.131628
0.0813636
0.0275244
0.0419459
0.124016
0.2007
0.268662
0.324939
0.367068
0.393198
0.402167
0.393558
0.367727
0.325782
0.269543
0.201468
0.124537
0.0421302
0.0577354
0.170701
0.276259
0.369819
0.447306
0.505327
0.541329
0.55371
0.54189
0.506352
0.448618
0.371192
0.277454
0.171512
0.0580223
0.0752632
0.222528
0.360143
0.482133
0.583181
0.658867
0.705855
0.722048
0.706684
0.660382
0.58512
0.48416
0.361909
0.223726
0.0756872
0.095055
0.28105
0.454872
0.608979
0.736658
0.832322
0.891752
0.912285
0.892948
0.834509
0.739456
0.611905
0.457421
0.282779
0.0956668
0.117702
0.348019
0.563284
0.754164
0.912352
1.03092
1.10464
1.13019
1.10635
1.03404
0.916346
0.758341
0.566921
0.350488
0.118576
0.143881
0.425434
0.688617
0.922036
1.11554
1.26065
1.35096
1.38237
1.35338
1.26508
1.12121
0.927964
0.69378
0.428937
0.14512
0.174368
0.515595
0.834606
1.11761
1.3523
1.52841
1.63813
1.67648
1.64156
1.53468
1.36033
1.126
0.841913
0.520555
0.176122
0.210066
0.621174
1.00558
1.3467
1.62972
1.84225
1.97484
2.02143
1.97969
1.85111
1.64107
1.35856
1.01591
0.628185
0.212546
0.252025
0.745282
1.2066
1.61611
1.95606
2.21156
2.37121
2.42768
2.37806
2.22408
1.97209
1.63287
1.22119
0.755185
0.255528
0.301472
0.891554
1.44356
1.93379
2.34101
2.64738
2.83919
2.90755
2.84886
2.66506
2.36364
1.95745
1.46417
0.90554
0.306419
0.359845
1.06425
1.72339
2.30906
2.79594
3.16269
3.39283
3.47559
3.40649
3.18765
2.82789
2.34247
1.75249
1.084
0.36683
0.428825
1.26835
2.05421
2.75288
3.33425
3.77279
4.04873
4.14901
4.06802
3.80803
3.37935
2.80005
2.09528
1.29623
0.438687
0.510379
1.5097
2.44552
3.27811
3.97166
4.49572
4.82653
4.94823
4.85376
4.54547
4.03533
3.3447
2.50351
1.54906
0.524302
0.606807
1.79512
2.90846
3.89982
4.72669
5.35275
5.74944
5.89746
5.78788
5.42298
4.81658
3.99382
2.99032
1.85069
0.626462
0.720787
2.13258
3.45603
4.63567
5.62108
6.36893
6.84491
7.02544
6.89917
6.46807
5.74796
4.76837
3.5716
2.21102
0.748536
0.855434
2.53132
4.10341
5.50629
6.6803
7.57378
8.1454
8.36631
8.22198
7.71371
6.85941
5.69362
4.26656
2.64207
0.894611
1.01435
3.0021
4.86819
6.53574
7.93417
9.00196
9.68927
9.96063
9.79736
9.19948
8.18701
6.80019
5.09853
3.15846
1.06967
1.2017
3.55727
5.77075
7.75192
9.41749
10.6942
11.5218
11.8566
11.6743
10.9729
9.77438
8.12524
6.09595
3.77804
1.2798
1.42222
4.21105
6.83451
9.18709
11.1707
12.698
13.6962
14.1113
13.9115
13.0914
11.6744
9.71411
7.29364
4.52278
1.5325
1.68131
4.97959
8.08623
10.8783
13.2405
15.0688
16.2754
16.7926
16.5792
15.6241
13.9515
11.6223
8.7345
5.41979
1.83706
1.98505
5.88108
9.55622
12.8678
15.6806
17.8712
19.3328
19.9811
19.7614
18.6548
16.6842
13.9182
10.4716
6.50279
2.20504
2.34019
6.93585
11.2785
15.2033
18.5526
21.1795
22.9544
23.7719
23.5591
22.2851
19.969
16.6862
12.5712
7.81405
2.65098
2.75411
8.16618
13.2906
17.9383
21.9257
25.0789
27.2405
28.2776
28.0933
26.6386
23.9245
20.0318
15.1165
9.40701
3.19331
3.23473
9.59612
15.6334
21.1313
25.8775
29.6665
32.3068
33.6308
33.509
31.8661
28.6979
24.0872
18.213
11.3499
3.85566
3.79034
11.2509
18.3504
24.8459
30.4935
35.0512
38.2864
39.9873
39.9804
38.152
34.4724
29.0196
21.9956
13.7308
4.66868
4.42928
13.1562
21.4864
29.1488
35.8657
41.3536
45.3305
47.5288
47.7158
45.7226
41.4776
35.0423
26.6396
16.6652
5.67271
5.1595
15.3368
25.0855
34.1077
42.0905
48.7043
53.6088
56.4659
56.9643
54.8559
50.0029
42.4304
32.3743
20.3063
6.9217
5.98796
17.8148
29.1885
39.7878
49.2649
57.241
63.3077
67.0397
68.0218
65.894
60.4155
51.5425
39.5055
24.8613
8.48914
6.9198
20.6071
33.8287
46.2461
57.4807
67.1024
74.6265
79.5217
81.2375
79.2576
73.1841
62.8506
48.4465
30.6156
10.4774
7.95729
23.7222
39.0266
53.525
66.8151
78.419
87.7693
94.2099
97.018
95.4623
88.9095
76.9843
59.7661
37.9716
13.0324
9.09852
27.1567
44.7834
61.6416
77.3192
91.2988
102.931
111.419
115.827
115.135
108.364
94.7921
74.2623
47.5108
16.3689
10.336
30.8901
51.0729
70.5769
89.0009
105.807
120.274
131.458
138.175
139.027
132.539
117.43
93.0774
60.0978
20.8132
11.6551
34.8807
57.8327
80.2605
101.804
121.937
139.894
154.598
164.591
168.014
162.698
146.484
117.882
77.0618
26.8832
13.0328
39.0607
64.9552
90.5564
115.586
139.575
161.77
181.006
195.568
203.066
200.42
184.139
151.167
100.523
35.4442
14.4363
43.3324
72.28
101.247
130.087
158.457
185.697
210.655
231.446
245.159
247.607
233.379
196.722
134.006
48.0385
15.8233
47.5674
79.5897
112.025
144.913
178.12
211.204
243.194
272.235
295.069
306.368
298.19
260.37
183.633
67.6518
17.1424
51.6082
86.611
122.486
159.514
197.865
237.467
277.775
317.329
352.983
378.648
383.577
351.037
260.51
100.682
18.3355
55.275
93.0252
132.142
173.194
216.737
263.236
312.873
365.123
417.825
465.318
494.977
481.964
385.505
162.554
19.3419
58.3777
98.4884
140.452
185.141
233.552
286.818
346.151
412.596
486.276
564.362
635.998
670.828
598.335
295.363
20.1033
60.7329
102.663
146.868
194.5
246.991
306.181
374.482
455.034
551.655
667.873
802.563
934.209
971.204
627.997
20.5707
62.1841
105.255
150.9
200.481
255.773
319.21
394.298
486.303
603.412
758.542
971.224
1263.3
1608.08
1594.49
20.71
62.6222
106.057
152.195
202.494
258.894
324.141
402.355
500.129
628.753
809.228
1084.73
1555.75
2493.78
4766.09
20.507
62.0016
104.982
150.597
200.264
255.867
320.058
396.822
492.519
618.073
793.904
1062.44
1523.86
2452.83
4733.09
19.9701
60.3479
102.075
146.181
193.91
246.869
307.239
378.131
464.167
572.465
714.186
906.167
1167.25
1473.43
1455.18
19.1289
57.7561
97.5155
139.246
183.921
232.719
287.107
348.915
420.346
503.637
599.551
701.892
779.294
719.289
185.636
-122.878
-99.7863
-82.5765
-69.3191
-58.6769
-49.8334
-42.2761
-35.6671
-29.7717
-24.4197
-19.4818
-14.8558
-10.4574
-6.21425
-2.06152
-46.0345
-63.6229
-62.6916
-57.1025
-50.5884
-44.2029
-38.2233
-32.6866
-27.5544
-22.7671
-18.2627
-13.982
-9.87008
-5.8758
-1.95095
-20.9134
-40.3201
-46.0408
-45.528
-42.4103
-38.2902
-33.8627
-29.4251
-25.0972
-20.918
-16.8882
-12.991
-9.20099
-5.48907
-1.82442
-11.3617
-26.5213
-33.7185
-35.7622
-34.9279
-32.5907
-29.5089
-26.0871
-22.5367
-18.9648
-15.4215
-11.9254
-8.47761
-5.06948
-1.6869
-7.0624
-18.2518
-24.975
-27.9947
-28.4891
-27.408
-25.391
-22.8381
-19.991
-16.9917
-13.9218
-10.8261
-7.72664
-4.63211
-1.54326
-4.80162
-13.0836
-18.8031
-21.9808
-23.1443
-22.875
-21.6449
-19.7935
-17.5507
-15.0674
-12.4401
-9.72934
-6.97218
-4.19075
-1.398
-3.45833
-9.69486
-14.3963
-17.3654
-18.7943
-19.0092
-18.3302
-17.0204
-15.2774
-13.2431
-11.0162
-8.66471
-6.23453
-3.75721
-1.25499
-2.58734
-7.37208
-11.1924
-13.8194
-15.2874
-15.7638
-15.4535
-14.548
-13.2063
-11.5523
-9.6789
-7.65463
-5.52958
-3.34095
-1.11736
-1.98714
-5.71897
-8.81722
-11.0782
-12.4689
-13.0648
-12.9901
-12.3784
-11.352
-10.0137
-8.44628
-6.71446
-4.86875
-2.94893
-0.98745
-1.55529
-4.5058
-7.0234
-8.94124
-10.2023
-10.8313
-10.8994
-10.4968
-9.71421
-8.63429
-7.32775
-5.85334
-4.25935
-2.58581
-0.866854
-1.23461
-3.59323
-5.64603
-7.2603
-8.37466
-8.98717
-9.13564
-8.87887
-8.28283
-7.41215
-6.32573
-5.07521
-3.70517
-2.25421
-0.756497
-0.990713
-2.89302
-4.57315
-5.92648
-6.89543
-7.46526
-7.65322
-7.4965
-7.04212
-6.33979
-5.43763
-4.38005
-3.20716
-1.95506
-0.656748
-0.801757
-2.34708
-3.72718
-4.85956
-5.69332
-6.20847
-6.41009
-6.32079
-5.97354
-5.40615
-4.65741
-3.76494
-2.76413
-1.68799
-0.567537
-0.653207
-1.91585
-3.05323
-3.99997
-4.71244
-5.16937
-5.36896
-5.32416
-5.05781
-4.5984
-3.97698
-3.22504
-2.37338
-1.45168
-0.488474
-0.535044
-1.57161
-2.51164
-3.30304
-3.90898
-4.30895
-4.49751
-4.48135
-4.2761
-3.90314
-3.38716
-2.75436
-2.03127
-1.24418
-0.418951
-0.440156
-1.29441
-2.07323
-2.73489
-3.24851
-3.59533
-3.76817
-3.76983
-3.61082
-3.30716
-2.87845
-2.34636
-1.73358
-1.06317
-0.358223
-0.363362
-1.06957
-1.71618
-2.26953
-2.70386
-3.00248
-3.1577
-3.16986
-3.04596
-2.79799
-2.4415
-1.99438
-1.4759
-0.906129
-0.305478
-0.300811
-0.886119
-1.42388
-1.8868
-2.25344
-2.50921
-2.64653
-2.66437
-2.56725
-2.36416
-2.06748
-1.69193
-1.25384
-0.770525
-0.259888
-0.249589
-0.735679
-1.18353
-1.57092
-1.88
-2.09816
-2.21833
-2.23868
-2.16209
-1.99532
-1.74821
-1.4329
-1.06317
-0.653891
-0.22064
-0.207453
-0.611787
-0.985169
-1.30942
-1.56968
-1.75516
-1.85942
-1.8803
-1.81955
-1.68226
-1.4763
-1.21166
-0.899951
-0.5539
-0.186968
-0.172659
-0.509385
-0.82092
-1.09234
-1.31127
-1.46854
-1.5584
-1.5786
-1.53014
-1.41688
-1.24511
-1.02309
-0.760577
-0.468405
-0.158158
-0.143829
-0.424474
-0.684525
-0.911694
-1.09569
-1.22872
-1.30574
-1.32458
-1.28572
-1.19211
-1.04882
-0.862649
-0.641792
-0.395457
-0.133563
-0.119869
-0.35386
-0.570959
-0.761027
-0.915494
-1.02777
-1.09349
-1.11061
-1.0793
-1.00183
-0.882286
-0.726286
-0.540694
-0.333313
-0.1126
-0.0998989
-0.294975
-0.47616
-0.635077
-0.76459
-0.859147
-0.914992
-0.930257
-0.904936
-0.84077
-0.741065
-0.610469
-0.454725
-0.280423
-0.094751
-0.0832068
-0.245735
-0.396821
-0.529541
-0.637956
-0.7174
-0.764664
-0.778084
-0.757539
-0.704381
-0.621291
-0.51211
-0.381639
-0.235429
-0.079561
-0.0692125
-0.204438
-0.330235
-0.440879
-0.531436
-0.597996
-0.637834
-0.64949
-0.632786
-0.588773
-0.51963
-0.428532
-0.319482
-0.197138
-0.0666304
-0.0574399
-0.169686
-0.27417
-0.366163
-0.441576
-0.497145
-0.530569
-0.540587
-0.526993
-0.490611
-0.433213
-0.357417
-0.266553
-0.164516
-0.0556111
-0.0474955
-0.140324
-0.226776
-0.302959
-0.365493
-0.411668
-0.439555
-0.448075
-0.437022
-0.40704
-0.359569
-0.296764
-0.221381
-0.136663
-0.0462003
-0.0390525
-0.11539
-0.186512
-0.24923
-0.300768
-0.338888
-0.361987
-0.369154
-0.360193
-0.33561
-0.296572
-0.244843
-0.182691
-0.112796
-0.0381352
-0.0318368
-0.094076
-0.152082
-0.203264
-0.245358
-0.276536
-0.29548
-0.30143
-0.294209
-0.274215
-0.242387
-0.200157
-0.149377
-0.0922397
-0.0311873
-0.025617
-0.0757011
-0.122391
-0.163606
-0.197527
-0.222679
-0.237993
-0.242849
-0.237094
-0.221036
-0.195424
-0.161407
-0.120476
-0.0744012
-0.0251572
-0.0201956
-0.0596827
-0.0965009
-0.129013
-0.155785
-0.175652
-0.187767
-0.191636
-0.187131
-0.174489
-0.154297
-0.127457
-0.095146
-0.058763
-0.0198703
-0.0154018
-0.0455171
-0.0736005
-0.0984046
-0.118836
-0.134006
-0.143267
-0.146237
-0.142817
-0.133185
-0.117785
-0.0973053
-0.0726432
-0.0448673
-0.0151719
-0.0110857
-0.0327621
-0.0529767
-0.0708319
-0.085541
-0.0964636
-0.103133
-0.105275
-0.102816
-0.0958846
-0.0848001
-0.0700571
-0.052302
-0.0323042
-0.0109238
-0.00711343
-0.021022
-0.0339908
-0.0454433
-0.0548743
-0.0618735
-0.0661423
-0.0675063
-0.0659202
-0.0614676
-0.0543549
-0.0449001
-0.0335178
-0.0207009
-0.00699987
-0.0033621
-0.00993422
-0.0160576
-0.0214579
-0.0258959
-0.0291788
-0.0311683
-0.0317857
-0.0310142
-0.0288972
-0.0255355
-0.0210811
-0.0157295
-0.00971148
-0.00328331
0.000283667
0.000842087
0.00137355
0.00185946
0.0022807
0.00261809
0.00285338
0.00297065
0.00295799
0.00280921
0.00252529
0.00211523
0.00159627
0.000993257
0.000337139
0.00393565
0.0116372
0.0188365
0.0252219
0.0305157
0.0344861
0.0369573
0.0378175
0.0370249
0.0346097
0.0306739
0.0253873
0.0189805
0.0117349
0.00397023
0.00770552
0.0227811
0.0368646
0.0493424
0.0596699
0.0673953
0.0721798
0.0738122
0.0722186
0.0674662
0.0597606
0.0494373
0.0369473
0.0228372
0.00772535
0.0117083
0.0346138
0.0560078
0.0749561
0.0906308
0.102347
0.109591
0.112047
0.109606
0.102373
0.0906649
0.0749918
0.056039
0.0346349
0.0117158
0.0160661
0.047496
0.0768493
0.102843
0.12434
0.140403
0.150328
0.153682
0.15032
0.140388
0.124322
0.102824
0.0768327
0.0474847
0.0160621
0.0209117
0.06182
0.100024
0.133851
0.161824
0.18272
0.195626
0.199981
0.195595
0.182663
0.161751
0.133775
0.0999572
0.0617749
0.0208957
0.0263925
0.078022
0.126236
0.168925
0.204222
0.230585
0.246863
0.252348
0.246805
0.230478
0.204086
0.168783
0.126112
0.0779378
0.0263627
0.0326755
0.0965955
0.156285
0.209132
0.252823
0.285452
0.305593
0.312373
0.305501
0.285283
0.252607
0.208906
0.156088
0.0964619
0.0326283
0.0399523
0.118106
0.191085
0.255694
0.309106
0.348988
0.373601
0.381878
0.373464
0.348737
0.308785
0.255358
0.190792
0.117907
0.0398819
0.0484446
0.14321
0.231698
0.310032
0.374784
0.423127
0.452953
0.46297
0.452754
0.422762
0.374318
0.309544
0.231273
0.142922
0.0483427
0.0584115
0.172672
0.27936
0.373799
0.451856
0.510121
0.546058
0.558112
0.545773
0.5096
0.451189
0.373102
0.278753
0.17226
0.0582659
0.0701576
0.207393
0.335527
0.44894
0.542669
0.612619
0.655747
0.67019
0.655342
0.611879
0.541722
0.44795
0.334665
0.206808
0.0699506
0.0840419
0.248434
0.401914
0.53775
0.649992
0.73374
0.785353
0.802605
0.784779
0.732693
0.648651
0.536348
0.400693
0.247605
0.0837488
0.10049
0.297051
0.480553
0.642941
0.7771
0.877175
0.938816
0.959375
0.938005
0.875693
0.775204
0.640958
0.478826
0.295879
0.100075
0.120006
0.354734
0.573852
0.767731
0.927875
1.04729
1.1208
1.14526
1.11966
1.0452
0.925196
0.76493
0.571413
0.353079
0.11942
0.14319
0.423257
0.684675
0.915945
1.10693
1.24929
1.33686
1.36589
1.33524
1.24633
1.10314
0.911989
0.68123
0.420919
0.142363
0.170756
0.50473
0.81643
1.09213
1.31974
1.48932
1.59355
1.62798
1.59126
1.48515
1.3144
1.08655
0.811566
0.501429
0.169589
0.203557
0.601668
0.97318
1.30171
1.57284
1.77474
1.89869
1.93946
1.89547
1.76885
1.5653
1.29382
0.966312
0.597007
0.201909
0.24261
0.717075
1.15977
1.55115
1.87401
2.11428
2.2616
2.3098
2.25705
2.10596
1.86336
1.54001
1.15008
0.710495
0.240283
0.289131
0.854541
1.382
1.84816
2.23252
2.51834
2.69334
2.75022
2.68691
2.5066
2.21749
1.83244
1.36831
0.845251
0.285845
0.344575
1.01836
1.64678
2.20196
2.65946
2.99935
3.20709
3.2741
3.19802
2.98277
2.63824
2.17977
1.62745
1.00524
0.339936
0.410686
1.21368
1.96241
2.62359
3.16806
3.57212
3.81857
3.89731
3.80576
3.54872
3.1381
2.59226
1.93513
1.19516
0.404137
0.48956
1.44667
2.33884
3.12625
3.77414
4.25434
4.54648
4.63878
4.52839
4.22129
3.73185
3.08202
2.30032
1.42053
0.480314
0.583713
1.72476
2.78799
3.72579
4.49665
5.06712
5.41314
5.52098
5.38761
5.02047
4.43695
3.66335
2.73362
1.68786
0.57066
0.696181
2.05689
3.32424
4.44122
5.35832
6.03575
6.44517
6.57067
6.40913
5.9699
5.27404
4.35309
3.24749
2.00479
0.677753
0.830627
2.45384
3.96489
5.29545
6.38639
7.19046
7.67433
7.81967
7.62346
7.0975
6.26741
5.17103
3.85653
2.38029
0.804611
0.99149
2.92866
4.73085
6.31607
7.61363
8.56749
9.13854
9.30583
9.06673
8.43627
7.44568
6.14042
4.57788
2.82482
0.954759
1.18416
3.4972
5.64747
7.53642
9.07952
10.2103
10.8831
11.0741
10.7817
10.0251
8.84243
7.28845
5.43151
3.3506
1.1323
1.41521
4.17876
6.74554
8.99689
10.8317
12.1712
12.9622
13.1781
12.8191
11.9097
10.497
8.64682
6.44064
3.97178
1.34199
1.69269
4.99693
8.06263
10.7466
12.9277
14.5129
15.4404
15.6814
15.2385
14.1438
12.4553
10.2524
7.63215
4.70469
1.58931
2.02652
5.98074
9.64478
12.8454
15.4376
17.3112
18.3955
18.6595
18.1104
16.7903
14.7707
12.1477
9.03697
5.56807
1.88052
2.42896
7.16602
11.5487
15.3668
18.4463
20.6576
21.92
22.202
21.5178
19.9224
17.5049
14.3818
10.6904
6.58326
2.22277
2.91531
8.59738
13.8445
18.401
22.0578
24.6628
26.1254
26.4154
25.5579
23.6254
20.7291
17.0105
12.6326
7.77431
2.62407
3.5048
10.3307
16.62
22.06
26.3996
29.4612
31.1449
31.4256
30.3443
27.9974
24.5244
20.0967
14.9084
9.16805
3.09333
4.22181
12.4368
19.985
26.483
31.6288
35.2163
37.1386
37.3814
36.0095
33.1513
28.9824
23.7112
17.5675
10.7939
3.64032
5.0976
15.0057
24.0792
31.8451
37.94
42.1276
44.2985
44.4582
42.7066
39.2153
34.2058
27.9314
20.6638
12.6837
4.2755
6.17272
18.1542
29.0812
38.3673
45.5756
50.4391
52.8548
52.8621
50.6117
46.3335
40.3074
32.8412
24.2548
14.8708
5.0098
7.50055
22.0349
35.2228
46.3321
54.8395
60.4502
63.0833
62.8335
59.9248
54.6651
47.4087
38.5287
28.3997
17.389
5.85423
9.15246
26.8506
42.8075
56.1035
66.1145
72.5289
75.3135
74.651
70.8702
64.3832
55.6374
45.0834
33.1567
20.2709
6.81928
11.2257
32.8754
52.2399
68.1559
79.8869
87.128
89.9372
88.6337
83.6945
75.6694
65.1215
52.5912
38.5795
23.5457
7.91412
13.8556
40.487
64.0668
83.1142
96.7769
104.804
107.417
105.141
98.6613
88.7072
75.982
61.1274
44.7118
27.2356
9.14547
17.2353
50.2175
79.0409
101.812
117.58
126.24
128.29
124.567
116.041
103.669
88.3209
70.7473
51.5805
31.3516
10.5162
21.6485
62.8359
98.218
125.371
143.319
152.267
153.171
147.328
136.09
120.697
102.205
81.4732
59.1865
35.8887
12.0237
27.5266
79.4853
123.109
155.323
175.306
183.879
182.737
173.835
159.024
139.877
117.643
93.2788
67.4944
40.8194
13.6579
35.5536
101.922
155.923
193.767
215.216
222.238
217.69
204.444
184.969
161.199
134.562
106.07
76.4206
46.0877
15.3992
46.8711
132.948
199.957
243.596
265.143
268.631
258.681
239.379
213.897
184.511
152.767
119.664
85.821
51.6029
17.2166
63.5113
177.214
260.22
308.765
327.609
324.354
306.167
278.604
245.533
209.46
171.915
133.772
95.4816
57.2345
19.0666
89.4011
242.796
344.414
394.557
405.42
390.444
360.162
321.653
279.253
235.431
191.479
147.981
105.112
62.811
20.8925
132.934
344.334
464.352
507.624
501.174
467.162
419.868
367.402
313.96
261.491
210.725
161.753
114.346
68.1218
22.6255
214.292
509.329
637.584
655.218
616.064
553.103
483.165
413.826
347.988
286.368
228.725
174.438
122.76
72.9265
24.188
388.39
790.142
887.632
842.246
747.485
643.884
546.043
457.816
379.086
308.482
244.394
185.309
129.891
76.9706
25.4986
822.921
1282.25
1236.9
1063.56
885.04
730.663
602.242
495.21
404.54
326.07
256.587
193.632
135.289
80.0083
26.4795
2081.42
2124.81
1675.03
1288.46
1005.82
799.415
643.583
521.238
421.519
337.415
264.245
198.752
138.558
81.8295
27.0645
6200.64
3309.84
2069.27
1441.18
1073.67
833.041
661.665
531.553
427.652
341.164
266.572
200.192
139.419
82.2869
27.2077
17.8959
53.9618
90.8591
129.17
169.512
212.53
258.849
308.912
362.574
418.064
469.457
500.657
471.725
291.084
-227.739
16.3037
49.074
82.3263
116.356
151.403
187.582
224.747
262.22
298.258
329.025
346.707
336.407
272.376
118.989
-139.497
14.5483
43.7029
73.014
102.524
132.159
161.643
190.331
216.958
239.209
253.064
251.93
225.885
162.381
52.0046
-94.058
12.7348
38.1744
63.5016
88.562
113.065
136.494
157.971
176.068
188.551
192.089
182.061
152.824
99.2561
20.7179
-72.3929
10.951
32.7575
54.2546
75.1558
95.0438
113.296
128.989
140.789
146.835
144.679
131.398
104.096
61.1025
4.00622
-60.3366
9.26238
27.6494
45.6024
62.7617
78.6568
92.6537
103.898
111.261
113.319
108.396
94.7601
71.0608
37.061
-5.44565
-52.1381
7.7113
22.9745
37.743
51.6308
64.1674
74.7641
82.6857
87.037
86.7819
80.8244
68.1897
48.3308
21.5332
-10.7016
-45.6006
6.31934
18.7938
30.7633
41.8502
51.6174
59.5498
65.0447
67.4189
65.944
59.926
48.8424
32.539
11.4419
-13.293
-39.8323
5.09132
15.1174
24.6652
33.3883
40.9016
46.7735
50.5263
51.6525
49.6512
44.0932
34.716
21.5427
4.9909
-14.0769
-34.4167
4.01969
11.9187
19.3909
26.1349
31.8262
36.1157
38.6356
39.0164
36.919
32.0831
24.3897
13.9306
1.06251
-13.5808
-29.1416
3.08836
9.14622
14.8443
19.9331
24.1511
27.2264
28.8836
28.8593
26.9276
22.9335
16.8329
8.73248
-1.08447
-12.1599
-23.9004
2.27586
6.73338
10.9066
14.6012
17.6177
19.7539
20.8116
20.6091
18.9991
15.8913
11.2775
5.25332
-1.96977
-10.0703
-18.6438
1.55757
4.60478
7.44743
9.94714
11.9639
13.3587
13.9986
13.7652
12.5674
10.3547
7.13242
2.97342
-1.97698
-7.50649
-13.3535
0.907231
2.68076
4.33119
5.77582
6.93182
7.71793
8.05775
7.88486
7.14956
5.82673
3.92334
1.48432
-1.40561
-4.62562
-8.02877
-1333.92
-2002.35
-2672.56
-3345.63
-4022.51
-4703.96
-5390.5
-6082.34
-6779.34
-7481.01
-8186.44
-8894.34
-9603.05
-10310.6
-11014.9
-797.636
8.32848
-947.502
-270.172
-859.67
-336.499
-756.884
-384.062
-36.5173
-416.428
-26.2334
-417.766
-14.027
-441.695
-23.536
-605.825
-220.814
-562.809
-253.206
-501.94
-255.219
-444.364
-263.356
-92.8982
-268.862
-76.6257
-262.656
-62.659
-270.193
-62.1507
-350.816
-159.004
-330.194
-176.923
-299.713
-179.741
-270.377
-184.92
-106.354
-188.122
-103.538
-185.098
-102.192
-186.999
-106.663
-214.769
-146.381
-204.07
-155.308
-191.047
-158.727
-180.104
-162.38
-149.589
-165.866
-158.9
-168.554
-170.068
-171.625
-182.647
-170.341
-189.145
-178.135
-201.885
-192.242
-219.407
-213.142
-241.175
-271.124
-270.075
-306.647
-309.917
-349.848
-362.884
-402.89
-432.826
-466.464
-549.929
-571.674
-727.034
-737.152
-1043.76
-1076.21
-1105.88
-2014.03
-2212.66
-2641.61
-3398.5
-4785.61
-7603.79
-337.188
-288.132
-466.723
-410.745
-498.075
-423.561
-454.322
-348.174
-244.751
-270.647
-208.534
-256.024
-205.735
-271.82
-238.398
-344.297
-312.825
-363.261
-320.549
-345.075
-300.116
-305.843
-248.66
-193.542
-200.548
-166.095
-185.296
-157.656
-187.67
-169.45
-220.979
-204.716
-229.759
-208.599
-220.808
-199.081
-202.009
-175.323
-149.997
-153.766
-138.969
-147.833
-136.727
-149.3
-142.542
-162.178
-156.868
-165.767
-159.523
-163.566
-158.359
-159.837
-155.46
-152.275
-155.147
-155.975
-159.603
-162.55
-165.768
-170.255
-171.823
-178.361
-182.075
-191.549
-197.929
-210.666
-220.893
-238.545
-258.062
-273.855
-296.074
-315.905
-343.109
-369.774
-403.817
-441.336
-486.614
-547.183
-610.659
-705.093
-798.614
-950.454
-1080.41
-1260.56
-1616.41
-1881.22
-2169.56
-2491.17
-2725.08
-2318.73
-206.141
-256.746
-323.695
-344.924
-369.51
-358.999
-348.886
-308.337
-266.743
-251.575
-232.983
-235.061
-229.844
-245.209
-252.618
-280.559
-286.869
-297.83
-291.051
-288.253
-272.012
-257.897
-230.973
-204.712
-191.92
-178.286
-175.375
-169.615
-174.595
-176.3
-188.757
-190.94
-195.854
-192.219
-190.768
-182.917
-176.284
-163.767
-151.739
-146.144
-140.324
-139.324
-137.161
-139.441
-140.412
-145.511
-146.9
-149.272
-148.931
-149.412
-148.367
-148.008
-146.826
-146.24
-147.376
-149.02
-151.636
-154.643
-158.088
-162.07
-166.153
-171.647
-177.726
-185.671
-194.468
-205.543
-217.957
-233.232
-250.367
-268.386
-288.944
-311.28
-337.147
-366.045
-399.741
-438.673
-484.745
-540.253
-605.062
-684.466
-776.092
-888.66
-1012.31
-1162.23
-1349.85
-1515.88
-1649.6
-1710.07
-1586.52
-1064.54
-148.93
-201.801
-246.48
-274.247
-291.464
-293.843
-287.258
-269.985
-250.668
-237.416
-227.652
-224.586
-224.3
-230.039
-237.256
-247.955
-254.202
-257.929
-255.808
-250.78
-240.834
-228.384
-212.324
-196.476
-184.494
-175.028
-169.547
-166.101
-166.229
-167.659
-171.326
-173.227
-174.259
-172.694
-169.945
-165.001
-159.032
-151.507
-144.217
-138.848
-134.739
-132.491
-131.2
-131.467
-132.342
-134.188
-135.522
-136.689
-137.16
-137.461
-137.394
-137.368
-137.34
-137.729
-138.881
-140.666
-143.114
-146.108
-149.639
-153.745
-158.457
-164.093
-170.696
-178.573
-187.729
-198.499
-210.902
-225.247
-241.401
-259.266
-279.258
-301.574
-326.825
-355.408
-388.127
-425.732
-469.29
-519.931
-578.448
-646.235
-723.409
-810.901
-906.381
-1009.62
-1114.35
-1197.06
-1235.09
-1193.98
-1021.66
-666.419
-115.766
-158.64
-193.602
-218.748
-234.769
-241.582
-241.008
-234.563
-225.845
-218.224
-212.661
-210.096
-210.068
-212.729
-216.869
-221.75
-225.152
-226.438
-224.744
-220.379
-213.252
-204.065
-193.359
-182.666
-173.439
-166.023
-160.785
-157.433
-155.984
-155.791
-156.437
-156.764
-156.403
-154.872
-152.284
-148.561
-144.023
-138.911
-133.929
-129.739
-126.476
-124.28
-122.998
-122.621
-122.876
-123.607
-124.391
-125.112
-125.638
-126.045
-126.366
-126.736
-127.261
-128.123
-129.478
-131.365
-133.808
-136.803
-140.368
-144.552
-149.432
-155.154
-161.836
-169.636
-178.672
-189.108
-201.057
-214.66
-229.974
-247.09
-266.227
-287.643
-311.709
-338.82
-369.478
-404.22
-443.636
-488.269
-538.486
-594.485
-655.868
-721.632
-789.275
-854.847
-910.54
-942.592
-934.522
-866.803
-720.194
-489.119
-93.4047
-126.853
-154.838
-176.367
-191.313
-199.935
-203.189
-202.394
-199.422
-196.045
-193.334
-191.931
-191.942
-193.271
-195.394
-197.655
-199.132
-199.223
-197.507
-193.941
-188.619
-181.918
-174.362
-166.73
-159.76
-153.871
-149.294
-146.012
-143.92
-142.706
-141.997
-141.285
-140.226
-138.568
-136.251
-133.289
-129.837
-126.124
-122.499
-119.289
-116.676
-114.749
-113.494
-112.861
-112.726
-112.949
-113.35
-113.818
-114.286
-114.758
-115.267
-115.884
-116.697
-117.808
-119.311
-121.264
-123.71
-126.678
-130.209
-134.357
-139.199
-144.834
-151.369
-158.92
-167.603
-177.537
-188.835
-201.608
-215.957
-232.003
-249.914
-269.898
-292.209
-317.124
-344.948
-375.978
-410.468
-448.562
-490.193
-534.979
-582.012
-629.651
-675.144
-714.291
-740.764
-745.884
-719.839
-653.22
-540.353
-385.35
-76.8856
-102.918
-125.354
-143.447
-156.946
-166.004
-171.182
-173.343
-173.564
-172.891
-172.109
-171.713
-171.904
-172.652
-173.705
-174.674
-175.096
-174.594
-172.923
-170.017
-165.96
-160.99
-155.465
-149.83
-144.513
-139.821
-135.928
-132.871
-130.583
-128.889
-127.553
-126.301
-124.906
-123.209
-121.144
-118.719
-116.025
-113.21
-110.467
-107.981
-105.885
-104.251
-103.093
-102.385
-102.061
-102.035
-102.215
-102.527
-102.931
-103.419
-104.013
-104.755
-105.705
-106.931
-108.497
-110.458
-112.86
-115.746
-119.163
-123.167
-127.826
-133.221
-139.44
-146.578
-154.734
-164.005
-174.49
-186.288
-199.498
-214.231
-230.617
-248.805
-268.958
-291.24
-315.802
-342.751
-372.11
-403.758
-437.354
-472.234
-507.277
-540.754
-570.145
-591.977
-601.729
-594.049
-563.574
-506.228
-421.182
-313.179
-63.833
-84.1594
-102.12
-117.14
-128.969
-137.655
-143.517
-147.079
-148.989
-149.892
-150.321
-150.647
-151.06
-151.592
-152.132
-152.478
-152.387
-151.646
-150.113
-147.749
-144.613
-140.861
-136.723
-132.471
-128.367
-124.619
-121.356
-118.624
-116.39
-114.558
-112.989
-111.524
-110.023
-108.384
-106.556
-104.541
-102.39
-100.195
-98.0662
-96.1162
-94.4324
-93.0699
-92.0488
-91.3599
-90.9698
-90.8307
-90.8913
-91.1092
-91.4587
-91.9342
-92.5486
-93.3309
-94.3218
-95.5683
-97.1193
-99.0212
-101.318
-104.054
-107.277
-111.038
-115.398
-120.424
-126.191
-132.777
-140.262
-148.728
-158.26
-168.939
-180.85
-194.083
-208.729
-224.886
-242.644
-262.077
-283.222
-306.056
-330.456
-356.152
-382.669
-409.255
-434.797
-457.742
-476.027
-487.057
-487.792
-475.034
-445.997
-399.122
-335.064
-257.504
-52.9239
-68.8021
-83.1114
-95.4205
-105.509
-113.364
-119.153
-123.187
-125.857
-127.568
-128.675
-129.445
-130.038
-130.511
-130.831
-130.905
-130.608
-129.83
-128.495
-126.586
-124.148
-121.284
-118.141
-114.892
-111.704
-108.715
-106.018
-103.654
-101.614
-99.8468
-98.2721
-96.7977
-95.3381
-93.8289
-92.2356
-90.5567
-88.8213
-87.0829
-85.4091
-83.8683
-82.5181
-81.3981
-80.5275
-79.9062
-79.5188
-79.3406
-79.3435
-79.5041
-79.8077
-80.2516
-80.8455
-81.6096
-82.573
-83.7703
-85.2391
-87.0183
-89.1469
-91.6654
-94.6169
-98.0486
-102.012
-106.565
-111.767
-117.683
-124.378
-131.921
-140.379
-149.817
-160.303
-171.9
-184.669
-198.663
-213.919
-230.447
-248.211
-267.107
-286.935
-307.363
-327.884
-347.777
-366.055
-381.44
-392.354
-396.958
-393.282
-379.458
-354.099
-316.757
-268.383
-211.591
-43.3664
-55.6916
-66.9708
-76.8851
-85.2534
-92.0328
-97.3042
-101.245
-104.091
-106.097
-107.499
-108.483
-109.175
-109.637
-109.873
-109.85
-109.511
-108.802
-107.69
-106.173
-104.285
-102.096
-99.7022
-97.2152
-94.7437
-92.3805
-90.1912
-88.2098
-86.4381
-84.851
-83.4039
-82.0435
-80.7188
-79.3898
-78.0343
-76.6496
-75.2525
-73.8748
-72.5574
-71.3433
-70.2699
-69.3653
-68.6452
-68.1139
-67.7656
-67.5885
-67.5682
-67.6925
-67.9542
-68.3532
-68.8973
-69.6016
-70.4877
-71.5816
-72.9127
-74.5127
-76.4146
-78.6534
-81.2665
-84.2942
-87.7799
-91.7703
-96.3152
-101.466
-107.276
-113.798
-121.085
-129.188
-138.155
-148.028
-158.843
-170.621
-183.363
-197.038
-211.568
-226.814
-242.548
-258.435
-274.003
-288.619
-301.474
-311.573
-317.761
-318.78
-313.379
-300.49
-279.453
-250.273
-213.822
-171.906
-34.6724
-44.0767
-52.7847
-60.5645
-67.2738
-72.8614
-77.3594
-80.8658
-83.5218
-85.4866
-86.9131
-87.9305
-88.6326
-89.0751
-89.2789
-89.2386
-88.9344
-88.3452
-87.4596
-86.2839
-84.8455
-83.1926
-81.3893
-79.5078
-77.62
-75.7881
-74.0581
-72.4567
-70.9902
-69.6477
-68.4054
-67.2331
-66.101
-64.985
-63.8711
-62.7571
-61.6527
-60.5769
-59.5548
-58.6133
-57.777
-57.0651
-56.49
-56.057
-55.7652
-55.6099
-55.5844
-55.683
-55.9031
-56.246
-56.7186
-57.3324
-58.1034
-59.0517
-60.1998
-61.5729
-63.1978
-65.1032
-67.3199
-69.8808
-72.8212
-76.1784
-79.9915
-84.3012
-89.1485
-94.5741
-100.618
-107.316
-114.702
-122.802
-131.631
-141.192
-151.463
-162.395
-173.895
-185.815
-197.939
-209.965
-221.489
-231.996
-240.856
-247.333
-250.608
-249.843
-244.257
-233.249
-216.529
-194.256
-167.126
-136.373
-26.5327
-33.4593
-39.9295
-45.7795
-50.9031
-55.2528
-58.8362
-61.705
-63.9418
-65.6441
-66.9099
-67.8253
-68.4575
-68.8512
-69.03
-69.0014
-68.7628
-68.3096
-67.6415
-66.768
-65.7104
-64.5017
-63.1842
-61.8054
-60.4119
-59.045
-57.7365
-56.5061
-55.361
-54.2975
-53.3036
-52.3629
-51.4582
-50.5756
-49.7066
-48.8498
-48.0107
-47.2009
-46.4356
-45.7316
-45.1047
-44.5679
-44.1304
-43.797
-43.5689
-43.4449
-43.4225
-43.4996
-43.6757
-43.9533
-44.3377
-44.8377
-45.4653
-46.2351
-47.1643
-48.2718
-49.5783
-51.106
-52.8789
-54.9224
-57.2636
-59.931
-62.9542
-66.3634
-70.1893
-74.4614
-79.2081
-84.4547
-90.2221
-96.5246
-103.367
-110.739
-118.613
-126.935
-135.615
-144.522
-153.472
-162.216
-170.437
-177.743
-183.671
-187.699
-189.272
-187.844
-182.941
-174.23
-161.6
-145.234
-125.643
-103.657
-18.7451
-23.4984
-27.966
-32.0395
-35.6453
-38.7465
-41.3403
-43.4527
-45.1298
-46.4289
-47.4097
-48.1267
-48.6245
-48.9351
-49.0788
-49.0655
-48.8993
-48.5823
-48.1185
-47.5166
-46.792
-45.9666
-45.0672
-44.1236
-43.165
-42.2178
-41.3025
-40.4327
-39.6145
-38.8474
-38.1259
-37.4413
-36.7844
-36.1474
-35.5255
-34.918
-34.3279
-33.762
-33.2294
-32.7402
-32.3041
-31.9294
-31.6224
-31.3869
-31.2245
-31.1354
-31.1192
-31.1753
-31.3044
-31.5086
-31.7922
-32.1613
-32.6242
-33.1911
-33.874
-34.6861
-35.642
-36.7577
-38.0501
-39.5372
-41.2382
-43.1731
-45.3626
-47.8276
-50.589
-53.667
-57.0802
-60.8448
-64.9731
-69.472
-74.3401
-79.5654
-85.1206
-90.9594
-97.01
-103.17
-109.301
-115.22
-120.702
-125.474
-129.221
-131.599
-132.254
-130.85
-127.108
-120.852
-112.051
-100.853
-87.607
-72.8417
-11.1714
-13.9493
-16.5706
-18.9734
-21.1147
-22.971
-24.5382
-25.8276
-26.8624
-27.6724
-28.2897
-28.7442
-29.0613
-29.2602
-29.354
-29.3503
-29.2537
-29.0673
-28.7949
-28.4426
-28.0198
-27.5389
-27.0149
-26.4642
-25.9029
-25.3457
-24.8041
-24.286
-23.7956
-23.3331
-22.8964
-22.4813
-22.0835
-21.699
-21.3255
-20.9625
-20.6118
-20.2768
-19.9624
-19.6739
-19.4166
-19.1953
-19.0134
-18.8733
-18.7763
-18.723
-18.7134
-18.7477
-18.8266
-18.9517
-19.1254
-19.3515
-19.6351
-19.982
-20.3993
-20.8949
-21.4775
-22.1567
-22.9425
-23.8457
-24.8777
-26.0503
-27.3758
-28.8665
-30.5344
-32.3914
-34.4478
-36.7126
-39.192
-41.8889
-44.8005
-47.9175
-51.2208
-54.6798
-58.2482
-61.8617
-65.4344
-68.8563
-71.9919
-74.6812
-76.7429
-77.982
-78.2019
-77.2214
-74.8957
-71.1398
-65.9507
-59.4235
-51.758
-43.2494
-11655.3
-12232.1
-12802.2
-13364.4
-13917.5
-14460.6
-14992.8
-15513.4
-16021.7
-16517.3
-16999.8
-17468.9
-17924.4
-18366.2
-18794.1
-19208.1
-19608.3
-19994.6
-20367.2
-20726.1
-21071.6
-21403.8
-21723
-22029.4
-22323.2
-22604.8
-22874.4
-23132.2
-23378.6
-23613.6
-23837.6
-24050.7
-24253.2
-24445.2
-24627
-24798.6
-24960.3
-25112.2
-25254.5
-25387.4
-25510.9
-25625.3
-25730.5
-25826.8
-25914.2
-25992.7
-26062.3
-26123.1
-26175.1
-26218.2
-26252.3
-26277.5
-26293.5
-26300.3
-26297.7
-26285.6
-26263.6
-26231.6
-26189.1
-26136
-26071.7
-25995.8
-25907.7
-25806.8
-25692.5
-25563.9
-25420.3
-25260.6
-25083.9
-24888.9
-24674.4
-24439.2
-24181.6
-23900.3
-23593.5
-23259.7
-22897.2
-22504.2
-22079.3
-21620.8
-21127.7
-20598.8
-20033.6
-19432
-18794.4
-18121.9
-17416.3
-16679.9
-15915.7
-15127.5
5707.23
3072.43
1958.74
1383.92
1040.11
811.372
646.72
520.805
419.736
335.278
262.221
197.061
137.304
81.0636
26.8073
1207.42
1598.13
1382.52
1119.02
900.704
729.911
595.289
486.488
395.967
318.461
250.267
188.71
131.786
77.9163
25.784
163.596
730.122
854.188
808.922
713.768
612.275
518.032
433.887
359.182
292.33
231.673
175.727
123.214
73.0304
24.1962
-106.969
304.572
495.181
548.708
533.166
487.385
430.673
371.842
314.541
260.002
208.367
159.309
112.311
66.7948
22.1665
-178.764
99.955
273.253
357.562
382.799
373.421
345.433
308.266
267.136
224.768
182.484
140.829
99.9262
59.6708
19.8412
-190.706
0.759175
140.314
225.484
267.047
278.066
269.368
248.653
220.967
189.449
155.971
121.597
86.8927
52.1208
17.3683
-181.772
-46.5248
61.761
137.012
181.838
202.428
205.318
196.008
178.629
156.09
130.352
102.694
73.9263
44.5508
14.8795
-164.729
-66.8455
16.2438
78.9634
120.866
144.487
153.469
151.431
141.448
125.928
106.653
84.9011
61.5669
37.2764
12.4783
-144.358
-72.3699
-8.90278
41.7326
78.1756
101.184
112.641
114.796
109.805
99.5201
85.4312
68.6892
50.1634
30.5094
10.2356
-122.627
-69.3718
-21.2166
18.6946
48.92
69.431
81.1147
85.3073
83.4552
76.9155
66.8618
54.2608
39.8878
24.3621
8.19003
-100.392
-61.2724
-25.2856
5.34261
29.3789
46.5052
57.0792
61.8624
61.7925
57.8244
50.8393
41.604
30.7646
18.8611
6.3524
-78.0213
-50.0399
-23.9955
-1.41729
16.7477
30.1315
38.834
43.2705
44.0276
41.7499
37.0667
30.551
22.7054
13.9651
4.71082
-55.6651
-36.8697
-19.2388
-3.76382
8.89787
18.4392
24.8545
28.3579
29.2971
28.0809
25.1263
20.8276
15.541
9.58292
3.23661
-33.366
-22.5347
-12.3261
-3.29696
4.16836
9.87277
13.7869
16.0093
16.7221
16.15
14.5301
12.0921
9.04783
5.58898
1.88929
-14238.3
-13245.9
-12238.5
-11222.8
-10205.1
-9190.31
-8182.21
-7183.44
-6195.45
-5218.72
-4252.83
-3296.69
-2348.67
-1406.7
-468.478
)
;

boundaryField
{
    hot
    {
        type            calculated;
        value           nonuniform List<scalar> 
120
(
1226.72
-1.21865
-2.07295
-2.98722
-3.97955
-5.06125
-6.23459
-7.49003
-8.80346
-10.1348
-11.4284
-12.6158
-13.6222
-14.3758
-14.8188
-14.9365
-14.7766
-14.3879
-13.797
-13.0403
-12.1598
-11.1982
-10.196
-9.18863
-8.2049
-7.2668
-6.38963
-5.58284
-4.85097
-4.19479
-3.61226
-3.09943
-2.65116
-2.26167
-1.92496
-1.63514
-1.38657
-1.17404
-0.992771
-0.838498
-0.707419
-0.596193
-0.501903
-0.422016
-0.354344
-0.297003
-0.248371
-0.207061
-0.17188
-0.141805
-0.115954
-0.0935654
-0.073976
-0.0566029
-0.0409276
-0.0264806
-0.0128283
0.000439689
0.0137227
0.0274207
0.0419459
0.0577354
0.0752632
0.095055
0.117702
0.143881
0.174368
0.210066
0.252025
0.301472
0.359845
0.428825
0.510379
0.606807
0.720787
0.855434
1.01435
1.2017
1.42222
1.68131
1.98505
2.34019
2.75411
3.23473
3.79034
4.42928
5.1595
5.98796
6.9198
7.95729
9.09852
10.336
11.6551
13.0328
14.4363
15.8233
17.1424
18.3355
19.3419
20.1033
20.5707
20.71
20.507
19.9701
19.1289
17.8959
16.3037
14.5483
12.7348
10.951
9.26238
7.7113
6.31934
5.09132
4.01969
3.08836
2.27586
1.55757
0.907231
-1333.92
)
;
    }
    cold
    {
        type            calculated;
        value           nonuniform List<scalar> 
120
(
39.6447
-0.394938
-0.654538
-0.908248
-1.15304
-1.38528
-1.6007
-1.79442
-1.96114
-2.09551
-2.19258
-2.24845
-2.2609
-2.22989
-2.15794
-2.06152
-1.95095
-1.82442
-1.6869
-1.54326
-1.398
-1.25499
-1.11736
-0.98745
-0.866854
-0.756497
-0.656748
-0.567537
-0.488474
-0.418951
-0.358223
-0.305478
-0.259888
-0.22064
-0.186968
-0.158158
-0.133563
-0.1126
-0.094751
-0.079561
-0.0666304
-0.0556111
-0.0462003
-0.0381352
-0.0311873
-0.0251572
-0.0198703
-0.0151719
-0.0109238
-0.00699987
-0.00328331
0.000337139
0.00397023
0.00772535
0.0117158
0.0160621
0.0208957
0.0263627
0.0326283
0.0398819
0.0483427
0.0582659
0.0699506
0.0837488
0.100075
0.11942
0.142363
0.169589
0.201909
0.240283
0.285845
0.339936
0.404137
0.480314
0.57066
0.677753
0.804611
0.954759
1.1323
1.34199
1.58931
1.88052
2.22277
2.62407
3.09333
3.64032
4.2755
5.0098
5.85423
6.81928
7.91412
9.14547
10.5162
12.0237
13.6579
15.3992
17.2166
19.0666
20.8925
22.6255
24.188
25.4986
26.4795
27.0645
27.2077
26.8073
25.784
24.1962
22.1665
19.8412
17.3683
14.8795
12.4783
10.2356
8.19003
6.3524
4.71082
3.23661
1.88929
-468.478
)
;
    }
    interface_left
    {
        type            calculated;
        value           nonuniform List<scalar> 
90
(
-3087.38
-1041.24
-414.393
-197.058
-109.504
-68.3379
-46.1794
-32.9314
-24.3775
-18.5373
-14.3813
-11.3294
-9.03245
-7.26979
-5.89572
-4.81083
-3.94526
-3.24869
-2.6841
-2.22378
-1.8466
-1.53625
-1.28001
-1.06781
-0.891641
-0.745057
-0.622851
-0.520784
-0.43539
-0.363817
-0.303712
-0.253123
-0.210426
-0.174262
-0.14349
-0.117144
-0.0944033
-0.0745625
-0.0570084
-0.0412008
-0.0266544
-0.0129235
0.000411628
0.0137584
0.0275244
0.0421302
0.0580223
0.0756872
0.0956668
0.118576
0.14512
0.176122
0.212546
0.255528
0.306419
0.36683
0.438687
0.524302
0.626462
0.748536
0.894611
1.06967
1.2798
1.5325
1.83706
2.20504
2.65098
3.19331
3.85566
4.66868
5.67271
6.9217
8.48914
10.4774
13.0324
16.3689
20.8132
26.8832
35.4442
48.0385
67.6518
100.682
162.554
295.363
627.997
1594.49
4766.09
4733.09
1455.18
185.636
)
;
    }
    interface_right
    {
        type            calculated;
        value           nonuniform List<scalar> 
90
(
-122.878
-46.0345
-20.9134
-11.3617
-7.0624
-4.80162
-3.45833
-2.58734
-1.98714
-1.55529
-1.23461
-0.990713
-0.801757
-0.653207
-0.535044
-0.440156
-0.363362
-0.300811
-0.249589
-0.207453
-0.172659
-0.143829
-0.119869
-0.0998989
-0.0832068
-0.0692125
-0.0574399
-0.0474955
-0.0390525
-0.0318368
-0.025617
-0.0201956
-0.0154018
-0.0110857
-0.00711343
-0.0033621
0.000283667
0.00393565
0.00770552
0.0117083
0.0160661
0.0209117
0.0263925
0.0326755
0.0399523
0.0484446
0.0584115
0.0701576
0.0840419
0.10049
0.120006
0.14319
0.170756
0.203557
0.24261
0.289131
0.344575
0.410686
0.48956
0.583713
0.696181
0.830627
0.99149
1.18416
1.41521
1.69269
2.02652
2.42896
2.91531
3.5048
4.22181
5.0976
6.17272
7.50055
9.15246
11.2257
13.8556
17.2353
21.6485
27.5266
35.5536
46.8711
63.5113
89.4011
132.934
214.292
388.39
822.921
2081.42
6200.64
)
;
    }
    interface_top
    {
        type            calculated;
        value           nonuniform List<scalar> 
90
(
-1164.11
306.135
-1331.75
-102.926
-1138.45
-220.833
-989.968
-399.94
145.257
-548.76
132.305
-562.913
153.852
-592.148
171.505
-822.398
-120.072
-719.731
-174.955
-623.034
-198.722
-551.577
-269.564
-5.49075
-331.26
0.913331
-332.337
20.3468
-343.412
35.2016
-458.213
-108.675
-408.833
-139.022
-360.051
-153.572
-322.48
-188.981
-67.2119
-218.005
-71.3865
-216.958
-70.3401
-218.642
-72.1929
-256.708
-131.684
-232.554
-146.441
-210.556
-154.568
-193.91
-165.243
-144.779
-172.816
-158.785
-173.611
-173.766
-173.834
-190.829
-166.684
-196.652
-172.867
-209.436
-185.834
-225.945
-205.214
-241.822
-280.401
-264.605
-314.109
-303.051
-354.559
-355.995
-401.806
-425.752
-449.266
-552.652
-536.35
-743.306
-674.503
-1110.01
-1051.69
-925.482
-2270.02
-2354.35
-2832.53
-3841.38
-6080.73
-11917.9
)
;
    }
    interface_bottom
    {
        type            calculated;
        value           nonuniform List<scalar> 
90
(
5010.13
2033.23
1903.65
913.923
1331.96
729.356
1089.95
739.278
443.863
772.598
469.236
748.516
511.025
722.241
582.017
677.419
670.88
552.023
686.034
415.26
655.566
253.792
498.925
799.819
277.36
793.126
84.9546
753.968
-137.139
653.174
-506.124
244.315
-477.03
113.407
-430.957
34.4754
-406.778
-97.7409
194.445
-221.986
150.364
-258.957
120.154
-282.806
88.1465
-343.578
-25.9569
-262.235
-14.863
-210.787
-1.24601
-190.669
-35.6203
122.015
-84.5554
132.702
-101.544
143.918
-121.34
146.75
-179.355
77.9753
-138.775
90.0873
-119.113
97.3336
-126.328
45.5106
228.689
-26.3601
243.323
-64.0421
260.876
-111.971
269.325
-237.66
153.384
-224.362
144.431
-246.254
117.528
-330.163
-42.2476
269.72
-375.06
-18.3218
429.222
-918.245
-551.578
-452.284
)
;
    }
    defaultFaces
    {
        type            empty;
    }
}


// ************************************************************************* //
